0      opls_700    32.287710   16.315640    1.918690
1      opls_145    33.145420   15.302920    1.462370
2      opls_145     1.902270   15.583730    1.166960
3      opls_700     2.414390   16.883110    1.327540
4      opls_145     1.556670   17.895830    1.783900
5      opls_145    32.800150   17.615020    2.079260
6      opls_700     3.841340   17.175940    1.036210
7      opls_521     4.846440   16.258120    1.379100
8      opls_521     6.541980   17.708300    0.547270
9      opls_522     5.573710   18.649520    0.181740
10     opls_523     4.225580   18.384310    0.432470
11     opls_521    16.998810   27.459140    2.696120
12     opls_521    18.563730   29.049390    1.864260
13     opls_700    17.718260   30.116070    2.207180
14     opls_523    16.486020   29.817060    2.810920
15     opls_522    16.127750   28.490710    3.061690
16     opls_523    18.216000    3.380720    0.429630
17     opls_522    18.574620    4.707390    0.179100
18     opls_521    17.703570    5.738960    0.545080
19     opls_521    16.138620    4.148380    1.376750
20     opls_700    16.984120    3.082040    1.033490
21     opls_145    19.441850   31.939350    2.076580
22     opls_145    17.542880    0.752710    1.781140
23     opls_700    16.592130    1.678980    1.324630
24     opls_145    15.260500    1.258420    1.163860
25     opls_145    17.159490   32.445390    1.459310
26     opls_700    18.110240   31.519120    1.915860
27     opls_700    20.135600   15.317230    2.019430
28     opls_700    19.150790   16.334170    2.091360
29     opls_700    17.836850   16.078060    1.621660
30     opls_700    17.489710   14.785190    1.152070
31     opls_700    18.435810   13.731840    1.224270
32     opls_145    19.746210   14.030520    1.621920
33     opls_145    19.430480   17.589670    2.650310
34     opls_145    18.484610   18.604340    2.650120
35     opls_700    17.212640   18.412590    2.091020
36     opls_700    16.865500   17.119710    1.621510
37     opls_700    15.551560   16.863610    1.151800
38     opls_145    15.271870   15.608110    0.592860
39     opls_145    16.217740   14.593440    0.593010
40     opls_700    16.266560   19.466260    2.018750
41     opls_145    14.956140   19.167250    1.621170
42     opls_700    14.566780   17.880880    1.223780
43     opls_700    18.093290   12.295320    0.972750
44     opls_700    21.592190   15.558700    2.270990
45     opls_700    13.109830   17.639070    0.972370
46     opls_700    16.609390   20.902460    2.270150
47     opls_145    16.935380   11.722000    1.527950
48     opls_145    16.690950   10.351130    1.419130
49     opls_145    17.608300    9.510990    0.791190
50     opls_145    18.764810   10.073570    0.220030
51     opls_145    18.998310   11.451270    0.305920
52     opls_145    12.330650   18.600760    0.305540
53     opls_145    10.940340   18.463940    0.219960
54     opls_145    10.298480   17.349810    0.791420
55     opls_145    11.072560   16.375770    1.419200
56     opls_145    12.457150   16.523970    1.527800
57     opls_145    17.766970   21.475770    1.714910
58     opls_145    18.011720   22.846650    1.823470
59     opls_145    17.094050   23.686790    2.451220
60     opls_145    15.937540   23.124200    3.022530
61     opls_145    15.704060   21.746830    2.936870
62     opls_145    22.371370   14.597010    2.937890
63     opls_145    23.761680   14.733840    3.023890
64     opls_145    24.403900   15.848290    2.452650
65     opls_145    23.629490   16.822330    1.824680
66     opls_145    22.245210   16.673800    1.715740
67     opls_142     7.973230   17.997230    0.349120
68     opls_142    18.091310    7.146570    0.347160
69     opls_700    30.860750   16.022810    2.209830
70     opls_521    29.855960   16.940310    1.866600
71     opls_521    28.160090   15.490130    2.698010
72     opls_522    29.128380   14.549240    3.063950
73     opls_523    30.476840   14.814440    2.813610
74     opls_142    26.728840   15.201200    2.895670
75     opls_142    16.610740   26.051540    2.894310
76     opls_520     6.152440   16.545100    1.135660
77     opls_520    18.186340   27.766590    2.107730
78     opls_520    16.516010    5.431180    1.133580
79     opls_750    17.345680    8.098830    0.818600
80     opls_750     8.871100   17.186010    0.819200
81     opls_750    25.830950   16.012090    2.425360
82     opls_520    28.549960   16.653330    2.109690
83     opls_750    17.356700   25.099270    2.423470
84     opls_146    20.482980   13.240430    1.622000
85     opls_146    20.379190   17.798970    3.115780
86     opls_146    18.759260   19.536130    3.115400
87     opls_146    14.323170   15.398800    0.127390
88     opls_146    15.943090   13.661640    0.127610
89     opls_146    14.219370   19.957340    1.621050
90     opls_524     4.599040   15.329250    1.873590
91     opls_525     5.860060   19.580980   -0.288150
92     opls_526     3.484270   19.114270    0.139600
93     opls_524    19.507590   29.231400    1.369800
94     opls_526    15.809570   30.607800    3.103800
95     opls_525    15.178270   28.270350    3.531620
96     opls_526    18.892480    2.590300    0.136500
97     opls_525    19.523800    4.928070   -0.290910
98     opls_524    15.194760    3.966380    1.871360
99     opls_146    16.239440   12.322620    2.089210
100    opls_146    15.808780    9.923740    1.877560
101    opls_146    19.492960    9.467760   -0.291440
102    opls_146    19.895790   11.855260   -0.141860
103    opls_146    12.796260   19.467880   -0.142390
104    opls_146    10.386450   19.232250   -0.291630
105    opls_146    10.584700   15.525880    1.877870
106    opls_146    13.008100   15.788160    2.089210
107    opls_146    18.463240   20.875160    1.153770
108    opls_146    18.893580   23.274030    1.364960
109    opls_146    15.209730   23.730340    3.533920
110    opls_146    14.806580   21.342840    3.384730
111    opls_146    21.906100   13.729890    3.385710
112    opls_146    24.315570   13.965520    3.535590
113    opls_146    24.117670   17.672220    1.366170
114    opls_146    21.694600   17.409940    1.154300
115    opls_144     8.249010   18.917320   -0.142470
116    opls_144    19.027750    7.357490   -0.145610
117    opls_524    30.103380   17.869500    1.372100
118    opls_525    28.842360   13.617770    3.533850
119    opls_526    31.218150   14.084480    3.106780
120    opls_144    26.453040   14.280780    3.387030
121    opls_144    15.674300   25.840610    3.386730
122    opls_146    32.776350   14.297360    1.307840
123    opls_146     2.529530   14.788440    0.789300
124    opls_146     1.926070   18.901400    1.938380
125    opls_146    32.172890   18.410310    2.456890
126    opls_146    20.191440   31.258140    2.454430
127    opls_146    18.571770    1.051070    1.935780
128    opls_146    14.510910    1.939640    0.786050
129    opls_146    16.130600   32.147030    1.304670
