0      opls_523    22.458230   19.794100    1.974240
1      opls_523    23.423860   21.994680    1.522100
2      opls_145    -8.660010   19.083890    0.749890
3      opls_166    -8.557600   17.672900    1.256930
4      opls_145    -7.565720   19.688300    0.258100
5      opls_166    -7.225980   16.998620    1.256280
6      opls_145    -6.261500   18.994220    0.199420
7      opls_145    -6.083000   17.724780    0.656050
8      opls_142    -4.761980   17.081800    0.526410
9      opls_145    -2.136860   15.624000    0.542580
10     opls_145    -3.513150   13.635800    0.817870
11     opls_145    23.713820   19.212980    1.828640
12     opls_145    24.678720   21.410690    1.372290
13     opls_145    24.828500   20.008680    1.514000
14     opls_142     8.585290   14.306220    2.110680
15     opls_142    -9.916750   19.859780    0.807940
16     opls_145    12.433200   16.410890    2.259460
17     opls_145     9.847590   15.073360    2.159720
18     opls_145    10.888630   14.520250    2.775800
19     opls_166    10.016010   16.415900    1.513370
20     opls_145    12.196200   15.205890    2.837770
21     opls_166    11.357430   17.067940    1.515660
22     opls_142    13.743780   17.063210    2.404830
23     opls_523     2.049180    8.081870    1.187320
24     opls_700     0.935490    8.925660    0.985500
25     opls_145    19.170240   28.028800    1.738310
26     opls_523    16.136580   21.308410    2.037840
27     opls_145    18.052960   27.194070    1.980990
28     opls_523    17.511850   19.324310    2.363580
29     opls_145    20.421560   27.444180    1.578750
30     opls_145    14.996550   20.502740    2.030920
31     opls_523    18.197980   25.800900    2.060470
32     opls_145    16.368050   18.518530    2.359480
33     opls_523    20.571290   26.050710    1.669300
34     opls_145    15.097240   19.107040    2.190740
35     opls_700    19.458840   25.211980    1.907980
36     opls_700    22.298320   21.192720    1.820400
37     opls_531     1.088410   10.403960    0.900840
38     opls_145     6.148110   12.729520    1.558980
39     opls_531     0.114770   12.558980    0.730040
40     opls_145     5.223790   14.909630    0.952370
41     opls_531     2.454290   12.326940    0.908080
42     opls_145     6.316840   14.123850    1.341710
43     opls_531    19.603740   23.733880    1.981850
44     opls_700    -1.096470   13.414750    0.679970
45     opls_166     0.868820    1.747200    1.387400
46     opls_531    20.962550   21.807790    1.952240
47     opls_523    -0.992010   14.819860    0.539800
48     opls_166   -17.622830   32.396580    1.545620
49     opls_531    18.622350   21.581700    2.146220
50     opls_523    -2.371910   12.831730    0.813060
51     opls_145    18.123000   31.682770    1.606130
52     opls_700     3.790920   12.938860    1.034480
53     opls_145     1.890960    6.689270    1.289640
54     opls_145    16.986130   32.403470    1.552170
55     opls_142    18.030780   30.202160    1.707270
56     opls_145    -3.411180   15.032740    0.685170
57     opls_145    35.478360    1.739840    1.422280
58     opls_700    17.409280   20.727770    2.198290
59     opls_145    -0.435400    2.460450    1.345690
60     opls_523    -0.335120    8.342720    0.882530
61     opls_145     0.629280    6.111110    1.178540
62     opls_523     4.895300   12.144910    1.406660
63     opls_142    -0.524420    3.941600    1.242710
64     opls_145    -0.489120    6.950640    0.974920
65     opls_523     3.969800   14.328700    0.807460
66     opls_167     9.061780   16.990310    0.935630
67     opls_167    27.483480   17.042910    1.695830
68     opls_167     1.964820    2.382220    1.291150
69     opls_167    11.560990   18.155180    0.883680
70     opls_167    -7.093400   15.824630    1.751960
71     opls_167   -16.524540   31.762810    1.614200
72     opls_180     9.883550   20.991080    1.222200
73     opls_180    27.155860   13.852940    1.963680
74     opls_180     4.455000    3.083750    2.800950
75     opls_750    26.090850   19.352240    1.372520
76     opls_750     7.579610   14.778680    1.477670
77     opls_520     1.349370   13.114460    0.781850
78     opls_520    -0.005970   11.205160    0.787600
79     opls_520     2.315670   10.973120    0.967760
80     opls_520    18.506020   22.935750    2.099150
81     opls_520    20.828700   23.161200    1.902630
82     opls_520    19.855140   21.023490    2.081440
83     opls_750    -4.620720   15.798440    0.760760
84     opls_750    13.894340   18.334770    2.108600
85     opls_750    19.096600   29.466190    1.668420
86     opls_750     0.545870    4.674440    1.258740
87     F2_V_3f2     9.827850   18.636310    0.169090
88     F2_V_3f2    28.175630   15.311700    2.340000
89     F2_V_3f2   -15.140660   33.148730    1.467370
90     opls_526    21.608470   19.149350    2.194400
91     opls_526    23.333000   23.076530    1.402080
92     opls_146    -7.616770   20.721790   -0.111040
93     opls_146    -5.439000   19.543630   -0.241880
94     opls_146    -2.007740   16.698740    0.470510
95     opls_146    -4.485690   13.169870    0.930250
96     opls_146    23.817230   18.134180    1.933580
97     opls_146    25.522160   22.063380    1.164750
98     opls_146    10.789460   13.537100    3.248830
99     opls_146    12.970180   14.709170    3.386070
100    opls_526     3.039670    8.495980    1.284690
101    opls_526    16.025270   22.386760    1.902570
102    opls_146    17.071370   27.601180    2.122210
103    opls_526    18.480550   18.848360    2.471210
104    opls_146    21.280720   28.083570    1.375730
105    opls_146    14.026070   20.965410    1.893410
106    opls_526    17.323050   25.183160    2.248790
107    opls_146    16.494310   17.443680    2.447980
108    opls_526    21.554070   25.632350    1.534890
109    opls_146     6.976870   12.083350    1.828240
110    opls_146     5.342750   15.982760    0.785570
111    opls_526    -0.020500   15.297550    0.451880
112    opls_526    -2.485470   11.752330    0.926140
113    opls_146     2.750550    6.045350    1.465450
114    opls_526    -1.211250    8.964320    0.724370
115    opls_526     4.788400   11.070240    1.587560
116    opls_146    -1.479300    6.548090    0.875840
117    opls_526     3.135600   14.967210    0.527640
118    opls_146    16.026180   31.900370    1.592510
119    opls_146    34.518640    2.242690    1.397760
120    opls_144    14.552330   16.474560    2.812970
121    opls_144    -3.931290   17.696530    0.193520
122    opls_144     8.510860   13.347520    2.626220
123    opls_144    -9.951100   20.858860    0.363190
124    opls_144    17.050050   29.749560    1.782060
125    opls_144    -1.503940    4.396210    1.179080
