0      opls_145    14.042300   26.290220    2.735500
1      opls_700    15.460910   19.031420    1.771160
2      opls_166    14.236830   18.606530    1.144770
3      opls_145    13.809610   17.266830    1.194880
4      opls_700    14.570620   16.304310    1.866140
5      opls_166    15.778080   16.697210    2.465720
6      opls_145    16.224380   18.027310    2.371220
7      opls_182    17.758710   15.917800    3.694260
8      opls_136    18.774420   15.567550    2.601110
9      opls_136    20.142390   15.357240    3.224560
10     opls_234    14.167110   14.862780    1.876060
11     opls_142    15.811940   11.712110    1.486490
12     opls_700    15.584480   10.269520    1.526070
13     opls_145    14.292840    9.741480    1.520830
14     opls_142    14.611250   23.822190    2.598730
15     opls_700    15.027850   25.274650    2.707390
16     opls_234    15.939520   20.474540    1.963500
17     opls_136    21.274440   15.033110    2.239560
18     opls_136    -8.194450   15.119210    3.033220
19     opls_136    -6.897730   14.643140    2.311970
20     opls_135    -6.257520   12.874820    3.860180
21     opls_135    -4.437870   13.807760    2.677900
22     opls_135    -5.445420   15.317260    4.091710
23     opls_145   -14.399650   25.671280    2.735500
24     opls_700     6.566850    3.873830    1.771160
25     opls_166     7.546860    3.026190    1.144770
26     opls_145     8.920680    3.326060    1.194880
27     opls_700     9.373740    4.466380    1.866140
28     opls_166     8.429750    5.315620    2.465720
29     opls_145     7.054700    5.037070    2.371220
30     opls_182     8.114420    7.420600    3.694260
31     opls_136     7.909900    8.475350    2.601110
32     opls_136     7.408040    9.765200    3.224560
33     opls_234    10.823900    4.837690    1.876060
34     opls_142    12.730040    7.837490    1.486490
35     opls_700    14.093090    8.361800    1.526070
36     opls_145    15.196210    7.507230    1.520830
37     opls_142     2.842750    0.742620    2.598730
38     opls_700     1.376590    0.377170    2.707390
39     opls_234     5.077770    3.566760    1.963500
40     opls_136     7.122720   10.907650    2.239560
41     opls_136     6.393110   11.999190    3.033220
42     opls_136     6.157030   13.360220    2.311970
43     opls_135     7.368340   14.798810    3.860180
44     opls_135     5.650560   15.908210    2.677900
45     opls_135     4.847080   14.280890    4.091710
46     opls_145     0.357340    1.349300    2.735500
47     opls_700    24.140740    3.750150    1.771160
48     opls_166    24.384820    5.022680    1.144770
49     opls_145    23.438210    6.062500    1.194880
50     opls_700    22.224130    5.884710    1.866140
51     opls_166    21.960660    4.642570    2.465720
52     opls_145    22.889420    3.591010    2.371220
53     opls_182    20.295360    3.317000    3.694260
54     opls_136    19.484180    2.612500    2.601110
55     opls_136    18.618060    1.532950    3.224560
56     opls_234    21.177490    6.954930    1.876060
57     opls_142    17.626520    7.105800    1.486490
58     opls_700    16.490930    8.024070    1.526070
59     opls_145    16.679450    9.406690    1.520830
60     opls_142    28.714500    2.090580    2.598730
61     opls_700    29.764060    1.003580    2.707390
62     opls_234    25.151210    2.614090    1.963500
63     opls_136    17.771330    0.714630    2.239560
64     opls_136     1.801340   26.192390    3.033220
65     opls_136     0.740700   25.307430    2.311970
66     opls_135    -1.110810   25.637160    3.860180
67     opls_135    -1.212690   23.594820    2.677900
68     opls_135     0.598340   23.712640    4.091710
69     opls_179    16.410750   15.752810    3.272030
70     opls_167    13.424720   19.440580    0.404910
71     opls_236    13.007670   14.530120    2.149300
72     opls_236    17.123900   20.729370    2.096070
73     opls_179     8.931300    6.335720    3.272030
74     opls_167     7.230600    1.905860    0.404910
75     opls_236    11.691710    3.999910    2.149300
76     opls_236     4.264890    4.465050    2.096070
77     opls_179    20.826460    4.566870    3.272030
78     opls_167    25.513170    5.308960    0.404910
79     opls_236    21.469120    8.125360    2.149300
80     opls_236    24.779710    1.460980    2.096070
81     opls_238    15.093250   13.923980    1.505720
82     opls_750    14.841020   12.555220    1.631440
83     opls_238    15.025690   21.494380    2.122020
84     opls_750    15.442440   22.843670    2.320160
85     opls_288    -5.806300   14.143090    3.217800
86     opls_238    11.173850    6.109150    1.505720
87     opls_750    12.485350    6.575090    1.631440
88     opls_238     4.651480    2.265440    2.122020
89     opls_750     3.274580    1.951710    2.320160
90     opls_288     6.044380   14.555450    3.217800
91     opls_238    19.901390    6.622270    1.505720
92     opls_750    18.842130    7.525080    1.631440
93     opls_238    26.491330    2.895580    2.122020
94     opls_750    27.451480    1.860010    2.320160
95     opls_288    -0.238080   24.612260    3.217800
96     opls_146    12.937800   26.011670    2.782410
97     opls_146    12.837000   16.959230    0.686120
98     opls_146    17.242700   18.318120    2.792980
99     opls_185    17.946000   15.250620    4.599390
100    opls_185    17.932920   17.003740    3.994180
101    opls_140    18.828280   16.419990    1.846090
102    opls_140    18.448620   14.611950    2.071860
103    opls_140    20.067450   14.506670    3.980020
104    opls_140    20.457720   16.303240    3.776940
105    opls_168    13.567380   20.488940    0.740380
106    opls_910    16.073100   14.243580    1.093750
107    opls_144    16.875200   12.089820    1.323290
108    opls_146    13.391790   10.439590    1.512210
109    opls_910    13.944270   21.246220    2.092740
110    opls_144    13.507060   23.599620    2.774220
111    opls_140    21.282450   15.795450    1.392030
112    opls_140    21.122860   13.984750    1.818070
113    opls_140    -8.316020   14.506670    3.986950
114    opls_140    -8.000080   16.202750    3.329280
115    opls_140    -6.487290   15.510770    1.696670
116    opls_140    -7.149650   13.785640    1.604250
117    opls_140    -5.348160   12.266810    4.180670
118    opls_140    -6.875410   12.271080    3.116410
119    opls_140    -4.460180   13.841080    1.538590
120    opls_140    -4.139160   12.762600    3.021780
121    opls_140    -5.192880   16.215280    3.436390
122    opls_140    -4.542360   15.049640    4.734000
123    opls_140    -6.893730   13.117390    4.774410
124    opls_140    -3.680090   14.566370    3.065400
125    opls_140    -6.328160   15.574750    4.765620
126    opls_146   -13.606160   24.854020    2.782410
127    opls_146     9.673530    2.637280    0.686120
128    opls_146     6.293690    5.773560    2.792980
129    opls_185     8.598580    7.916390    4.599390
130    opls_185     7.087020    7.028230    3.994180
131    opls_140     7.144580    8.096040    1.846090
132    opls_140     8.900360    8.671000    2.071860
133    opls_140     8.182290   10.125320    3.980020
134    opls_140     6.431120    9.565290    3.776940
135    opls_168     6.251370    1.505230    0.740380
136    opls_910    10.407000    6.798190    1.093750
137    opls_144    11.871310    8.569440    1.323290
138    opls_146    15.042160    6.377840    1.512210
139    opls_910     5.407100    1.452990    2.092740
140    opls_144     3.587600   -0.102360    2.774220
141    opls_140     6.458510   10.533410    1.392030
142    opls_140     8.106420   11.300560    1.818070
143    opls_140     6.984220   12.200440    3.986950
144    opls_140     5.357550   11.625750    3.329280
145    opls_140     5.200420   13.281850    1.696670
146    opls_140     7.025610   13.570800    1.604250
147    opls_140     7.440210   15.890350    4.180670
148    opls_140     8.200140   14.565570    3.116410
149    opls_140     5.632860   15.872220    1.538590
150    opls_140     6.406490   16.689210    3.021780
151    opls_140     3.943100   14.050590    3.436390
152    opls_140     4.627310   15.196770    4.734000
153    opls_140     7.476370   14.126560    4.774410
154    opls_140     4.614700   16.185160    3.065400
155    opls_140     5.065450   13.387670    4.765620
156    opls_146     0.668370    2.445100    2.782410
157    opls_146    23.658430    7.058620    0.686120
158    opls_146    22.632110    2.563720    2.792980
159    opls_185    19.623920    3.488390    4.599390
160    opls_185    21.149020    2.623160    3.994180
161    opls_140    20.195180    2.139630    1.846090
162    opls_140    18.819510    3.372440    2.071860
163    opls_140    17.919230    2.023140    3.980020
164    opls_140    19.279660    0.786870    3.776940
165    opls_168    26.349750    4.661230    0.740380
166    opls_910    19.687940    5.613890    1.093750
167    opls_144    17.421990    5.996130    1.323290
168    opls_146    17.734550    9.837970    1.512210
169    opls_910    26.817130    3.956190    2.092740
170    opls_144    29.073840    3.158130    2.774220
171    opls_140    18.427540    0.326530    1.392030
172    opls_140    16.939220    1.370090    1.818070
173    opls_140     1.331350   26.603950    3.986950
174    opls_140     2.642530   25.482290    3.329280
175    opls_140     1.286870   24.518170    1.696670
176    opls_140     0.124040   25.954360    1.604250
177    opls_140    -2.092050   25.153630    4.180670
178    opls_140    -1.324730   26.474140    3.116410
179    opls_140    -1.172680   23.597490    1.538590
180    opls_140    -2.266870   23.858710    3.021780
181    opls_140     1.249780   23.044920    3.436390
182    opls_140    -0.084950   23.064380    4.734000
183    opls_140    -0.582650   26.066840    4.774410
184    opls_140    -0.934600   22.559260    3.065400
185    opls_140     1.262710   24.348370    4.765620
