0      opls_280    -1.329420   16.277670    0.000000
1      opls_166     2.531140   14.685390    0.000000
2      opls_567     3.879390   12.973550    0.000000
3      opls_522     5.010580   13.751720    0.000000
4      opls_166     4.803740   15.067040    0.000000
5      opls_142     5.414010   17.207790    0.000000
6      opls_142     6.203150   18.217320    0.000000
7      opls_523     6.101510   12.915650    0.000000
8      opls_567     5.504200   11.608370    0.000000
9      opls_145     6.235630   10.530080    0.000000
10     opls_522    -1.093940   14.882950    0.000000
11     opls_142     6.391840   19.484190    0.000000
12     opls_143     7.381130   20.297340    0.000000
13     opls_280     0.211340   14.341090    0.000000
14     opls_166    -0.340000   18.480570    0.000000
15     opls_567     0.468380   20.504110    0.000000
16     opls_522    -0.771130   21.094660    0.000000
17     opls_166    -1.806810   20.257880    0.000000
18     opls_142    -3.965890   19.716010    0.000000
19     opls_142    -5.234740   19.894660    0.000000
20     opls_523    -0.592540   22.457470    0.000000
21     opls_567     0.838260   22.593820    0.000000
22     opls_145    15.049870    0.135170    0.000000
23     opls_522     1.301450   15.242380    0.000000
24     opls_142    -6.426220   19.424640    0.000000
25     opls_143    -7.625080   19.874810    0.000000
26     opls_280     1.118080   16.643720    0.000000
27     opls_166    -2.191150   14.096500    0.000000
28     opls_567    -4.347770   13.784810    0.000000
29     opls_522    -4.239440   12.416090    0.000000
30     opls_166    -2.996930   11.937550    0.000000
31     opls_142    -1.448120   10.338670    0.000000
32     opls_142    -0.968420    9.150490    0.000000
33     opls_523    -5.508970   11.889350    0.000000
34     opls_567    -6.342450   13.060270    0.000000
35     opls_145    19.645000   12.965990    0.000000
36     opls_522    -0.207520   17.137140    0.000000
37     opls_142     0.034380    8.353640    0.000000
38     opls_143     0.243950    7.090320    0.000000
39     opls_280    14.972920    7.353570    0.000000
40     opls_166    11.112360    8.945840    0.000000
41     opls_567     9.764110   10.657690    0.000000
42     opls_522     8.632920    9.879510    0.000000
43     opls_166     8.839760    8.564200    0.000000
44     opls_142     8.229490    6.423440    0.000000
45     opls_142     7.440350    5.413920    0.000000
46     opls_523     7.541990   10.715580    0.000000
47     opls_567     8.139300   12.022860    0.000000
48     opls_145     7.407870   13.101160    0.000000
49     opls_522    14.737440    8.748280    0.000000
50     opls_142     7.251660    4.147050    0.000000
51     opls_143     6.262370    3.333890    0.000000
52     opls_280    13.432160    9.290150    0.000000
53     opls_166    13.983500    5.150660    0.000000
54     opls_567    13.175120    3.127120    0.000000
55     opls_522    14.414630    2.536580    0.000000
56     opls_166    15.450310    3.373360    0.000000
57     opls_142    17.609390    3.915220    0.000000
58     opls_142    18.878240    3.736570    0.000000
59     opls_523    14.236040    1.173760    0.000000
60     opls_567    12.805240    1.037410    0.000000
61     opls_145    -1.406370   23.496060    0.000000
62     opls_522    12.342050    8.388850    0.000000
63     opls_142    20.069720    4.206600    0.000000
64     opls_143    21.268580    3.756420    0.000000
65     opls_280    12.525420    6.987520    0.000000
66     opls_166    15.834650    9.534730    0.000000
67     opls_567    17.991270    9.846430    0.000000
68     opls_522    17.882940   11.215150    0.000000
69     opls_166    16.640430   11.693680    0.000000
70     opls_142    15.091620   13.292570    0.000000
71     opls_142    14.611920   14.480750    0.000000
72     opls_523    19.152470   11.741890    0.000000
73     opls_567    19.985950   10.570960    0.000000
74     opls_145    -6.001500   10.665250    0.000000
75     opls_522    13.851020    6.494100    0.000000
76     opls_142    13.609120   15.277590    0.000000
77     opls_143    13.399550   16.540920    0.000000
78     opls_520     2.691040   13.403640    0.000000
79     opls_520     0.690090   19.259930    0.000000
80     opls_520    -3.381130   14.598900    0.000000
81     opls_520    10.952460   10.227600    0.000000
82     opls_520    12.953410    4.371310    0.000000
83     opls_520    17.024630    9.032330    0.000000
84     opls_180     3.600520   15.525250    0.000000
85     opls_180     5.753330   15.934310    0.000000
86     opls_566     4.164130   11.708100    0.000000
87     opls_281     0.394300   13.153620    0.000000
88     opls_180    -1.602020   18.986750    0.000000
89     opls_180    -3.032680   20.646610    0.000000
90     opls_566     1.421930   21.383430    0.000000
91     opls_281     2.054980   17.395900    0.000000
92     opls_180    -1.998500   12.750470    0.000000
93     opls_180    -2.720650   10.681550    0.000000
94     opls_566    -5.586060   14.170940    0.000000
95     opls_281    -2.449280   16.712950    0.000000
96     opls_180    10.042980    8.105990    0.000000
97     opls_180     7.890170    7.696930    0.000000
98     opls_566     9.479370   11.923140    0.000000
99     opls_281    13.249200   10.477620    0.000000
100    opls_180    15.245520    4.644480    0.000000
101    opls_180    16.676180    2.984620    0.000000
102    opls_566    12.221570    2.247800    0.000000
103    opls_281    11.588520    6.235340    0.000000
104    opls_180    15.642000   10.880770    0.000000
105    opls_180    16.364150   12.949680    0.000000
106    opls_566    19.229560    9.460290    0.000000
107    opls_281    16.092780    6.918280    0.000000
108    opls_185     4.313390   17.504360    0.000000
109    opls_144     7.332150   18.058280    0.000000
110    opls_146     5.738590    9.504250    0.000000
111    opls_144     5.499420   20.193360    0.000000
112    opls_144     8.267690   20.116330   -0.693370
113    opls_144     7.375270   21.202180    0.693370
114    opls_185    -3.672420   18.614560    0.000000
115    opls_144    -5.661370   20.951690    0.000000
116    opls_146    16.186780    0.217640    0.000000
117    opls_144    -6.594180   18.297190    0.000000
118    opls_144    -8.451600   19.294900   -0.529230
119    opls_144    -7.865750   20.855510    0.529230
120    opls_185    -0.640970   11.143550    0.000000
121    opls_144    -1.670370    8.252260    0.000000
122    opls_146    19.005120   13.909350    0.000000
123    opls_144     1.094750    8.771910    0.000000
124    opls_144     1.256160    6.680310   -0.327420
125    opls_144    -0.581620    6.375470    0.327420
126    opls_185     9.330110    6.126870    0.000000
127    opls_144     6.311350    5.572950    0.000000
128    opls_146     7.904910   14.126990    0.000000
129    opls_144     8.144080    3.437870    0.000000
130    opls_144     6.268230    2.429050   -0.693370
131    opls_144     5.375810    3.514910    0.693370
132    opls_185    17.315920    5.016670    0.000000
133    opls_144    19.304870    2.679550    0.000000
134    opls_146    -2.543280   23.413590    0.000000
135    opls_144    20.237680    5.334040    0.000000
136    opls_144    21.509250    2.775720   -0.529230
137    opls_144    22.095100    4.336330    0.529230
138    opls_185    14.284470   12.487690    0.000000
139    opls_144    15.313870   15.378970    0.000000
140    opls_146    -5.361620    9.721890    0.000000
141    opls_144    12.548750   14.859320    0.000000
142    opls_144    14.225120   17.255760   -0.327420
143    opls_144    12.387340   16.950920    0.327420
