0      opls_166    18.800050    1.496170    0.541140
1      opls_700    19.961480    0.824270    0.982460
2      opls_145    21.053720    1.560900    1.446010
3      opls_145    17.206740   12.098820    0.321690
4      opls_145    -3.394410   23.735220    0.249510
5      opls_145    -4.566770   22.981660    0.153640
6      opls_145    -4.508380   21.578770    0.163070
7      opls_145    -3.268640   20.944380    0.269980
8      opls_145    -2.096810   21.697610    0.362930
9      opls_145     1.333580   28.297750    0.786920
10     opls_145     1.267760   29.692340    0.841400
11     opls_145     0.026370   30.342660    0.768270
12     opls_145    -1.137530   29.583790    0.644030
13     opls_145    -1.072500   28.191190    0.591450
14     opls_145     2.918450   21.907750    0.583770
15     opls_145     4.152360   21.255430    0.550280
16     opls_145     5.340680   21.995050    0.441180
17     opls_145     5.277050   23.388980    0.372950
18     opls_145     4.042060   24.041290    0.410970
19     opls_700    -2.145680   23.100830    0.355030
20     opls_700     0.164000   27.531910    0.662240
21     opls_700     2.849570   23.307650    0.513720
22     opls_700     1.539050   23.995480    0.530830
23     opls_145     1.465200   25.393390    0.597520
24     opls_700     0.229020   26.054000    0.593570
25     opls_145    -0.945760   25.292800    0.515550
26     opls_700    -0.899940   23.894230    0.449800
27     opls_145     0.349200   23.258510    0.459460
28     opls_145    10.473620   19.374180    7.308600
29     opls_166     9.268120   20.096870    0.041390
30     opls_700     8.090370   19.423650    0.429330
31     opls_145     8.146000   18.067900    0.754090
32     opls_166     9.353240   17.346540    0.715770
33     opls_700    10.528710   18.018100    0.321610
34     opls_700    18.455930   11.461780    0.343840
35     opls_145    19.617610   12.242560    0.243070
36     opls_700    19.542120   13.635820    0.110130
37     opls_145    18.282240   14.245310    0.090310
38     opls_700    17.107000   13.491750    0.200080
39     opls_700    15.788420   14.163650    0.216890
40     opls_700    20.768140   14.457770    0.011480
41     opls_700    18.544470    9.989840    0.466990
42     opls_145    15.701390   15.558240    0.084390
43     opls_145    14.463880   16.200590    0.130530
44     opls_145    13.287900   15.457650    0.312620
45     opls_145    13.367360   14.068710    0.442420
46     opls_145    14.607220   13.426020    0.394740
47     opls_145    22.031660   13.887450    0.224350
48     opls_145    23.183760   14.674880    0.163950
49     opls_145    23.094530   16.040250    7.197380
50     opls_145    21.832370   16.617540    6.984430
51     opls_145    20.681100   15.832440    7.049300
52     opls_145    17.394480    9.193790    0.339160
53     opls_145    17.477800    7.802520    0.435400
54     opls_145    18.709060    7.184070    0.668230
55     opls_145    19.863240    7.973480    0.801550
56     opls_145    19.780110    9.364420    0.699460
57     opls_142    24.284410   18.100100    6.936750
58     opls_166   -10.477200   20.303360    6.755980
59     opls_700   -10.450960   18.909430    6.994230
60     opls_142     0.931590   32.554880    0.976320
61     opls_142     6.773080   20.074630    0.507790
62     opls_142    11.845090   17.367450    0.232110
63     opls_142    19.838420    5.104640    1.047690
64     opls_182    10.445480   22.059450    6.634960
65     opls_182    10.213670   23.510480    6.272540
66     opls_182    11.105570   25.410650    5.600360
67     opls_136    12.365600   26.156240    5.212350
68     opls_182     8.206560   15.406200    1.542760
69     opls_182     8.456160   13.955510    1.899470
70     opls_182     7.359850   12.049360    1.983060
71     opls_136     6.204500   11.267580    2.585040
72     opls_182    16.581730    1.499160    6.923440
73     opls_182    15.596010    0.584260    6.214110
74     opls_182    -3.470270   31.637330    6.762710
75     opls_136    -4.495550   30.596620    6.361390
76     opls_182    23.217350   20.771100    7.264510
77     opls_182    21.987820   21.476850    6.733310
78     opls_182    19.814490   21.035670    6.791380
79     opls_136    18.638250   21.840360    7.300850
80     opls_166    -8.043060   19.020310    0.059230
81     opls_700    -8.070970   20.410910    7.137050
82     opls_142    -6.874670   21.264400    7.211780
83     opls_182    -6.393090   17.426870    6.864940
84     opls_182    -6.624400   16.020000    0.067570
85     opls_182    -8.199510   14.536450    0.520080
86     opls_136    26.398560   13.981730    0.162050
87     opls_166    21.024750    2.965780    1.492160
88     opls_700    19.871850    3.635360    1.053830
89     opls_182    23.271940    2.985040    2.331950
90     opls_182    24.284820    3.899600    2.996380
91     opls_182    24.137950    6.103520    2.831260
92     opls_136    25.296060    7.029370    3.139490
93     opls_145    18.775730    2.901710    0.586990
94     opls_145    -9.234060   18.290320    7.304730
95     opls_145    -9.282410   21.028040    6.815510
96     opls_750    -0.080840   31.768460    0.796790
97     opls_750    12.006660   16.091040    0.382670
98     opls_750     6.619120   21.354690    0.383920
99     opls_750    24.288840   16.828670    7.188090
100    opls_750    -5.688070   20.773750    0.075250
101    opls_750    18.765690    5.754960    0.727760
102    opls_750    12.028740   27.497720    4.822730
103    opls_750     6.234010    9.897890    2.138380
104    opls_750    -3.832490   29.339790    6.154440
105    opls_750    17.444180   21.468220    6.593060
106    opls_750    -4.593790   28.494610    5.720290
107    opls_424    -5.349000   27.645110    5.284670
108    opls_750    13.022830   28.137750    4.530220
109    opls_424    14.015590   28.780100    4.240780
110    opls_750    16.474250   22.069410    7.017190
111    opls_424    15.504290   22.671270    0.129510
112    opls_750     7.106330    9.250890    2.692760
113    opls_424     7.978670    8.603220    3.240620
114    opls_750    26.551900   12.734540    6.777850
115    opls_750    25.473600   12.262150    6.465520
116    opls_750    24.396300   11.786770    6.155170
117    opls_750    24.800510    8.227770    3.757340
118    opls_750    25.709400    8.963070    4.092990
119    opls_424    26.616030    9.701030    4.430110
120    opls_179     9.208020   21.457270    6.996940
121    opls_180    11.435620   24.109010    5.973530
122    opls_179     9.415840   15.986810    1.068900
123    opls_180     7.279480   13.383200    2.378890
124    opls_179    17.728190    0.752900    0.013090
125    opls_180    -4.102710   32.837390    7.094490
126    opls_179   -11.641160   20.995840    6.395100
127    opls_180    20.922520   21.264730    0.294700
128    opls_179    -6.876050   18.383600    0.485710
129    opls_180    -7.884240   15.586120    6.972000
130    opls_179    22.097260    3.721000    2.000610
131    opls_180    24.607940    4.971190    2.163750
132    opls_146    21.995840    1.023450    1.797610
133    opls_146    16.250990   11.482690    0.403300
134    opls_146    -3.456270   24.873200    0.241540
135    opls_146    -5.575660   23.505830    0.067500
136    opls_146    -3.209820   19.806070    0.281610
137    opls_146    -1.087940   21.174100    0.446370
138    opls_146     2.349000   27.782210    0.844620
139    opls_146     2.224020   30.304490    0.945460
140    opls_146    -2.151580   30.101320    0.584720
141    opls_146    -2.028750   27.579050    0.490170
142    opls_146     1.961740   21.293280    0.668750
143    opls_146     4.197670   20.118120    0.611560
144    opls_146     6.235870   23.999790    0.285780
145    opls_146     3.996730   25.179270    0.358470
146    opls_146     2.420670   26.012500    0.656310
147    opls_146    -1.961280   25.811000    0.504800
148    opls_146     0.386090   22.120200    0.407900
149    opls_146    11.421840   19.924250    6.995690
150    opls_146     7.196760   17.515840    1.060490
151    opls_146    20.643000   11.744620    0.268740
152    opls_146    18.197930   15.377320   -0.016750
153    opls_146    16.647890   16.176690   -0.062600
154    opls_146    14.405410   17.333920    0.020110
155    opls_146    12.417820   13.454900    0.587940
156    opls_146    14.665880   12.292360    0.500700
157    opls_146    22.123600   12.773380    0.448560
158    opls_146    24.206410   14.203490    0.343260
159    opls_146    21.746380   17.731290    6.757670
160    opls_146    19.658010   16.305820    6.878400
161    opls_146    16.380950    9.681780    0.155030
162    opls_146    16.538220    7.166480    0.323880
163    opls_146    20.872680    7.479520    0.993800
164    opls_146    20.719860   10.000800    0.804980
165    opls_144    23.290630   18.588750    6.664790
166    opls_144     1.972090   32.117350    1.136910
167    opls_144     5.867030   19.406050    0.685270
168    opls_144    12.744530   18.035030    0.020770
169    opls_144    20.784950    5.671970    1.333180
170    opls_185    10.887820   21.510050    5.739370
171    opls_185    11.169030   21.998370    7.513650
172    opls_185     9.730130   24.050250    7.152620
173    opls_185     9.526130   23.570230    5.365110
174    opls_185    10.603650   25.941790    6.475540
175    opls_185    10.390980   25.382100    4.712600
176    opls_140    12.869410   25.622440    4.340090
177    opls_140    13.078130   26.187120    6.101640
178    opls_185     7.410750   15.466620    0.728780
179    opls_185     7.850140   15.971200    2.466500
180    opls_185     9.262560   13.895420    2.703210
181    opls_185     8.801980   13.390170    0.971930
182    opls_185     8.346460   11.605520    2.342330
183    opls_185     7.307250   11.986620    0.845930
184    opls_140     5.219900   11.745940    2.267450
185    opls_140     6.283430   11.287830    3.722090
186    opls_185    16.901640    2.333390    6.215500
187    opls_185    16.081690    1.952290    7.842210
188    opls_185    16.130800    0.044150    5.364300
189    opls_185    14.742050    1.205700    5.785000
190    opls_185    -2.881410   31.259550    7.662760
191    opls_185    -2.756780   31.812280    5.891110
192    opls_140    -5.009270   30.919620    5.396480
193    opls_140    -5.271850   30.488730    7.189190
194    opls_185    23.465320   21.173110    8.302040
195    opls_185    23.008110   19.652370    7.332010
196    opls_185    21.724700   21.061230    5.704780
197    opls_185    22.197110   22.594250    6.650170
198    opls_185    19.552230   19.926570    6.809150
199    opls_185    20.057450   21.351700    5.723360
200    opls_140    18.841500   22.950780    7.141290
201    opls_140    18.492990   21.638520    8.413410
202    opls_144    -6.974780   22.395740    7.113790
203    opls_185    -5.276770   17.589870    6.701720
204    opls_185    -6.941320   17.553020    5.873410
205    opls_185    -6.570730   16.017350    1.206300
206    opls_185    -5.824260   15.324870   -0.353130
207    opls_185    -8.214930   14.917540    1.594390
208    opls_185    -7.416230   13.714170    0.419750
209    opls_140    25.850240   14.724670   -0.506190
210    opls_140    25.795490   13.811100    1.114310
211    MOF2_H_     23.476130   12.102470    6.689370
212    opls_185    23.724010    2.545850    1.382100
213    opls_185    23.001480    2.140510    3.048230
214    opls_185    25.230180    3.306710    3.229290
215    opls_185    23.848780    4.307920    3.967290
216    opls_185    23.634240    5.788820    3.804360
217    opls_185    23.383300    6.647610    2.172090
218    opls_140    25.836720    7.296270    2.172090
219    opls_140    26.020580    6.508190    3.848600
220    opls_146    17.836540    3.442820    0.233420
221    opls_146    -9.200470   17.168940    7.508750
222    opls_146    -9.311560   22.146100    6.594670
