0      opls_700    22.722200    1.399760   13.904290
1      opls_700    38.949250    1.004620   13.803700
2      opls_145    37.584980    1.375130   13.778350
3      opls_145    36.950070    4.437750   15.258270
4      opls_145    23.266250    2.646290   13.486630
5      opls_145    39.278940    4.826000   14.596770
6      opls_145    36.599760    0.610950   14.453120
7      opls_145    23.299610    0.919870   15.116230
8      opls_145    24.873850    2.786220   15.327070
9      opls_145    24.280440    1.632320   15.841300
10     opls_145    38.318530    4.124880   15.344370
11     opls_145    24.391630    3.242950   14.090990
12     opls_700     9.442680    4.577680   39.457590
13     opls_145    10.485290    3.788370   38.879380
14     opls_700    11.342480    2.927130   39.612500
15     opls_700    12.022770    1.923990    1.718120
16     opls_700     8.177430    0.261620    1.420370
17     opls_145     8.498770    1.088870    2.519240
18     opls_145     7.521740    1.903790    3.138080
19     opls_700     6.186740    1.879650    2.705940
20     opls_145     5.848580    0.968650    1.683520
21     opls_145     6.821070    0.161110    1.065070
22     opls_145    12.196000    2.244250    3.090200
23     opls_145    12.995620    1.463810    3.944030
24     opls_700    13.704480    0.348830    3.474060
25     opls_145    12.678080    0.745950    1.279940
26     opls_142     5.102520    2.745320    3.296620
27     opls_142    14.590320    4.503280    4.412390
28     opls_700    19.429050    0.594690   31.726050
29     opls_700    20.570820    0.083270   30.990920
30     opls_700    21.535220    4.280580   31.764280
31     opls_700    19.618640    4.300780   27.171630
32     opls_700    20.636840    0.154710   26.504500
33     opls_700    21.753700    0.699630   27.234000
34     opls_148    18.093800    0.847940   31.052890
35     opls_148    22.351380    3.293700   31.012650
36     opls_148    20.612250    0.328140   24.991590
37     opls_145    13.547750    0.000000    2.121700
38     opls_700     2.114590    3.863260   13.883770
39     opls_700    18.341230    3.468120   13.783180
40     opls_145    16.976960    3.838630   13.757830
41     opls_145    16.342050    1.974250   15.237740
42     opls_145     2.658640    0.182790   13.466110
43     opls_145    18.670920    2.362500   14.576250
44     opls_145    15.991740    3.074450   14.433000
45     opls_145     2.691580    3.383370   15.095710
46     opls_145     4.265830    0.322720   15.306550
47     opls_145     3.672420    4.095820   15.820780
48     opls_145    17.710510    1.661380   15.323850
49     opls_145     3.783610    0.779450   14.070470
50     opls_700    30.050700    2.114180   39.478110
51     opls_145    31.093310    1.324870   38.899910
52     opls_700    31.950500    0.463630   39.633020
53     opls_700    32.630790    4.387490    1.738640
54     opls_700    28.785450    2.725120    1.440890
55     opls_145    29.106790    3.552370    2.539760
56     opls_145    28.129770    4.367290    3.158600
57     opls_700    26.794350    4.343150    2.726460
58     opls_145    26.456600    3.432150    1.704040
59     opls_145    27.429090    2.624610    1.085590
60     opls_145    32.804020    4.707750    3.110720
61     opls_145    33.603230    3.927310    3.964550
62     opls_700    34.312090    2.812330    3.494580
63     opls_145    33.286100    3.209450    1.300460
64     opls_142    25.710540    0.281820    3.317140
65     opls_142    35.198340    2.039780    4.432910
66     opls_700    40.037070    3.058190   31.746570
67     opls_700    41.178840    2.546770   31.011450
68     opls_700     0.927200    1.817080   31.743760
69     opls_700    40.226670    1.837280   27.192150
70     opls_700     0.028820    2.618210   26.483980
71     opls_700     1.145680    3.163130   27.213480
72     opls_148    38.701830    3.311440   31.073410
73     opls_148     1.743360    0.830200   30.992130
74     opls_148    41.220230    2.791640   24.971070
75     opls_145    34.155770    2.463500    2.142220
76     opls_700    18.493660    1.399760    6.255240
77     opls_700     2.267020    1.004620    6.355830
78     opls_145     3.631300    1.375130    6.381180
79     opls_145     4.265790    4.437750    4.901270
80     opls_145    17.949610    2.646290    6.672900
81     opls_145     1.937330    4.826000    5.562760
82     opls_145     4.616100    0.610950    5.706010
83     opls_145    17.916670    0.919870    5.043300
84     opls_145    16.342010    2.786220    4.832460
85     opls_145    16.935830    1.632320    4.318230
86     opls_145     2.897330    4.124880    4.815160
87     opls_145    16.824230    3.242950    6.068540
88     opls_700    31.773230    4.577680   20.938920
89     opls_145    30.730620    3.788370   21.517130
90     opls_700    29.873430    2.927130   20.784010
91     opls_700    29.193500    1.923990   18.441410
92     opls_700    33.038840    0.261620   18.739170
93     opls_145    32.717090    1.088870   17.640290
94     opls_145    33.694120    1.903790   17.021450
95     opls_700    35.029530    1.879650   17.453590
96     opls_145    35.367280    0.968650   18.476020
97     opls_145    34.394790    0.161110   19.094460
98     opls_145    29.020270    2.244250   17.069330
99     opls_145    28.220650    1.463810   16.215500
100    opls_700    27.511790    0.348830   16.685470
101    opls_145    28.537780    0.745950   18.879590
102    opls_142    36.113340    2.745320   16.862920
103    opls_142    26.625540    4.503280   15.747140
104    opls_700    21.786860    0.594690   28.670460
105    opls_700    20.645080    0.083270   29.405590
106    opls_700    19.680690    4.280580   28.632230
107    opls_700    21.597260    4.300780   33.224880
108    opls_700    20.579070    0.154710   33.892010
109    opls_700    19.462210    0.699630   33.162510
110    opls_148    23.122100    0.847940   29.343620
111    opls_148    18.864530    3.293700   29.383860
112    opls_148    20.604070    0.328140   35.404920
113    opls_145    27.668110    0.000000   18.037430
114    opls_700    39.101680    3.863260    6.275760
115    opls_700    22.875040    3.468120    6.376350
116    opls_145    24.239320    3.838630    6.401700
117    opls_145    24.873810    1.974250    4.921790
118    opls_145    38.557630    0.182790    6.693420
119    opls_145    22.545350    2.362500    5.583280
120    opls_145    25.224120    3.074450    5.726530
121    opls_145    38.524690    3.383370    5.063820
122    opls_145    36.950030    0.322720    4.852980
123    opls_145    37.543440    4.095820    4.338750
124    opls_145    23.505350    1.661380    4.835680
125    opls_145    37.432250    0.779450    6.089060
126    opls_700    11.165620    2.114180   20.918400
127    opls_145    10.122600    1.324870   21.496610
128    opls_700     9.265410    0.463630   20.763490
129    opls_700     8.585480    4.387490   18.420890
130    opls_700    12.430820    2.725120   18.718650
131    opls_145    12.109480    3.552370   17.619770
132    opls_145    13.086090    4.367290   17.000930
133    opls_700    14.421510    4.343150   17.433070
134    opls_145    14.759260    3.432150   18.455090
135    opls_145    13.786770    2.624610   19.073940
136    opls_145     8.412250    4.707750   17.048810
137    opls_145     7.612630    3.927310   16.194980
138    opls_700     6.903770    2.812330   16.664950
139    opls_145     7.930170    3.209450   18.859070
140    opls_142    15.505320    0.281820   16.842400
141    opls_142     6.017520    2.039780   15.726620
142    opls_700     1.178840    3.058190   28.649940
143    opls_700     0.037060    2.546770   29.385070
144    opls_700    40.288710    1.817080   28.652750
145    opls_700     0.989240    1.837280   33.204760
146    opls_700    41.187090    2.618210   33.912530
147    opls_700    40.070230    3.163130   33.183040
148    opls_148     2.514080    3.311440   29.323100
149    opls_148    39.472550    0.830200   29.404380
150    opls_148    41.211680    2.791640   35.425440
151    opls_145     7.060500    2.463500   18.016910
152    opls_700    18.493480    3.527240   26.373730
153    opls_700     2.266840    3.922380   26.474320
154    opls_145     3.631110    3.551870   26.499670
155    opls_145     4.266020    0.489250   25.019760
156    opls_145    17.949430    2.280710   26.791390
157    opls_145     1.937150    0.101000   25.681250
158    opls_145     4.616330    4.316050   25.824500
159    opls_145    17.916490    4.007130   25.161790
160    opls_145    16.342240    2.140780   24.950950
161    opls_145    16.935650    3.294680   24.436720
162    opls_145     2.897560    0.802120   24.933650
163    opls_145    16.824460    1.684050   26.187030
164    opls_700    31.773410    0.349320    0.820430
165    opls_145    30.730800    1.138630    1.398640
166    opls_700    29.873190    1.999870    0.665520
167    opls_700    29.193320    3.003010   38.559900
168    opls_700    33.038660    4.665380   38.857660
169    opls_145    32.717320    3.838130   37.758780
170    opls_145    33.693930    3.023210   37.139940
171    opls_700    35.029350    3.047350   37.572080
172    opls_145    35.367510    3.958350   38.594100
173    opls_145    34.394610    4.765890   39.212950
174    opls_145    29.020090    2.682750   37.187820
175    opls_145    28.220470    3.463190   36.333990
176    opls_700    27.511610    4.578170   36.803960
177    opls_145    28.538010    4.181050   38.998080
178    opls_142    36.113570    2.181680   36.981410
179    opls_142    26.625360    0.423720   35.865630
180    opls_700    21.786630    4.332310    8.551970
181    opls_700    20.645270    4.843730    9.287100
182    opls_700    19.680450    0.646420    8.513740
183    opls_700    21.597030    0.626220   13.106390
184    opls_700    20.579250    4.772290   13.773520
185    opls_700    19.462390    4.227370   13.044020
186    opls_148    23.122290    4.079060    9.225130
187    opls_148    18.864710    1.633300    9.265370
188    opls_148    20.603840    4.598860   15.286430
189    opls_145    27.668340    0.000000   38.155920
190    opls_700    39.101500    1.063740   26.394250
191    opls_700    22.874860    1.458880   26.494840
192    opls_145    24.239130    1.088370   26.520190
193    opls_145    24.874040    2.952750   25.039880
194    opls_145    38.557450    4.744210   26.811910
195    opls_145    22.545170    2.564500   25.701770
196    opls_145    25.224350    1.852550   25.845020
197    opls_145    38.524510    1.543630   25.182310
198    opls_145    36.950260    4.604280   24.971470
199    opls_145    37.543670    0.831180   24.457240
200    opls_145    23.505580    3.265620   24.954170
201    opls_145    37.432480    4.147550   26.207550
202    opls_700    11.165390    2.812820    0.799910
203    opls_145    10.122780    3.602130    1.378120
204    opls_700     9.265170    4.463370    0.645000
205    opls_700     8.585300    0.539510   38.539380
206    opls_700    12.430640    2.201880   38.837140
207    opls_145    12.109300    1.374630   37.738260
208    opls_145    13.085910    0.559710   37.119420
209    opls_700    14.421330    0.583850   37.551560
210    opls_145    14.759490    1.494850   38.573580
211    opls_145    13.786590    2.302390   39.192430
212    opls_145     8.412070    0.219250   37.167300
213    opls_145     7.612450    0.999690   36.313470
214    opls_700     6.903590    2.114670   36.783440
215    opls_145     7.929990    1.717550   38.977560
216    opls_142    15.505550    4.645180   36.960890
217    opls_142     6.017750    2.887220   35.845110
218    opls_700     1.178610    1.868810    8.531450
219    opls_700     0.037250    2.380230    9.266580
220    opls_700    40.288470    3.109920    8.534260
221    opls_700     0.989010    3.089720   13.086270
222    opls_700    41.187270    2.308790   13.794040
223    opls_700    40.070000    1.763870   13.064550
224    opls_148     2.514270    1.615560    9.204610
225    opls_148    39.472730    4.096800    9.285890
226    opls_148    41.211860    2.135360   15.306950
227    opls_145     7.060320    2.463500   38.135800
228    opls_700    22.722430    3.527240   34.022780
229    opls_700    38.949070    3.922380   33.922190
230    opls_145    37.584800    3.551870   33.896840
231    opls_145    36.950300    0.489250   35.376760
232    opls_145    23.266480    2.280710   33.605120
233    opls_145    39.278760    0.101000   34.715260
234    opls_145    36.599990    4.316050   34.572020
235    opls_145    23.299420    4.007130   35.234720
236    opls_145    24.873670    2.140780   35.445160
237    opls_145    24.280260    3.294680   35.959790
238    opls_145    38.318350    0.802120   35.462860
239    opls_145    24.391450    1.684050   34.209480
240    opls_700     9.442450    0.349320   19.339100
241    opls_145    10.485470    1.138630   18.760890
242    opls_700    11.342670    1.999870   19.494010
243    opls_700    12.022590    3.003010   21.836610
244    opls_700     8.177250    4.665380   21.538860
245    opls_145     8.498590    3.838130   22.637730
246    opls_145     7.521980    3.023210   23.256570
247    opls_700     6.186560    3.047350   22.824430
248    opls_145     5.848400    3.958350   21.802010
249    opls_145     6.821300    4.765890   21.183560
250    opls_145    12.195820    2.682750   23.208690
251    opls_145    12.995440    3.463190   24.062520
252    opls_700    13.704300    4.578170   23.592550
253    opls_145    12.677900    4.181050   21.398430
254    opls_142     5.102750    2.181680   23.415110
255    opls_142    14.590550    0.423720   24.530880
256    opls_700    19.429230    4.332310   11.607560
257    opls_700    20.571010    4.843730   10.872430
258    opls_700    21.535410    0.646420   11.645790
259    opls_700    19.618830    0.626220    7.053140
260    opls_700    20.637020    4.772290    6.386010
261    opls_700    21.753880    4.227370    7.115510
262    opls_148    18.093990    4.079060   10.934400
263    opls_148    22.351560    1.633300   10.894160
264    opls_148    20.612020    4.598860    4.873100
265    opls_145    13.547570    0.000000   22.240590
266    opls_700     2.114410    1.063740   34.002260
267    opls_700    18.341050    1.458880   33.901670
268    opls_145    16.976770    1.088370   33.876320
269    opls_145    16.342280    2.952750   35.356230
270    opls_145     2.658460    4.744210   33.584600
271    opls_145    18.670740    2.564500   34.694740
272    opls_145    15.991970    1.852550   34.551490
273    opls_145     2.691400    1.543630   35.214200
274    opls_145     4.266060    4.604280   35.425040
275    opls_145     3.672240    0.831180   35.939270
276    opls_145    17.710330    3.265620   35.442340
277    opls_145     3.783840    4.147550   34.188960
278    opls_700    30.050470    2.812820   19.359620
279    opls_145    31.093490    3.602130   18.781420
280    opls_700    31.950690    4.463370   19.514530
281    opls_700    32.630610    0.539510   21.857130
282    opls_700    28.785270    2.201880   21.559380
283    opls_145    29.106610    1.374630   22.658250
284    opls_145    28.130000    0.559710   23.277090
285    opls_700    26.794580    0.583850   22.844950
286    opls_145    26.456420    1.494850   21.822530
287    opls_145    27.429320    2.302390   21.204080
288    opls_145    32.803840    0.219250   23.229210
289    opls_145    33.603460    0.999690   24.083040
290    opls_700    34.312320    2.114670   23.613070
291    opls_145    33.285920    1.717550   21.418950
292    opls_142    25.710360    4.645180   23.435630
293    opls_142    35.198570    2.887220   24.551400
294    opls_700    40.037250    1.868810   11.628080
295    opls_700    41.179030    2.380230   10.892960
296    opls_700     0.927380    3.109920   11.625270
297    opls_700    40.226850    3.089720    7.073660
298    opls_700     0.029000    2.308790    6.365490
299    opls_700     1.145860    1.763870    7.094990
300    opls_148    38.702010    1.615560   10.954920
301    opls_148     1.743540    4.096800   10.873640
302    opls_148    41.220000    2.135360    4.852580
303    opls_145    34.155590    2.463500   22.260710
304    opls_750    25.846530    3.519850   16.132610
305    opls_750    35.915800    3.638100   15.917350
306    opls_750     5.238510    1.056350   16.112090
307    opls_750    15.307780    1.174600   15.896830
308    opls_750    15.369330    3.519850    4.026920
309    opls_750     5.300480    3.638100    4.242180
310    opls_750    35.977350    1.056350    4.047440
311    opls_750    25.908500    1.174600    4.262710
312    opls_750    15.369560    1.407150   24.145410
313    opls_750     5.300300    1.288900   24.360670
314    opls_750    35.977580    3.870650   24.165930
315    opls_750    25.908320    3.752400   24.381200
316    opls_750    25.846760    1.407150   36.251100
317    opls_750    35.915610    1.288900   36.035840
318    opls_750     5.238740    3.870650   36.230580
319    opls_750    15.307590    3.752400   36.015320
320    opls_146    37.263390    2.265430   13.258890
321    opls_146    22.829410    3.229650   12.713680
322    opls_146    40.313550    4.561420   14.686500
323    opls_146    35.556920    0.902630   14.375870
324    opls_146    23.039950   -0.026610   15.538310
325    opls_146    24.609890    1.249980   16.799340
326    opls_146    38.648060    3.323750   15.972470
327    opls_146    24.783150    4.146070   13.644760
328    opls_146    10.675060    3.863260   37.817130
329    opls_146     9.520870    1.138140    2.870100
330    opls_146     7.818890    2.560560    3.946850
331    opls_146     4.822370    0.888340    1.344720
332    opls_146     6.520230   -0.507480    0.276030
333    opls_146    11.742640    3.126180    3.516310
334    opls_146    13.090210    1.761400    4.982140
335    opls_146    14.062970   -0.847940    1.724150
336    opls_146    12.517180    0.362130    0.290110
337    opls_144     4.113350    2.596040    2.897060
338    opls_144    14.607010    4.819590    5.446480
339    opls_702    17.392990    0.034000   31.321670
340    opls_702    18.106310    0.830200   29.954420
341    opls_702    17.644450    1.808210   31.370360
342    opls_702    22.322680    3.374500   29.922230
343    opls_702    21.832220    2.345250   31.177220
344    opls_702    23.422860    3.331640   31.295520
345    opls_702    19.960780    1.184450   24.725220
346    opls_702    20.315390   -0.598140   24.464080
347    opls_702    21.589040    0.556260   24.541740
348    opls_146    16.655370    4.728930   13.238370
349    opls_146     2.221390    0.766150   12.693160
350    opls_146    19.705530    2.097920   14.665980
351    opls_146    14.948900    3.366130   14.355350
352    opls_146     2.431930    2.436890   15.517790
353    opls_146     4.002280    3.713480   16.778820
354    opls_146    18.040450    0.860250   15.951950
355    opls_146     4.175130    1.682570   13.624240
356    opls_146    31.283080    1.399760   37.837650
357    opls_146    30.128890    3.601640    2.891030
358    opls_146    28.426500    5.024060    3.967370
359    opls_146    25.430390    3.351840    1.365240
360    opls_146    27.128250    1.956020    0.296550
361    opls_146    32.350250    5.589680    3.536830
362    opls_146    33.698230    4.224900    5.002660
363    opls_146    34.670990    1.615560    1.744680
364    opls_146    33.125200    2.825630    0.310630
365    opls_144    24.721370    0.132540    2.917580
366    opls_144    35.215030    2.356090    5.467000
367    opls_702    38.001010    2.497500   31.342190
368    opls_702    38.714330    3.293700   29.974940
369    opls_702    38.252470    4.271710   31.390880
370    opls_702     1.714660    0.911000   29.901710
371    opls_702     1.224200   -0.118250   31.156700
372    opls_702     2.815250    0.868140   31.275000
373    opls_702    40.568800    3.647950   24.745740
374    opls_702    40.923410    1.865360   24.484600
375    opls_702    42.197020    3.019760   24.521220
376    opls_146     3.952470    2.265430    6.900640
377    opls_146    18.386450    3.229650    7.446260
378    opls_146     0.902720    4.561420    5.473030
379    opls_146     5.658940    0.902630    5.783660
380    opls_146    18.176320   -0.026610    4.621220
381    opls_146    16.605970    1.249980    3.360190
382    opls_146     2.567800    3.323750    4.187060
383    opls_146    16.432710    4.146070    6.514770
384    opls_146    30.541260    3.863260   22.579380
385    opls_146    31.694990    1.138140   17.289030
386    opls_146    33.397380    2.560560   16.212690
387    opls_146    36.393900    0.888340   18.814810
388    opls_146    34.695630   -0.507480   19.883510
389    opls_146    29.473630    3.126180   16.643220
390    opls_146    28.125650    1.761400   15.177390
391    opls_146    27.153310   -0.847940   18.435380
392    opls_146    28.698680    0.362130   19.869420
393    opls_144    37.102510    2.596040   17.262470
394    opls_144    26.609260    4.819590   14.713050
395    opls_702    23.822920    0.034000   29.074840
396    opls_702    23.110010    0.830200   30.442090
397    opls_702    23.571460    1.808210   29.026150
398    opls_702    18.893230    3.374500   30.474280
399    opls_702    19.383690    2.345250   29.219290
400    opls_702    17.793050    3.331640   29.100990
401    opls_702    21.255130    1.184450   35.671290
402    opls_702    20.900520   -0.598140   35.932430
403    opls_702    19.626870    0.556260   35.854770
404    opls_146    24.560490    4.728930    6.921160
405    opls_146    38.994470    0.766150    7.466370
406    opls_146    21.510740    2.097920    5.493550
407    opls_146    26.266960    3.366130    5.804180
408    opls_146    38.784340    2.436890    4.641740
409    opls_146    37.213990    3.713480    3.380710
410    opls_146    23.175820    0.860250    4.207580
411    opls_146    37.040730    1.682570    6.535290
412    opls_146     9.933240    1.399760   22.558860
413    opls_146    11.086970    3.601640   17.268500
414    opls_146    12.789360    5.024060   16.192170
415    opls_146    15.785880    3.351840   18.794290
416    opls_146    14.087610    1.956020   19.862990
417    opls_146     8.865610    5.589680   16.622700
418    opls_146     7.517630    4.224900   15.156870
419    opls_146     6.545290    1.615560   18.414860
420    opls_146     8.090660    2.825630   19.848900
421    opls_144    16.494490    0.132540   17.241950
422    opls_144     6.001240    2.356090   14.692530
423    opls_702     3.214900    2.497500   29.054320
424    opls_702     2.501990    3.293700   30.421570
425    opls_702     2.963440    4.271710   29.005630
426    opls_702    39.501250    0.911000   30.494800
427    opls_702    39.991710   -0.118250   29.239810
428    opls_702    38.401070    0.868140   29.121510
429    opls_702    41.863110    3.647950   35.650770
430    opls_702    41.508500    1.865360   35.911910
431    opls_702    40.234890    3.019760   35.875290
432    opls_146     3.952700    2.661570   27.019130
433    opls_146    18.386270    1.697350   27.564750
434    opls_146     0.902540    0.365580   25.591520
435    opls_146     5.658760    4.024370   25.902150
436    opls_146    18.176140    4.953610   24.739710
437    opls_146    16.605790    3.677020   23.478680
438    opls_146     2.567620    1.603250   24.305550
439    opls_146    16.432940    0.780930   26.633260
440    opls_146    30.541030    1.063740    2.460890
441    opls_146    31.695220    3.788860   37.407520
442    opls_146    33.397200    2.366440   36.331180
443    opls_146    36.393720    4.038660   38.933300
444    opls_146    34.695440    5.434480   40.002000
445    opls_146    29.473450    1.800820   36.761710
446    opls_146    28.125880    3.165600   35.295880
447    opls_146    27.153120    0.847940   38.553870
448    opls_146    28.698500    4.564870   39.987910
449    opls_144    37.102740    2.330960   37.380960
450    opls_144    26.609080    0.107410   34.831540
451    opls_702    23.822690    4.893000    8.956350
452    opls_702    23.109780    4.096800   10.323600
453    opls_702    23.571640    3.118790    8.907660
454    opls_702    18.893410    1.552500   10.355790
455    opls_702    19.383870    2.581750    9.100800
456    opls_702    17.792820    1.595360    8.982500
457    opls_702    21.254900    3.742550   15.552800
458    opls_702    20.900700    5.525140   15.813940
459    opls_702    19.627050    4.370740   15.736280
460    opls_146    24.560720    0.198070   27.039650
461    opls_146    38.994290    4.160850   27.584860
462    opls_146    21.510560    2.829080   25.612040
463    opls_146    26.266780    1.560870   25.922670
464    opls_146    38.784160    2.490110   24.760230
465    opls_146    37.213810    1.213520   23.499200
466    opls_146    23.175640    4.066750   24.326070
467    opls_146    37.040960    3.244430   26.653780
468    opls_146     9.933010    3.527240    2.440370
469    opls_146    11.087200    1.325360   37.387400
470    opls_146    12.789180   -0.097060   36.310660
471    opls_146    15.785700    1.575160   38.912780
472    opls_146    14.087840    2.970980   39.981480
473    opls_146     8.865430   -0.662680   36.741190
474    opls_146     7.517860    0.702100   35.275360
475    opls_146     6.545100    3.311440   38.533350
476    opls_146     8.090890    2.101370   39.967390
477    opls_144    16.494720    4.794460   37.360440
478    opls_144     6.001060    2.570910   34.811020
479    opls_702     3.214670    2.429500    8.935830
480    opls_702     2.501760    1.633300   10.303080
481    opls_702     2.963620    0.655290    8.887140
482    opls_702    39.501430    4.016000   10.376310
483    opls_702    39.991890    5.045250    9.121320
484    opls_702    38.400840    4.058860    9.003020
485    opls_702    41.863290    1.279050   15.532280
486    opls_702    41.508680    3.061640   15.793420
487    opls_702    40.235070    1.907240   15.756400
488    opls_146    37.263210    2.661570   33.377380
489    opls_146    22.829640    1.697350   32.832170
490    opls_146    40.313370    0.365580   34.804990
491    opls_146    35.557150    4.024370   34.494360
492    opls_146    23.039770    4.953610   35.656800
493    opls_146    24.610120    3.677020   36.917830
494    opls_146    38.648290    1.603250   36.090960
495    opls_146    24.783380    0.780930   33.763250
496    opls_146    10.674830    1.063740   17.698640
497    opls_146     9.521100    3.788860   22.989000
498    opls_146     7.818710    2.366440   24.065340
499    opls_146     4.822190    4.038660   21.463210
500    opls_146     6.520460    5.434480   20.394520
501    opls_146    11.742460    1.800820   23.634800
502    opls_146    13.090030    3.165600   25.100630
503    opls_146    14.062780    0.847940   21.842640
504    opls_146    12.517410    4.564870   20.408600
505    opls_144     4.113170    2.330960   23.015550
506    opls_144    14.606830    0.107410   25.564970
507    opls_702    17.393170    4.893000   11.203180
508    opls_702    18.106080    4.096800    9.835930
509    opls_702    17.644640    3.118790   11.251870
510    opls_702    22.322450    1.552500    9.803740
511    opls_702    21.831990    2.581750   11.058730
512    opls_702    23.423040    1.595360   11.177030
513    opls_702    19.960960    3.742550    4.606730
514    opls_702    20.315160    5.525140    4.345590
515    opls_702    21.588810    4.370740    4.423250
516    opls_146    16.655190    0.198070   33.356860
517    opls_146     2.221620    4.160850   32.811250
518    opls_146    19.705350    2.829080   34.784470
519    opls_146    14.949130    1.560870   34.473840
520    opls_146     2.431750    2.490110   35.636280
521    opls_146     4.002100    1.213520   36.897310
522    opls_146    18.040270    4.066750   36.070440
523    opls_146     4.175360    3.244430   33.742730
524    opls_146    31.282850    3.527240   17.719160
525    opls_146    30.128710    1.325360   23.009520
526    opls_146    28.426730   -0.097060   24.085860
527    opls_146    25.430210    1.575160   21.483730
528    opls_146    27.128490    2.970980   20.415040
529    opls_146    32.350480   -0.662680   23.655320
530    opls_146    33.698050    0.702100   25.121150
531    opls_146    34.670810    3.311440   21.863170
532    opls_146    33.125430    2.101370   20.429120
533    opls_144    24.721190    4.794460   23.036070
534    opls_144    35.214850    2.570910   25.585490
535    opls_702    38.001190    2.429500   11.223700
536    opls_702    38.714100    1.633300    9.856450
537    opls_702    38.252660    0.655290   11.272390
538    opls_702     1.714430    4.016000    9.783220
539    opls_702     1.223970    5.045250   11.038210
540    opls_702     2.815020    4.058860   11.156510
541    opls_702    40.568980    1.279050    4.627250
542    opls_702    40.923180    3.061640    4.366110
543    opls_702    42.196790    1.907240    4.402730
