0      opls_700     7.969880   22.751080   28.186770
1      opls_166     7.951630   23.181270   26.846010
2      opls_145     8.023980   21.368610   28.450090
3      opls_142     8.139680   19.897170   24.942430
4      opls_166     7.967280   22.242670   25.802480
5      opls_142     8.872950   29.308190   24.658900
6      opls_145     8.084600   20.435230   27.399720
7      opls_700     8.040600   20.862490   26.063530
8      opls_145    12.983530   22.516760   24.799030
9      opls_145    13.814900   22.199660   23.710530
10     opls_145    14.212170   20.870310   23.492830
11     opls_700    13.792740   19.844050   24.366570
12     opls_145    12.961370   20.185270   25.451160
13     opls_145    12.567360   21.502230   25.661690
14     opls_700    14.091590   18.479180   24.136150
15     opls_145    13.015140   17.578070   24.148210
16     opls_700    13.193410   16.188760   24.132240
17     opls_700    14.518190   15.669920   24.059890
18     opls_700    15.629190   16.557680   24.029910
19     opls_700    15.416050   17.966540   24.038710
20     opls_145    16.051230   13.777750   24.016220
21     opls_145    14.764250   14.288760   23.963750
22     opls_700    20.551250   17.213060   24.268140
23     opls_145    21.706900   16.949730   23.501950
24     opls_145    22.845590   17.753730   23.621880
25     opls_145    22.856670   18.830180   24.525280
26     opls_145    21.731010   19.068730   25.318850
27     opls_145    20.600790   18.256590   25.213580
28     opls_700    24.620120    9.838920   28.186770
29     opls_166    24.638370    9.408730   26.846010
30     opls_145    24.566020   11.221390   28.450090
31     opls_142    24.450320   12.692830   24.942430
32     opls_166    24.622720   10.347320   25.802480
33     opls_142    23.717050    3.281810   24.658900
34     opls_145    24.505400   12.154770   27.399720
35     opls_700    24.549400   11.727510   26.063530
36     opls_145    19.606470   10.073240   24.799030
37     opls_145    18.775100   10.390340   23.710530
38     opls_145    18.377830   11.719690   23.492830
39     opls_700    18.797260   12.745950   24.366570
40     opls_145    19.628630   12.404730   25.451160
41     opls_145    20.022640   11.087770   25.661690
42     opls_700    18.498410   14.110820   24.136150
43     opls_145    19.574860   15.011930   24.148210
44     opls_700    19.396590   16.401240   24.132240
45     opls_700    18.071810   16.920080   24.059890
46     opls_700    16.960810   16.032320   24.029910
47     opls_700    17.173950   14.623460   24.038710
48     opls_145    16.538770   18.812250   24.016220
49     opls_145    17.825750   18.301240   23.963750
50     opls_700    12.038750   15.376940   24.268140
51     opls_145    10.883100   15.640270   23.501950
52     opls_145     9.744410   14.836270   23.621880
53     opls_145     9.733330   13.759820   24.525280
54     opls_145    10.858990   13.521270   25.318850
55     opls_145    11.989210   14.333410   25.213580
56     opls_700    24.620120   22.751080    4.403230
57     opls_166    24.638370   23.181270    5.743990
58     opls_145    24.566020   21.368610    4.139910
59     opls_142    24.450320   19.897170    7.647570
60     opls_166    24.622720   22.242670    6.787520
61     opls_142    23.717050   29.308190    7.931100
62     opls_145    24.505400   20.435230    5.190280
63     opls_700    24.549400   20.862490    6.526470
64     opls_145    19.606470   22.516760    7.790970
65     opls_145    18.775100   22.199660    8.879470
66     opls_145    18.377830   20.870310    9.097170
67     opls_700    18.797260   19.844050    8.223430
68     opls_145    19.628630   20.185270    7.138840
69     opls_145    20.022640   21.502230    6.928310
70     opls_700    18.498410   18.479180    8.453850
71     opls_145    19.574860   17.578070    8.441790
72     opls_700    19.396590   16.188760    8.457760
73     opls_700    18.071810   15.669920    8.530110
74     opls_700    16.960810   16.557680    8.560090
75     opls_700    17.173950   17.966540    8.551290
76     opls_145    16.538770   13.777750    8.573780
77     opls_145    17.825750   14.288760    8.626250
78     opls_700    12.038750   17.213060    8.321860
79     opls_145    10.883100   16.949730    9.088050
80     opls_145     9.744410   17.753730    8.968120
81     opls_145     9.733330   18.830180    8.064720
82     opls_145    10.858990   19.068730    7.271150
83     opls_145    11.989210   18.256590    7.376420
84     opls_700     7.969880    9.838920    4.403230
85     opls_166     7.951630    9.408730    5.743990
86     opls_145     8.023980   11.221390    4.139910
87     opls_142     8.139680   12.692830    7.647570
88     opls_166     7.967280   10.347320    6.787520
89     opls_142     8.872950    3.281810    7.931100
90     opls_145     8.084600   12.154770    5.190280
91     opls_700     8.040600   11.727510    6.526470
92     opls_145    12.983530   10.073240    7.790970
93     opls_145    13.814900   10.390340    8.879470
94     opls_145    14.212170   11.719690    9.097170
95     opls_700    13.792740   12.745950    8.223430
96     opls_145    12.961370   12.404730    7.138840
97     opls_145    12.567360   11.087770    6.928310
98     opls_700    14.091590   14.110820    8.453850
99     opls_145    13.015140   15.011930    8.441790
100    opls_700    13.193410   16.401240    8.457760
101    opls_700    14.518190   16.920080    8.530110
102    opls_700    15.629190   16.032320    8.560090
103    opls_700    15.416050   14.623460    8.551290
104    opls_145    16.051230   18.812250    8.573780
105    opls_145    14.764250   18.301240    8.626250
106    opls_700    20.551250   15.376940    8.321860
107    opls_145    21.706900   15.640270    9.088050
108    opls_145    22.845590   14.836270    8.968120
109    opls_145    22.856670   13.759820    8.064720
110    opls_145    21.731010   13.521270    7.271150
111    opls_145    20.600790   14.333410    7.376420
112    opls_700    28.186770    7.969880   22.751080
113    opls_166    26.846010    7.951630   23.181270
114    opls_145    28.450090    8.023980   21.368610
115    opls_142    24.942430    8.139680   19.897170
116    opls_166    25.802480    7.967280   22.242670
117    opls_142    24.658900    8.872950   29.308190
118    opls_145    27.399720    8.084600   20.435230
119    opls_700    26.063530    8.040600   20.862490
120    opls_145    24.799030   12.983530   22.516760
121    opls_145    23.710530   13.814900   22.199660
122    opls_145    23.492830   14.212170   20.870310
123    opls_700    24.366570   13.792740   19.844050
124    opls_145    25.451160   12.961370   20.185270
125    opls_145    25.661690   12.567360   21.502230
126    opls_700    24.136150   14.091590   18.479180
127    opls_145    24.148210   13.015140   17.578070
128    opls_700    24.132240   13.193410   16.188760
129    opls_700    24.059890   14.518190   15.669920
130    opls_700    24.029910   15.629190   16.557680
131    opls_700    24.038710   15.416050   17.966540
132    opls_145    24.016220   16.051230   13.777750
133    opls_145    23.963750   14.764250   14.288760
134    opls_700    24.268140   20.551250   17.213060
135    opls_145    23.501950   21.706900   16.949730
136    opls_145    23.621880   22.845590   17.753730
137    opls_145    24.525280   22.856670   18.830180
138    opls_145    25.318850   21.731010   19.068730
139    opls_145    25.213580   20.600790   18.256590
140    opls_700    28.186770   24.620120    9.838920
141    opls_166    26.846010   24.638370    9.408730
142    opls_145    28.450090   24.566020   11.221390
143    opls_142    24.942430   24.450320   12.692830
144    opls_166    25.802480   24.622720   10.347320
145    opls_142    24.658900   23.717050    3.281810
146    opls_145    27.399720   24.505400   12.154770
147    opls_700    26.063530   24.549400   11.727510
148    opls_145    24.799030   19.606470   10.073240
149    opls_145    23.710530   18.775100   10.390340
150    opls_145    23.492830   18.377830   11.719690
151    opls_700    24.366570   18.797260   12.745950
152    opls_145    25.451160   19.628630   12.404730
153    opls_145    25.661690   20.022640   11.087770
154    opls_700    24.136150   18.498410   14.110820
155    opls_145    24.148210   19.574860   15.011930
156    opls_700    24.132240   19.396590   16.401240
157    opls_700    24.059890   18.071810   16.920080
158    opls_700    24.029910   16.960810   16.032320
159    opls_700    24.038710   17.173950   14.623460
160    opls_145    24.016220   16.538770   18.812250
161    opls_145    23.963750   17.825750   18.301240
162    opls_700    24.268140   12.038750   15.376940
163    opls_145    23.501950   10.883100   15.640270
164    opls_145    23.621880    9.744410   14.836270
165    opls_145    24.525280    9.733330   13.759820
166    opls_145    25.318850   10.858990   13.521270
167    opls_145    25.213580   11.989210   14.333410
168    opls_700     4.403230   24.620120   22.751080
169    opls_166     5.743990   24.638370   23.181270
170    opls_145     4.139910   24.566020   21.368610
171    opls_142     7.647570   24.450320   19.897170
172    opls_166     6.787520   24.622720   22.242670
173    opls_142     7.931100   23.717050   29.308190
174    opls_145     5.190280   24.505400   20.435230
175    opls_700     6.526470   24.549400   20.862490
176    opls_145     7.790970   19.606470   22.516760
177    opls_145     8.879470   18.775100   22.199660
178    opls_145     9.097170   18.377830   20.870310
179    opls_700     8.223430   18.797260   19.844050
180    opls_145     7.138840   19.628630   20.185270
181    opls_145     6.928310   20.022640   21.502230
182    opls_700     8.453850   18.498410   18.479180
183    opls_145     8.441790   19.574860   17.578070
184    opls_700     8.457760   19.396590   16.188760
185    opls_700     8.530110   18.071810   15.669920
186    opls_700     8.560090   16.960810   16.557680
187    opls_700     8.551290   17.173950   17.966540
188    opls_145     8.573780   16.538770   13.777750
189    opls_145     8.626250   17.825750   14.288760
190    opls_700     8.321860   12.038750   17.213060
191    opls_145     9.088050   10.883100   16.949730
192    opls_145     8.968120    9.744410   17.753730
193    opls_145     8.064720    9.733330   18.830180
194    opls_145     7.271150   10.858990   19.068730
195    opls_145     7.376420   11.989210   18.256590
196    opls_700     4.403230    7.969880    9.838920
197    opls_166     5.743990    7.951630    9.408730
198    opls_145     4.139910    8.023980   11.221390
199    opls_142     7.647570    8.139680   12.692830
200    opls_166     6.787520    7.967280   10.347320
201    opls_142     7.931100    8.872950    3.281810
202    opls_145     5.190280    8.084600   12.154770
203    opls_700     6.526470    8.040600   11.727510
204    opls_145     7.790970   12.983530   10.073240
205    opls_145     8.879470   13.814900   10.390340
206    opls_145     9.097170   14.212170   11.719690
207    opls_700     8.223430   13.792740   12.745950
208    opls_145     7.138840   12.961370   12.404730
209    opls_145     6.928310   12.567360   11.087770
210    opls_700     8.453850   14.091590   14.110820
211    opls_145     8.441790   13.015140   15.011930
212    opls_700     8.457760   13.193410   16.401240
213    opls_700     8.530110   14.518190   16.920080
214    opls_700     8.560090   15.629190   16.032320
215    opls_700     8.551290   15.416050   14.623460
216    opls_145     8.573780   16.051230   18.812250
217    opls_145     8.626250   14.764250   18.301240
218    opls_700     8.321860   20.551250   15.376940
219    opls_145     9.088050   21.706900   15.640270
220    opls_145     8.968120   22.845590   14.836270
221    opls_145     8.064720   22.856670   13.759820
222    opls_145     7.271150   21.731010   13.521270
223    opls_145     7.376420   20.600790   14.333410
224    opls_700    22.751080    4.403230   24.620120
225    opls_166    23.181270    5.743990   24.638370
226    opls_145    21.368610    4.139910   24.566020
227    opls_142    19.897170    7.647570   24.450320
228    opls_166    22.242670    6.787520   24.622720
229    opls_142    29.308190    7.931100   23.717050
230    opls_145    20.435230    5.190280   24.505400
231    opls_700    20.862490    6.526470   24.549400
232    opls_145    22.516760    7.790970   19.606470
233    opls_145    22.199660    8.879470   18.775100
234    opls_145    20.870310    9.097170   18.377830
235    opls_700    19.844050    8.223430   18.797260
236    opls_145    20.185270    7.138840   19.628630
237    opls_145    21.502230    6.928310   20.022640
238    opls_700    18.479180    8.453850   18.498410
239    opls_145    17.578070    8.441790   19.574860
240    opls_700    16.188760    8.457760   19.396590
241    opls_700    15.669920    8.530110   18.071810
242    opls_700    16.557680    8.560090   16.960810
243    opls_700    17.966540    8.551290   17.173950
244    opls_145    13.777750    8.573780   16.538770
245    opls_145    14.288760    8.626250   17.825750
246    opls_700    17.213060    8.321860   12.038750
247    opls_145    16.949730    9.088050   10.883100
248    opls_145    17.753730    8.968120    9.744410
249    opls_145    18.830180    8.064720    9.733330
250    opls_145    19.068730    7.271150   10.858990
251    opls_145    18.256590    7.376420   11.989210
252    opls_700     9.838920    4.403230    7.969880
253    opls_166     9.408730    5.743990    7.951630
254    opls_145    11.221390    4.139910    8.023980
255    opls_142    12.692830    7.647570    8.139680
256    opls_166    10.347320    6.787520    7.967280
257    opls_142     3.281810    7.931100    8.872950
258    opls_145    12.154770    5.190280    8.084600
259    opls_700    11.727510    6.526470    8.040600
260    opls_145    10.073240    7.790970   12.983530
261    opls_145    10.390340    8.879470   13.814900
262    opls_145    11.719690    9.097170   14.212170
263    opls_700    12.745950    8.223430   13.792740
264    opls_145    12.404730    7.138840   12.961370
265    opls_145    11.087770    6.928310   12.567360
266    opls_700    14.110820    8.453850   14.091590
267    opls_145    15.011930    8.441790   13.015140
268    opls_700    16.401240    8.457760   13.193410
269    opls_700    16.920080    8.530110   14.518190
270    opls_700    16.032320    8.560090   15.629190
271    opls_700    14.623460    8.551290   15.416050
272    opls_145    18.812250    8.573780   16.051230
273    opls_145    18.301240    8.626250   14.764250
274    opls_700    15.376940    8.321860   20.551250
275    opls_145    15.640270    9.088050   21.706900
276    opls_145    14.836270    8.968120   22.845590
277    opls_145    13.759820    8.064720   22.856670
278    opls_145    13.521270    7.271150   21.731010
279    opls_145    14.333410    7.376420   20.600790
280    opls_700    22.751080   28.186770    7.969880
281    opls_166    23.181270   26.846010    7.951630
282    opls_145    21.368610   28.450090    8.023980
283    opls_142    19.897170   24.942430    8.139680
284    opls_166    22.242670   25.802480    7.967280
285    opls_142    29.308190   24.658900    8.872950
286    opls_145    20.435230   27.399720    8.084600
287    opls_700    20.862490   26.063530    8.040600
288    opls_145    22.516760   24.799030   12.983530
289    opls_145    22.199660   23.710530   13.814900
290    opls_145    20.870310   23.492830   14.212170
291    opls_700    19.844050   24.366570   13.792740
292    opls_145    20.185270   25.451160   12.961370
293    opls_145    21.502230   25.661690   12.567360
294    opls_700    18.479180   24.136150   14.091590
295    opls_145    17.578070   24.148210   13.015140
296    opls_700    16.188760   24.132240   13.193410
297    opls_700    15.669920   24.059890   14.518190
298    opls_700    16.557680   24.029910   15.629190
299    opls_700    17.966540   24.038710   15.416050
300    opls_145    13.777750   24.016220   16.051230
301    opls_145    14.288760   23.963750   14.764250
302    opls_700    17.213060   24.268140   20.551250
303    opls_145    16.949730   23.501950   21.706900
304    opls_145    17.753730   23.621880   22.845590
305    opls_145    18.830180   24.525280   22.856670
306    opls_145    19.068730   25.318850   21.731010
307    opls_145    18.256590   25.213580   20.600790
308    opls_700     9.838920   28.186770   24.620120
309    opls_166     9.408730   26.846010   24.638370
310    opls_145    11.221390   28.450090   24.566020
311    opls_142    12.692830   24.942430   24.450320
312    opls_166    10.347320   25.802480   24.622720
313    opls_142     3.281810   24.658900   23.717050
314    opls_145    12.154770   27.399720   24.505400
315    opls_700    11.727510   26.063530   24.549400
316    opls_145    10.073240   24.799030   19.606470
317    opls_145    10.390340   23.710530   18.775100
318    opls_145    11.719690   23.492830   18.377830
319    opls_700    12.745950   24.366570   18.797260
320    opls_145    12.404730   25.451160   19.628630
321    opls_145    11.087770   25.661690   20.022640
322    opls_700    14.110820   24.136150   18.498410
323    opls_145    15.011930   24.148210   19.574860
324    opls_700    16.401240   24.132240   19.396590
325    opls_700    16.920080   24.059890   18.071810
326    opls_700    16.032320   24.029910   16.960810
327    opls_700    14.623460   24.038710   17.173950
328    opls_145    18.812250   24.016220   16.538770
329    opls_145    18.301240   23.963750   17.825750
330    opls_700    15.376940   24.268140   12.038750
331    opls_145    15.640270   23.501950   10.883100
332    opls_145    14.836270   23.621880    9.744410
333    opls_145    13.759820   24.525280    9.733330
334    opls_145    13.521270   25.318850   10.858990
335    opls_145    14.333410   25.213580   11.989210
336    opls_700    24.264880    6.456080   11.891770
337    opls_166    24.246630    6.886270   10.551010
338    opls_145    24.318980    5.073610   12.155090
339    opls_142    24.434680    3.602170    8.647430
340    opls_166    24.262280    5.947680    9.507480
341    opls_142    25.167950   13.013190    8.363900
342    opls_145    24.379600    4.140230   11.104720
343    opls_700    24.335600    4.567490    9.768530
344    opls_145    29.278530    6.221760    8.504030
345    opls_145    30.109900    5.904660    7.415530
346    opls_145    30.507170    4.575310    7.197830
347    opls_700    30.087740    3.549050    8.071570
348    opls_145    29.256370    3.890270    9.156160
349    opls_145    28.862360    5.207230    9.366690
350    opls_700    30.386590    2.184180    7.841150
351    opls_145    29.310140    1.283070    7.853210
352    opls_700    29.488410   32.483760    7.837240
353    opls_700    30.813190   31.964920    7.764890
354    opls_700    31.924190    0.262680    7.734910
355    opls_700    31.711050    1.671540    7.743710
356    opls_145    32.346230   30.072750    7.721220
357    opls_145    31.059250   30.583760    7.668750
358    opls_700     4.256250    0.918060    7.973140
359    opls_145     5.411900    0.654730    7.206950
360    opls_145     6.550590    1.458730    7.326880
361    opls_145     6.561670    2.535180    8.230280
362    opls_145     5.436010    2.773730    9.023850
363    opls_145     4.305790    1.961590    8.918580
364    opls_700     8.325120   26.133920   11.891770
365    opls_166     8.343370   25.703730   10.551010
366    opls_145     8.271020   27.516390   12.155090
367    opls_142     8.155320   28.987830    8.647430
368    opls_166     8.327720   26.642320    9.507480
369    opls_142     7.422050   19.576810    8.363900
370    opls_145     8.210400   28.449770   11.104720
371    opls_700     8.254400   28.022510    9.768530
372    opls_145     3.311470   26.368240    8.504030
373    opls_145     2.480100   26.685340    7.415530
374    opls_145     2.082830   28.014690    7.197830
375    opls_700     2.502260   29.040950    8.071570
376    opls_145     3.333630   28.699730    9.156160
377    opls_145     3.727640   27.382770    9.366690
378    opls_700     2.203410   30.405820    7.841150
379    opls_145     3.279860   31.306930    7.853210
380    opls_700     3.101590    0.106240    7.837240
381    opls_700     1.776810    0.625080    7.764890
382    opls_700     0.665810   32.327320    7.734910
383    opls_700     0.878950   30.918460    7.743710
384    opls_145     0.243770    2.517250    7.721220
385    opls_145     1.530750    2.006240    7.668750
386    opls_700    28.333750   31.671940    7.973140
387    opls_145    27.178100   31.935270    7.206950
388    opls_145    26.039410   31.131270    7.326880
389    opls_145    26.028330   30.054820    8.230280
390    opls_145    27.153990   29.816270    9.023850
391    opls_145    28.284210   30.628410    8.918580
392    opls_700     8.325120    6.456080   20.698230
393    opls_166     8.343370    6.886270   22.038990
394    opls_145     8.271020    5.073610   20.434910
395    opls_142     8.155320    3.602170   23.942570
396    opls_166     8.327720    5.947680   23.082520
397    opls_142     7.422050   13.013190   24.226100
398    opls_145     8.210400    4.140230   21.485280
399    opls_700     8.254400    4.567490   22.821470
400    opls_145     3.311470    6.221760   24.085970
401    opls_145     2.480100    5.904660   25.174470
402    opls_145     2.082830    4.575310   25.392170
403    opls_700     2.502260    3.549050   24.518430
404    opls_145     3.333630    3.890270   23.433840
405    opls_145     3.727640    5.207230   23.223310
406    opls_700     2.203410    2.184180   24.748850
407    opls_145     3.279860    1.283070   24.736790
408    opls_700     3.101590   32.483760   24.752760
409    opls_700     1.776810   31.964920   24.825110
410    opls_700     0.665810    0.262680   24.855090
411    opls_700     0.878950    1.671540   24.846290
412    opls_145     0.243770   30.072750   24.868780
413    opls_145     1.530750   30.583760   24.921250
414    opls_700    28.333750    0.918060   24.616860
415    opls_145    27.178100    0.654730   25.383050
416    opls_145    26.039410    1.458730   25.263120
417    opls_145    26.028330    2.535180   24.359720
418    opls_145    27.153990    2.773730   23.566150
419    opls_145    28.284210    1.961590   23.671420
420    opls_700    24.264880   26.133920   20.698230
421    opls_166    24.246630   25.703730   22.038990
422    opls_145    24.318980   27.516390   20.434910
423    opls_142    24.434680   28.987830   23.942570
424    opls_166    24.262280   26.642320   23.082520
425    opls_142    25.167950   19.576810   24.226100
426    opls_145    24.379600   28.449770   21.485280
427    opls_700    24.335600   28.022510   22.821470
428    opls_145    29.278530   26.368240   24.085970
429    opls_145    30.109900   26.685340   25.174470
430    opls_145    30.507170   28.014690   25.392170
431    opls_700    30.087740   29.040950   24.518430
432    opls_145    29.256370   28.699730   23.433840
433    opls_145    28.862360   27.382770   23.223310
434    opls_700    30.386590   30.405820   24.748850
435    opls_145    29.310140   31.306930   24.736790
436    opls_700    29.488410    0.106240   24.752760
437    opls_700    30.813190    0.625080   24.825110
438    opls_700    31.924190   32.327320   24.855090
439    opls_700    31.711050   30.918460   24.846290
440    opls_145    32.346230    2.517250   24.868780
441    opls_145    31.059250    2.006240   24.921250
442    opls_700     4.256250   31.671940   24.616860
443    opls_145     5.411900   31.935270   25.383050
444    opls_145     6.550590   31.131270   25.263120
445    opls_145     6.561670   30.054820   24.359720
446    opls_145     5.436010   29.816270   23.566150
447    opls_145     4.305790   30.628410   23.671420
448    opls_700    11.891770   24.264880    6.456080
449    opls_166    10.551010   24.246630    6.886270
450    opls_145    12.155090   24.318980    5.073610
451    opls_142     8.647430   24.434680    3.602170
452    opls_166     9.507480   24.262280    5.947680
453    opls_142     8.363900   25.167950   13.013190
454    opls_145    11.104720   24.379600    4.140230
455    opls_700     9.768530   24.335600    4.567490
456    opls_145     8.504030   29.278530    6.221760
457    opls_145     7.415530   30.109900    5.904660
458    opls_145     7.197830   30.507170    4.575310
459    opls_700     8.071570   30.087740    3.549050
460    opls_145     9.156160   29.256370    3.890270
461    opls_145     9.366690   28.862360    5.207230
462    opls_700     7.841150   30.386590    2.184180
463    opls_145     7.853210   29.310140    1.283070
464    opls_700     7.837240   29.488410   32.483760
465    opls_700     7.764890   30.813190   31.964920
466    opls_700     7.734910   31.924190    0.262680
467    opls_700     7.743710   31.711050    1.671540
468    opls_145     7.721220   32.346230   30.072750
469    opls_145     7.668750   31.059250   30.583760
470    opls_700     7.973140    4.256250    0.918060
471    opls_145     7.206950    5.411900    0.654730
472    opls_145     7.326880    6.550590    1.458730
473    opls_145     8.230280    6.561670    2.535180
474    opls_145     9.023850    5.436010    2.773730
475    opls_145     8.918580    4.305790    1.961590
476    opls_700    11.891770    8.325120   26.133920
477    opls_166    10.551010    8.343370   25.703730
478    opls_145    12.155090    8.271020   27.516390
479    opls_142     8.647430    8.155320   28.987830
480    opls_166     9.507480    8.327720   26.642320
481    opls_142     8.363900    7.422050   19.576810
482    opls_145    11.104720    8.210400   28.449770
483    opls_700     9.768530    8.254400   28.022510
484    opls_145     8.504030    3.311470   26.368240
485    opls_145     7.415530    2.480100   26.685340
486    opls_145     7.197830    2.082830   28.014690
487    opls_700     8.071570    2.502260   29.040950
488    opls_145     9.156160    3.333630   28.699730
489    opls_145     9.366690    3.727640   27.382770
490    opls_700     7.841150    2.203410   30.405820
491    opls_145     7.853210    3.279860   31.306930
492    opls_700     7.837240    3.101590    0.106240
493    opls_700     7.764890    1.776810    0.625080
494    opls_700     7.734910    0.665810   32.327320
495    opls_700     7.743710    0.878950   30.918460
496    opls_145     7.721220    0.243770    2.517250
497    opls_145     7.668750    1.530750    2.006240
498    opls_700     7.973140   28.333750   31.671940
499    opls_145     7.206950   27.178100   31.935270
500    opls_145     7.326880   26.039410   31.131270
501    opls_145     8.230280   26.028330   30.054820
502    opls_145     9.023850   27.153990   29.816270
503    opls_145     8.918580   28.284210   30.628410
504    opls_700    20.698230    8.325120    6.456080
505    opls_166    22.038990    8.343370    6.886270
506    opls_145    20.434910    8.271020    5.073610
507    opls_142    23.942570    8.155320    3.602170
508    opls_166    23.082520    8.327720    5.947680
509    opls_142    24.226100    7.422050   13.013190
510    opls_145    21.485280    8.210400    4.140230
511    opls_700    22.821470    8.254400    4.567490
512    opls_145    24.085970    3.311470    6.221760
513    opls_145    25.174470    2.480100    5.904660
514    opls_145    25.392170    2.082830    4.575310
515    opls_700    24.518430    2.502260    3.549050
516    opls_145    23.433840    3.333630    3.890270
517    opls_145    23.223310    3.727640    5.207230
518    opls_700    24.748850    2.203410    2.184180
519    opls_145    24.736790    3.279860    1.283070
520    opls_700    24.752760    3.101590   32.483760
521    opls_700    24.825110    1.776810   31.964920
522    opls_700    24.855090    0.665810    0.262680
523    opls_700    24.846290    0.878950    1.671540
524    opls_145    24.868780    0.243770   30.072750
525    opls_145    24.921250    1.530750   30.583760
526    opls_700    24.616860   28.333750    0.918060
527    opls_145    25.383050   27.178100    0.654730
528    opls_145    25.263120   26.039410    1.458730
529    opls_145    24.359720   26.028330    2.535180
530    opls_145    23.566150   27.153990    2.773730
531    opls_145    23.671420   28.284210    1.961590
532    opls_700    20.698230   24.264880   26.133920
533    opls_166    22.038990   24.246630   25.703730
534    opls_145    20.434910   24.318980   27.516390
535    opls_142    23.942570   24.434680   28.987830
536    opls_166    23.082520   24.262280   26.642320
537    opls_142    24.226100   25.167950   19.576810
538    opls_145    21.485280   24.379600   28.449770
539    opls_700    22.821470   24.335600   28.022510
540    opls_145    24.085970   29.278530   26.368240
541    opls_145    25.174470   30.109900   26.685340
542    opls_145    25.392170   30.507170   28.014690
543    opls_700    24.518430   30.087740   29.040950
544    opls_145    23.433840   29.256370   28.699730
545    opls_145    23.223310   28.862360   27.382770
546    opls_700    24.748850   30.386590   30.405820
547    opls_145    24.736790   29.310140   31.306930
548    opls_700    24.752760   29.488410    0.106240
549    opls_700    24.825110   30.813190    0.625080
550    opls_700    24.855090   31.924190   32.327320
551    opls_700    24.846290   31.711050   30.918460
552    opls_145    24.868780   32.346230    2.517250
553    opls_145    24.921250   31.059250    2.006240
554    opls_700    24.616860    4.256250   31.671940
555    opls_145    25.383050    5.411900   31.935270
556    opls_145    25.263120    6.550590   31.131270
557    opls_145    24.359720    6.561670   30.054820
558    opls_145    23.566150    5.436010   29.816270
559    opls_145    23.671420    4.305790   30.628410
560    opls_700     6.456080   20.698230    8.325120
561    opls_166     6.886270   22.038990    8.343370
562    opls_145     5.073610   20.434910    8.271020
563    opls_142     3.602170   23.942570    8.155320
564    opls_166     5.947680   23.082520    8.327720
565    opls_142    13.013190   24.226100    7.422050
566    opls_145     4.140230   21.485280    8.210400
567    opls_700     4.567490   22.821470    8.254400
568    opls_145     6.221760   24.085970    3.311470
569    opls_145     5.904660   25.174470    2.480100
570    opls_145     4.575310   25.392170    2.082830
571    opls_700     3.549050   24.518430    2.502260
572    opls_145     3.890270   23.433840    3.333630
573    opls_145     5.207230   23.223310    3.727640
574    opls_700     2.184180   24.748850    2.203410
575    opls_145     1.283070   24.736790    3.279860
576    opls_700    32.483760   24.752760    3.101590
577    opls_700    31.964920   24.825110    1.776810
578    opls_700     0.262680   24.855090    0.665810
579    opls_700     1.671540   24.846290    0.878950
580    opls_145    30.072750   24.868780    0.243770
581    opls_145    30.583760   24.921250    1.530750
582    opls_700     0.918060   24.616860   28.333750
583    opls_145     0.654730   25.383050   27.178100
584    opls_145     1.458730   25.263120   26.039410
585    opls_145     2.535180   24.359720   26.028330
586    opls_145     2.773730   23.566150   27.153990
587    opls_145     1.961590   23.671420   28.284210
588    opls_700    26.133920   20.698230   24.264880
589    opls_166    25.703730   22.038990   24.246630
590    opls_145    27.516390   20.434910   24.318980
591    opls_142    28.987830   23.942570   24.434680
592    opls_166    26.642320   23.082520   24.262280
593    opls_142    19.576810   24.226100   25.167950
594    opls_145    28.449770   21.485280   24.379600
595    opls_700    28.022510   22.821470   24.335600
596    opls_145    26.368240   24.085970   29.278530
597    opls_145    26.685340   25.174470   30.109900
598    opls_145    28.014690   25.392170   30.507170
599    opls_700    29.040950   24.518430   30.087740
600    opls_145    28.699730   23.433840   29.256370
601    opls_145    27.382770   23.223310   28.862360
602    opls_700    30.405820   24.748850   30.386590
603    opls_145    31.306930   24.736790   29.310140
604    opls_700     0.106240   24.752760   29.488410
605    opls_700     0.625080   24.825110   30.813190
606    opls_700    32.327320   24.855090   31.924190
607    opls_700    30.918460   24.846290   31.711050
608    opls_145     2.517250   24.868780   32.346230
609    opls_145     2.006240   24.921250   31.059250
610    opls_700    31.671940   24.616860    4.256250
611    opls_145    31.935270   25.383050    5.411900
612    opls_145    31.131270   25.263120    6.550590
613    opls_145    30.054820   24.359720    6.561670
614    opls_145    29.816270   23.566150    5.436010
615    opls_145    30.628410   23.671420    4.305790
616    opls_700     6.456080   11.891770   24.264880
617    opls_166     6.886270   10.551010   24.246630
618    opls_145     5.073610   12.155090   24.318980
619    opls_142     3.602170    8.647430   24.434680
620    opls_166     5.947680    9.507480   24.262280
621    opls_142    13.013190    8.363900   25.167950
622    opls_145     4.140230   11.104720   24.379600
623    opls_700     4.567490    9.768530   24.335600
624    opls_145     6.221760    8.504030   29.278530
625    opls_145     5.904660    7.415530   30.109900
626    opls_145     4.575310    7.197830   30.507170
627    opls_700     3.549050    8.071570   30.087740
628    opls_145     3.890270    9.156160   29.256370
629    opls_145     5.207230    9.366690   28.862360
630    opls_700     2.184180    7.841150   30.386590
631    opls_145     1.283070    7.853210   29.310140
632    opls_700    32.483760    7.837240   29.488410
633    opls_700    31.964920    7.764890   30.813190
634    opls_700     0.262680    7.734910   31.924190
635    opls_700     1.671540    7.743710   31.711050
636    opls_145    30.072750    7.721220   32.346230
637    opls_145    30.583760    7.668750   31.059250
638    opls_700     0.918060    7.973140    4.256250
639    opls_145     0.654730    7.206950    5.411900
640    opls_145     1.458730    7.326880    6.550590
641    opls_145     2.535180    8.230280    6.561670
642    opls_145     2.773730    9.023850    5.436010
643    opls_145     1.961590    8.918580    4.305790
644    opls_700    26.133920   11.891770    8.325120
645    opls_166    25.703730   10.551010    8.343370
646    opls_145    27.516390   12.155090    8.271020
647    opls_142    28.987830    8.647430    8.155320
648    opls_166    26.642320    9.507480    8.327720
649    opls_142    19.576810    8.363900    7.422050
650    opls_145    28.449770   11.104720    8.210400
651    opls_700    28.022510    9.768530    8.254400
652    opls_145    26.368240    8.504030    3.311470
653    opls_145    26.685340    7.415530    2.480100
654    opls_145    28.014690    7.197830    2.082830
655    opls_700    29.040950    8.071570    2.502260
656    opls_145    28.699730    9.156160    3.333630
657    opls_145    27.382770    9.366690    3.727640
658    opls_700    30.405820    7.841150    2.203410
659    opls_145    31.306930    7.853210    3.279860
660    opls_700     0.106240    7.837240    3.101590
661    opls_700     0.625080    7.764890    1.776810
662    opls_700    32.327320    7.734910    0.665810
663    opls_700    30.918460    7.743710    0.878950
664    opls_145     2.517250    7.721220    0.243770
665    opls_145     2.006240    7.668750    1.530750
666    opls_700    31.671940    7.973140   28.333750
667    opls_145    31.935270    7.206950   27.178100
668    opls_145    31.131270    7.326880   26.039410
669    opls_145    30.054820    8.230280   26.028330
670    opls_145    29.816270    9.023850   27.153990
671    opls_145    30.628410    8.918580   28.284210
672    opls_750    12.350310   23.791030   24.942100
673    opls_750     3.478660   24.303340   24.950580
674    opls_750    20.239690    8.798970   24.942100
675    opls_750    29.111340    8.286660   24.950580
676    opls_750    20.239690   23.791030    7.647900
677    opls_750    29.111340   24.303340    7.639420
678    opls_750    12.350310    8.798970    7.647900
679    opls_750     3.478660    8.286660    7.639420
680    opls_750    24.942100   12.350310   23.791030
681    opls_750    24.950580    3.478660   24.303340
682    opls_750    24.942100   20.239690    8.798970
683    opls_750    24.950580   29.111340    8.286660
684    opls_750     7.647900   20.239690   23.791030
685    opls_750     7.639420   29.111340   24.303340
686    opls_750     7.647900   12.350310    8.798970
687    opls_750     7.639420    3.478660    8.286660
688    opls_750    23.791030    7.647900   20.239690
689    opls_750    24.303340    7.639420   29.111340
690    opls_750     8.798970    7.647900   12.350310
691    opls_750     8.286660    7.639420    3.478660
692    opls_750    23.791030   24.942100   12.350310
693    opls_750    24.303340   24.950580    3.478660
694    opls_750     8.798970   24.942100   20.239690
695    opls_750     8.286660   24.950580   29.111340
696    opls_750    28.645310    7.496030    8.647100
697    opls_750    19.773660    8.008340    8.655580
698    opls_750     3.944690   25.093970    8.647100
699    opls_750    12.816340   24.581660    8.655580
700    opls_750     3.944690    7.496030   23.942900
701    opls_750    12.816340    8.008340   23.934420
702    opls_750    28.645310   25.093970   23.942900
703    opls_750    19.773660   24.581660   23.934420
704    opls_750     8.647100   28.645310    7.496030
705    opls_750     8.655580   19.773660    8.008340
706    opls_750     8.647100    3.944690   25.093970
707    opls_750     8.655580   12.816340   24.581660
708    opls_750    23.942900    3.944690    7.496030
709    opls_750    23.934420   12.816340    8.008340
710    opls_750    23.942900   28.645310   25.093970
711    opls_750    23.934420   19.773660   24.581660
712    opls_750     7.496030   23.942900    3.944690
713    opls_750     8.008340   23.934420   12.816340
714    opls_750    25.093970   23.942900   28.645310
715    opls_750    24.581660   23.934420   19.773660
716    opls_750     7.496030    8.647100   28.645310
717    opls_750     8.008340    8.655580   19.773660
718    opls_750    25.093970    8.647100    3.944690
719    opls_750    24.581660    8.655580   12.816340
720    opls_167     7.922950   24.417410   26.519790
721    opls_167     9.896610   24.613600   24.651080
722    opls_167    24.667050    8.172590   26.519790
723    opls_167    22.693390    7.976400   24.651080
724    opls_167    24.667050   24.417410    6.070210
725    opls_167    22.693390   24.613600    7.938920
726    opls_167     7.922950    8.172590    6.070210
727    opls_167     9.896610    7.976400    7.938920
728    opls_167    26.519790    7.922950   24.417410
729    opls_167    24.651080    9.896610   24.613600
730    opls_167    26.519790   24.667050    8.172590
731    opls_167    24.651080   22.693390    7.976400
732    opls_167     6.070210   24.667050   24.417410
733    opls_167     7.938920   22.693390   24.613600
734    opls_167     6.070210    7.922950    8.172590
735    opls_167     7.938920    9.896610    7.976400
736    opls_167    24.417410    6.070210   24.667050
737    opls_167    24.613600    7.938920   22.693390
738    opls_167     8.172590    6.070210    7.922950
739    opls_167     7.976400    7.938920    9.896610
740    opls_167    24.417410   26.519790    7.922950
741    opls_167    24.613600   24.651080    9.896610
742    opls_167     8.172590   26.519790   24.667050
743    opls_167     7.976400   24.651080   22.693390
744    opls_167    24.217950    8.122410   10.224790
745    opls_167    26.191610    8.318600    8.356080
746    opls_167     8.372050   24.467590   10.224790
747    opls_167     6.398390   24.271400    8.356080
748    opls_167     8.372050    8.122410   22.365210
749    opls_167     6.398390    8.318600   24.233920
750    opls_167    24.217950   24.467590   22.365210
751    opls_167    26.191610   24.271400   24.233920
752    opls_167    10.224790   24.217950    8.122410
753    opls_167     8.356080   26.191610    8.318600
754    opls_167    10.224790    8.372050   24.467590
755    opls_167     8.356080    6.398390   24.271400
756    opls_167    22.365210    8.372050    8.122410
757    opls_167    24.233920    6.398390    8.318600
758    opls_167    22.365210   24.217950   24.467590
759    opls_167    24.233920   26.191610   24.271400
760    opls_167     8.122410   22.365210    8.372050
761    opls_167     8.318600   24.233920    6.398390
762    opls_167    24.467590   22.365210   24.217950
763    opls_167    24.271400   24.233920   26.191610
764    opls_167     8.122410   10.224790   24.217950
765    opls_167     8.318600    8.356080   26.191610
766    opls_167    24.467590   10.224790    8.372050
767    opls_167    24.271400    8.356080    6.398390
768    opls_146     8.044190   21.010770   29.472440
769    opls_144     8.659810   18.956300   25.073120
770    opls_144     9.213190   30.291750   24.958070
771    opls_146     8.153040   19.378990   27.630450
772    opls_146    14.093870   22.958350   22.992570
773    opls_146    14.791300   20.635990   22.607360
774    opls_146    12.611350   19.426250   26.141420
775    opls_146    11.895350   21.729380   26.480680
776    opls_146    12.007460   17.975010   24.231640
777    opls_146    16.136610   12.703910   24.049140
778    opls_146    13.963840   13.572110   23.853270
779    opls_146    21.706240   16.160730   22.760860
780    opls_146    23.688040   17.562430   22.970740
781    opls_146    21.728730   19.893910   26.020830
782    opls_146    19.765510   18.443660   25.877760
783    opls_146    24.545810   11.579230   29.472440
784    opls_144    23.930190   13.633700   25.073120
785    opls_144    23.376810    2.298250   24.958070
786    opls_146    24.436960   13.211010   27.630450
787    opls_146    18.496130    9.631650   22.992570
788    opls_146    17.798700   11.954010   22.607360
789    opls_146    19.978650   13.163750   26.141420
790    opls_146    20.694650   10.860620   26.480680
791    opls_146    20.582540   14.614990   24.231640
792    opls_146    16.453390   19.886090   24.049140
793    opls_146    18.626160   19.017890   23.853270
794    opls_146    10.883760   16.429270   22.760860
795    opls_146     8.901960   15.027570   22.970740
796    opls_146    10.861270   12.696090   26.020830
797    opls_146    12.824490   14.146340   25.877760
798    opls_146    24.545810   21.010770    3.117560
799    opls_144    23.930190   18.956300    7.516880
800    opls_144    23.376810   30.291750    7.631930
801    opls_146    24.436960   19.378990    4.959550
802    opls_146    18.496130   22.958350    9.597430
803    opls_146    17.798700   20.635990    9.982640
804    opls_146    19.978650   19.426250    6.448580
805    opls_146    20.694650   21.729380    6.109320
806    opls_146    20.582540   17.975010    8.358360
807    opls_146    16.453390   12.703910    8.540860
808    opls_146    18.626160   13.572110    8.736730
809    opls_146    10.883760   16.160730    9.829140
810    opls_146     8.901960   17.562430    9.619260
811    opls_146    10.861270   19.893910    6.569170
812    opls_146    12.824490   18.443660    6.712240
813    opls_146     8.044190   11.579230    3.117560
814    opls_144     8.659810   13.633700    7.516880
815    opls_144     9.213190    2.298250    7.631930
816    opls_146     8.153040   13.211010    4.959550
817    opls_146    14.093870    9.631650    9.597430
818    opls_146    14.791300   11.954010    9.982640
819    opls_146    12.611350   13.163750    6.448580
820    opls_146    11.895350   10.860620    6.109320
821    opls_146    12.007460   14.614990    8.358360
822    opls_146    16.136610   19.886090    8.540860
823    opls_146    13.963840   19.017890    8.736730
824    opls_146    21.706240   16.429270    9.829140
825    opls_146    23.688040   15.027570    9.619260
826    opls_146    21.728730   12.696090    6.569170
827    opls_146    19.765510   14.146340    6.712240
828    opls_146    29.472440    8.044190   21.010770
829    opls_144    25.073120    8.659810   18.956300
830    opls_144    24.958070    9.213190   30.291750
831    opls_146    27.630450    8.153040   19.378990
832    opls_146    22.992570   14.093870   22.958350
833    opls_146    22.607360   14.791300   20.635990
834    opls_146    26.141420   12.611350   19.426250
835    opls_146    26.480680   11.895350   21.729380
836    opls_146    24.231640   12.007460   17.975010
837    opls_146    24.049140   16.136610   12.703910
838    opls_146    23.853270   13.963840   13.572110
839    opls_146    22.760860   21.706240   16.160730
840    opls_146    22.970740   23.688040   17.562430
841    opls_146    26.020830   21.728730   19.893910
842    opls_146    25.877760   19.765510   18.443660
843    opls_146    29.472440   24.545810   11.579230
844    opls_144    25.073120   23.930190   13.633700
845    opls_144    24.958070   23.376810    2.298250
846    opls_146    27.630450   24.436960   13.211010
847    opls_146    22.992570   18.496130    9.631650
848    opls_146    22.607360   17.798700   11.954010
849    opls_146    26.141420   19.978650   13.163750
850    opls_146    26.480680   20.694650   10.860620
851    opls_146    24.231640   20.582540   14.614990
852    opls_146    24.049140   16.453390   19.886090
853    opls_146    23.853270   18.626160   19.017890
854    opls_146    22.760860   10.883760   16.429270
855    opls_146    22.970740    8.901960   15.027570
856    opls_146    26.020830   10.861270   12.696090
857    opls_146    25.877760   12.824490   14.146340
858    opls_146     3.117560   24.545810   21.010770
859    opls_144     7.516880   23.930190   18.956300
860    opls_144     7.631930   23.376810   30.291750
861    opls_146     4.959550   24.436960   19.378990
862    opls_146     9.597430   18.496130   22.958350
863    opls_146     9.982640   17.798700   20.635990
864    opls_146     6.448580   19.978650   19.426250
865    opls_146     6.109320   20.694650   21.729380
866    opls_146     8.358360   20.582540   17.975010
867    opls_146     8.540860   16.453390   12.703910
868    opls_146     8.736730   18.626160   13.572110
869    opls_146     9.829140   10.883760   16.160730
870    opls_146     9.619260    8.901960   17.562430
871    opls_146     6.569170   10.861270   19.893910
872    opls_146     6.712240   12.824490   18.443660
873    opls_146     3.117560    8.044190   11.579230
874    opls_144     7.516880    8.659810   13.633700
875    opls_144     7.631930    9.213190    2.298250
876    opls_146     4.959550    8.153040   13.211010
877    opls_146     9.597430   14.093870    9.631650
878    opls_146     9.982640   14.791300   11.954010
879    opls_146     6.448580   12.611350   13.163750
880    opls_146     6.109320   11.895350   10.860620
881    opls_146     8.358360   12.007460   14.614990
882    opls_146     8.540860   16.136610   19.886090
883    opls_146     8.736730   13.963840   19.017890
884    opls_146     9.829140   21.706240   16.429270
885    opls_146     9.619260   23.688040   15.027570
886    opls_146     6.569170   21.728730   12.696090
887    opls_146     6.712240   19.765510   14.146340
888    opls_146    21.010770    3.117560   24.545810
889    opls_144    18.956300    7.516880   23.930190
890    opls_144    30.291750    7.631930   23.376810
891    opls_146    19.378990    4.959550   24.436960
892    opls_146    22.958350    9.597430   18.496130
893    opls_146    20.635990    9.982640   17.798700
894    opls_146    19.426250    6.448580   19.978650
895    opls_146    21.729380    6.109320   20.694650
896    opls_146    17.975010    8.358360   20.582540
897    opls_146    12.703910    8.540860   16.453390
898    opls_146    13.572110    8.736730   18.626160
899    opls_146    16.160730    9.829140   10.883760
900    opls_146    17.562430    9.619260    8.901960
901    opls_146    19.893910    6.569170   10.861270
902    opls_146    18.443660    6.712240   12.824490
903    opls_146    11.579230    3.117560    8.044190
904    opls_144    13.633700    7.516880    8.659810
905    opls_144     2.298250    7.631930    9.213190
906    opls_146    13.211010    4.959550    8.153040
907    opls_146     9.631650    9.597430   14.093870
908    opls_146    11.954010    9.982640   14.791300
909    opls_146    13.163750    6.448580   12.611350
910    opls_146    10.860620    6.109320   11.895350
911    opls_146    14.614990    8.358360   12.007460
912    opls_146    19.886090    8.540860   16.136610
913    opls_146    19.017890    8.736730   13.963840
914    opls_146    16.429270    9.829140   21.706240
915    opls_146    15.027570    9.619260   23.688040
916    opls_146    12.696090    6.569170   21.728730
917    opls_146    14.146340    6.712240   19.765510
918    opls_146    21.010770   29.472440    8.044190
919    opls_144    18.956300   25.073120    8.659810
920    opls_144    30.291750   24.958070    9.213190
921    opls_146    19.378990   27.630450    8.153040
922    opls_146    22.958350   22.992570   14.093870
923    opls_146    20.635990   22.607360   14.791300
924    opls_146    19.426250   26.141420   12.611350
925    opls_146    21.729380   26.480680   11.895350
926    opls_146    17.975010   24.231640   12.007460
927    opls_146    12.703910   24.049140   16.136610
928    opls_146    13.572110   23.853270   13.963840
929    opls_146    16.160730   22.760860   21.706240
930    opls_146    17.562430   22.970740   23.688040
931    opls_146    19.893910   26.020830   21.728730
932    opls_146    18.443660   25.877760   19.765510
933    opls_146    11.579230   29.472440   24.545810
934    opls_144    13.633700   25.073120   23.930190
935    opls_144     2.298250   24.958070   23.376810
936    opls_146    13.211010   27.630450   24.436960
937    opls_146     9.631650   22.992570   18.496130
938    opls_146    11.954010   22.607360   17.798700
939    opls_146    13.163750   26.141420   19.978650
940    opls_146    10.860620   26.480680   20.694650
941    opls_146    14.614990   24.231640   20.582540
942    opls_146    19.886090   24.049140   16.453390
943    opls_146    19.017890   23.853270   18.626160
944    opls_146    16.429270   22.760860   10.883760
945    opls_146    15.027570   22.970740    8.901960
946    opls_146    12.696090   26.020830   10.861270
947    opls_146    14.146340   25.877760   12.824490
948    opls_146    24.339190    4.715770   13.177440
949    opls_144    24.954810    2.661300    8.778120
950    opls_144    25.508190   13.996750    8.663070
951    opls_146    24.448040    3.083990   11.335450
952    opls_146    30.388870    6.663350    6.697570
953    opls_146    31.086300    4.340990    6.312360
954    opls_146    28.906350    3.131250    9.846420
955    opls_146    28.190350    5.434380   10.185680
956    opls_146    28.302460    1.680010    7.936640
957    opls_146    32.431610   28.998910    7.754140
958    opls_146    30.258840   29.867110    7.558270
959    opls_146     5.411240   -0.134270    6.465860
960    opls_146     7.393040    1.267430    6.675740
961    opls_146     5.433730    3.598910    9.725830
962    opls_146     3.470510    2.148660    9.582760
963    opls_146     8.250810   27.874230   13.177440
964    opls_144     7.635190   29.928700    8.778120
965    opls_144     7.081810   18.593250    8.663070
966    opls_146     8.141960   29.506010   11.335450
967    opls_146     2.201130   25.926650    6.697570
968    opls_146     1.503700   28.249010    6.312360
969    opls_146     3.683650   29.458750    9.846420
970    opls_146     4.399650   27.155620   10.185680
971    opls_146     4.287540   30.909990    7.936640
972    opls_146     0.158390    3.591090    7.754140
973    opls_146     2.331160    2.722890    7.558270
974    opls_146    27.178760   32.724270    6.465860
975    opls_146    25.196960   31.322570    6.675740
976    opls_146    27.156270   28.991090    9.725830
977    opls_146    29.119490   30.441340    9.582760
978    opls_146     8.250810    4.715770   19.412560
979    opls_144     7.635190    2.661300   23.811880
980    opls_144     7.081810   13.996750   23.926930
981    opls_146     8.141960    3.083990   21.254550
982    opls_146     2.201130    6.663350   25.892430
983    opls_146     1.503700    4.340990   26.277640
984    opls_146     3.683650    3.131250   22.743580
985    opls_146     4.399650    5.434380   22.404320
986    opls_146     4.287540    1.680010   24.653360
987    opls_146     0.158390   28.998910   24.835860
988    opls_146     2.331160   29.867110   25.031730
989    opls_146    27.178760   -0.134270   26.124140
990    opls_146    25.196960    1.267430   25.914260
991    opls_146    27.156270    3.598910   22.864170
992    opls_146    29.119490    2.148660   23.007240
993    opls_146    24.339190   27.874230   19.412560
994    opls_144    24.954810   29.928700   23.811880
995    opls_144    25.508190   18.593250   23.926930
996    opls_146    24.448040   29.506010   21.254550
997    opls_146    30.388870   25.926650   25.892430
998    opls_146    31.086300   28.249010   26.277640
999    opls_146    28.906350   29.458750   22.743580
1000   opls_146    28.190350   27.155620   22.404320
1001   opls_146    28.302460   30.909990   24.653360
1002   opls_146    32.431610    3.591090   24.835860
1003   opls_146    30.258840    2.722890   25.031730
1004   opls_146     5.411240   32.724270   26.124140
1005   opls_146     7.393040   31.322570   25.914260
1006   opls_146     5.433730   28.991090   22.864170
1007   opls_146     3.470510   30.441340   23.007240
1008   opls_146    13.177440   24.339190    4.715770
1009   opls_144     8.778120   24.954810    2.661300
1010   opls_144     8.663070   25.508190   13.996750
1011   opls_146    11.335450   24.448040    3.083990
1012   opls_146     6.697570   30.388870    6.663350
1013   opls_146     6.312360   31.086300    4.340990
1014   opls_146     9.846420   28.906350    3.131250
1015   opls_146    10.185680   28.190350    5.434380
1016   opls_146     7.936640   28.302460    1.680010
1017   opls_146     7.754140   32.431610   28.998910
1018   opls_146     7.558270   30.258840   29.867110
1019   opls_146     6.465860    5.411240   -0.134270
1020   opls_146     6.675740    7.393040    1.267430
1021   opls_146     9.725830    5.433730    3.598910
1022   opls_146     9.582760    3.470510    2.148660
1023   opls_146    13.177440    8.250810   27.874230
1024   opls_144     8.778120    7.635190   29.928700
1025   opls_144     8.663070    7.081810   18.593250
1026   opls_146    11.335450    8.141960   29.506010
1027   opls_146     6.697570    2.201130   25.926650
1028   opls_146     6.312360    1.503700   28.249010
1029   opls_146     9.846420    3.683650   29.458750
1030   opls_146    10.185680    4.399650   27.155620
1031   opls_146     7.936640    4.287540   30.909990
1032   opls_146     7.754140    0.158390    3.591090
1033   opls_146     7.558270    2.331160    2.722890
1034   opls_146     6.465860   27.178760   32.724270
1035   opls_146     6.675740   25.196960   31.322570
1036   opls_146     9.725830   27.156270   28.991090
1037   opls_146     9.582760   29.119490   30.441340
1038   opls_146    19.412560    8.250810    4.715770
1039   opls_144    23.811880    7.635190    2.661300
1040   opls_144    23.926930    7.081810   13.996750
1041   opls_146    21.254550    8.141960    3.083990
1042   opls_146    25.892430    2.201130    6.663350
1043   opls_146    26.277640    1.503700    4.340990
1044   opls_146    22.743580    3.683650    3.131250
1045   opls_146    22.404320    4.399650    5.434380
1046   opls_146    24.653360    4.287540    1.680010
1047   opls_146    24.835860    0.158390   28.998910
1048   opls_146    25.031730    2.331160   29.867110
1049   opls_146    26.124140   27.178760   -0.134270
1050   opls_146    25.914260   25.196960    1.267430
1051   opls_146    22.864170   27.156270    3.598910
1052   opls_146    23.007240   29.119490    2.148660
1053   opls_146    19.412560   24.339190   27.874230
1054   opls_144    23.811880   24.954810   29.928700
1055   opls_144    23.926930   25.508190   18.593250
1056   opls_146    21.254550   24.448040   29.506010
1057   opls_146    25.892430   30.388870   25.926650
1058   opls_146    26.277640   31.086300   28.249010
1059   opls_146    22.743580   28.906350   29.458750
1060   opls_146    22.404320   28.190350   27.155620
1061   opls_146    24.653360   28.302460   30.909990
1062   opls_146    24.835860   32.431610    3.591090
1063   opls_146    25.031730   30.258840    2.722890
1064   opls_146    26.124140    5.411240   32.724270
1065   opls_146    25.914260    7.393040   31.322570
1066   opls_146    22.864170    5.433730   28.991090
1067   opls_146    23.007240    3.470510   30.441340
1068   opls_146     4.715770   19.412560    8.250810
1069   opls_144     2.661300   23.811880    7.635190
1070   opls_144    13.996750   23.926930    7.081810
1071   opls_146     3.083990   21.254550    8.141960
1072   opls_146     6.663350   25.892430    2.201130
1073   opls_146     4.340990   26.277640    1.503700
1074   opls_146     3.131250   22.743580    3.683650
1075   opls_146     5.434380   22.404320    4.399650
1076   opls_146     1.680010   24.653360    4.287540
1077   opls_146    28.998910   24.835860    0.158390
1078   opls_146    29.867110   25.031730    2.331160
1079   opls_146    -0.134270   26.124140   27.178760
1080   opls_146     1.267430   25.914260   25.196960
1081   opls_146     3.598910   22.864170   27.156270
1082   opls_146     2.148660   23.007240   29.119490
1083   opls_146    27.874230   19.412560   24.339190
1084   opls_144    29.928700   23.811880   24.954810
1085   opls_144    18.593250   23.926930   25.508190
1086   opls_146    29.506010   21.254550   24.448040
1087   opls_146    25.926650   25.892430   30.388870
1088   opls_146    28.249010   26.277640   31.086300
1089   opls_146    29.458750   22.743580   28.906350
1090   opls_146    27.155620   22.404320   28.190350
1091   opls_146    30.909990   24.653360   28.302460
1092   opls_146     3.591090   24.835860   32.431610
1093   opls_146     2.722890   25.031730   30.258840
1094   opls_146    32.724270   26.124140    5.411240
1095   opls_146    31.322570   25.914260    7.393040
1096   opls_146    28.991090   22.864170    5.433730
1097   opls_146    30.441340   23.007240    3.470510
1098   opls_146     4.715770   13.177440   24.339190
1099   opls_144     2.661300    8.778120   24.954810
1100   opls_144    13.996750    8.663070   25.508190
1101   opls_146     3.083990   11.335450   24.448040
1102   opls_146     6.663350    6.697570   30.388870
1103   opls_146     4.340990    6.312360   31.086300
1104   opls_146     3.131250    9.846420   28.906350
1105   opls_146     5.434380   10.185680   28.190350
1106   opls_146     1.680010    7.936640   28.302460
1107   opls_146    28.998910    7.754140   32.431610
1108   opls_146    29.867110    7.558270   30.258840
1109   opls_146    -0.134270    6.465860    5.411240
1110   opls_146     1.267430    6.675740    7.393040
1111   opls_146     3.598910    9.725830    5.433730
1112   opls_146     2.148660    9.582760    3.470510
1113   opls_146    27.874230   13.177440    8.250810
1114   opls_144    29.928700    8.778120    7.635190
1115   opls_144    18.593250    8.663070    7.081810
1116   opls_146    29.506010   11.335450    8.141960
1117   opls_146    25.926650    6.697570    2.201130
1118   opls_146    28.249010    6.312360    1.503700
1119   opls_146    29.458750    9.846420    3.683650
1120   opls_146    27.155620   10.185680    4.399650
1121   opls_146    30.909990    7.936640    4.287540
1122   opls_146     3.591090    7.754140    0.158390
1123   opls_146     2.722890    7.558270    2.331160
1124   opls_146    32.724270    6.465860   27.178760
1125   opls_146    31.322570    6.675740   25.196960
1126   opls_146    28.991090    9.725830   27.156270
1127   opls_146    30.441340    9.582760   29.119490
1128   F2_Ti6+4     7.988460   24.601540   24.601540
1129   F2_Ti6+4    24.601540    7.988460   24.601540
1130   F2_Ti6+4    24.601540   24.601540    7.988460
1131   F2_Ti6+4     7.988460    7.988460    7.988460
1132   F2_Ti6+4    24.283460    8.306540    8.306540
1133   F2_Ti6+4     8.306540   24.283460    8.306540
1134   F2_Ti6+4     8.306540    8.306540   24.283460
1135   F2_Ti6+4    24.283460   24.283460   24.283460
