0      opls_145    15.746180    7.450340    1.956170
1      opls_700    15.919840    8.830250    1.908270
2      opls_145    14.805000    9.654020    2.054760
3      opls_700    13.526670    9.112920    2.243180
4      opls_145    13.370100    7.733010    2.287290
5      opls_700    14.473450    6.893940    2.137550
6      opls_141    17.268280    9.412170    1.801050
7      opls_141    12.371920    9.984390    2.470710
8      opls_141    14.306870    5.446680    2.253090
9      opls_142    -4.820210   12.338320    2.683260
10     opls_142    -3.642190   11.559200    3.214380
11     opls_142    -2.827380    8.133540    2.914730
12     opls_142    -2.787170    9.620600    2.689770
13     opls_142    24.833240    5.459690    1.384800
14     opls_142    -3.510660    6.227580    2.068690
15     opls_142    22.041950   10.324450    2.445140
16     opls_142    21.710840    8.885610    2.729420
17     opls_142    21.784930    6.881180    1.863020
18     opls_142    22.653200    5.794650    1.282190
19     opls_142    -5.694230   15.356830    3.549660
20     opls_700    -6.867690   14.557560    3.156040
21     opls_145    20.279770   14.613430    2.430530
22     opls_145    -7.988270   15.264730    2.737970
23     opls_142    18.870650   12.631450    2.241820
24     opls_700    20.179320   13.238360    2.541990
25     opls_166    21.303730   12.494960    2.947340
26     opls_166    -6.934120   13.152130    3.231020
27     opls_142    -1.513990   23.395210    3.255010
28     opls_142    -2.827970   22.825540    3.741330
29     opls_142    -5.691290   21.462720    2.642930
30     opls_142    -4.408240   21.324700    3.446900
31     opls_142    -7.024700   24.650370    3.334310
32     opls_142    -7.002460   23.154130    3.166100
33     opls_142    13.388220    1.860540    4.407430
34     opls_142    11.976300    2.341690    4.168020
35     opls_142     9.951060    1.676350    3.590220
36     opls_142     8.731790    0.930400    4.100680
37     opls_142     1.667910   22.586750    4.539550
38     opls_700     1.562310   23.986050    4.127010
39     opls_145    17.469480    0.465330    3.433970
40     opls_145     2.753730   24.659300    3.856720
41     opls_142    16.358030    2.536340    2.838530
42     opls_700    16.265230    1.139340    3.264920
43     opls_166    15.045970    0.471960    3.539600
44     opls_166     0.331700   24.651640    3.958500
45     opls_142     9.010610    9.755040    3.834780
46     opls_700     7.847910   10.559160    4.230070
47     opls_145     5.538250   10.511960    4.958450
48     opls_145     6.719220    9.856320    4.648740
49     opls_142     4.151960   12.495220    5.149890
50     opls_700     5.455180   11.887540    4.850770
51     opls_142     7.402500   14.797110    4.898440
52     opls_142     7.114250   16.238250    4.591310
53     opls_142     8.837110   19.297320    5.104180
54     opls_142     8.160160   18.151850    4.380340
55     opls_142    12.187070   18.675350    4.454800
56     opls_142    11.009340   19.575390    4.744690
57     opls_166     6.588720   12.628900    4.448290
58     opls_166     7.800040   11.965090    4.157730
59     opls_142     9.925580   12.773550    4.696330
60     opls_142    11.118190   13.536590    4.155990
61     opls_142    11.733120   15.484900    4.957540
62     opls_142    12.564720   16.524230    4.232340
63     opls_700     1.221030   16.283910    5.476850
64     opls_145     1.053860   17.663310    5.434630
65     opls_700    -0.216520   18.215120    5.256730
66     opls_145    -1.323400   17.372480    5.104410
67     opls_700    -1.173460   15.992830    5.142020
68     opls_145     0.102370   15.456070    5.327560
69     opls_141    -0.378980   19.661360    5.147690
70     opls_141    -2.333960   15.120080    4.910320
71     opls_141     2.567260   15.707350    5.582330
72     opls_145    15.746180    7.450340    5.739570
73     opls_700    15.919840    8.830250    5.691670
74     opls_145    14.805000    9.654020    5.838160
75     opls_700    13.526670    9.112920    6.026580
76     opls_145    13.370100    7.733010    6.070690
77     opls_700    14.473450    6.893940    5.920950
78     opls_141    17.268280    9.412170    5.584370
79     opls_141    12.371920    9.984390    6.254110
80     opls_141    14.306870    5.446680    6.036490
81     opls_142    -4.820210   12.338320    6.466660
82     opls_142    -3.642190   11.559200    6.997780
83     opls_142    -2.827380    8.133540    6.698130
84     opls_142    -2.787170    9.620600    6.473170
85     opls_142    24.833240    5.459690    5.168200
86     opls_142    -3.510660    6.227580    5.852090
87     opls_142    22.041950   10.324450    6.228460
88     opls_142    21.710840    8.885610    6.512820
89     opls_142    21.784930    6.881180    5.646420
90     opls_142    22.653200    5.794650    5.065590
91     opls_142    -5.694230   15.356830    7.333060
92     opls_700    -6.867690   14.557560    6.939440
93     opls_145    20.279770   14.613430    6.213930
94     opls_145    -7.988270   15.264730    6.521370
95     opls_142    18.870650   12.631450    6.025220
96     opls_700    20.179320   13.238360    6.325390
97     opls_166    21.303730   12.494960    6.730740
98     opls_166    -6.934120   13.152130    7.014420
99     opls_142    -1.513990   23.395210    7.038410
100    opls_142    -2.827970   22.825540    7.524730
101    opls_142    -5.691290   21.462720    6.426330
102    opls_142    -4.408240   21.324700    7.230300
103    opls_142    -7.024700   24.650370    7.117710
104    opls_142    -7.002460   23.154130    6.949500
105    opls_142    13.388220    1.860540    0.624030
106    opls_142    11.976300    2.341690    0.384620
107    opls_142     9.951060    1.676350    7.373620
108    opls_142     8.731790    0.930400    0.317280
109    opls_142     1.667910   22.586750    0.756150
110    opls_700     1.562310   23.986050    0.343610
111    opls_145    17.469480    0.465330    7.217370
112    opls_145     2.753730   24.659300    0.073320
113    opls_142    16.358030    2.536340    6.621930
114    opls_700    16.265230    1.139340    7.048320
115    opls_166    15.045970    0.471960    7.323000
116    opls_166     0.331700   24.651640    0.175100
117    opls_142     9.010610    9.755040    0.051380
118    opls_700     7.847910   10.559160    0.446670
119    opls_145     5.538250   10.511960    1.175050
120    opls_145     6.719220    9.856320    0.865340
121    opls_142     4.151960   12.495220    1.366490
122    opls_700     5.455180   11.887540    1.067370
123    opls_142     7.402500   14.797110    1.115040
124    opls_142     7.114250   16.238250    0.807830
125    opls_142     8.837110   19.297320    1.320780
126    opls_142     8.160160   18.151850    0.596940
127    opls_142    12.187070   18.675350    0.671400
128    opls_142    11.009340   19.575390    0.961290
129    opls_166     6.588720   12.628900    0.664890
130    opls_166     7.800040   11.965090    0.374330
131    opls_142     9.925580   12.773550    0.912930
132    opls_142    11.118190   13.536590    0.372590
133    opls_142    11.733120   15.484900    1.174140
134    opls_142    12.564720   16.524230    0.448940
135    opls_700     1.221030   16.283910    1.693450
136    opls_145     1.053860   17.663310    1.651230
137    opls_700    -0.216520   18.215120    1.473330
138    opls_145    -1.323400   17.372480    1.321010
139    opls_700    -1.173460   15.992830    1.358620
140    opls_145     0.102370   15.456070    1.544160
141    opls_141    -0.378980   19.661360    1.364290
142    opls_141    -2.333960   15.120080    1.126920
143    opls_141     2.567260   15.707350    1.798930
144    opls_750    11.142340    9.438950    2.952870
145    opls_750    15.453080    4.609400    2.331180
146    opls_750    17.447090   10.815290    1.908040
147    opls_750    18.714080   11.362260    2.141180
148    opls_750    10.068300   10.257870    3.291180
149    opls_750    -3.559120   15.666540    4.430440
150    opls_750     2.739590   14.304740    5.478140
151    opls_750     0.767820   20.506810    5.062040
152    opls_750     0.628040   21.844880    4.720550
153    opls_750    -4.642290   14.850170    4.092580
154    opls_750     4.003930   13.764410    5.246370
155    opls_750    15.317280    3.274130    2.689470
156    opls_750    11.142340    9.438950    6.736270
157    opls_750    15.453080    4.609400    6.114580
158    opls_750    17.447090   10.815290    5.691440
159    opls_750    18.714080   11.362260    5.924580
160    opls_750    10.068300   10.257870    7.074580
161    opls_750    -3.559120   15.666540    0.646960
162    opls_750     2.739590   14.304740    1.694740
163    opls_750     0.767820   20.506810    1.278640
164    opls_750     0.628040   21.844880    0.937150
165    opls_750    -4.642290   14.850170    0.309180
166    opls_750     4.003930   13.764410    1.462970
167    opls_750    15.317280    3.274130    6.472870
168    opls_272    12.474580   11.177040    2.288500
169    opls_272    13.189380    4.962220    2.328760
170    opls_272    18.239800    8.696320    1.665380
171    opls_180    -3.938240   10.206080    3.206960
172    opls_180    -3.851040    7.565650    2.157370
173    opls_180    23.681580    5.487500    2.170840
174    opls_180    22.513870    8.061590    1.955260
175    opls_180    21.154380   11.134190    3.189780
176    opls_180    -5.844470   12.403630    3.665890
177    opls_180    -3.348340   21.952280    2.792300
178    opls_180    -5.929900   22.795950    2.351530
179    opls_180    -5.829440   25.080740    3.913550
180    opls_180    11.086080    1.279910    4.292490
181    opls_180    13.808880    1.068670    3.315540
182    opls_180    -0.873280   24.055440    4.331240
183    opls_180     6.453220   13.993250    4.217130
184    opls_180     8.055880   17.049250    5.217690
185    opls_180    10.094960   18.911070    5.562510
186    opls_180    11.743430   17.544680    3.777880
187    opls_180     8.899560   12.704670    3.714920
188    opls_180    10.824340   14.886910    4.083350
189    opls_272    -2.239690   13.926660    5.087160
190    opls_272     3.542470   16.427030    5.714900
191    opls_272    -1.495880   20.138170    5.080950
192    opls_272    12.474580   11.177040    6.071900
193    opls_272    13.189380    4.962220    6.112080
194    opls_272    18.239800    8.696320    5.448780
195    opls_180    -3.938240   10.206080    6.990360
196    opls_180    -3.851040    7.565650    5.940770
197    opls_180    23.681580    5.487500    5.954160
198    opls_180    22.513870    8.061590    5.738660
199    opls_180    21.154380   11.134190    6.973180
200    opls_180    -5.844470   12.403630    7.449290
201    opls_180    -3.348340   21.952280    6.575700
202    opls_180    -5.929900   22.795950    6.134930
203    opls_180    -5.829440   25.080740    0.130150
204    opls_180    11.086080    1.279910    0.509090
205    opls_180    13.808880    1.068670    7.098940
206    opls_180    -0.873280   24.055440    0.547840
207    opls_180     6.453220   13.993250    0.433730
208    opls_180     8.055880   17.049250    1.434290
209    opls_180    10.094960   18.911070    1.779110
210    opls_180    11.743430   17.544680    7.561280
211    opls_180     8.899560   12.704670    7.498320
212    opls_180    10.824340   14.886910    0.299950
213    opls_272    -2.239690   13.926660    1.303760
214    opls_272     3.542470   16.427030    1.931500
215    opls_272    -1.495880   20.138170    1.297550
216    opls_146    16.645830    6.758470    1.847210
217    opls_146    14.925190   10.787230    2.022150
218    opls_146    12.335540    7.281460    2.446650
219    opls_185    -4.788990   12.770480    1.628910
220    opls_185    -2.626770   11.918400    3.588180
221    opls_185    -2.174150    7.473560    3.575840
222    opls_185    -1.993720   10.268330    2.189080
223    opls_185    24.828970    4.908900    0.386740
224    opls_185    -2.512330    5.864810    2.482520
225    opls_185    22.890490   10.583390    1.729240
226    opls_185    20.901040    8.626420    3.488750
227    opls_185    20.697930    6.854140    2.205800
228    opls_185    22.411790    5.359170    0.256740
229    opls_144    -5.688190   16.483670    3.377290
230    opls_146    19.374820   15.213450    2.082690
231    opls_146    -7.942760   16.399730    2.641720
232    opls_144    17.955980   13.294740    2.090780
233    opls_185    -1.197030   23.250810    2.169550
234    opls_185    -3.242440   23.135250    4.757170
235    opls_185    -6.418010   20.661660    2.282980
236    opls_185    -4.233560   20.805290    4.446550
237    opls_185    -7.833770   25.407800    3.067130
238    opls_185    -7.794440   22.511490    3.675350
239    opls_185    13.936290    2.154690    5.362740
240    opls_185    11.780990    3.438680    3.927090
241    opls_185    10.035310    2.459040    2.765670
242    opls_185     7.775880    1.326340    4.579200
243    opls_144     2.693200   22.119130    4.711470
244    opls_146    18.450720    1.005660    3.221640
245    opls_146     3.752360   24.124070    3.983540
246    opls_144    17.377130    3.001410    2.627570
247    opls_144     9.008110    8.627690    4.003900
248    opls_146     4.629470    9.916530    5.303950
249    opls_146     6.756780    8.720810    4.741660
250    opls_144     3.236260   11.833710    5.303420
251    opls_185     8.205080   14.308060    5.543890
252    opls_185     6.227270   16.513770    3.930200
253    opls_185     8.459600   20.355270    5.298880
254    opls_185     7.821840   18.281200    3.299350
255    opls_185    13.294100   18.795760    4.699130
256    opls_185    10.974870   20.627480    4.307170
257    opls_185     9.771810   12.288830    5.716720
258    opls_185    12.073510   12.979420    3.879350
259    opls_185    11.767150   15.164730    6.051170
260    opls_185    13.692080   16.385450    4.134580
261    opls_146     1.956750   18.350590    5.545480
262    opls_146    -2.361210   17.817400    4.947550
263    opls_146     0.224030   14.322850    5.356390
264    opls_146    16.645830    6.758470    5.630610
265    opls_146    14.925190   10.787230    5.805480
266    opls_146    12.335540    7.281460    6.230050
267    opls_185    -4.788990   12.770480    5.412310
268    opls_185    -2.626770   11.918400    7.371580
269    opls_185    -2.174150    7.473560    7.359240
270    opls_185    -1.993720   10.268330    5.972480
271    opls_185    24.828970    4.908900    4.170140
272    opls_185    -2.512330    5.864810    6.265920
273    opls_185    22.890490   10.583390    5.512640
274    opls_185    20.901040    8.626420    7.272150
275    opls_185    20.697930    6.854140    5.989200
276    opls_185    22.411790    5.359170    4.040140
277    opls_144    -5.688190   16.483670    7.160690
278    opls_146    19.374820   15.213450    5.866090
279    opls_146    -7.942760   16.399730    6.425120
280    opls_144    17.955980   13.294740    5.874180
281    opls_185    -1.197030   23.250810    5.952950
282    opls_185    -3.242440   23.135250    8.540570
283    opls_185    -6.418010   20.661660    6.066380
284    opls_185    -4.233560   20.805290    8.229950
285    opls_185    -7.833770   25.407800    6.850530
286    opls_185    -7.794440   22.511490    7.458750
287    opls_185    13.936290    2.154690    1.579340
288    opls_185    11.780990    3.438680    0.143690
289    opls_185    10.035310    2.459040    6.549070
290    opls_185     7.775880    1.326340    0.795800
291    opls_144     2.693200   22.119130    0.928070
292    opls_146    18.450720    1.005660    7.005040
293    opls_146     3.752360   24.124070    0.200140
294    opls_144    17.377130    3.001410    6.410970
295    opls_144     9.008110    8.627690    0.220500
296    opls_146     4.629470    9.916530    1.520550
297    opls_146     6.756780    8.720810    0.958260
298    opls_144     3.236260   11.833710    1.520020
299    opls_185     8.205080   14.308060    1.760490
300    opls_185     6.227270   16.513770    0.146800
301    opls_185     8.459600   20.355270    1.515480
302    opls_185     7.821840   18.281200   -0.484050
303    opls_185    13.294100   18.795760    0.915730
304    opls_185    10.974870   20.627480    0.523770
305    opls_185     9.771810   12.288830    1.933320
306    opls_185    12.073510   12.979420    0.095950
307    opls_185    11.767150   15.164730    2.267770
308    opls_185    13.692080   16.385450    0.351180
309    opls_146     1.956750   18.350590    1.762080
310    opls_146    -2.361210   17.817400    1.164150
311    opls_146     0.224030   14.322850    1.572990
