0      opls_145    20.036150    8.164090    2.460940
1      opls_145    20.121780    6.781960    2.268310
2      opls_166    21.090200    6.245480    1.402390
3      opls_145    22.016940    7.101490    0.802240
4      opls_145    21.928830    8.482900    0.984480
5      opls_700    20.926360    9.034040    1.803910
6      opls_700    20.779440   10.509450    1.924440
7      opls_145    21.910870   11.342580    1.934490
8      opls_465    14.251840   16.274210    0.668070
9      opls_700    10.894670   17.639890    2.573900
10     opls_145    10.942330   16.329250    3.109890
11     opls_145    12.015170   15.900710    3.895060
12     opls_700    13.083670   16.758500    4.176450
13     opls_145    13.047140   18.064860    3.673690
14     opls_145    11.975550   18.499120    2.889930
15     opls_145    24.182420   13.269770    2.460940
16     opls_145    25.336560   14.035000    2.268310
17     opls_166    25.316950   15.141910    1.402390
18     opls_145    24.112260   15.516480    0.802240
19     opls_145    22.959980   14.749470    0.984480
20     opls_700    22.983910   13.605740    1.803910
21     opls_700    21.779630   12.740790    1.924440
22     opls_145    20.492400   13.304080    1.934490
23     opls_465    20.051010    4.205350    0.668070
24     opls_700    20.546870    0.615110    2.573900
25     opls_145    21.658090    1.311720    3.109890
26     opls_145    21.492800    2.455090    3.895060
27     opls_700    20.215680    2.951540    4.176450
28     opls_145    19.102600    2.266730    3.673690
29     opls_145    19.262320    1.121570    2.889930
30     opls_145    17.687630   14.307700    2.460940
31     opls_145    16.447860   14.924600    2.268310
32     opls_166    15.499040   14.354170    1.402390
33     opls_145    15.777000   13.123590    0.802240
34     opls_145    17.017400   12.509190    0.984480
35     opls_700    17.995930   13.101780    1.803910
36     opls_700    19.347130   12.491320    1.924440
37     opls_145    19.502930   11.094900    1.934490
38     opls_465    27.603360   15.262000    0.668070
39     opls_700    30.464660   17.486560    2.573900
40     opls_145    29.305780   18.100600    3.109890
41     opls_145    28.398230   17.385770    3.895060
42     opls_700    28.606860   16.031520    4.176450
43     opls_145    29.756450   15.409970    3.673690
44     opls_145    30.668330   16.120870    2.889930
45     opls_145     0.599250   27.577470    1.816060
46     opls_145     0.513620   28.959600    2.008690
47     opls_166    -0.454800   29.496080    2.874610
48     opls_145    -1.381540   28.640070    3.474760
49     opls_145    -1.293430   27.258660    3.292520
50     opls_700    -0.290960   26.707520    2.473090
51     opls_700    -0.144040   25.232110    2.352560
52     opls_145    -1.275470   24.398980    2.342510
53     opls_465     6.383560   19.467360    3.608930
54     opls_700     9.740730   18.101670    1.703100
55     opls_145     9.693070   19.412310    1.167110
56     opls_145     8.620230   19.840860    0.381940
57     opls_700     7.551730   18.983060    0.100550
58     opls_145     7.588260   17.676700    0.603310
59     opls_145     8.659850   17.242440    1.387070
60     opls_145    -3.547020   22.471790    1.816060
61     opls_145    -4.701160   21.706560    2.008690
62     opls_166    -4.681550   20.599650    2.874610
63     opls_145    -3.476860   20.225080    3.474760
64     opls_145    -2.324580   20.992090    3.292520
65     opls_700    -2.348510   22.135820    2.473090
66     opls_700    -1.144230   23.000770    2.352560
67     opls_145     0.143000   22.437480    2.342510
68     opls_465     0.584390   31.536210    3.608930
69     opls_700     0.088530   35.126450    1.703100
70     opls_145    -1.022690   34.429850    1.167110
71     opls_145    -0.857400   33.286470    0.381940
72     opls_700     0.419720   32.790020    0.100550
73     opls_145     1.532800   33.474830    0.603310
74     opls_145     1.373080   34.619990    1.387070
75     opls_145     2.947770   21.433860    1.816060
76     opls_145     4.187540   20.816960    2.008690
77     opls_166     5.136360   21.387390    2.874610
78     opls_145     4.858400   22.617970    3.474760
79     opls_145     3.618000   23.232370    3.292520
80     opls_700     2.639470   22.639780    2.473090
81     opls_700     1.288270   23.250240    2.352560
82     opls_145     1.132470   24.646670    2.342510
83     opls_465    -6.967960   20.479560    3.608930
84     opls_700    -9.829260   18.255000    1.703100
85     opls_145    -8.670380   17.640960    1.167110
86     opls_145    -7.762830   18.355790    0.381940
87     opls_700    -7.971460   19.710040    0.100550
88     opls_145    -9.121050   20.331590    0.603310
89     opls_145   -10.032930   19.620690    1.387070
90     opls_146    19.279860    8.551170    3.132470
91     opls_146    19.435250    6.133970    2.794040
92     opls_146    22.779420    6.697250    0.148540
93     opls_146    22.618050    9.119100    0.443870
94     opls_146    22.898280   10.899750    1.910020
95     opls_146    10.167470   15.603340    2.940310
96     opls_146    12.010220   14.884930    4.270710
97     opls_146    13.856050   18.755380    3.876370
98     opls_146    12.032090   19.514890    2.542160
99     opls_146    24.225340   12.421260    3.132470
100    opls_146    26.241010   13.764430    2.794040
101    opls_146    24.081100   16.378930    0.148540
102    opls_146    22.064400   15.028250    0.443870
103    opls_146    20.382200   14.380620    1.910020
104    opls_146    22.674180    1.003620    2.940310
105    opls_146    22.374960    2.958690    4.270710
106    opls_146    18.100130    2.622000    3.876370
107    opls_146    18.354360    0.662650    2.542160
108    opls_146    18.401000   14.769130    3.132470
109    opls_146    16.229950   15.843160    2.794040
110    opls_146    15.045680   12.665380    0.148540
111    opls_146    17.223750   11.594210    0.443870
112    opls_146    18.625720   10.461200    1.910020
113    opls_146    29.064550   19.134600    2.940310
114    opls_146    27.521020   17.897940    4.270710
115    opls_146    29.950010   14.364180    3.876370
116    opls_146    31.519750   15.564020    2.542160
117    opls_146     1.355540   27.190390    1.144530
118    opls_146     1.200150   29.607590    1.482960
119    opls_146    -2.144020   29.044310    4.128460
120    opls_146    -1.982650   26.622460    3.833130
121    opls_146    -2.262880   24.841810    2.366980
122    opls_146    10.467930   20.138230    1.336690
123    opls_146     8.625180   20.856630    0.006290
124    opls_146     6.779350   16.986180    0.400630
125    opls_146     8.603310   16.226670    1.734840
126    opls_146    -3.589940   23.320300    1.144530
127    opls_146    -5.605610   21.977130    1.482960
128    opls_146    -3.445700   19.362630    4.128460
129    opls_146    -1.429000   20.713310    3.833130
130    opls_146     0.253200   21.360940    2.366980
131    opls_146    -2.038780   34.737940    1.336690
132    opls_146    -1.739560   32.782870    0.006290
133    opls_146     2.535270   33.119560    0.400630
134    opls_146     2.281040   35.078910    1.734840
135    opls_146     2.234400   20.972430    1.144530
136    opls_146     4.405450   19.898400    1.482960
137    opls_146     5.589720   23.076180    4.128460
138    opls_146     3.411650   24.147360    3.833130
139    opls_146     2.009680   25.280360    2.366980
140    opls_146    -8.429150   16.606960    1.336690
141    opls_146    -6.885620   17.843620    0.006290
142    opls_146    -9.314610   21.377390    0.400630
143    opls_146   -10.884350   20.177540    1.734840
144    opls_466    15.254720   17.001190    0.775930
145    opls_473    14.253080   14.950340    1.150130
146    opls_466    18.919980    4.710380    0.775930
147    opls_473    21.196890    4.868360    1.150130
148    opls_466    27.731500   14.029990    0.775930
149    opls_473    26.456230   15.922870    1.150130
150    opls_466     5.380680   18.740370    3.501070
151    opls_473     6.382320   20.791220    3.126870
152    opls_466     1.715420   31.031180    3.501070
153    opls_473    -0.561490   30.873200    3.126870
154    opls_466    -7.096100   21.711570    3.501070
155    opls_473    -5.820830   19.818700    3.126870
