0      opls_141    11.215010   19.543130    2.155080
1      opls_141     0.674150   40.135750    2.155080
2      opls_141   -11.889150   20.710790    2.155080
3      opls_141    11.991490   20.651710    2.155080
4      opls_141    22.532350    0.059090    2.155080
5      opls_141    35.095650   19.484050    2.155080
6      opls_145    11.420850   21.999440    2.128200
7      opls_145    -1.556000   39.085860    2.128200
8      opls_145    -9.864850   19.304370    2.128200
9      opls_145    11.785650   18.195400    2.128200
10     opls_145    24.762500    1.108980    2.128200
11     opls_145    33.071350   20.890460    2.128200
12     opls_145    13.462090   20.599050    2.133910
13     opls_145    21.842650    1.358990    2.133910
14     opls_145    34.314760   18.236800    2.133910
15     opls_145     9.744410   19.595790    2.133910
16     opls_145     1.363850   38.835850    2.133910
17     opls_145   -11.108260   21.958040    2.133910
18     opls_145    14.165710   21.415810    1.368790
19     opls_145    20.783510    1.559960    1.368790
20     opls_145    34.670280   17.219070    1.368790
21     opls_145     9.040790   18.779030    1.368790
22     opls_145     2.422990   38.634880    1.368790
23     opls_145   -11.463780   22.975770    1.368790
24     opls_145    15.536750   21.385260    1.335260
25     opls_145    20.124440    2.762590    1.335260
26     opls_145    33.958300   16.046980    1.335260
27     opls_145     7.669750   18.809580    1.335260
28     opls_145     3.082060   37.432250    1.335260
29     opls_145   -10.751800   24.147850    1.335260
30     opls_145    16.233880   20.534740    2.071980
31     opls_145    20.512460    3.791580    2.071980
32     opls_145    32.873170   15.868520    2.071980
33     opls_145     6.972620   19.660100    2.071980
34     opls_145     2.694040   36.403260    2.071980
35     opls_145    -9.666670   24.326320    2.071980
36     opls_145    15.541390   19.722000    2.832550
37     opls_145    21.562550    3.598240    2.832550
38     opls_145    32.515560   16.874600    2.832550
39     opls_145     7.665110   20.472840    2.832550
40     opls_145     1.643950   36.596600    2.832550
41     opls_145    -9.309060   23.320240    2.832550
42     opls_145    14.173830   19.769830    2.875910
43     opls_145    22.204910    2.389990    2.875910
44     opls_145    33.240760   18.035020    2.875910
45     opls_145     9.032670   20.425010    2.875910
46     opls_145     1.001590   37.804850    2.875910
47     opls_145   -10.034260   22.159820    2.875910
48     opls_145    11.370490   17.243180    2.930690
49     opls_145    25.794720    1.225540    2.930690
50     opls_145    32.454290   21.726110    2.930690
51     opls_145    11.836010   22.951650    2.930690
52     opls_145    -2.588220   38.969300    2.930690
53     opls_145    -9.247790   18.468720    2.930690
54     opls_145    11.900760   15.977450    2.907070
55     opls_145    26.625750    2.317630    2.907070
56     opls_145    31.093000   21.899760    2.907070
57     opls_145    11.305740   24.217390    2.907070
58     opls_145    -3.419250   37.877200    2.907070
59     opls_145    -7.886500   18.295080    2.907070
60     opls_145    12.862670   15.646640    2.089620
61     opls_145    26.431280    3.316070    2.089620
62     opls_145    30.325560   21.232120    2.089620
63     opls_145    10.343830   24.548190    2.089620
64     opls_145    -3.224780   36.878760    2.089620
65     opls_145    -7.119060   18.962720    2.089620
66     opls_145    13.244880   16.583590    1.259400
67     opls_145    25.428750    3.178610    1.259400
68     opls_145    30.945870   20.432640    1.259400
69     opls_145     9.961620   23.611250    1.259400
70     opls_145    -2.222250   37.016230    1.259400
71     opls_145    -7.739370   19.762190    1.259400
72     opls_145    12.699060   17.838470    1.277620
73     opls_145    24.614900    2.078480    1.277620
74     opls_145    32.305540   20.277890    1.277620
75     opls_145    10.507440   22.356370    1.277620
76     opls_145    -1.408400   38.116360    1.277620
77     opls_145    -9.099040   19.916940    1.277620
78     opls_142     8.605900   26.121020    1.787250
79     opls_142    -3.717910   34.587260    1.787250
80     opls_142    -4.887990   19.681400    1.787250
81     opls_142    14.600600   14.073820    1.787250
82     opls_142    26.924410    5.607580    1.787250
83     opls_142    28.094490   20.513440    1.787250
84     opls_142    18.431760   21.383250    1.790420
85     opls_142    18.678680    5.270750    1.790420
86     opls_142    32.509060   13.540840    1.790420
87     opls_142     4.774740   18.811590    1.790420
88     opls_142     4.527820   34.924090    1.790420
89     opls_142    -9.302560   26.654000    1.790420
90     opls_567    15.071930   12.714030    1.801670
91     opls_567    27.866370    6.695660    1.801670
92     opls_567    26.681210   20.785150    1.801670
93     opls_567     8.134570   27.480810    1.801670
94     opls_567    -4.659870   33.499180    1.801670
95     opls_567    -3.474710   19.409680    1.801670
96     opls_567    15.421880   10.302340    1.838690
97     opls_567    29.779970    8.204570    1.838690
98     opls_567    24.417650   21.687930    1.838690
99     opls_567     7.784620   29.892500    1.838690
100    opls_567    -6.573470   31.990270    1.838690
101    opls_567    -1.211150   18.506910    1.838690
102    opls_716    16.570600   11.017810    1.717510
103    opls_716    28.586000    8.841660    1.717510
104    opls_716    24.462900   20.335370    1.717510
105    opls_716     6.635900   29.177030    1.717510
106    opls_716    -5.379500   31.353180    1.717510
107    opls_716    -1.256400   19.859470    1.717510
108    opls_716    16.337380   12.419400    1.687770
109    opls_716    27.488800    7.938880    1.687770
110    opls_716    25.793330   19.836550    1.687770
111    opls_716     6.869120   27.775440    1.687770
112    opls_716    -4.282300   32.255950    1.687770
113    opls_716    -2.586830   20.358280    1.687770
114    opls_145    17.794280   10.398400    1.648030
115    opls_145    28.510580   10.211100    1.648030
116    opls_145    23.314640   19.585340    1.648030
117    opls_145     5.412220   29.796430    1.648030
118    opls_145    -5.304080   29.983740    1.648030
119    opls_145    -0.108140   20.609500    1.648030
120    opls_567    17.818650    9.026550    1.693840
121    opls_567    29.686450   10.918120    1.693840
122    opls_567    22.114400   20.250160    1.693840
123    opls_567     5.387850   31.168280    1.693840
124    opls_567    -6.479950   29.276710    1.693840
125    opls_567     1.092100   19.944680    1.693840
126    opls_716    16.668300    8.307470    1.788770
127    opls_716    30.884370   10.281440    1.788770
128    opls_716    22.066830   21.605930    1.788770
129    opls_716     6.538200   31.887370    1.788770
130    opls_716    -7.677870   29.913400    1.788770
131    opls_716     1.139670   18.588910    1.788770
132    opls_145    15.444160    8.928480    1.869940
133    opls_145    30.958630    8.910790    1.869940
134    opls_145    23.216710   22.355560    1.869940
135    opls_145     7.762340   31.266360    1.869940
136    opls_145    -7.752130   31.284040    1.869940
137    opls_145    -0.010210   17.839270    1.869940
138    opls_716    16.908260    6.904670    1.812030
139    opls_716    31.979250   11.190640    1.812030
140    opls_716    20.731990   22.099520    1.812030
141    opls_716     6.298240   33.290170    1.812030
142    opls_716    -8.772750   29.004190    1.812030
143    opls_716     2.474510   18.095310    1.812030
144    opls_567    18.182060    6.621300    1.760190
145    opls_567    31.587760   12.435480    1.760190
146    opls_567    19.849680   21.138060    1.760190
147    opls_567     5.024440   33.573540    1.760190
148    opls_567    -8.381260   27.759360    1.760190
149    opls_567     3.356820   19.056770    1.760190
150    opls_750     9.798020   25.846490    2.101050
151    opls_750    -4.076220   35.756930    2.101050
152    opls_750    -5.721790   18.786260    2.101050
153    opls_750    13.408480   14.348350    2.101050
154    opls_750    27.282720    4.437910    2.101050
155    opls_750    28.928290   21.408570    2.101050
156    opls_750    17.636010   20.427820    2.030190
157    opls_750    19.903980    5.059320    2.030190
158    opls_750    32.079510   14.707690    2.030190
159    opls_750     5.570490   19.767020    2.030190
160    opls_750     3.302520   35.135510    2.030190
161    opls_750    -8.873010   25.487140    2.030190
162    opls_633    13.977740   11.310830    1.953840
163    opls_633    29.628670    6.449660    1.953840
164    opls_633    26.013090   22.434350    1.953840
165    opls_633     9.228760   28.884010    1.953840
166    opls_633    -6.422170   33.745170    1.953840
167    opls_633    -2.806590   17.760490    1.953840
168    opls_633    19.273000    8.031730    1.657010
169    opls_633    29.820820   12.675040    1.657010
170    opls_633    20.525690   19.488060    1.657010
171    opls_633     3.933500   32.163100    1.657010
172    opls_633    -6.614320   27.519800    1.657010
173    opls_633     2.680810   20.706770    1.657010
174    opls_146    10.643890   17.483950    3.580170
175    opls_146    25.949510    0.475910    3.580170
176    opls_146    33.026100   22.234980    3.580170
177    opls_146    12.562610   22.710890    3.580170
178    opls_146    -2.743010   39.718930    3.580170
179    opls_146    -9.819600   17.959860    3.580170
180    opls_146    11.580510   15.260370    3.541010
181    opls_146    27.406880    2.398830    3.541010
182    opls_146    30.632120   22.535640    3.541010
183    opls_146    11.625990   24.934470    3.541010
184    opls_146    -4.200380   37.796010    3.541010
185    opls_146    -7.425620   17.659200    3.541010
186    opls_146    13.947570   16.343220    0.587240
187    opls_146    25.285570    3.907340    0.587240
188    opls_146    30.386360   19.944280    0.587240
189    opls_146     9.258930   23.851620    0.587240
190    opls_146    -2.079070   36.287500    0.587240
191    opls_146    -7.179860   20.250560    0.587240
192    opls_146    12.996570   18.545900    0.642650
193    opls_146    23.853500    1.982410    0.642650
194    opls_146    32.769430   19.666530    0.642650
195    opls_146    10.209930   21.648940    0.642650
196    opls_146    -0.647000   38.212430    0.642650
197    opls_146    -9.562930   20.528310    0.642650
198    opls_570    17.106900   13.143710    1.587490
199    opls_570    26.476760    8.243160    1.587490
200    opls_570    26.035840   18.807970    1.587490
201    opls_570     6.099600   27.051130    1.587490
202    opls_570    -3.270260   31.951680    1.587490
203    opls_570    -2.829340   21.386870    1.587490
204    opls_146    18.691680   10.959120    1.568110
205    opls_146    27.576280   10.707900    1.568110
206    opls_146    23.351540   18.527810    1.568110
207    opls_146     4.514820   29.235710    1.568110
208    opls_146    -4.369780   29.486930    1.568110
209    opls_146    -0.145040   21.667030    1.568110
210    opls_146    14.547460    8.368160    1.959600
211    opls_146    31.892230    8.414390    1.959600
212    opls_146    23.179810   23.412290    1.959600
213    opls_146     8.659040   31.826670    1.959600
214    opls_146    -8.685730   31.780450    1.959600
215    opls_146     0.026690   16.782550    1.959600
216    opls_570    16.140820    6.173530    1.880970
217    opls_570    32.996160   10.891600    1.880970
218    opls_570    20.482520   23.129720    1.880970
219    opls_570     7.065680   34.021310    1.880970
220    opls_570    -9.789660   29.303240    1.880970
221    opls_570     2.723980   17.065120    1.880970
222    opls_144    18.005000    4.460820    1.661070
223    opls_144    33.547320   13.362370    1.661070
224    opls_144    18.067190   22.371640    1.661070
225    opls_144     5.201500   35.734010    1.661070
226    opls_144   -10.340820   26.832470    1.661070
227    opls_144     5.139310   17.823190    1.661070
228    opls_144    15.278460   14.848370    1.549090
229    opls_144    25.914700    5.807350    1.549090
230    opls_144    28.426340   19.539110    1.549090
231    opls_144     7.928040   25.346460    1.549090
232    opls_144    -2.708200   34.387490    1.549090
233    opls_144    -5.219840   20.655720    1.549090
234    opls_146    16.046600   22.000640    0.716010
235    opls_146    19.336580    2.896440    0.716010
236    opls_146    34.236320   15.297750    0.716010
237    opls_146     7.159900   18.194190    0.716010
238    opls_146     3.869920   37.298400    0.716010
239    opls_146   -11.029820   24.897080    0.716010
240    opls_146    13.651920   22.070180    0.786690
241    opls_146    20.473700    0.787820    0.786690
242    opls_146    35.493880   17.336840    0.786690
243    opls_146     9.554580   18.124660    0.786690
244    opls_146     2.732800   39.407020    0.786690
245    opls_146   -12.287380   22.858000    0.786690
246    opls_146    16.064470   19.053960    3.399560
247    opls_146    21.879550    4.385260    3.399560
248    opls_146    31.675480   16.755620    3.399560
249    opls_146     7.142030   21.140880    3.399560
250    opls_146     1.326950   35.809580    3.399560
251    opls_146    -8.468980   23.439220    3.399560
252    opls_146    13.672340   19.134350    3.467160
253    opls_146    23.006000    2.273420    3.467160
254    opls_146    32.941160   18.787070    3.467160
255    opls_146     9.534160   21.060490    3.467160
256    opls_146     0.200500   37.921420    3.467160
257    opls_146    -9.734660   21.407770    3.467160
