0      opls_145    -9.788390   19.394270    0.551810
1      opls_145   -10.466560   20.671580    0.403760
2      opls_916   -11.930030   20.767650    0.468160
3      opls_916    34.358730   15.467810    0.537440
4      opls_916    30.758570   22.192770    0.213260
5      opls_145    29.967440   23.169430    1.008230
6      opls_145    28.529580   23.256160    0.827740
7      opls_145    27.840170   22.335130    4.683350
8      opls_145    28.616480   21.390360    3.838170
9      opls_145    30.068490   21.359250    3.957330
10     opls_145    33.257030   15.270220    1.538290
11     opls_145    32.462760   14.047750    1.504850
12     opls_145    32.806790   12.961020    0.543330
13     opls_145    34.007070   13.092870    4.459790
14     opls_145    34.752610   14.335180    4.443070
15     opls_145    23.485040   22.743520    3.711530
16     opls_145    22.052110   23.005290    3.655230
17     opls_700    21.119740   22.067920    4.340530
18     opls_145    21.649700   20.882390    0.259830
19     opls_145    23.085100   20.608570    0.291690
20     opls_700    24.014330   21.558390    4.418060
21     opls_142    25.537080   21.349520    4.472920
22     opls_142    19.599010   22.315290    4.302440
23     opls_145    10.554370   20.720980    0.551810
24     opls_145     9.787270   19.495010    0.403760
25     opls_916    10.435800   18.179570    0.468160
26     opls_916    14.337320   22.021630    0.537440
27     opls_916    10.313410   15.541320    0.213260
28     opls_145     9.863170   14.367850    1.008230
29     opls_145    10.506980   13.079260    0.827740
30     opls_145    11.649330   12.942740    4.683350
31     opls_145    12.079360   14.087420    3.838170
32     opls_145    11.380300   15.360460    3.957330
33     opls_145    15.059290   21.166330    1.538290
34     opls_145    16.515110   21.089700    1.504850
35     opls_145    17.284240   21.931010    0.543330
36     opls_145    16.569910   22.904550    4.459790
37     opls_145    15.121260   22.929050    4.443070
38     opls_145    13.473210    8.966880    3.711530
39     opls_145    13.962980    7.595050    3.655230
40     opls_700    15.240960    7.256270    4.340530
41     opls_145    16.002670    8.307990    0.259830
42     opls_145    15.522110    9.687990    0.291690
43     opls_700    14.234920   10.017820    4.418060
44     opls_142    13.654430   11.441000    4.472920
45     opls_142    15.787090    5.815600    4.302440
46     opls_145    -0.765980   37.674970    0.551810
47     opls_145     0.679300   37.623630    0.403760
48     opls_916     1.494230   38.842990    0.468160
49     opls_916    18.672250    1.405670    0.537440
50     opls_916    26.296320    1.161020    0.213260
51     opls_145    27.537690    1.357830    1.008230
52     opls_145    28.331740    2.559690    0.827740
53     opls_145    27.878800    3.617240    4.683350
54     opls_145    26.672460    3.417320    3.838170
55     opls_145    25.919500    2.175400    3.957330
56     opls_145    19.051980    2.458560    1.538290
57     opls_145    18.390420    3.757660    1.504850
58     opls_145    17.277270    4.003080    0.543330
59     opls_145    16.791320    2.897690    4.459790
60     opls_145    17.494420    1.630870    4.443070
61     opls_145    30.410050    7.184700    3.711530
62     opls_145    31.353210    8.294770    3.655230
63     opls_700    31.007610    9.570920    4.340530
64     opls_145    29.715930    9.704720    0.259830
65     opls_145    28.761100    8.598540    0.291690
66     opls_700    29.119050    7.318890    4.418060
67     opls_142    28.176790    6.104590    4.472920
68     opls_142    31.982200   10.764220    4.302440
69     opls_145    32.244490   19.500840    0.551810
70     opls_145    32.922660   18.223520    0.403760
71     opls_916    34.386130   18.127450    0.468160
72     opls_916   -11.902630   23.427300    0.537440
73     opls_916    -8.302470   16.702340    0.213260
74     opls_145    -7.511340   15.725680    1.008230
75     opls_145    -6.073480   15.638940    0.827740
76     opls_145    -5.384070   16.559980    4.683350
77     opls_145    -6.160380   17.504740    3.838170
78     opls_145    -7.612390   17.535860    3.957330
79     opls_145   -10.800930   23.624890    1.538290
80     opls_145   -10.006660   24.847360    1.504850
81     opls_145   -10.350690   25.934090    0.543330
82     opls_145   -11.550970   25.802240    4.459790
83     opls_145   -12.296510   24.559930    4.443070
84     opls_145    -1.028940   16.151580    3.711530
85     opls_145     0.403990   15.889820    3.655230
86     opls_700     1.336360   16.827190    4.340530
87     opls_145     0.806400   18.012710    0.259830
88     opls_145    -0.629000   18.286530    0.291690
89     opls_700    -1.558230   17.336720    4.418060
90     opls_142    -3.080980   17.545580    4.472920
91     opls_142     2.857090   16.579820    4.302440
92     opls_145    11.901730   18.174130    0.551810
93     opls_145    12.668830   19.400100    0.403760
94     opls_916    12.020300   20.715530    0.468160
95     opls_916     8.118780   16.873470    0.537440
96     opls_916    12.142690   23.353790    0.213260
97     opls_145    12.592930   24.527250    1.008230
98     opls_145    11.949120   25.815850    0.827740
99     opls_145    10.806770   25.952370    4.683350
100    opls_145    10.376740   24.807690    3.838170
101    opls_145    11.075800   23.534650    3.957330
102    opls_145     7.396810   17.728780    1.538290
103    opls_145     5.940990   17.805400    1.504850
104    opls_145     5.171860   16.964100    0.543330
105    opls_145     5.886190   15.990560    4.459790
106    opls_145     7.334840   15.966050    4.443070
107    opls_145     8.982890   29.928230    3.711530
108    opls_145     8.493120   31.300060    3.655230
109    opls_700     7.215140   31.638840    4.340530
110    opls_145     6.453430   30.587110    0.259830
111    opls_145     6.933990   29.207110    0.291690
112    opls_700     8.221180   28.877280    4.418060
113    opls_142     8.801670   27.454110    4.472920
114    opls_142     6.669010   33.079510    4.302440
115    opls_145    23.222080    1.220140    0.551810
116    opls_145    21.776800    1.271480    0.403760
117    opls_916    20.961870    0.052120    0.468160
118    opls_916     3.783850   37.489440    0.537440
119    opls_916    -3.840220   37.734090    0.213260
120    opls_145    -5.081590   37.537280    1.008230
121    opls_145    -5.875640   36.335420    0.827740
122    opls_145    -5.422700   35.277860    4.683350
123    opls_145    -4.216360   35.477780    3.838170
124    opls_145    -3.463400   36.719700    3.957330
125    opls_145     3.404120   36.436550    1.538290
126    opls_145     4.065680   35.137450    1.504850
127    opls_145     5.178830   34.892020    0.543330
128    opls_145     5.664780   35.997420    4.459790
129    opls_145     4.961680   37.264230    4.443070
130    opls_145    -7.953950   31.710400    3.711530
131    opls_145    -8.897110   30.600340    3.655230
132    opls_700    -8.551510   29.324190    4.340530
133    opls_145    -7.259830   29.190390    0.259830
134    opls_145    -6.305000   30.296570    0.291690
135    opls_700    -6.662950   31.576210    4.418060
136    opls_142    -5.720690   32.790520    4.472920
137    opls_142    -9.526100   28.130890    4.302440
138    opls_239    35.109660   16.781680    0.429200
139    opls_750    31.912810   11.758770    0.481330
140    opls_750    26.356500   22.417970    4.579760
141    opls_239    12.824010   22.015020    0.429200
142    opls_750    18.772400   21.757920    0.481330
143    opls_750    12.319420   11.616410    4.579760
144    opls_239    19.434630    0.098400    0.429200
145    opls_750    16.683090    5.378420    0.481330
146    opls_750    28.692380    4.860720    4.579760
147    opls_239   -12.653560   22.113420    0.429200
148    opls_750    -9.456710   27.136340    0.481330
149    opls_750    -3.900400   16.477130    4.579760
150    opls_239     9.632090   16.880090    0.429200
151    opls_750     3.683700   17.137180    0.481330
152    opls_750    10.136680   27.278690    4.579760
153    opls_239     3.021470   38.796700    0.429200
154    opls_750     5.773010   33.516690    0.481330
155    opls_750    -6.236280   34.034380    4.579760
156    opls_146    -8.619320   19.361590    0.743850
157    opls_146    -9.837790   21.660300    0.227440
158    opls_146    30.500100   23.904540    1.813750
159    opls_146    27.913380   24.081520    1.445870
160    opls_146    28.066310   20.647470    3.054120
161    opls_146    30.691200   20.651750    3.197910
162    opls_146    33.003950   16.106850    2.384680
163    opls_146    31.527690   13.931060    2.264180
164    opls_146    34.374680   12.181560    3.759920
165    opls_146    35.697340   14.421920    3.692700
166    opls_146    24.243610   23.499650    3.177640
167    opls_146    20.912920   20.123550    0.823050
168    opls_144    25.986200   20.255790    4.421510
169    opls_144    19.131470   23.005290    3.411310
170    opls_146    21.646110   23.966000    3.061540
171    opls_146    23.489530   19.628800    0.849740
172    opls_146     9.998130   21.749750    0.743850
173    opls_146     8.616630   19.545180    0.227440
174    opls_146     8.960210   14.461590    1.813750
175    opls_146    10.100300   12.132940    1.445870
176    opls_146    12.997820   13.982400    3.054120
177    opls_146    11.681660   16.253490    3.197910
178    opls_146    14.461280   20.528840    2.384680
179    opls_146    17.083700   20.338250    2.264180
180    opls_146    17.175320   23.678560    3.759920
181    opls_146    14.573780   23.703840    3.692700
182    opls_146    12.439110    9.245760    3.177640
183    opls_146    17.028240    8.049340    0.823050
184    opls_144    14.377070   12.376810    4.421510
185    opls_144    15.423300    5.065700    3.411310
186    opls_146    13.333980    6.763080    3.061540
187    opls_146    16.168390   10.528130    0.849740
188    opls_146    -1.378800   36.678860    0.743850
189    opls_146     1.221160   36.584740    0.227440
190    opls_146    27.907990    0.528970    1.813750
191    opls_146    29.354610    2.680650    1.445870
192    opls_146    26.304180    4.265240    3.054120
193    opls_146    24.995440    1.989870    3.197910
194    opls_146    19.903070    2.259420    2.384680
195    opls_146    18.756910    4.625790    2.264180
196    opls_146    15.818300    3.034990    3.759920
197    opls_146    17.097180    0.769350    3.692700
198    opls_146    30.685590    6.149710    3.177640
199    opls_146    29.427150   10.722210    0.823050
200    opls_144    27.005030    6.262500    4.421510
201    opls_144    32.813530   10.824120    3.411310
202    opls_146    32.388210    8.166030    3.061540
203    opls_146    27.710380    8.738170    0.849740
204    opls_146    31.075420   19.533510    0.743850
205    opls_146    32.293890   17.234810    0.227440
206    opls_146    -8.044000   14.990560    1.813750
207    opls_146    -5.457280   14.813590    1.445870
208    opls_146    -5.610210   18.247640    3.054120
209    opls_146    -8.235100   18.243360    3.197910
210    opls_146   -10.547850   22.788250    2.384680
211    opls_146    -9.071590   24.964050    2.264180
212    opls_146   -11.918580   26.713550    3.759920
213    opls_146   -13.241240   24.473190    3.692700
214    opls_146    -1.787510   15.395460    3.177640
215    opls_146     1.543180   18.771560    0.823050
216    opls_144    -3.530100   18.639310    4.421510
217    opls_144     3.324630   15.889820    3.411310
218    opls_146     0.809990   14.929110    3.061540
219    opls_146    -1.033430   19.266300    0.849740
220    opls_146    12.457970   17.145350    0.743850
221    opls_146    13.839470   19.349930    0.227440
222    opls_146    13.495890   24.433520    1.813750
223    opls_146    12.355800   26.762170    1.445870
224    opls_146     9.458280   24.912700    3.054120
225    opls_146    10.774440   22.641620    3.197910
226    opls_146     7.994820   18.366270    2.384680
227    opls_146     5.372400   18.556860    2.264180
228    opls_146     5.280780   15.216540    3.759920
229    opls_146     7.882320   15.191260    3.692700
230    opls_146    10.016990   29.649350    3.177640
231    opls_146     5.427860   30.845760    0.823050
232    opls_144     8.079030   26.518290    4.421510
233    opls_144     7.032800   33.829410    3.411310
234    opls_146     9.122120   32.132030    3.061540
235    opls_146     6.287710   28.366980    0.849740
236    opls_146    23.834900    2.216240    0.743850
237    opls_146    21.234940    2.310370    0.227440
238    opls_146    -5.451890   38.366130    1.813750
239    opls_146    -6.898510   36.214460    1.445870
240    opls_146    -3.848080   34.629870    3.054120
241    opls_146    -2.539340   36.905230    3.197910
242    opls_146     2.553030   36.635690    2.384680
243    opls_146     3.699190   34.269310    2.264180
244    opls_146     6.637800   35.860120    3.759920
245    opls_146     5.358920   38.125760    3.692700
246    opls_146    -8.229490   32.745400    3.177640
247    opls_146    -6.971050   28.172890    0.823050
248    opls_144    -4.548930   32.632610    4.421510
249    opls_144   -10.357430   28.070990    3.411310
250    opls_146    -9.932110   30.729080    3.061540
251    opls_146    -5.254280   30.156930    0.849740
