0      opls_280    16.970140   11.289200    0.000000
1      opls_280    16.027190    9.051970    0.000000
2      opls_280    18.436170    9.353970    0.000000
3      opls_280     0.174360   18.405940    0.000000
4      opls_280     1.117310   20.643170    0.000000
5      opls_280    -1.291670   20.341170    0.000000
6      opls_700    15.816660   10.457150    0.000000
7      opls_700    17.324520    8.469060    0.000000
8      opls_700    18.292320   10.768940    0.000000
9      opls_700     1.327840   19.238000    0.000000
10     opls_700    -0.180020   21.226090    0.000000
11     opls_700    -1.147820   18.926200    0.000000
12     opls_142    14.482640   10.958700    0.000000
13     opls_142    17.557170    7.062990    0.000000
14     opls_142    19.393690   11.673460    0.000000
15     opls_142     2.661860   18.736450    0.000000
16     opls_142    -0.412670   22.632150    0.000000
17     opls_142    -2.249190   18.021690    0.000000
18     opls_916    12.950440   12.882050    0.000000
19     opls_916    16.657600    4.774390    0.000000
20     opls_916    21.825460   12.038710    0.000000
21     opls_916     4.194060   16.813090    0.000000
22     opls_916     0.486900   24.920760    0.000000
23     opls_916    -4.680960   17.656440    0.000000
24     opls_145    11.702660   12.218070    0.000000
25     opls_145    17.856510    4.025770    0.000000
26     opls_145    21.874320   13.451310    0.000000
27     opls_145     5.441840   17.477080    0.000000
28     opls_145    -0.712010   25.669370    0.000000
29     opls_145    -4.729820   16.243840    0.000000
30     opls_149     9.266260   15.203910    0.000000
31     opls_149    16.488890    0.422860    0.000000
32     opls_149    25.678350   14.068370    0.000000
33     opls_149     7.878240   14.491230    0.000000
34     opls_149     0.655610   29.272290    0.000000
35     opls_149    -8.533850   15.626770    0.000000
36     opls_700    10.498780   14.361460    0.000000
37     opls_700    16.602220    1.911480    0.000000
38     opls_700    24.332500   13.422210    0.000000
39     opls_700     6.645720   15.333680    0.000000
40     opls_700     0.542280   27.783670    0.000000
41     opls_700    -7.188000   16.272940    0.000000
42     opls_145    11.750500   15.019210    0.000000
43     opls_145    15.406730    2.666620    0.000000
44     opls_145    24.276270   12.009310    0.000000
45     opls_145     5.394000   14.675930    0.000000
46     opls_145     1.737770   27.028520    0.000000
47     opls_145    -7.131770   17.685830    0.000000
48     opls_145    10.497410   12.946190    0.000000
49     opls_145    17.828570    2.617920    0.000000
50     opls_145    23.107870   14.131030    0.000000
51     opls_145     6.647440   16.748950    0.000000
52     opls_145    -0.684070   27.077220    0.000000
53     opls_145    -5.963370   15.564120    0.000000
54     opls_145    12.955070   14.291090    0.000000
55     opls_145    15.435020    4.073880    0.000000
56     opls_145    23.043410   11.330180    0.000000
57     opls_145     4.189430   15.404060    0.000000
58     opls_145     1.709480   25.621270    0.000000
59     opls_145    -5.898910   18.364960    0.000000
60     opls_238    14.164100   12.277160    0.000000
61     opls_238    16.574620    6.127890    0.000000
62     opls_238    20.694780   11.290090    0.000000
63     opls_238     2.980400   17.417980    0.000000
64     opls_238     0.569880   23.567250    0.000000
65     opls_238    -3.550280   18.405050    0.000000
66     opls_146    11.795240   16.041610    0.000000
67     opls_146    14.498930    2.194170    0.000000
68     opls_146    25.139320   11.459360    0.000000
69     opls_146     5.349260   13.653530    0.000000
70     opls_146     2.645570   27.500970    0.000000
71     opls_146    -7.994820   18.235790    0.000000
72     opls_144     3.428560   19.414690    0.000000
73     opls_144    -1.383390   22.957020    0.000000
74     opls_144    -2.045170   17.018580    0.000000
75     opls_144    13.715940   10.280460    0.000000
76     opls_144    18.527890    6.738130    0.000000
77     opls_144    19.189670   12.676560    0.000000
78     opls_146     5.490350   18.494730    0.000000
79     opls_146    -1.617580   25.202570    0.000000
80     opls_146    -3.872770   15.692990    0.000000
81     opls_146    11.654150   11.200410    0.000000
82     opls_146    18.762080    4.492580    0.000000
83     opls_146    21.017270   14.002150    0.000000
84     opls_146     7.523010   17.271880    0.000000
85     opls_146    -1.574890   27.574320    0.000000
86     opls_146    -5.948110   14.544090    0.000000
87     opls_146     9.621490   12.423260    0.000000
88     opls_146    18.719390    2.120830    0.000000
89     opls_146    23.092610   15.151060    0.000000
90     opls_146     3.301340   14.895680    0.000000
91     opls_146     2.593960   25.106060    0.000000
92     opls_146    -5.895140   19.388260    0.000000
93     opls_146    13.843500   14.799470    0.000000
94     opls_146    14.550540    4.589090    0.000000
95     opls_146    23.039640   10.306890    0.000000
96     opls_910    14.933550   12.868090    0.000000
97     opls_910    15.678300    6.498490    0.000000
98     opls_910    20.822170   10.328270    0.000000
99     opls_910     2.210950   16.827050    0.000000
100    opls_910     1.466200   23.196660    0.000000
101    opls_910    -3.677670   19.366880    0.000000
102    opls_702     7.828350   13.842390    0.871140
103    opls_702     1.242460   29.553500    0.871140
104    opls_702    -9.070810   15.994400    0.871140
105    opls_702     9.316150   15.852750    0.871140
106    opls_702    15.902040    0.141650    0.871140
107    opls_702    26.215310   13.700750    0.871140
108    opls_702     9.316150   15.852750   -0.871140
109    opls_702    15.902040    0.141650   -0.871140
110    opls_702    26.215310   13.700750   -0.871140
111    opls_702     7.828350   13.842390   -0.871140
112    opls_702     1.242460   29.553500   -0.871140
113    opls_702    -9.070810   15.994400   -0.871140
114    opls_281    16.839160   12.539370    0.000000
115    opls_281    15.010010    8.313450    0.000000
116    opls_281    19.584330    8.842320    0.000000
117    opls_281     0.305340   17.155780    0.000000
118    opls_281     2.134490   21.381690    0.000000
119    opls_281    -2.439830   20.852820    0.000000
