0      opls_700    18.676400    1.217030    2.881610
1      opls_700    17.898160    2.476820    2.743970
2      opls_700    16.455650    4.870320    2.391150
3      opls_145    16.454840    3.885750    1.393570
4      opls_145    17.178660    2.707100    1.566960
5      opls_145    15.803120    0.402650    3.983700
6      opls_145    14.409130    0.345750    4.005170
7      opls_145    11.498930    0.305350    1.865410
8      opls_145    10.101330    0.318990    1.900020
9      opls_700     0.660830    1.257430    2.896680
10     opls_700     1.372750    2.564020    2.938030
11     opls_700     2.885120    0.094600    2.775610
12     opls_145    -1.524570    3.457020    3.748180
13     opls_145    -2.239360    4.649980    3.571600
14     opls_700     5.678070    0.125410    2.419140
15     opls_145     4.828720    0.626700    1.424070
16     opls_145     3.447550    0.599760    1.599970
17     opls_145     2.111540    2.903710    4.071410
18     opls_145     2.803860    4.110980    4.138690
19     opls_700     2.780120    5.017280    3.061270
20     opls_145     2.017150    4.676740    1.923090
21     opls_145     1.319000    3.463080    1.864490
22     opls_700     3.546830    6.302320    3.133230
23     opls_142     7.134430    0.150320    2.186130
24     opls_145     3.130960    7.441920    2.412630
25     opls_145     3.858940    8.636560    2.481960
26     opls_145     4.993250    8.727630    3.299990
27     opls_145     5.395120    7.618330    4.041720
28     opls_145     4.702420    6.408360    3.938470
29     opls_700     8.286470   16.802810    2.884920
30     opls_700     9.027980   15.597900    2.898400
31     opls_700     6.799810   16.759040    2.879210
32     opls_700     8.319850   14.292490    2.811930
33     opls_700     3.988420   16.641720    2.916670
34     opls_145     4.703230   16.166520    1.804870
35     opls_145     6.100220   16.225940    1.786370
36     opls_145     7.485510   13.853820    3.850630
37     opls_145     6.769870   12.657660    3.722250
38     opls_700     6.875460   11.890570    2.549920
39     opls_145     7.713110   12.329580    1.516020
40     opls_145     8.430790   13.519850    1.648970
41     opls_145    -7.401990   14.023330    1.810240
42     opls_145    -6.663010   12.836260    1.827600
43     opls_142     6.104080   10.647280    2.378820
44     opls_700     2.511670   16.603670    2.934950
45     opls_145    13.364850    9.816560    1.878090
46     opls_145    14.053040    8.599360    1.902420
47     opls_145    -0.309560   16.612090    3.004280
48     opls_145     0.425750   16.071750    4.064560
49     opls_145     1.824610   16.069390    4.036460
50     opls_142    15.692080    6.113450    2.166600
51     opls_700    -8.986130   15.638130    2.903760
52     opls_700     1.403800    0.050330    2.902960
53     opls_700    -8.207790   14.370760    2.904790
54     opls_700    -6.723610   11.979110    2.938600
55     opls_145    11.895220   12.327390    4.029950
56     opls_145    11.160420   13.514290    4.011110
57     opls_145    -5.990830   16.424910    3.778790
58     opls_145    -4.599940   16.437360    3.600610
59     opls_700    -5.962360   10.711750    2.952650
60     opls_145    -4.556850    8.263880    3.000960
61     opls_145    -4.455380    9.163610    4.067530
62     opls_145    -5.153560   10.376270    4.049710
63     opls_700    18.676400    1.217030    8.592510
64     opls_700    17.898160    2.476820    8.454870
65     opls_700    16.455650    4.870320    8.102050
66     opls_145    16.454840    3.885750    7.104470
67     opls_145    17.178660    2.707100    7.277860
68     opls_145    15.803120    0.402650    9.694600
69     opls_145    14.409130    0.345750    9.716070
70     opls_145    11.498930    0.305350    7.576310
71     opls_145    10.101330    0.318990    7.610920
72     opls_700     0.660830    1.257430    8.607580
73     opls_700     1.372750    2.564020    8.648930
74     opls_700     2.885120    0.094600    8.486510
75     opls_145    -1.524570    3.457020    9.459080
76     opls_145    -2.239360    4.649980    9.282500
77     opls_700     5.678070    0.125410    8.130040
78     opls_145     4.828720    0.626700    7.134970
79     opls_145     3.447550    0.599760    7.310870
80     opls_145     2.111540    2.903710    9.782310
81     opls_145     2.803860    4.110980    9.849590
82     opls_700     2.780120    5.017280    8.772170
83     opls_145     2.017150    4.676740    7.633990
84     opls_145     1.319000    3.463080    7.575390
85     opls_700     3.546830    6.302320    8.844130
86     opls_142     7.134430    0.150320    7.897030
87     opls_145     3.130960    7.441920    8.123530
88     opls_145     3.858940    8.636560    8.192860
89     opls_145     4.993250    8.727630    9.010890
90     opls_145     5.395120    7.618330    9.752620
91     opls_145     4.702420    6.408360    9.649250
92     opls_700     8.286470   16.802810    8.595820
93     opls_700     9.027980   15.597900    8.609300
94     opls_700     6.799810   16.759040    8.590110
95     opls_700     8.319850   14.292490    8.522830
96     opls_700     3.988420   16.641720    8.627570
97     opls_145     4.703230   16.166520    7.515770
98     opls_145     6.100220   16.225940    7.497270
99     opls_145     7.485510   13.853820    9.561530
100    opls_145     6.769870   12.657660    9.433150
101    opls_700     6.875460   11.890570    8.260820
102    opls_145     7.713110   12.329580    7.226800
103    opls_145     8.430790   13.519850    7.359870
104    opls_145    -7.401990   14.023330    7.521140
105    opls_145    -6.663010   12.836260    7.538500
106    opls_142     6.104080   10.647280    8.089720
107    opls_700     2.511670   16.603670    8.645850
108    opls_145    13.364850    9.816560    7.588990
109    opls_145    14.053040    8.599360    7.613320
110    opls_145    -0.309560   16.612090    8.715180
111    opls_145     0.425750   16.071750    9.775460
112    opls_145     1.824610   16.069390    9.747360
113    opls_142    15.692080    6.113450    7.877500
114    opls_700    -8.986130   15.638130    8.614660
115    opls_700     1.403800    0.050330    8.613860
116    opls_700    -8.207790   14.370760    8.615690
117    opls_700    -6.723610   11.979110    8.649500
118    opls_145    11.895220   12.327390    9.740850
119    opls_145    11.160420   13.514290    9.722010
120    opls_145    -5.990830   16.424910    9.489690
121    opls_145    -4.599940   16.437360    9.311510
122    opls_700    -5.962360   10.711750    8.663550
123    opls_145    -4.556850    8.263880    8.711860
124    opls_145    -4.455380    9.163610    9.778430
125    opls_145    -5.153560   10.376270    9.760610
126    opls_750    -1.745050   16.612600    3.107990
127    opls_750     5.737830    9.945670    3.408720
128    opls_750    -3.832140    7.023450    3.091420
129    opls_750    -1.745050   16.612600    8.818890
130    opls_750     5.737830    9.945670    9.119620
131    opls_750    -3.832140    7.023450    8.802320
132    opls_146    15.894970    4.029680    0.477430
133    opls_146    17.193420    1.970480    0.781140
134    opls_146    16.329920    0.815060    4.826510
135    opls_146    13.875720    0.740660    4.860660
136    opls_146    12.012420    0.744870    1.018820
137    opls_146     9.584810    0.772810    1.070110
138    opls_146    -0.955080    3.302490    4.655410
139    opls_146    -2.215460    5.404440    4.348280
140    opls_146     5.234480    1.035400    0.506560
141    opls_146     2.804760    0.954270    0.814260
142    opls_146     2.140950    2.228870    4.906920
143    opls_146     3.344980    4.332000    5.046840
144    opls_146     1.970930    5.334240    1.066800
145    opls_146     0.738340    3.221020    0.984100
146    opls_144     7.476200    0.487150    1.218590
147    opls_146     2.230840    7.426090    1.813320
148    opls_146     3.523770    9.502460    1.926520
149    opls_146     6.272020    7.688860    4.672430
150    opls_146     5.090720    5.556100    4.478370
151    opls_146     4.179440   15.733740    0.962290
152    opls_146     6.639950   15.848710    0.928360
153    opls_146     7.372760   14.451560    4.744730
154    opls_146     6.111420   12.341030    4.521780
155    opls_146     7.818950   11.744460    0.610500
156    opls_146     9.059220   13.856850    0.839960
157    opls_146    -7.340380   14.678130    0.951090
158    opls_146    -6.029680   12.593690    0.984100
159    opls_144     5.912800   10.284690    1.373360
160    opls_146    12.725790   10.047180    1.034240
161    opls_146    13.918370    7.930410    1.067940
162    opls_146    -0.096480   15.653110    4.915260
163    opls_146     2.371640   15.640820    4.867060
164    opls_144    15.218290    6.238860    1.204200
165    opls_146    11.815050   11.668040    4.884880
166    opls_146    10.540770   13.769480    4.855640
167    opls_146    -6.412320   16.008790    4.684190
168    opls_146    -3.960150   16.032530    4.375120
169    opls_146    -3.827670    8.916330    4.913890
170    opls_146    -5.051740   11.059690    4.883500
171    opls_146    15.894970    4.029680    6.188330
172    opls_146    17.193420    1.970480    6.492040
173    opls_146    16.329920    0.815060   10.537410
174    opls_146    13.875720    0.740660   10.571560
175    opls_146    12.012420    0.744870    6.729720
176    opls_146     9.584810    0.772810    6.781010
177    opls_146    -0.955080    3.302490   10.366310
178    opls_146    -2.215460    5.404440   10.059180
179    opls_146     5.234480    1.035400    6.217340
180    opls_146     2.804760    0.954270    6.525160
181    opls_146     2.140950    2.228870   10.617820
182    opls_146     3.344980    4.332000   10.757740
183    opls_146     1.970930    5.334240    6.777700
184    opls_146     0.738340    3.221020    6.695000
185    opls_144     7.476200    0.487150    6.929490
186    opls_146     2.230840    7.426090    7.524220
187    opls_146     3.523770    9.502460    7.637420
188    opls_146     6.272020    7.688860   10.383330
189    opls_146     5.090720    5.556100   10.189270
190    opls_146     4.179440   15.733740    6.673190
191    opls_146     6.639950   15.848710    6.639260
192    opls_146     7.372760   14.451560   10.455630
193    opls_146     6.111420   12.341030   10.232680
194    opls_146     7.818950   11.744460    6.321400
195    opls_146     9.059220   13.856850    6.550860
196    opls_146    -7.340380   14.678130    6.661990
197    opls_146    -6.029680   12.593690    6.695000
198    opls_144     5.912800   10.284690    7.084260
199    opls_146    12.725790   10.047180    6.745140
200    opls_146    13.918370    7.930410    6.778840
201    opls_146    -0.096480   15.653110   10.626160
202    opls_146     2.371640   15.640820   10.577960
203    opls_144    15.218290    6.238860    6.914990
204    opls_146    11.815050   11.668040   10.595780
205    opls_146    10.540770   13.769480   10.566540
206    opls_146    -6.412320   16.008790   10.395090
207    opls_146    -3.960150   16.032530   10.086020
208    opls_146    -3.827670    8.916330   10.624790
209    opls_146    -5.051740   11.059690   10.594400
