0      opls_238    14.519240    4.830510    1.914150
1      opls_238    18.337040   10.158770    1.914150
2      opls_238    11.813730   10.800950    1.914150
3      opls_238     0.370760   20.959730    1.914150
4      opls_238    -3.447040   15.631460    1.914150
5      opls_238     3.076270   14.989290    1.914150
6      opls_142    15.436460    5.800220    1.975400
7      opls_916    14.674090    3.510050    1.788150
8      opls_145    13.564790    2.723450    2.115400
9      opls_145    13.652640    1.343670    2.063250
10     opls_700    14.839370    0.701490    1.680000
11     opls_145    15.929320    1.506150    1.314600
12     opls_145    15.854870    2.888510    1.360800
13     opls_700    15.114840    7.177420    2.058700
14     opls_280    -1.369880   17.712730    2.080400
15     opls_142    17.038630   10.468260    1.975400
16     opls_916    19.403160   10.953110    1.788150
17     opls_145    20.639030   10.385730    2.115400
18     opls_145    21.790030   11.151700    2.063250
19     opls_700    21.752800   12.500530    1.680000
20     opls_145    20.510970   13.042120    1.314600
21     opls_145    19.351040   12.286470    1.360800
22     opls_700    16.006750    9.501120    2.058700
23     opls_280     0.235260   15.747520    2.080400
24     opls_142    12.194910    9.521760    1.975400
25     opls_916    10.592750   11.327070    1.788150
26     opls_145    10.466180   12.681060    2.115400
27     opls_145     9.227330   13.294870    2.063250
28     opls_700     8.077830   12.588210    1.680000
29     opls_145     8.229700   11.241960    1.314600
30     opls_145     9.464080   10.615260    1.360800
31     opls_700    13.548410    9.111690    2.058700
32     opls_280     1.134620   18.120220    2.080400
33     opls_142    -0.546460   19.990010    1.975400
34     opls_916     0.215910   22.280190    1.788150
35     opls_145     1.325210   23.066790    2.115400
36     opls_145     1.237360   24.446570    2.063250
37     opls_700     0.050630   25.088740    1.680000
38     opls_145    -1.039320   24.284090    1.314600
39     opls_145    -0.964870   22.901730    1.360800
40     opls_700    -0.224840   18.612810    2.058700
41     opls_280    16.259880    8.077500    2.080400
42     opls_142    -2.148630   15.321980    1.975400
43     opls_916    -4.513160   14.837120    1.788150
44     opls_145    -5.749030   15.404510    2.115400
45     opls_145    -6.900030   14.638540    2.063250
46     opls_700    -6.862800   13.289710    1.680000
47     opls_145    -5.620970   12.748110    1.314600
48     opls_145    -4.461040   13.503770    1.360800
49     opls_700    -1.116750   16.289110    2.058700
50     opls_280    14.654740   10.042720    2.080400
51     opls_142     2.695090   16.268480    1.975400
52     opls_916     4.297250   14.463160    1.788150
53     opls_145     4.423820   13.109180    2.115400
54     opls_145     5.662670   12.495370    2.063250
55     opls_700     6.812170   13.202020    1.680000
56     opls_145     6.660300   14.548270    1.314600
57     opls_145     5.425920   15.174980    1.360800
58     opls_700     1.341590   16.678550    2.058700
59     opls_280    13.755380    7.670020    2.080400
60     opls_281    -2.556610   18.174380    2.107350
61     opls_281     0.428830   14.488950    2.107350
62     opls_281     2.127780   18.917140    2.107350
63     opls_281    17.446610    7.615860    2.107350
64     opls_281    14.461170   11.301280    2.107350
65     opls_281    12.762220    6.873100    2.107350
66     opls_910    13.542460    5.238000    1.993250
67     opls_144    16.498120    5.544900    1.944600
68     opls_146    12.644590    3.208310    2.449300
69     opls_146    12.790510    0.747920    2.370550
70     opls_146    16.845060    1.039350    0.954100
71     opls_146    16.709560    3.481680    1.041600
72     opls_910    18.472530    9.109110    1.993250
73     opls_144    16.728920   11.515340    1.944600
74     opls_146    20.679230    9.346380    2.449300
75     opls_146    22.737030   10.702950    2.370550
76     opls_146    20.457370   14.068570    0.954100
77     opls_146    18.410000   12.730060    1.041600
78     opls_910    12.655010   11.443130    1.993250
79     opls_144    11.442960    8.730000    1.944600
80     opls_146    11.346180   13.235550    2.449300
81     opls_146     9.142460   14.339370    2.370550
82     opls_146     7.367570   10.682320    0.954100
83     opls_146     9.550450    9.578490    1.041600
84     opls_910     1.347540   20.552240    1.993250
85     opls_144    -1.608120   20.245340    1.944600
86     opls_146     2.245410   22.581930    2.449300
87     opls_146     2.099490   25.042320    2.370550
88     opls_146    -1.955060   24.750890    0.954100
89     opls_146    -1.819560   22.308550    1.041600
90     opls_910    -3.582530   16.681120    1.993250
91     opls_144    -1.838920   14.274900    1.944600
92     opls_146    -5.789230   16.443850    2.449300
93     opls_146    -7.847030   15.087290    2.370550
94     opls_146    -5.567370   11.721660    0.954100
95     opls_146    -3.520000   13.060180    1.041600
96     opls_910     2.234990   14.347110    1.993250
97     opls_144     3.447040   17.060240    1.944600
98     opls_146     3.543820   12.554690    2.449300
99     opls_146     5.747540   11.450870    2.370550
100    opls_146     7.522430   15.107920    0.954100
101    opls_146     5.339550   16.211740    1.041600
