0      opls_700     6.489430    1.959070    6.605010
1      opls_231     7.868520    2.262340    6.612470
2      opls_700     8.361960    3.614300    0.004000
3      opls_280     7.420810    4.694080    0.333460
4      opls_700     5.994020    4.419940    0.194020
5      opls_280     5.506220    3.049830    6.708860
6      opls_142     9.742090    3.864060    6.663580
7      opls_142     5.941430    0.610030    6.567250
8      opls_142     5.096730    5.492750    0.361730
9      opls_141    11.805710    6.791990    0.090700
10     opls_700    13.217990    7.272400    0.045010
11     opls_145    13.441540    8.650290    6.667310
12     opls_145    14.307300    6.395200    0.179780
13     opls_700    14.754470    9.148900    6.609280
14     opls_700    15.627280    6.881200    0.131240
15     opls_145    15.836120    8.253520    6.719910
16     opls_141    16.732450    5.880410    0.173950
17     opls_141    15.114790   10.585680    6.376150
18     opls_700    14.269240    8.553310    3.279250
19     opls_280    12.811120    8.331020    3.328060
20     opls_700    12.332950    6.940350    3.472660
21     opls_280    13.271020    5.855270    3.783210
22     opls_700    14.707760    6.090230    3.621800
23     opls_280    15.224790    7.440180    3.342300
24     opls_142    10.955790    6.692760    3.337960
25     opls_142    14.805790    9.844910    3.196550
26     opls_142    15.581680    5.000160    3.786190
27     opls_141     8.880960    3.757070    3.415240
28     opls_700     7.469590    3.266340    3.359990
29     opls_145     7.248330    1.882550    3.208820
30     opls_145     6.369920    4.127630    3.511370
31     opls_700     5.940510    1.366440    3.181430
32     opls_700     5.055940    3.623340    3.487370
33     opls_145     4.849470    2.246200    3.307930
34     opls_141     3.940250    4.609480    3.545470
35     opls_141    13.545500   13.201700    2.971960
36     opls_144    10.449240    2.984310    6.503730
37     opls_144     4.817190    0.448530    6.665820
38     opls_144     5.494690    6.546170    0.539750
39     opls_146    12.556600    9.364410    6.587320
40     opls_146    14.125750    5.279780    0.329870
41     opls_146    16.906140    8.641390    6.655110
42     opls_144    10.229230    7.563050    3.218580
43     opls_144    15.935500    9.990980    3.150920
44     opls_144    15.162380    3.956300    3.971060
45     opls_146     8.133530    1.171410    3.107470
46     opls_146     6.537480    5.245990    3.655290
47     opls_146     3.784110    1.842830    3.265150
48     opls_750    10.224420    5.099290    6.734620
49     opls_750    14.665690   12.856220    6.421430
50     opls_750    11.567770    5.413350    6.655450
51     opls_750    14.168870   11.587060    6.512270
52     opls_750     3.779700    5.304880    0.316990
53     opls_750    18.045180    6.319050    0.368380
54     opls_750    10.466150    5.448470    3.345890
55     opls_750    14.027590   10.932260    3.168620
56     opls_750     9.118830    5.132350    3.250030
57     opls_750    14.528740   12.225550    3.167530
58     opls_750    16.902230    5.172930    3.728300
59     opls_750     2.637200    4.159140    3.764430
60     opls_272    10.857480    7.524570    0.360310
61     opls_272    16.529930    4.678920    6.717470
62     opls_272    16.268160   10.892400    6.035630
63     opls_281     7.837850    5.810740    0.766990
64     opls_272     8.849900    1.339030    6.470510
65     opls_281     4.276490    2.808750    6.574640
66     opls_272     9.823370    3.005570    3.672850
67     opls_272     4.122920    5.809250    3.299110
68     opls_272    12.425720   12.847980    2.599110
69     opls_281    12.849810    4.741740    4.228730
70     opls_281    12.004870    9.282950    3.256200
71     opls_281    16.454630    7.658670    3.173970
