0      opls_507    15.702950   18.917800    2.714750
1      opls_700    15.223320   17.530520    2.711100
2      opls_543    13.846790   17.035420    2.717480
3      opls_145    16.454320   15.614470    1.640730
4      opls_145    17.536470   14.725890    1.610660
5      opls_145    18.477910   14.710460    2.648830
6      opls_145    18.286310   15.574180    3.749160
7      opls_145    17.190170   16.434290    3.792710
8      opls_700    16.287150   16.491810    2.723810
9      opls_142    20.542960   13.675960    3.426820
10     opls_716    17.029360   19.347150    2.707770
11     opls_716    13.422380   15.708070    2.728450
12     opls_145    21.952320   12.094450    2.037010
13     opls_145    23.149480   11.379660    1.862770
14     opls_700    24.183530   11.489310    2.811230
15     opls_145    24.019930   12.357430    3.892790
16     opls_145    22.830660   13.050370    4.080510
17     opls_700    21.781340   12.920680    3.164240
18     opls_507     9.741350    1.126700    2.714750
19     opls_700    10.220980    2.513980    2.711100
20     opls_543    11.597510    3.009080    2.717480
21     opls_145     8.989980    4.430030    1.640730
22     opls_145     7.907830    5.318610    1.610660
23     opls_145     6.966390    5.334040    2.648830
24     opls_145     7.157990    4.470320    3.749160
25     opls_145     8.254130    3.610210    3.792710
26     opls_700     9.157150    3.552690    2.723810
27     opls_142     4.901340    6.368540    3.426820
28     opls_716     8.414940    0.697350    2.707770
29     opls_716    12.021920    4.336430    2.728450
30     opls_145     3.491980    7.950050    2.037010
31     opls_145     2.294820    8.664840    1.862770
32     opls_700     1.260770    8.555190    2.811230
33     opls_145     1.424370    7.687070    3.892790
34     opls_145     2.613640    6.994130    4.080510
35     opls_700     3.662960    7.123820    3.164240
36     opls_507     9.741350   18.917800    2.742150
37     opls_700    10.220980   17.530520    2.745800
38     opls_543    11.597510   17.035420    2.739420
39     opls_145     8.989980   15.614470    3.816170
40     opls_145     7.907830   14.725890    3.846240
41     opls_145     6.966390   14.710460    2.808070
42     opls_145     7.157990   15.574180    1.707740
43     opls_145     8.254130   16.434290    1.664190
44     opls_700     9.157150   16.491810    2.733090
45     opls_142     4.901340   13.675960    2.030080
46     opls_716     8.414940   19.347150    2.749130
47     opls_716    12.021920   15.708070    2.728450
48     opls_145     3.491980   12.094450    3.419890
49     opls_145     2.294820   11.379660    3.594130
50     opls_700     1.260770   11.489310    2.645670
51     opls_145     1.424370   12.357430    1.564110
52     opls_145     2.613640   13.050370    1.376390
53     opls_700     3.662960   12.920680    2.292660
54     opls_507    15.702950    1.126700    2.742150
55     opls_700    15.223320    2.513980    2.745800
56     opls_543    13.846790    3.009080    2.739420
57     opls_145    16.454320    4.430030    3.816170
58     opls_145    17.536470    5.318610    3.846240
59     opls_145    18.477910    5.334040    2.808070
60     opls_145    18.286310    4.470320    1.707740
61     opls_145    17.190170    3.610210    1.664190
62     opls_700    16.287150    3.552690    2.733090
63     opls_142    20.542960    6.368540    2.030080
64     opls_716    17.029360    0.697350    2.749130
65     opls_716    13.422380    4.336430    2.728450
66     opls_145    21.952320    7.950050    3.419890
67     opls_145    23.149480    8.664840    3.594130
68     opls_700    24.183530    8.555190    2.645670
69     opls_145    24.019930    7.687070    1.564110
70     opls_145    22.830660    6.994130    1.376390
71     opls_700    21.781340    7.123820    2.292660
72     opls_141    25.444300   10.702960    2.728450
73     opls_141    25.444300    9.341540    2.728450
74     opls_146    15.762230   15.637720    0.808110
75     opls_146    17.662160   14.070040    0.758450
76     opls_146    18.987810   15.634510    4.565620
77     opls_146    17.079740   17.106180    4.635470
78     opls_144    20.436100   14.106720    4.410870
79     opls_146    21.161010   11.989020    1.305450
80     opls_146    23.265000   10.735230    1.001560
81     opls_146    24.810740   12.481910    4.606280
82     opls_547    14.045000   14.823910    2.737510
83     opls_547     7.525660    1.310910    2.675300
84     opls_146    22.733460   13.696010    4.945480
85     opls_146     9.682070    4.406780    0.808110
86     opls_146     7.782140    5.974460    0.758450
87     opls_146     6.456490    4.409990    4.565620
88     opls_146     8.364560    2.938320    4.635470
89     opls_144     5.008200    5.937780    4.410870
90     opls_146     4.283290    8.055480    1.305450
91     opls_146     2.179300    9.309270    1.001560
92     opls_146     0.633560    7.562590    4.606280
93     opls_547    11.399300    5.220590    2.737510
94     opls_547    17.918640   18.733590    2.675300
95     opls_146     2.710840    6.348490    4.945480
96     opls_146     9.682070   15.637720    4.648790
97     opls_146     7.782140   14.070040    4.698450
98     opls_146     6.456490   15.634510    0.891280
99     opls_146     8.364560   17.106180    0.821430
100    opls_144     5.008200   14.106720    1.046030
101    opls_146     4.283290   11.989020    4.151450
102    opls_146     2.179300   10.735230    4.455340
103    opls_146     0.633560   12.481910    0.850620
104    opls_547    11.399300   14.823910    2.719390
105    opls_547    17.918640    1.310910    2.781600
106    opls_146     2.710840   13.696010    0.511420
107    opls_146    15.762230    4.406780    4.648790
108    opls_146    17.662160    5.974460    4.698450
109    opls_146    18.987810    4.409990    0.891280
110    opls_146    17.079740    2.938320    0.821430
111    opls_144    20.436100    5.937780    1.046030
112    opls_146    21.161010    8.055480    4.151450
113    opls_146    23.265000    9.309270    4.455340
114    opls_146    24.810740    7.562590    0.850620
115    opls_547    14.045000    5.220590    2.719390
116    opls_547     7.525660   18.733590    2.781600
117    opls_146    22.733460    6.348490    0.511420
118    opls_545    12.722150   18.729980    2.728450
119    opls_545    12.722150    1.314520    2.728450
120    opls_750    19.647580   13.878210    2.506190
121    opls_750     5.796720    6.166290    2.506190
122    opls_750     5.796720   13.878210    2.950710
123    opls_750    19.647580    6.166290    2.950710
124    opls_542    12.722150    2.273850    2.728450
125    opls_542    12.722150   17.770650    2.728450
126    opls_542    10.480000    0.000000    2.728450
127    opls_542    14.964300    0.000000    2.728450
