0      opls_142    23.819910   16.676640    1.390050
1      opls_145    21.830760   15.776870    2.485700
2      opls_145    21.476760   15.121480    3.699710
3      opls_145    20.479970   14.137380    3.747540
4      opls_700    19.810890   13.808680    2.579720
5      opls_145    20.081600   14.564590    1.395900
6      opls_145    21.086240   15.531500    1.347040
7      opls_700    13.171300   12.751060    1.284520
8      opls_145    12.987650   13.838660    0.381130
9      opls_145    11.813690   14.609950    0.443540
10     opls_145    10.804270   14.298430    1.412830
11     opls_145    10.983480   13.209040    2.293960
12     opls_145    12.149250   12.446940    2.236780
13     opls_142     9.225780   16.126750    0.909970
14     opls_145    26.508170   19.048660    2.473070
15     opls_145    25.250920   18.460200    2.341790
16     opls_700    25.071360   17.452730    1.414990
17     opls_145    26.137790   17.120630    0.546700
18     opls_145    27.388560   17.717090    0.666380
19     opls_145    28.177460    2.625980    2.802780
20     opls_145    27.238700    3.657430    2.698590
21     opls_700    26.356950    3.709380    1.630750
22     opls_145    26.445700    2.726890    0.656840
23     opls_145    27.398800    1.706630    0.751380
24     opls_700     6.434770    1.372940    2.701050
25     opls_145     5.201410    0.759500    3.097170
26     opls_700     5.879020   18.443820    2.352770
27     opls_700     4.970990   19.323410    3.022440
28     opls_145     4.232610    1.569550    3.597260
29     opls_145     3.839010   18.795090    3.591820
30     opls_182     1.434420   18.260980    5.674630
31     opls_182    34.082420   18.230610    6.076190
32     opls_182    32.166330   16.712210    3.457360
33     opls_182    33.297280   16.849080    4.430550
34     opls_166    31.636530   19.979600    2.230110
35     opls_166    31.320760   18.620450    2.242320
36     opls_543    16.456960    7.066290    2.250020
37     opls_716    17.055040    5.852610    2.577670
38     opls_716    18.397630    6.064020    2.522040
39     opls_543    18.590850    7.385800    2.110010
40     opls_700    15.107540    7.203170    1.935100
41     opls_700    19.850490    7.982650    1.880080
42     opls_543    19.964510    9.282250    2.354520
43     opls_716    21.060980    9.812560    2.958290
44     opls_716    20.802560   11.137940    3.124780
45     opls_543    19.506390   11.399100    2.710390
46     opls_142    10.095930    3.381290    1.573370
47     opls_145    12.308670    4.054470    2.143470
48     opls_145    12.712850    4.620350    0.896620
49     opls_145    13.696670    5.605840    0.819330
50     opls_700    14.275290    6.061820    1.989200
51     opls_145    13.948260    5.415610    3.221470
52     opls_145    12.976040    4.411340    3.293120
53     opls_700    20.979390    7.242930    1.332050
54     opls_145    20.831920    5.945130    0.815430
55     opls_145    21.938970    5.119690    0.586010
56     opls_145    23.223880    5.595250    0.777650
57     opls_145    23.398320    6.962790    0.975150
58     opls_145    22.284780    7.788030    1.179520
59     opls_142    25.325680    4.763010    1.575530
60     opls_145     7.675640    0.805660    3.053540
61     opls_145     8.876570    1.410700    2.621600
62     opls_700     8.862570    2.626980    1.888600
63     opls_145     7.637750    3.190060    1.525750
64     opls_145     6.439550    2.578030    1.931200
65     opls_145     6.129930   17.148210    2.890130
66     opls_145     7.174510   16.364930    2.386950
67     opls_700     8.005060   16.854680    1.333690
68     opls_145     7.702950   18.092540    0.729720
69     opls_145     6.620470   18.852440    1.192960
70     opls_700    27.596790   18.661820    1.653850
71     opls_700    28.970790   19.166550    1.869610
72     opls_700    28.260410    1.637690    1.833990
73     opls_700    29.281100    0.565680    1.942900
74     opls_145    30.002400   18.219420    2.030870
75     opls_145    30.614480    0.951320    2.111040
76     opls_182    33.544770    1.228670    1.387680
77     opls_182    33.833220    2.624580    1.893730
78     opls_182     1.693860    2.927500    4.791770
79     opls_182     0.395300    2.586220    4.087200
80     opls_166     2.927220   19.584370    4.488960
81     opls_166     2.881140    1.077210    4.079910
82     opls_543    17.639460   12.865550    2.109090
83     opls_716    17.028410   14.108810    2.074090
84     opls_716    15.736680   13.908790    1.754750
85     opls_543    15.588180   12.551840    1.560640
86     opls_700    18.957130   12.681120    2.536920
87     opls_700    14.356870   11.965980    1.271280
88     opls_543    14.242860   10.586050    1.140610
89     opls_716    13.071970    9.943440    0.833190
90     opls_716    13.270980    8.614670    1.080670
91     opls_543    14.586270    8.433630    1.475450
92     opls_142     6.751560   16.676640    6.522290
93     opls_145     4.762410   15.776870    7.618050
94     opls_145     4.408410   15.121480    8.831950
95     opls_145     3.411620   14.137380    8.879890
96     opls_700     2.742880   13.808880    7.712070
97     opls_145     3.013250   14.564590    6.528250
98     opls_145     4.017890   15.531500    6.479390
99     opls_700    30.239650   12.750860    6.416870
100    opls_145    30.056000   13.838660    5.513480
101    opls_145    28.882040   14.609950    5.575990
102    opls_145    27.872620   14.298430    6.545290
103    opls_145    28.051830   13.209040    7.426310
104    opls_145    29.217600   12.446940    7.369130
105    opls_142    26.294130   16.126750    6.042320
106    opls_145     9.439820   19.048660    7.605320
107    opls_145     8.182570   18.460200    7.474140
108    opls_700     8.003010   17.452530    6.547340
109    opls_145     9.069440   17.120630    5.679050
110    opls_145    10.320210   17.717090    5.798630
111    opls_145    11.109110    2.625980    7.935130
112    opls_145    10.170350    3.657430    7.830940
113    opls_700     9.288600    3.709380    6.763100
114    opls_145     9.377350    2.726890    5.789190
115    opls_145    10.330450    1.706630    5.883730
116    opls_700    23.502780    1.372940    7.833400
117    opls_145    22.270100    0.759500    8.229520
118    opls_700    22.947370   18.443820    7.485120
119    opls_700    22.039340   19.323410    8.154790
120    opls_145    21.300620    1.569550    8.729720
121    opls_145    20.907360   18.795090    8.724280
122    opls_182    18.502770   18.260980    0.542280
123    opls_182    17.014070   18.230610    0.943840
124    opls_182    15.097980   16.712210    8.589710
125    opls_182    16.228930   16.849080    9.562900
126    opls_166    14.568180   19.979600    7.362460
127    opls_166    14.252410   18.620450    7.374670
128    opls_543    33.525650    7.066490    7.382470
129    opls_716    34.123050    5.852610    7.710020
130    opls_716     1.329970    6.063820    7.654390
131    opls_543     1.521130    7.386200    7.242360
132    opls_700    32.175210    7.202770    7.067450
133    opls_700     2.783170    7.982450    7.012430
134    opls_543     2.895470    9.282650    7.486870
135    opls_716     3.992970    9.812560    8.090640
136    opls_716     3.734210   11.137740    8.257030
137    opls_543     2.438380   11.399700    7.842740
138    opls_142    27.164280    3.381290    6.705720
139    opls_145    29.376680    4.054270    7.275820
140    opls_145    29.781200    4.620550    6.028970
141    opls_145    30.764680    5.605640    5.951680
142    opls_700    31.343980    6.062220    7.121550
143    opls_145    31.016260    5.415610    8.353930
144    opls_145    30.044390    4.411540    8.425470
145    opls_700     3.910360    7.242930    6.464400
146    opls_145     3.763910    5.944930    5.947780
147    opls_145     4.870280    5.119690    5.718360
148    opls_145     6.155530    5.595250    5.910000
149    opls_145     6.329970    6.962790    6.107500
150    opls_145     5.216770    7.788030    6.311870
151    opls_142     8.257330    4.763010    6.707880
152    opls_145    24.744330    0.805660    8.185890
153    opls_145    25.944920    1.410700    7.753950
154    opls_700    25.930920    2.626980    7.020950
155    opls_145    24.706100    3.190060    6.658200
156    opls_145    23.508240    2.578030    7.063550
157    opls_145    23.198280   17.148410    8.022480
158    opls_145    24.242860   16.364930    7.519300
159    opls_700    25.073410   16.854680    6.466040
160    opls_145    24.771300   18.092540    5.862070
161    opls_145    23.688820   18.852440    6.325310
162    opls_700    10.528440   18.661820    6.786100
163    opls_700    11.902440   19.166550    7.001960
164    opls_700    11.192060    1.637690    6.966340
165    opls_700    12.212750    0.565680    7.075250
166    opls_145    12.934050   18.219420    7.163220
167    opls_145    13.546130    0.951320    7.243390
168    opls_182    16.476420    1.228670    6.520030
169    opls_182    16.764870    2.624580    7.026080
170    opls_182    18.762210    2.927500    9.924120
171    opls_182    17.463650    2.586420    9.219550
172    opls_166    19.995570   19.584370    9.621310
173    opls_166    19.949830    1.077210    9.212260
174    opls_543     0.571450   12.865750    7.241440
175    opls_716    34.096760   14.108610    7.206440
176    opls_716    32.805030   13.908990    6.887100
177    opls_543    32.656530   12.551040    6.692990
178    opls_700     1.888440   12.680720    7.669270
179    opls_700    31.425220   11.966380    6.403740
180    opls_543    31.311210   10.585650    6.273070
181    opls_716    30.140320    9.943440    5.965640
182    opls_716    30.338990    8.614470    6.213020
183    opls_543    31.655300    8.434230    6.607800
184    opls_750    22.991410   16.623490    2.415800
185    opls_750     9.607430   15.077720    1.593900
186    opls_542    17.395720    8.034200    2.050580
187    opls_542    18.921630   10.260350    2.324240
188    opls_750    11.152460    3.211640    2.287900
189    opls_750    24.321370    4.671500    0.784430
190    opls_542    16.761120   11.889250    1.796630
191    opls_542    15.239310    9.620340    1.475550
192    opls_750     5.923060   16.623490    7.548150
193    opls_750    26.675780   15.077720    6.726250
194    opls_542     0.328050    8.033800    7.182930
195    opls_542     1.853620   10.259750    7.456590
196    opls_750    28.220810    3.211640    7.420350
197    opls_750     7.252680    4.671500    5.916780
198    opls_542    33.829470   11.889450    6.928980
199    opls_542    32.307310    9.619940    6.607900
200    opls_179     1.622520   19.070640    4.507020
201    opls_180    33.252220   18.145690    4.957750
202    opls_179    32.351010   17.677720    2.384800
203    opls_179    32.961370    0.389840    2.429960
204    opls_180     0.625380    2.585620    2.792610
205    opls_179     2.430190    1.786550    5.203280
206    opls_179    18.690870   19.070640    9.639370
207    opls_180    16.183870   18.145690   10.090100
208    opls_179    15.282660   17.677720    7.517150
209    opls_179    15.893020    0.389840    7.562310
210    opls_180    17.693730    2.585620    7.924960
211    opls_179    19.498540    1.786550    0.070930
212    F2_Co4+2    17.079620    9.954830    1.897220
213    F2_Co4+2     0.011270    9.955030    7.029680
214    opls_144    23.685070   16.014850    0.564870
215    opls_146    22.023970   15.320090    4.592220
216    opls_146    20.262520   13.601080    4.683680
217    opls_146    19.569200   14.351180    0.484290
218    opls_146    21.299250   16.066410    0.413260
219    opls_146    13.749580   14.086830   -0.373530
220    opls_146    11.714690   15.443380   -0.258360
221    opls_146    10.219160   12.961460    3.046970
222    opls_146    12.264970   11.627490    2.956750
223    opls_144     9.822150   16.524380    0.074730
224    opls_146    26.639940   19.776790    3.238920
225    opls_146    24.426170   18.765520    2.986510
226    opls_146    26.018310   16.359140   -0.190000
227    opls_146    28.205790   17.416760    0.007700
228    opls_146    28.835950    2.589020    3.644580
229    opls_146    27.186130    4.403550    3.462690
230    opls_146    25.775940    2.750870   -0.173680
231    opls_146    27.466050    0.967110   -0.014680
232    opls_146     4.407730    2.633180    3.661110
233    opls_146     3.593570   17.749460    3.484560
234    opls_185     1.989490   18.625650    6.548980
235    opls_185     1.780570   17.227540    5.471600
236    opls_185    33.871800   17.421360    6.839270
237    opls_185    33.836300   19.185130    6.569510
238    opls_185    32.190570   15.693750    3.041940
239    opls_185    31.197530   16.830900    4.019350
240    opls_185    34.261640   16.688030    3.878720
241    opls_185    33.169610   16.060810    5.222880
242    opls_547    16.581560    4.895090    2.784610
243    opls_547    19.146590    5.320900    2.771980
244    opls_547    21.961500    9.303030    3.268080
245    opls_547    21.523870   11.828910    3.492360
246    opls_144    10.042330    4.215920    0.861620
247    opls_146    12.239370    4.335010   -0.010470
248    opls_146    13.964980    6.056620   -0.148430
249    opls_146    14.387590    5.740510    4.136260
250    opls_146    12.679050    3.973940    4.258410
251    opls_146    19.868240    5.543700    0.588480
252    opls_146    21.790820    4.092430    0.314510
253    opls_146    24.391350    7.391190    0.967350
254    opls_146    22.476970    8.845450    1.197790
255    opls_144    25.349230    5.552090    2.297240
256    opls_146     7.719330   -0.099710    3.672200
257    opls_146     9.815330    0.945330    2.883560
258    opls_146     7.605320    4.123400    0.950100
259    opls_146     5.513080    3.035010    1.612070
260    opls_146     5.584760   16.768760    3.763140
261    opls_146     7.367720   15.402020    2.866620
262    opls_146     8.342330   18.500160   -0.062200
263    opls_146     6.408820   19.793170    0.678910
264    opls_146    29.782220   17.160600    2.000800
265    opls_146    30.859580    2.001960    2.148200
266    opls_185    32.894470    1.331170    0.501230
267    opls_185    34.496160    0.761700    1.036940
268    opls_185    34.207360    3.251210    1.029450
269    opls_185    32.898220    3.108940    2.269940
270    opls_185     2.321300    3.632650    4.165110
271    opls_185     1.414620    3.473400    5.710250
272    opls_185    -0.361510    3.365900    4.339920
273    opls_185     0.008190    1.596730    4.451900
274    opls_547    17.452050   15.060730    2.326600
275    opls_547    14.981570   14.684280    1.728060
276    opls_547    12.132180   10.391830    0.543820
277    opls_547    12.491640    7.873350    1.031910
278    opls_144     6.616720   16.014850    5.697220
279    opls_146     4.955620   15.320090    9.724570
280    opls_146     3.194170   13.601080    9.815930
281    opls_146     2.500850   14.351180    5.616640
282    opls_146     4.230900   16.066410    5.545610
283    opls_146    30.817930   14.086830    4.758820
284    opls_146    28.783040   15.443380    4.873990
285    opls_146    27.287510   12.961460    8.179320
286    opls_146    29.333320   11.627490    8.089100
287    opls_144    26.890500   16.524380    5.207080
288    opls_146     9.571590   19.776790    8.371270
289    opls_146     7.357820   18.765520    8.118860
290    opls_146     8.949960   16.359140    4.942250
291    opls_146    11.137440   17.416760    5.139950
292    opls_146    11.767600    2.589020    8.776930
293    opls_146    10.117780    4.403550    8.595040
294    opls_146     8.707590    2.750870    4.958570
295    opls_146    10.397700    0.967110    5.117670
296    opls_146    21.476080    2.633180    8.793460
297    opls_146    20.661920   17.749460    8.616910
298    opls_185    19.057840   18.625650    1.416630
299    opls_185    18.848920   17.227540    0.339250
300    opls_185    16.803450   17.421360    1.706920
301    opls_185    16.767950   19.185130    1.437160
302    opls_185    15.122220   15.693750    8.174290
303    opls_185    14.129180   16.830900    9.151700
304    opls_185    17.193290   16.688030    9.011070
305    opls_185    16.101260   16.060810   10.355230
306    opls_547    33.649910    4.895090    7.916960
307    opls_547     2.078240    5.321100    7.904230
308    opls_547     4.893150    9.303230    8.400430
309    opls_547     4.455860   11.828910    8.624610
310    opls_144    27.110680    4.215920    5.993970
311    opls_146    29.307720    4.335010    5.121880
312    opls_146    31.033330    6.056620    4.983920
313    opls_146    31.455940    5.740510    9.268610
314    opls_146    29.747400    3.973940    9.390760
315    opls_146     2.799890    5.543700    5.720830
316    opls_146     4.722470    4.092430    5.446860
317    opls_146     7.323000    7.391190    6.099700
318    opls_146     5.408620    8.845450    6.330140
319    opls_144     8.280880    5.552090    7.429590
320    opls_146    24.787680   -0.099710    8.804550
321    opls_146    26.883680    0.945330    8.015910
322    opls_146    24.673670    4.123400    6.082450
323    opls_146    22.581430    3.035210    6.744420
324    opls_146    22.653110   16.768760    8.895490
325    opls_146    24.436070   15.402020    7.999080
326    opls_146    25.410680   18.500160    5.070150
327    opls_146    23.477170   19.793170    5.811260
328    opls_146    12.713870   17.160600    7.133150
329    opls_146    13.791230    2.001960    7.280550
330    opls_185    15.826120    1.331170    5.633580
331    opls_185    17.427810    0.761700    6.169290
332    opls_185    17.139010    3.251210    6.161800
333    opls_185    15.829870    3.108940    7.402290
334    opls_185    19.389650    3.632650    9.297460
335    opls_185    18.482970    3.473400   10.842600
336    opls_185    16.706840    3.365900    9.472270
337    opls_185    17.076540    1.596730    9.584250
338    opls_547    34.520400   15.060730    7.458950
339    opls_547    32.049920   14.684280    6.860510
340    opls_547    29.200530   10.391830    5.676170
341    opls_547    29.559990    7.873350    6.164260
