0      opls_750    -5.542800   16.347140    3.724670
1      opls_520    11.482970   18.564630    3.454870
2      opls_750     0.092510    6.906970    3.724670
3      opls_520     1.137370    0.662230    3.454870
4      opls_750     5.450280   16.507380    3.724670
5      opls_520    21.814110    0.653880    3.454870
6      opls_239    -0.000110   13.253890    0.415520
7      opls_700    -9.078180   18.505190    3.493380
8      opls_523    -9.007820   17.204390    3.070940
9      opls_145    -7.831770   16.520500    3.141030
10     opls_145    -6.714830   17.107970    3.653750
11     opls_145    -6.774400   18.417910    0.097280
12     opls_523    -7.945980   19.109170    0.015280
13     opls_142    -4.512180   16.618110    0.454820
14     opls_145    -3.365280   15.751710    0.430160
15     opls_145    -3.400980   14.543560    3.751500
16     opls_145    -2.306650   13.732820    3.751390
17     opls_916    -1.142880   14.103600    0.417660
18     opls_145    -1.122680   15.323080    1.045940
19     opls_145    -2.216430   16.134410    1.057770
20     opls_531    10.334010   19.214730    3.453410
21     opls_700    -0.008720    2.766210    3.493380
22     opls_523     1.082620    3.477540    3.070940
23     opls_145     1.086870    4.837980    3.141030
24     opls_145     0.019630    5.511540    3.653750
25     opls_145    -1.085030    4.804980    0.097280
26     opls_523    -1.097890    3.444740    0.015280
27     opls_142    -0.657470    7.664020    0.454820
28     opls_145    -0.480590    9.090470    0.430160
29     opls_145     0.583550    9.663630    3.751500
30     opls_145     0.738500   11.016710    3.751390
31     opls_916    -0.164480   11.839180    0.417660
32     opls_145    -1.230690   11.246930    1.045940
33     opls_145    -1.386450    9.894050    1.057770
34     opls_531   -10.329300   19.222890    3.453410
35     opls_700     9.086910   18.490080    3.493380
36     opls_523     7.925200   19.079550    3.070940
37     opls_145     6.744910   18.403000    3.141030
38     opls_145     6.695200   17.141970    3.653750
39     opls_145     7.859430   16.538590    0.097280
40     opls_523     9.043860   17.207570    0.015280
41     opls_142     5.169640   15.479340    0.454820
42     opls_145     3.845870   14.919300    0.430160
43     opls_145     2.817430   15.554290    3.751500
44     opls_145     1.568140   15.011950    3.751390
45     opls_916     1.307360   13.818700    0.417660
46     opls_145     2.353370   13.191470    1.045940
47     opls_145     3.602880   13.733020    1.057770
48     opls_531    -0.004710    1.323860    3.453410
49     opls_526    -9.862260   16.724080    2.678100
50     opls_146    -7.784140   15.521890    2.806370
51     opls_146    -5.924560   18.916520    0.463680
52     opls_526    -7.976510   20.110760    0.347410
53     opls_144    -4.479690   17.467220    1.079580
54     opls_146    -4.278250   14.227650    3.255880
55     opls_146    -2.381260   12.805980    3.278840
56     opls_146    -0.254930   15.661050    1.515600
57     opls_146    -2.164430   17.061850    1.560010
58     opls_526     1.925800    2.977740    2.678100
59     opls_146     1.927870    5.378540    2.806370
60     opls_146    -1.941760    5.291660    0.463680
61     opls_526    -1.950020    2.917500    0.347410
62     opls_144    -1.409060    7.267600    1.079580
63     opls_146     1.295770    9.061840    3.255880
64     opls_146     1.578480   11.415520    3.278840
65     opls_146    -1.957250   11.829440    1.515600
66     opls_146    -2.215630    9.475360    1.560010
67     opls_526     7.936450   20.059670    2.678100
68     opls_146     5.856270   18.861060    2.806370
69     opls_146     7.866320   15.553300    0.463680
70     opls_526     9.926530   16.733220    0.347410
71     opls_144     5.888750   15.026660    1.079580
72     opls_146     2.982480   16.471990    3.255880
73     opls_146     0.802780   15.539980    3.278840
74     opls_146     2.212180   12.270990    1.515600
75     opls_146     4.380060   13.224270    1.560010
