0      opls_750     9.786170   23.708040    4.839230
1      opls_750    16.908580   19.011660    5.120940
2      opls_750    17.053370    9.558040    4.776020
3      opls_750     9.932730    4.862790    4.494490
4      opls_750    34.553370   23.708040    4.776020
5      opls_750    27.430980   19.011660    4.494490
6      opls_750    27.286170    9.558040    4.839230
7      opls_750    34.406820    4.862790    5.120750
8      opls_750    26.009460   23.708040   14.144100
9      opls_750    18.887060   19.011660   13.862390
10     opls_750    18.742260    9.558040   14.207320
11     opls_750    25.862910    4.862790   14.488840
12     opls_750     1.242260   23.708040   14.207320
13     opls_750     8.364660   19.011660   14.488840
14     opls_750     8.509460    9.558040   14.144100
15     opls_750     1.388810    4.862790   13.862580
16     opls_142     9.602330   24.866930    5.313060
17     opls_142    17.046640   17.864370    4.606880
18     opls_700    20.881470   15.644240    4.846260
19     opls_145    19.712280   15.021640    5.559840
20     opls_145    18.376260   15.689240    5.549970
21     opls_700    18.196860   16.978020    4.810190
22     opls_145    19.356240   17.600620    4.088060
23     opls_145    20.695460   16.937550    4.107610
24     opls_145     8.366230   25.591410    5.156630
25     opls_145     8.277390   26.796420    4.515190
26     opls_145     7.077030   27.425530    4.393310
27     opls_145     5.945480   26.859250    4.910990
28     opls_145     6.029040   25.658190    5.551870
29     opls_145     7.229070   25.028800    5.674120
30     opls_136    14.624820   18.922230    5.529850
31     opls_136    10.739430   21.830340    3.967330
32     opls_136    15.914300   20.877760    6.074670
33     opls_136    12.043890   23.808790    4.518600
34     opls_139    15.728870   19.787360    5.082600
35     opls_136    15.605570   20.244970    3.618790
36     opls_139    10.941900   22.916770    4.998500
37     opls_136    11.070280   22.467940    6.416560
38     opls_142    17.237220   10.716930    4.302190
39     opls_145    18.504700   11.386220    4.447420
40     opls_142     9.792920    3.714370    5.008560
41     opls_145    18.667610   12.618970    3.883420
42     opls_145    19.852440   13.275530    4.010610
43     opls_145    20.894420   12.709250    4.704450
44     opls_145    20.736740   11.479900    5.267880
45     opls_145    19.552270   10.823340    5.140880
46     opls_700     5.958090    1.494240    4.769180
47     opls_145     7.158690    0.890320    5.448030
48     opls_145     8.450600    1.636020    5.516180
49     opls_700     8.545310    2.999800    4.919910
50     opls_145     7.349250    3.612500    4.249230
51     opls_145     6.059740    2.861410    4.171590
52     opls_136    16.024850    7.703260    5.680950
53     opls_136    12.200350    4.749870    4.051420
54     opls_136    14.720060    9.651430    5.146570
55     opls_136    10.880250    6.720680    3.510780
56     opls_139    15.837090    8.802710    4.700080
57     opls_136    15.732420    8.360390    3.229820
58     opls_139    11.084700    5.624910    4.530940
59     opls_136    11.194810    6.059310    5.955450
60     opls_142    34.737220   24.866930    4.302190
61     opls_142    27.292920   17.864370    5.008560
62     opls_700    23.458090   15.644240    4.769180
63     opls_145    24.627280   15.021640    4.055600
64     opls_145    25.963290   15.689240    4.065280
65     opls_700    26.143040   16.978020    4.805060
66     opls_145    24.983320   17.600620    5.527380
67     opls_145    23.644090   16.937550    5.507630
68     opls_145     0.973680   25.591410    4.458810
69     opls_145     1.062160   26.796420    5.100060
70     opls_145     2.262520   27.425530    5.222130
71     opls_145     3.394420   26.859250    4.704450
72     opls_145     3.310510   25.658190    4.063380
73     opls_145     2.110480   25.028800    3.941130
74     opls_136    29.714740   18.922230    4.085590
75     opls_136    33.600130   21.830340    5.648110
76     opls_136    28.425240   20.877760    3.540580
77     opls_136    32.295670   23.808790    5.096840
78     opls_139    28.610680   19.787360    4.532840
79     opls_136    28.733980   20.244970    5.996650
80     opls_139    33.397660   22.916770    4.616940
81     opls_136    33.269270   22.467940    3.198880
82     opls_142    27.102330   10.716930    5.313060
83     opls_145    25.834850   11.386220    5.168020
84     opls_142    34.546640    3.714370    4.606880
85     opls_145    25.671940   12.618970    5.732020
86     opls_145    24.487110   13.275530    5.604830
87     opls_145    23.445480   12.709250    4.910990
88     opls_145    23.602810   11.479900    4.347370
89     opls_145    24.787290   10.823340    4.474560
90     opls_700     3.381470    1.494240    4.846260
91     opls_145     2.180870    0.890320    4.167410
92     opls_145     0.888950    1.636020    4.099070
93     opls_700     0.794240    2.999800    4.695340
94     opls_145     1.990300    3.612500    5.366020
95     opls_145     3.279810    2.861410    5.443850
96     opls_136    28.314700    7.703260    3.934490
97     opls_136    32.139200    4.749870    5.564020
98     opls_136    29.619490    9.651430    4.468680
99     opls_136    33.459300    6.720680    6.104470
100    opls_139    28.502460    8.802710    4.915160
101    opls_136    28.607140    8.360390    6.385610
102    opls_139    33.254850    5.624910    5.084500
103    opls_136    33.144750    6.059310    3.659990
104    opls_137     4.669950   27.552310    4.807720
105    opls_701     4.669950    0.747690    4.807720
106    opls_700    22.169950   14.897690    4.807720
107    opls_700    22.169950   13.402310    4.807720
108    opls_142    26.193300   24.866930   13.670280
109    opls_142    18.749000   17.864370   14.376460
110    opls_700    14.914170   15.644240   14.137080
111    opls_145    16.083360   15.021640   13.423490
112    opls_145    17.419370   15.689240   13.433370
113    opls_700    17.598780   16.978020   14.173150
114    opls_145    16.439400   17.600620   14.895270
115    opls_145    15.100180   16.937550   14.875720
116    opls_145    27.429410   25.591410   13.826700
117    opls_145    27.518250   26.796420   14.468150
118    opls_145    28.718600   27.425530   14.590020
119    opls_145    29.850160   26.859250   14.072350
120    opls_145    29.766600   25.658190   13.431470
121    opls_145    28.566570   25.028800   13.309220
122    opls_136    21.170820   18.922230   13.453490
123    opls_136    25.056210   21.830340   15.016010
124    opls_136    19.881330   20.877760   12.908670
125    opls_136    23.751750   23.808790   14.464730
126    opls_139    20.066760   19.787360   13.900740
127    opls_136    20.190070   20.244970   15.364540
128    opls_139    24.853740   22.916770   13.984830
129    opls_136    24.725350   22.467940   12.566780
130    opls_142    18.558420   10.716930   14.681140
131    opls_145    17.290940   11.386220   14.535920
132    opls_142    26.002720    3.714370   13.974770
133    opls_145    17.128020   12.618970   15.099910
134    opls_145    15.943190   13.275530   14.972720
135    opls_145    14.901210   12.709250   14.278880
136    opls_145    15.058900   11.479900   13.715460
137    opls_145    16.243370   10.823340   13.842460
138    opls_700    29.837550    1.494240   14.214150
139    opls_145    28.636950    0.890320   13.535310
140    opls_145    27.345040    1.636020   13.467160
141    opls_700    27.250330    2.999800   14.063420
142    opls_145    28.446390    3.612500   14.734100
143    opls_145    29.735900    2.861410   14.811750
144    opls_136    19.770780    7.703260   13.302380
145    opls_136    23.595280    4.749870   14.931910
146    opls_136    21.075580    9.651430   13.836760
147    opls_136    24.915390    6.720680   15.472560
148    opls_139    19.958550    8.802710   14.283250
149    opls_136    20.063220    8.360390   15.753510
150    opls_139    24.710930    5.624910   14.452390
151    opls_136    24.600830    6.059310   13.027880
152    opls_142     1.058420   24.866930   14.681140
153    opls_142     8.502720   17.864370   13.974770
154    opls_700    12.337550   15.644240   14.214150
155    opls_145    11.168360   15.021640   14.927730
156    opls_145     9.832350   15.689240   14.918050
157    opls_700     9.652600   16.978020   14.178270
158    opls_145    10.812320   17.600620   13.455960
159    opls_145    12.151550   16.937550   13.475700
160    opls_145    34.821960   25.591410   14.524530
161    opls_145    34.733480   26.796420   13.883270
162    opls_145    33.533120   27.425530   13.761210
163    opls_145    32.401210   26.859250   14.278880
164    opls_145    32.485130   25.658190   14.919950
165    opls_145    33.685160   25.028800   15.042200
166    opls_136     6.080900   18.922230   14.897740
167    opls_136     2.195510   21.830340   13.335220
168    opls_136     7.370390   20.877760   15.442750
169    opls_136     3.499970   23.808790   13.886500
170    opls_139     7.184960   19.787360   14.450490
171    opls_136     7.061650   20.244970   12.986690
172    opls_139     2.397980   22.916770   14.366400
173    opls_136     2.526360   22.467940   15.784450
174    opls_142     8.693300   10.716930   13.670280
175    opls_145     9.960780   11.386220   13.815310
176    opls_142     1.249000    3.714370   14.376460
177    opls_145    10.123690   12.618970   13.251320
178    opls_145    11.308530   13.275530   13.378500
179    opls_145    12.350160   12.709250   14.072350
180    opls_145    12.192830   11.479900   14.635960
181    opls_145    11.008350   10.823340   14.508770
182    opls_700    32.414170    1.494240   14.137080
183    opls_145    33.614770    0.890320   14.815920
184    opls_145    34.906690    1.636020   14.884260
185    opls_700    35.001390    2.999800   14.288000
186    opls_145    33.805330    3.612500   13.617310
187    opls_145    32.515820    2.861410   13.539480
188    opls_136     7.480930    7.703260   15.048850
189    opls_136     3.656440    4.749870   13.419320
190    opls_136     6.176140    9.651430   14.514660
191    opls_136     2.336330    6.720680   12.878860
192    opls_139     7.293180    8.802710   14.068170
193    opls_136     7.188500    8.360390   12.597720
194    opls_139     2.540780    5.624910   13.898840
195    opls_136     2.650890    6.059310   15.323350
196    opls_137    31.125680   27.552310   14.175610
197    opls_701    31.125680    0.747690   14.175610
198    opls_700    13.625680   14.897690   14.175610
199    opls_700    13.625680   13.402310   14.175610
200    F2_Mo4f2    12.058370   19.568880    7.511330
201    F2_Mo4f2    12.868290   20.507590    1.833410
202    F2_Mo4f2    11.595240   18.726110    4.302760
203    F2_Mo4f2    13.794680   22.202480    8.245220
204    F2_Mo4f2    14.604590   23.141190    2.567120
205    F2_Mo4f2    15.064290   23.987930    5.769040
206    F2_Mo4f2    13.899460    6.332410    7.814110
207    F2_Mo4f2    14.771930    5.465860    2.133730
208    F2_Mo4f2    15.210730    4.588280    5.329570
209    F2_Mo4f2    12.142050    8.955820    7.094640
210    F2_Mo4f2    13.014520    8.089560    1.414260
211    F2_Mo4f2    11.699820    9.829720    3.891960
212    F2_Mo4f2    32.281190   19.568880    2.104110
213    F2_Mo4f2    31.471260   20.507590    7.782030
214    F2_Mo4f2    32.744310   18.726110    5.312490
215    F2_Mo4f2    30.544880   22.202480    1.370220
216    F2_Mo4f2    29.735300   23.141190    7.048130
217    F2_Mo4f2    29.275260   23.987930    3.846400
218    F2_Mo4f2    30.440100    6.332410    1.801330
219    F2_Mo4f2    29.567620    5.465860    7.481520
220    F2_Mo4f2    29.128830    4.588280    4.285870
221    F2_Mo4f2    32.197500    8.955820    2.520800
222    F2_Mo4f2    31.325030    8.089560    8.201180
223    F2_Mo4f2    32.639730    9.829720    5.723480
224    F2_Mo4f2    23.737270   19.568880   11.472010
225    F2_Mo4f2    22.927340   20.507590   17.149920
226    F2_Mo4f2    24.200400   18.726110   14.680570
227    F2_Mo4f2    22.000960   22.202480   10.738110
228    F2_Mo4f2    21.191040   23.141190   16.416220
229    F2_Mo4f2    20.731340   23.987930   13.214300
230    F2_Mo4f2    21.896180    6.332410   11.169220
231    F2_Mo4f2    21.023710    5.465860   16.849610
232    F2_Mo4f2    20.584910    4.588280   13.653760
233    F2_Mo4f2    23.653580    8.955820   11.888690
234    F2_Mo4f2    22.781110    8.089560   17.569080
235    F2_Mo4f2    24.095820    9.829720   15.091370
236    F2_Mo4f2     3.514450   19.568880   16.879220
237    F2_Mo4f2     4.324370   20.507590   11.201310
238    F2_Mo4f2     3.051330   18.726110   13.670850
239    F2_Mo4f2     5.250760   22.202480   17.613120
240    F2_Mo4f2     6.060330   23.141190   11.935200
241    F2_Mo4f2     6.520380   23.987930   15.136930
242    F2_Mo4f2     5.355540    6.332410   17.182010
243    F2_Mo4f2     6.228020    5.465860   11.501810
244    F2_Mo4f2     6.666810    4.588280   14.697470
245    F2_Mo4f2     3.598130    8.955820   16.462540
246    F2_Mo4f2     4.470610    8.089560   10.782150
247    F2_Mo4f2     3.155900    9.829720   13.259860
248    MOF2_O_3    11.838680   20.943420    3.939990
249    MOF2_O_3    13.366780   19.538600    5.551680
250    opls_272    10.880840   19.960270    8.619000
251    opls_180    10.975310   19.371070    5.979370
252    opls_272    13.980580   20.018000    0.680740
253    opls_180    12.826720   18.964960    2.904260
254    opls_272    11.957720   17.156030    4.709010
255    opls_272    12.449730   18.001630    7.855300
256    opls_272    11.420330   20.440520    1.023010
257    opls_272    10.162470   18.670080    3.445660
258    MOF2_O_3    13.301700   23.162700    4.558280
259    MOF2_O_3    14.827300   21.753930    6.168820
260    opls_272    12.694110   22.710470    9.385360
261    opls_180    13.850750   23.732950    7.194870
262    opls_272    15.773540   22.737640    1.438370
263    opls_180    15.699670   23.323160    4.118620
264    opls_272    16.508170   24.057830    6.632210
265    opls_272    15.262460   22.267860    9.044040
266    opls_272    14.225570   24.695430    2.208710
267    opls_272    14.692610   25.541600    5.360320
268    MOF2_O_3    12.214170   21.659970    6.669030
269    MOF2_O_3    14.474500   21.030300    3.421370
270    opls_180    13.578570   20.370910    8.233070
271    opls_180    13.051380   22.352750    1.876120
272    MOF2_O_3    13.450620    5.408700    4.111410
273    MOF2_O_3    14.946410    6.814920    5.753850
274    opls_272    12.793630    5.800090    8.937160
275    opls_180    13.981750    4.814400    6.746300
276    opls_272    15.947170    5.894320    1.021680
277    opls_180    15.854760    5.277950    3.693590
278    opls_272    16.647120    4.523470    6.206220
279    opls_272    15.360470    6.272980    8.626790
280    opls_272    14.412620    3.911910    1.752920
281    opls_272    14.859460    3.035460    4.898650
282    MOF2_O_3    11.969910    7.619210    3.505080
283    MOF2_O_3    13.468180    9.021760    5.148470
284    opls_272    10.958590    8.539810    8.185800
285    opls_180    11.071250    9.159580    5.554520
286    opls_272    14.132430    8.603480    0.278680
287    opls_180    12.946750    9.619170    2.502950
288    opls_272    12.041890   11.398960    4.320610
289    opls_272    12.513710   10.523070    7.461020
290    opls_272    11.573690    8.150400    0.590380
291    opls_272    10.274530    9.880380    3.021390
292    MOF2_O_3    12.328020    6.876050    6.229000
293    MOF2_O_3    14.611330    7.565720    3.011710
294    opls_180    13.663880    8.161440    7.821700
295    opls_180    13.216710    6.246090    1.436660
296    MOF2_O_3    32.501220   20.943420    5.675450
297    MOF2_O_3    30.972770   19.538600    4.063760
298    opls_272    33.458710   19.960270    0.996440
299    opls_180    33.364250   19.371070    3.636070
300    opls_272    30.358970   20.018000    8.934700
301    opls_180    31.512830   18.964960    6.711180
302    opls_272    32.381830   17.156030    4.906240
303    opls_272    31.889820   18.001630    1.760130
304    opls_272    32.919230   20.440520    8.592430
305    opls_272    34.177090   18.670080    6.169770
306    MOF2_O_3    31.038200   23.162700    5.056970
307    MOF2_O_3    29.512250   21.753930    3.446420
308    opls_272    31.645790   22.710470    0.230080
309    opls_180    30.488800   23.732950    2.420560
310    opls_272    28.566010   22.737640    8.176880
311    opls_180    28.639880   23.323160    5.496810
312    opls_272    27.831380   24.057830    2.983230
313    opls_272    29.077100   22.267860    0.571400
314    opls_272    30.113980   24.695430    7.406730
315    opls_272    29.646940   25.541600    4.255110
316    MOF2_O_3    32.125390   21.659970    2.946400
317    MOF2_O_3    29.865060   21.030300    6.194070
318    opls_180    30.760990   20.370910    1.382370
319    opls_180    31.288170   22.352750    7.739320
320    MOF2_O_3    30.888940    5.408700    5.504030
321    MOF2_O_3    29.393150    6.814920    3.861590
322    opls_272    31.545930    5.800090    0.678270
323    opls_180    30.358150    4.814400    2.869140
324    opls_272    28.392390    5.894320    8.593760
325    opls_180    28.484790    5.277950    5.921660
326    opls_272    27.692430    4.523470    3.409030
327    opls_272    28.979090    6.272980    0.988650
328    opls_272    29.926930    3.911910    7.862330
329    opls_272    29.480080    3.035460    4.716600
330    MOF2_O_3    32.369650    7.619210    6.110360
331    MOF2_O_3    30.871360    9.021760    4.466780
332    opls_272    33.380970    8.539810    1.429630
333    opls_180    33.268300    9.159580    4.060910
334    opls_272    30.207130    8.603480    9.336760
335    opls_180    31.392800    9.619170    7.112490
336    opls_272    32.297670   11.398960    5.294830
337    opls_272    31.825840   10.523070    2.154230
338    opls_272    32.765860    8.150400    9.025060
339    opls_272    34.065020    9.880380    6.594050
340    MOF2_O_3    32.011530    6.876050    3.386440
341    MOF2_O_3    29.728230    7.565720    6.603730
342    opls_180    30.675670    8.161440    1.793550
343    opls_180    31.122830    6.246090    8.178590
344    MOF2_O_3    23.956950   20.943420   15.043340
345    MOF2_O_3    22.428850   19.538600   13.431660
346    opls_272    24.914790   19.960270   10.364330
347    opls_180    24.820330   19.371070   13.003960
348    opls_272    21.815060   20.018000   18.302590
349    opls_180    22.968910   18.964960   16.079070
350    opls_272    23.837920   17.156030   14.274330
351    opls_272    23.345900   18.001630   11.128030
352    opls_272    24.375310   20.440520   17.960320
353    opls_272    25.633170   18.670080   15.537670
354    MOF2_O_3    22.493940   23.162700   14.425060
355    MOF2_O_3    20.968340   21.753930   12.814510
356    opls_272    23.101520   22.710470    9.597970
357    opls_180    21.944880   23.732950   11.788460
358    opls_272    20.022100   22.737640   17.544970
359    opls_180    20.095970   23.323160   14.864710
360    opls_272    19.287470   24.057830   12.351130
361    opls_272    20.533180   22.267860    9.939290
362    opls_272    21.570070   24.695430   16.774620
363    opls_272    21.103020   25.541600   13.623010
364    MOF2_O_3    23.581470   21.659970   12.314300
365    MOF2_O_3    21.321140   21.030300   15.561970
366    opls_180    22.217070   20.370910   10.750260
367    opls_180    22.744250   22.352750   17.107210
368    MOF2_O_3    22.345020    5.408700   14.871920
369    MOF2_O_3    20.849230    6.814920   13.229490
370    opls_272    23.002010    5.800090   10.046170
371    opls_180    21.813880    4.814400   12.237040
372    opls_272    19.848470    5.894320   17.961650
373    opls_180    19.940880    5.277950   15.289750
374    opls_272    19.148520    4.523470   12.777110
375    opls_272    20.435170    6.272980   10.356550
376    opls_272    21.383020    3.911910   17.230410
377    opls_272    20.936170    3.035460   14.084680
378    MOF2_O_3    23.825730    7.619210   15.478250
379    MOF2_O_3    22.327450    9.021760   13.834860
380    opls_272    24.837050    8.539810   10.797530
381    opls_180    24.724380    9.159580   13.428810
382    opls_272    21.663210    8.603480   18.704660
383    opls_180    22.848880    9.619170   16.480380
384    opls_272    23.753750   11.398960   14.662730
385    opls_272    23.281930   10.523070   11.522310
386    opls_272    24.221940    8.150400   18.392950
387    opls_272    25.521100    9.880380   15.961950
388    MOF2_O_3    23.467610    6.876050   12.754330
389    MOF2_O_3    21.184310    7.565720   15.971630
390    opls_180    22.131760    8.161440   11.161630
391    opls_180    22.578920    6.246090   17.546680
392    MOF2_O_3     3.294420   20.943420   13.307890
393    MOF2_O_3     4.822870   19.538600   14.919570
394    opls_272     2.336920   19.960270   17.986900
395    opls_180     2.431390   19.371070   15.347270
396    opls_272     5.436660   20.018000   10.048640
397    opls_180     4.282810   18.964960   12.272160
398    opls_272     3.413800   17.156030   14.077090
399    opls_272     3.905820   18.001630   17.223200
400    opls_272     2.876410   20.440520   10.390910
401    opls_272     1.618550   18.670080   12.813560
402    MOF2_O_3     4.757440   23.162700   13.926360
403    MOF2_O_3     6.283390   21.753930   15.536910
404    opls_272     4.149840   22.710470   18.753260
405    opls_180     5.306840   23.732950   16.562770
406    opls_272     7.229620   22.737640   10.806450
407    opls_180     7.155750   23.323160   13.486520
408    opls_272     7.964250   24.057830   16.000100
409    opls_272     6.718540   22.267860   18.411940
410    opls_272     5.681650   24.695430   11.576610
411    opls_272     6.148700   25.541600   14.728220
412    MOF2_O_3     3.670250   21.659970   16.036930
413    MOF2_O_3     5.930580   21.030300   12.789260
414    opls_180     5.034650   20.370910   17.600970
415    opls_180     4.507460   22.352750   11.244020
416    MOF2_O_3     4.906700    5.408700   13.479310
417    MOF2_O_3     6.402490    6.814920   15.121740
418    opls_272     4.249710    5.800090   18.305060
419    opls_180     5.437480    4.814400   16.114190
420    opls_272     7.403250    5.894320   10.389580
421    opls_180     7.310850    5.277950   13.061670
422    opls_272     8.103210    4.523470   15.574310
423    opls_272     6.816550    6.272980   17.994680
424    opls_272     5.868710    3.911910   11.121010
425    opls_272     6.315550    3.035460   14.266730
426    MOF2_O_3     3.425990    7.619210   12.872980
427    MOF2_O_3     4.924270    9.021760   14.516560
428    opls_272     2.414670    8.539810   17.553700
429    opls_180     2.527330    9.159580   14.922420
430    opls_272     5.588510    8.603480    9.646570
431    opls_180     4.402840    9.619170   11.870850
432    opls_272     3.497970   11.398960   13.688500
433    opls_272     3.969800   10.523070   16.829110
434    opls_272     3.029780    8.150400    9.958280
435    opls_272     1.730610    9.880380   12.389280
436    MOF2_O_3     3.784100    6.876050   15.596900
437    MOF2_O_3     6.067410    7.565720   12.379600
438    opls_180     5.119970    8.161440   17.189790
439    opls_180     4.672800    6.246090   10.804740
440    F2_Mn6+3    13.338980   21.348110    5.046910
441    F2_Mn6+3    13.464670    7.217910    4.622060
442    F2_Mn6+3    31.000570   21.348110    4.568340
443    F2_Mn6+3    30.874880    7.217910    4.993380
444    F2_Mn6+3    22.456660   21.348110   13.936420
445    F2_Mn6+3    22.330970    7.217910   14.361270
446    F2_Mn6+3     4.795070   21.348110   14.414990
447    F2_Mn6+3     4.920750    7.217910   13.989960
448    opls_144    10.435880   25.383970    5.893950
449    opls_144    16.183200   17.534960    3.939230
450    opls_146    19.851890   14.034250    6.110170
451    opls_146    17.499970   15.217480    6.103710
452    opls_146    19.216040   18.580080    3.523880
453    opls_146    21.574550   17.413270    3.562220
454    opls_146     9.216840   27.272710    4.081990
455    opls_146     7.011540   28.428770    3.857790
456    opls_146     5.091770   25.178790    5.986770
457    opls_146     7.294230   24.026130    6.210210
458    opls_140    14.572130   18.016910    4.840560
459    opls_140    14.892440   18.565650    6.579050
460    opls_140     9.793750   21.247640    4.218290
461    opls_140    10.617780   22.316810    2.943750
462    opls_140    16.098990   20.413360    7.099200
463    opls_140    16.844240   21.457630    5.765240
464    opls_140    11.822920   24.129150    3.446990
465    opls_140    12.071490   24.731650    5.185490
466    opls_140    15.544750   19.328900    2.944320
467    opls_140    16.523260   20.856820    3.334610
468    opls_140    10.137050   21.878160    6.697320
469    opls_140    11.146110   23.377210    7.098440
470    opls_144    16.392640   11.247550    3.750540
471    opls_144    10.664940    3.224500    5.555470
472    opls_146    17.809010   13.097240    3.305950
473    opls_146    19.986000   14.303670    3.539440
474    opls_146    21.596370   11.003040    5.844780
475    opls_146    19.419030    9.794910    5.611280
476    opls_146     7.075260   -0.145750    5.912550
477    opls_146     9.356220    1.163410    6.021320
478    opls_146     7.421970    4.654780    3.796480
479    opls_146     5.156570    3.330060    3.658090
480    opls_140    16.961200    7.119150    5.399430
481    opls_140    16.189730    8.185770    6.700360
482    opls_140    12.243240    3.813430    4.698750
483    opls_140    11.979850    4.449330    2.974120
484    opls_140    14.943860   10.018480    6.202420
485    opls_140    14.690750   10.550240    4.447420
486    opls_140    10.772470    6.255430    2.475810
487    opls_140     9.924700    7.283850    3.768570
488    opls_140    16.667120    7.772310    2.950770
489    opls_140    15.656070    9.278720    2.560470
490    opls_140    11.245990    5.133620    6.617210
491    opls_140    10.270850    6.660970    6.240390
492    opls_144    33.903680   25.383970    3.721490
493    opls_144    28.156350   17.534960    5.676020
494    opls_146    24.487660   14.034250    3.505270
495    opls_146    26.839580   15.217480    3.511540
496    opls_146    25.123500   18.580080    6.091370
497    opls_146    22.765000   17.413270    6.053220
498    opls_146     0.122710   27.272710    5.533260
499    opls_146     2.328010   28.428770    5.757460
500    opls_146     4.247780   25.178790    3.628470
501    opls_146     2.045310   24.026130    3.405040
502    opls_140    29.767430   18.016910    4.774880
503    opls_140    29.447450   18.565650    3.036190
504    opls_140    34.545800   21.247640    5.396960
505    opls_140    33.721780   22.316810    6.671690
506    opls_140    28.240560   20.413360    2.516240
507    opls_140    27.495320   21.457630    3.850200
508    opls_140    32.516630   24.129150    6.168440
509    opls_140    32.268410   24.731650    4.429760
510    opls_140    28.794800   19.328900    6.671120
511    opls_140    27.816290   20.856820    6.280640
512    opls_140    34.202510   21.878160    2.918120
513    opls_140    33.193440   23.377210    2.517000
514    opls_144    27.946910   11.247550    5.864900
515    opls_144    33.674610    3.224500    4.059970
516    opls_146    26.530550   13.097240    6.309490
517    opls_146    24.353550   14.303670    6.075810
518    opls_146    22.743180   11.003040    3.770470
519    opls_146    24.920520    9.794910    4.004150
520    opls_146     2.264290   -0.145750    3.702700
521    opls_146    -0.016660    1.163410    3.594110
522    opls_146     1.917590    4.654780    5.818960
523    opls_146     4.182990    3.330060    5.957350
524    opls_140    27.378350    7.119150    4.216010
525    opls_140    28.149820    8.185770    2.914890
526    opls_140    32.096320    3.813430    4.916680
527    opls_140    32.359700    4.449330    6.641320
528    opls_140    29.395700   10.018480    3.413010
529    opls_140    29.648800   10.550240    5.167830
530    opls_140    33.567080    6.255430    7.139440
531    opls_140    34.414860    7.283850    5.846870
532    opls_140    27.672430    7.772310    6.664670
533    opls_140    28.683840    9.278720    7.054970
534    opls_140    33.093560    5.133620    2.998230
535    opls_140    34.068700    6.660970    3.374860
536    opls_140     4.760580   27.552310    3.671380
537    opls_702     4.634450    0.747690    3.668340
538    opls_144    25.359760   25.383970   13.089390
539    opls_144    19.612430   17.534960   15.044100
540    opls_146    15.943750   14.034250   12.873170
541    opls_146    18.295670   15.217480   12.879620
542    opls_146    16.579590   18.580080   15.459460
543    opls_146    14.221090   17.413270   15.421110
544    opls_146    26.578800   27.272710   14.901350
545    opls_146    28.784100   28.428770   15.125540
546    opls_146    30.703870   25.178790   12.996560
547    opls_146    28.501400   24.026130   12.773130
548    opls_140    21.223510   18.016910   14.142770
549    opls_140    20.903190   18.565650   12.404280
550    opls_140    26.001890   21.247640   14.765050
551    opls_140    25.177860   22.316810   16.039590
552    opls_140    19.696640   20.413360   11.884140
553    opls_140    18.951400   21.457630   13.218100
554    opls_140    23.972720   24.129150   15.536340
555    opls_140    23.724150   24.731650   13.797850
556    opls_140    20.250880   19.328900   16.039020
557    opls_140    19.272380   20.856820   15.648720
558    opls_140    25.658590   21.878160   12.286010
559    opls_140    24.649520   23.377210   11.884900
560    opls_144    19.402990   11.247550   15.232800
561    opls_144    25.130690    3.224500   13.427860
562    opls_146    17.986630   13.097240   15.677390
563    opls_146    15.809640   14.303670   15.443890
564    opls_146    14.199270   11.003040   13.138560
565    opls_146    16.376600    9.794910   13.372050
566    opls_146    28.720380   -0.145750   13.070780
567    opls_146    26.439420    1.163410   12.962010
568    opls_146    28.373670    4.654780   15.186860
569    opls_146    30.639070    3.330060   15.325250
570    opls_140    18.834430    7.119150   13.583900
571    opls_140    19.605910    8.185770   12.282980
572    opls_140    23.552400    3.813430   14.284580
573    opls_140    23.815780    4.449330   16.009210
574    opls_140    20.851780   10.018480   12.780910
575    opls_140    21.104890   10.550240   14.535920
576    opls_140    25.023170    6.255430   16.507530
577    opls_140    25.870940    7.283850   15.214760
578    opls_140    19.128510    7.772310   16.032560
579    opls_140    20.139570    9.278720   16.422860
580    opls_140    24.549640    5.133620   12.366120
581    opls_140    25.524790    6.660970   12.742940
582    opls_144     1.891960   25.383970   15.261840
583    opls_144     7.639290   17.534960   13.307320
584    opls_146    11.307970   14.034250   15.478060
585    opls_146     8.956060   15.217480   15.471800
586    opls_146    10.672130   18.580080   12.891960
587    opls_146    13.030630   17.413270   12.930120
588    opls_146    35.672930   27.272710   13.450070
589    opls_146    33.467630   28.428770   13.225880
590    opls_146    31.547860   25.178790   15.354860
591    opls_146    33.750320   24.026130   15.578290
592    opls_140     6.028210   18.016910   14.208460
593    opls_140     6.348180   18.565650   15.947140
594    opls_140     1.249840   21.247640   13.586370
595    opls_140     2.073860   22.316810   12.311640
596    opls_140     7.555080   20.413360   16.467090
597    opls_140     8.300320   21.457630   15.133130
598    opls_140     3.279000   24.129150   12.814890
599    opls_140     3.527230   24.731650   14.553570
600    opls_140     7.000830   19.328900   12.312210
601    opls_140     7.979350   20.856820   12.702700
602    opls_140     1.593130   21.878160   16.065220
603    opls_140     2.602190   23.377210   16.466330
604    opls_144     7.848730   11.247550   13.118430
605    opls_144     2.121020    3.224500   14.923370
606    opls_146     9.265090   13.097240   12.673840
607    opls_146    11.442090   14.303670   12.907530
608    opls_146    13.052460   11.003040   15.212860
609    opls_146    10.875110    9.794910   14.979180
610    opls_146    33.531350   -0.145750   15.280630
611    opls_146    35.812300    1.163410   15.389220
612    opls_146    33.878050    4.654780   13.164370
613    opls_146    31.612650    3.330060   13.025980
614    opls_140     8.417280    7.119150   14.767330
615    opls_140     7.645820    8.185770   16.068440
616    opls_140     3.699320    3.813430   14.066650
617    opls_140     3.435930    4.449330   12.342010
618    opls_140     6.399940   10.018480   15.570320
619    opls_140     6.146840   10.550240   13.815500
620    opls_140     2.228560    6.255430   11.843890
621    opls_140     1.380780    7.283850   13.136470
622    opls_140     8.123210    7.772310   12.318660
623    opls_140     7.111800    9.278720   11.928370
624    opls_140     2.702070    5.133620   15.985110
625    opls_140     1.726940    6.660970   15.608480
626    opls_140    31.035060   27.552310   15.311960
627    opls_702    31.161190    0.747690   15.314990
