0      opls_185    -8.630560   20.135010    2.031160
1      opls_525    -3.248090   15.960790    1.072800
2      opls_526    24.776730   16.396470    2.706100
3      opls_526    19.215790   13.857980    1.702360
4      opls_526    21.687000   10.329030    1.288850
5      opls_526    -6.189150   20.616400    1.842420
6      opls_185    -8.934520   19.394580    0.441430
7      opls_146    15.910610    8.964790    1.170890
8      opls_185     4.832000   13.555710    2.031160
9      opls_525     5.755740   20.304180    1.072800
10     opls_526     9.320180   13.259040    2.706100
11     opls_526    14.299040    9.712370    1.702360
12     opls_526    16.119590   13.616970    1.288850
13     opls_526     3.194400   15.429340    1.842420
14     opls_185     5.625210   13.662690    0.441430
15     opls_146    20.189260    9.296600    1.170890
16     opls_185     3.798560   28.504280    2.031160
17     opls_525    -2.507660   25.930030    1.072800
18     opls_526    19.765540    1.441990    2.706100
19     opls_526    20.347620    7.527150    1.702360
20     opls_526    16.055860    7.151490    1.288850
21     opls_526     2.994750   26.149270    1.842420
22     opls_185     3.309310   29.137740    0.441430
23     opls_146    17.762580   12.836120    1.170890
24     opls_185    26.584710   10.962490    1.488740
25     opls_525    21.202240   15.136710    2.447100
26     opls_526    -6.822580   14.701030    0.813800
27     opls_526    -1.261640   17.239520    1.817540
28     opls_526    -3.732850   20.768470    2.231050
29     opls_526    24.143300   10.481100    1.677480
30     opls_185    26.888670   11.702920    3.078470
31     opls_146     2.043540   22.132710    2.349010
32     opls_185    13.122150   17.541790    1.488740
33     opls_525    12.198410   10.793320    2.447100
34     opls_526     8.633970   17.838460    0.813800
35     opls_526     3.655110   21.385130    1.817540
36     opls_526     1.834560   17.480530    2.231050
37     opls_526    14.759750   15.668160    1.677480
38     opls_185    12.328940   17.434810    3.078470
39     opls_146    -2.235110   21.800900    2.349010
40     opls_185    14.155590    2.593220    1.488740
41     opls_525    20.461810    5.167470    2.447100
42     opls_526    -1.811390   29.655510    0.813800
43     opls_526    -2.393470   23.570350    1.817540
44     opls_526     1.898290   23.946010    2.231050
45     opls_526    14.959400    4.948230    1.677480
46     opls_185    14.644840    1.959760    3.078470
47     opls_146     0.191570   18.261380    2.349010
48     opls_523    -2.247320   17.747030    1.743020
49     opls_522    -3.327440   17.019350    1.321900
50     opls_521    -4.613680   17.612070    1.275050
51     opls_700    -4.747260   19.001510    1.597790
52     opls_523    -3.609140   19.723280    1.978010
53     opls_700    -2.360790   19.127140    2.075930
54     opls_521    -6.884160   17.342760    1.203100
55     opls_700    -8.000370   16.436890    1.345830
56     opls_166    -9.205810   16.930720    1.893460
57     opls_523    25.729910   16.046620    2.310500
58     opls_523    -6.051630   19.554110    1.618130
59     opls_700    -7.130130   18.730340    1.417850
60     opls_182    -8.549230   19.200530    1.454140
61     opls_700    16.673480   10.960310    1.142630
62     opls_145    16.805440    9.575540    1.114080
63     opls_523     3.708430   20.277750    1.743020
64     opls_522     4.878680   19.706170    1.321900
65     opls_521     5.008490   18.295900    1.275050
66     opls_700     3.871990   17.485500    1.597790
67     opls_523     2.677860   18.110250    1.978010
68     opls_700     2.569960   19.489430    2.075930
69     opls_521     6.376950   16.464260    1.203100
70     opls_700     7.719570   15.950530    1.345830
71     opls_166     7.894620   14.659670    1.893460
72     opls_523     9.146560   14.259450    2.310500
73     opls_523     4.045610   16.079580    1.618130
74     opls_700     5.298270   15.557460    1.417850
75     opls_182     5.600620   14.093390    1.454140
76     opls_700    18.079650    8.959500    1.142630
77     opls_145    19.212920    9.766170    1.114080
78     opls_523    -1.461110   24.170220    1.743020
79     opls_522    -1.551240   25.469470    1.321900
80     opls_521    -0.394810   26.287030    1.275050
81     opls_700     0.875260   25.707990    1.597790
82     opls_523     0.931280   24.361470    1.978010
83     opls_700    -0.209170   23.578440    2.075930
84     opls_521     0.507200   28.387970    1.203100
85     opls_700     0.280800   29.807580    1.345830
86     opls_166     1.311190   30.604600    1.893460
87     opls_523    18.985970    0.791430    2.310500
88     opls_523     2.006020   26.561310    1.618130
89     opls_700     1.831860   27.907210    1.417850
90     opls_182     2.948610   28.901080    1.454140
91     opls_700    19.109320   11.177690    1.142630
92     opls_145    17.844090   11.755790    1.114080
93     opls_523    20.201470   13.350470    1.776880
94     opls_522    21.281590   14.078150    2.198000
95     opls_521    22.567830   13.485430    2.244850
96     opls_700    22.701410   12.095990    1.922110
97     opls_523    21.563290   11.374220    1.541890
98     opls_700    20.314940   11.970360    1.443970
99     opls_521    24.838310   13.754740    2.316800
100    opls_700    25.954520   14.660610    2.174070
101    opls_166    27.159960   14.166780    1.626440
102    opls_523    -7.775760   15.050880    1.209400
103    opls_523    24.005780   11.543390    1.901770
104    opls_700    25.084280   12.367160    2.102050
105    opls_182    26.503380   11.896970    2.065760
106    opls_700     1.280670   20.137190    2.377270
107    opls_145     1.148710   21.521960    2.405820
108    opls_523    14.245720   10.819750    1.776880
109    opls_522    13.075470   11.391330    2.198000
110    opls_521    12.945660   12.801600    2.244850
111    opls_700    14.082160   13.612000    1.922110
112    opls_523    15.276290   12.987250    1.541890
113    opls_700    15.384190   11.608070    1.443970
114    opls_521    11.577190   14.633240    2.316800
115    opls_700    10.234580   15.146970    2.174070
116    opls_166    10.059530   16.437830    1.626440
117    opls_523     8.807590   16.838050    1.209400
118    opls_523    13.908540   15.017920    1.901770
119    opls_700    12.655880   15.540040    2.102050
120    opls_182    12.353530   17.004110    2.065760
121    opls_700    -0.125500   22.138000    2.377270
122    opls_145    -1.258770   21.331330    2.405820
123    opls_523    19.415260    6.927280    1.776880
124    opls_522    19.505390    5.628030    2.198000
125    opls_521    18.348960    4.810470    2.244850
126    opls_700    17.078890    5.389510    1.922110
127    opls_523    17.022870    6.736030    1.541890
128    opls_700    18.163320    7.519060    1.443970
129    opls_521    17.446950    2.709530    2.316800
130    opls_700    17.673350    1.289920    2.174070
131    opls_166    16.642960    0.492900    1.626440
132    opls_523    -1.031820   30.306070    1.209400
133    opls_523    15.948130    4.536190    1.901770
134    opls_700    16.122290    3.190290    2.102050
135    opls_182    15.005540    2.196420    2.065760
136    opls_700    -1.155170   19.919810    2.377270
137    opls_145     0.110060   19.341710    2.405820
138    opls_520    -5.675490   16.815970    1.058080
139    opls_520     6.228830   17.774400    1.058080
140    opls_520    -0.553350   27.604630    1.058080
141    opls_520    23.629640   14.281530    2.461820
142    opls_520    11.725320   13.323100    2.461820
143    opls_520    18.507500    3.492870    2.461820
144    opls_179    -9.456990   18.271960    2.077660
145    opls_179     6.858660   13.771530    2.077660
146    opls_179     2.598320   30.151510    2.077660
147    opls_179    27.411140   12.825540    1.442240
148    opls_179    11.095490   17.325970    1.442240
149    opls_179    15.355830    0.945990    1.442240
