0      opls_542     7.217260   12.680960   20.446020
1      opls_542    19.135570   10.306730   19.477450
2      opls_750    11.498020   10.923480   20.769860
3      opls_542     4.785720   12.675950   20.652100
4      opls_542    21.891050   10.301710   22.386110
5      opls_750     0.546290   10.915960   21.046590
6      opls_542    21.120600   12.435270    4.998900
7      opls_542    19.078270   10.291690   22.330170
8      opls_750    21.131720   10.640170    0.647680
9      opls_542    21.125790   12.372590    7.471850
10     opls_542    21.948280   10.311740   19.536320
11     opls_750    20.768070   10.650200   11.778910
12     opls_542    20.965560    0.145410    8.993890
13     opls_542     9.047240   22.842280    9.962470
14     opls_750    16.684790   23.459030    8.670050
15     opls_542    23.397090    0.140400    8.787810
16     opls_542     6.291760   22.837260    7.053800
17     opls_750    27.636530   23.451510    8.393320
18     opls_542     7.062220   24.970820   24.441010
19     opls_542     9.104550   22.827240    7.109740
20     opls_750     7.051100   23.175720   28.792230
21     opls_542     7.057020   24.908140   21.968060
22     opls_542     6.234540   22.847290    9.903590
23     opls_750     7.414740   23.185750   17.661000
24     opls_543     7.214420   11.284500   20.869950
25     opls_543     8.563460   13.089620   20.395970
26     opls_700     9.352030   12.001540   20.814020
27     opls_700     8.528460   10.893390   21.149630
28     opls_142    10.807260   12.039140   20.911170
29     opls_135     8.990810   14.395830   19.921990
30     opls_701     8.954870    9.715050   21.882690
31     opls_716    18.155870   10.366900   17.454920
32     opls_716    17.185300   10.389460   18.399940
33     opls_507    17.809680   10.354360   19.633480
34     opls_507    19.343010   10.316760   18.137930
35     opls_700    17.132770   10.381940   20.864060
36     opls_700    15.675690   10.527350   20.834630
37     opls_145    14.860870    9.371580   20.955330
38     opls_145    13.487770    9.524510   20.928830
39     opls_145    12.914600   10.828210   20.796350
40     opls_145    13.741500   11.986490   20.657990
41     opls_145    15.111780   11.833560   20.681540
42     opls_145    21.497830    7.942520    6.900720
43     opls_145    21.300740    6.520990    6.900720
44     opls_543     4.812240   11.294530   20.849350
45     opls_543     3.509230   13.074580   20.590270
46     opls_700     2.692070   11.933840   20.690370
47     opls_700     3.511600   10.790600   20.822850
48     opls_142     1.236590   11.943870   20.602050
49     opls_135     3.073000   14.548760   20.431300
50     opls_701     3.064900    9.326450   20.622660
51     opls_716    22.873650   10.371910   24.408630
52     opls_716    23.844220   10.402000   23.463610
53     opls_507    23.219770   10.356870   22.233020
54     opls_507    21.686510   10.316760   23.725620
55     opls_700    23.896670   10.384450   21.002430
56     opls_700    25.353910   10.527350   21.025980
57     opls_145    26.161930    9.366560   21.155520
58     opls_145    27.535510    9.514480   21.164350
59     opls_145    28.115810   10.818180   21.034820
60     opls_145    27.295470   11.983990   20.931780
61     opls_145    25.924870   11.836070   20.920000
62     opls_145    19.546950    8.230840    5.525870
63     opls_145    19.355660    6.809310    5.525870
64     opls_543    21.004580   10.976130    5.001840
65     opls_543    21.328600   12.818850    3.638770
66     opls_700    21.355860   11.645530    2.849780
67     opls_700    21.199790   10.494760    3.685880
68     opls_142    21.520440   11.665580    1.380730
69     opls_135    21.477630   14.190240    3.167730
70     opls_701    21.457200    9.113340    3.279610
71     opls_716    17.083210   10.354360   23.325240
72     opls_716    18.015740   10.329290   24.311480
73     opls_507    19.230060   10.296700   23.675580
74     opls_507    17.759400   10.331800   22.121150
75     opls_700    20.446110   10.306730   24.361530
76     opls_700    20.414520   10.396990   25.842350
77     opls_145    20.323660    9.203600   26.625460
78     opls_145    20.294400    9.303890   28.020910
79     opls_145    20.372910   10.590030   28.650920
80     opls_145    20.443800   11.788430   27.856040
81     opls_145    20.470080   11.688150   26.463540
82     opls_145     6.639300    8.165660   20.596160
83     opls_145     6.637740    6.779230   20.972990
84     opls_543    20.842710   11.006210    7.436520
85     opls_543    21.119620   12.781250    8.764260
86     opls_700    20.787230   11.685640    9.582690
87     opls_700    20.575130   10.554930    8.749540
88     opls_142    20.628520   11.743300   11.048800
89     opls_135    21.431990   14.225340    9.214690
90     opls_701    19.896740    9.251240    9.182310
91     opls_716    23.943330   10.326790   18.541260
92     opls_716    23.013620   10.299210   17.557960
93     opls_507    21.796480   10.299210   18.190920
94     opls_507    23.270040   10.334310   19.745350
95     opls_700    20.583340   10.314250   17.504970
96     opls_700    20.617820   10.407010   16.024140
97     opls_145    20.459660    9.228670   15.232210
98     opls_145    20.509210    9.326450   13.836760
99     opls_145    20.702910   10.602570   13.215580
100    opls_145    20.875320   11.783420   14.016340
101    opls_145    20.825850   11.683130   15.408850
102    opls_145     5.356660    8.729760   22.571580
103    opls_145     5.358080    7.345830   22.945470
104    opls_700    20.809200   10.241540    6.217710
105    opls_700    20.617910    8.812490    6.217710
106    opls_263    20.232590    5.951880    6.211820
107    opls_700     6.013070   10.549920   21.028930
108    opls_700     6.003060    9.155970   21.396930
109    opls_263     6.000030    6.370570   22.147650
110    opls_543    20.968390   23.820050    8.569960
111    opls_543    19.619360    0.554070    9.043940
112    opls_700    18.830780   24.537090    8.625890
113    opls_700    19.654350   23.428940    8.290280
114    opls_142    17.375550   24.574690    8.528740
115    opls_135    19.192000    1.860280    9.517920
116    opls_701    19.227940   22.250600    7.557230
117    opls_716    10.026940   22.902450   11.984990
118    opls_716    10.997510   22.925010   11.039970
119    opls_507    10.373140   22.889910    9.806430
120    opls_507     8.839800   22.852310   11.301980
121    opls_700    11.050050   22.917490    8.575850
122    opls_700    12.507120   23.062900    8.605290
123    opls_145    13.321940   21.907130    8.484580
124    opls_145    14.695050   22.060060    8.511080
125    opls_145    15.268220   23.363760    8.643560
126    opls_145    14.441320   24.522040    8.781930
127    opls_145    13.071040   24.369110    8.758370
128    opls_145     6.684990   20.478070   22.539200
129    opls_145     6.882080   19.056540   22.539200
130    opls_543    23.370570   23.830080    8.590570
131    opls_543    24.673590    0.539030    8.849640
132    opls_700    25.490750   24.469390    8.749540
133    opls_700    24.671220   23.326150    8.617060
134    opls_142    26.946220   24.479420    8.837860
135    opls_135    25.109810    2.013210    9.008610
136    opls_701    25.117920   21.862000    8.817250
137    opls_716     5.309160   22.907460    5.031280
138    opls_716     4.338590   22.937550    5.976300
139    opls_507     4.963050   22.892420    7.206890
140    opls_507     6.496300   22.852310    5.714290
141    opls_700     4.286140   22.920000    8.437480
142    opls_700     2.828910   23.062900    8.413930
143    opls_145     2.020890   21.902110    8.284390
144    opls_145     0.647310   22.050030    8.275560
145    opls_145     0.067010   23.353730    8.405090
146    opls_145     0.887340   24.519540    8.508130
147    opls_145     2.257940   24.371620    8.519910
148    opls_145     8.635870   20.766390   23.914040
149    opls_145     8.827160   19.344860   23.914040
150    opls_543     7.178230   23.511680   24.438070
151    opls_543     6.854220    0.283300   25.801140
152    opls_700     6.826960   24.181080   26.590130
153    opls_700     6.983030   23.030310   25.754030
154    opls_142     6.662370   24.201130   28.059180
155    opls_135     6.705180    1.654690   26.272180
156    opls_701     6.725610   21.648890   26.160300
157    opls_716    11.099600   22.889910    6.114670
158    opls_716    10.167070   22.864840    5.128430
159    opls_507     8.952750   22.832250    5.764330
160    opls_507    10.423410   22.867350    7.318760
161    opls_700     7.736710   22.842280    5.078380
162    opls_700     7.768290   22.932540    3.597560
163    opls_145     7.859150   21.739150    2.814460
164    opls_145     7.888420   21.839440    1.419000
165    opls_145     7.809910   23.125580    0.788990
166    opls_145     7.739010   24.323980    1.583870
167    opls_145     7.712730   24.223700    2.976380
168    opls_145    21.543520   20.701210    8.843750
169    opls_145    21.545070   19.314780    8.466920
170    opls_543     7.340100   23.541760   22.003390
171    opls_543     7.063190    0.245700   20.675650
172    opls_700     7.395580   24.221190   19.857220
173    opls_700     7.607680   23.090480   20.690370
174    opls_142     7.554290   24.278850   18.391110
175    opls_135     6.750830    1.689790   20.225220
176    opls_701     8.286080   21.786790   20.257600
177    opls_716     4.239480   22.862340   10.898660
178    opls_716     5.169200   22.834760   11.881950
179    opls_507     6.386330   22.834760   11.248990
180    opls_507     4.912770   22.869860    9.694560
181    opls_700     7.599480   22.849800   11.934940
182    opls_700     7.564990   22.942560   13.415770
183    opls_145     7.723150   21.764220   14.207700
184    opls_145     7.673600   21.862000   15.603150
185    opls_145     7.479900   23.138120   16.224330
186    opls_145     7.307500   24.318970   15.423570
187    opls_145     7.356970   24.218680   14.031060
188    opls_145    22.826160   21.265310    6.868330
189    opls_145    22.824730   19.881380    6.494440
190    opls_700     7.373610   22.777090   23.222200
191    opls_700     7.564900   21.348040   23.222200
192    opls_263     7.950220   18.487430   23.228090
193    opls_700    22.169740   23.085470    8.410980
194    opls_700    22.179750   21.691520    8.042980
195    opls_263    22.182780   18.906120    7.292270
196    opls_144    11.277870   13.019420   21.084860
197    opls_140    10.076560   14.476050   19.857220
198    opls_140     8.621690   15.213140   20.599110
199    opls_140     8.583690   14.573830   18.906310
200    opls_702     9.173760    8.852610   21.187900
201    opls_702     8.215500    9.401660   22.639290
202    opls_702     9.857640    9.943200   22.471480
203    opls_547    16.135660   10.432080   18.202700
204    opls_146    15.286780    8.356200   21.067200
205    opls_146    12.867850    8.621950   21.023040
206    opls_146    13.345530   13.009390   20.510790
207    opls_146    15.732010   12.733610   20.575550
208    opls_146    22.335530    8.366230    7.430630
209    opls_146    21.981850    5.861620    7.433580
210    opls_547    17.999530   10.396990   16.383310
211    opls_144     0.756280   12.816350   20.145730
212    opls_140     1.989990   14.669100   20.501950
213    opls_140     3.401260   14.944880   19.445060
214    opls_140     3.520750   15.183060   21.232060
215    opls_702     2.774720    8.867650   21.594170
216    opls_702     3.837480    8.699670   20.136900
217    opls_702     2.208330    9.288840   19.933760
218    opls_547    24.890960   10.454650   23.660860
219    opls_146    25.730490    8.351180   21.246780
220    opls_146    28.153120    8.611920   21.261500
221    opls_146    27.699790   13.011900   20.878780
222    opls_146    25.306940   12.738630   20.834630
223    opls_146    18.851100    8.882690    5.001840
224    opls_146    18.526730    6.375580    4.993010
225    opls_547    23.027180   10.402000   25.477300
226    opls_144    21.929850   12.578170    0.927360
227    opls_140    20.703980   14.418390    2.414070
228    opls_140    22.466950   14.315600    2.705530
229    opls_140    21.382830   14.949900    3.989110
230    opls_702    20.522280    8.586850    3.020530
231    opls_702    21.998180    8.539220    4.062710
232    opls_702    22.118860    9.083260    2.396410
233    opls_547    17.818730   10.346840   25.374260
234    opls_146    20.272710    8.200760   26.154420
235    opls_146    20.223150    8.376250   28.615590
236    opls_146    20.454980   12.801300   28.297640
237    opls_146    20.524020   12.615780   25.865910
238    opls_146     7.128020    8.466510   19.677640
239    opls_146     7.127070    6.027090   20.351810
240    opls_547    16.026860   10.404510   23.481270
241    opls_144    20.410330   12.723580   11.505120
242    opls_140    21.480210   14.313090   10.318690
243    opls_140    20.665390   14.942380    8.840810
244    opls_140    22.407950   14.536220    8.817250
245    opls_702    20.636820    8.466510    9.464930
246    opls_702    19.234180    8.855110    8.393320
247    opls_702    19.255520    9.449300   10.059620
248    opls_547    23.210630   10.289180   16.495180
249    opls_146    20.307890    8.235860   15.697360
250    opls_146    20.392220    8.408850   13.236180
251    opls_146    21.075560   12.781250   13.580630
252    opls_146    20.960150   12.598230   16.012370
253    opls_146     4.872570    9.474370   23.213370
254    opls_146     4.869520    7.032440   23.858100
255    opls_547    24.999680   10.339320   18.385220
256    opls_144    16.904940   25.554970    8.355050
257    opls_140    18.106250    1.940500    9.582690
258    opls_140    19.561120    2.677590    8.840810
259    opls_140    19.599130    2.038280   10.533600
260    opls_702    19.009060   21.388160    8.252010
261    opls_702    19.967320   21.937210    6.800620
262    opls_702    18.325180   22.478750    6.968430
263    opls_547    12.047150   22.967630   11.237210
264    opls_146    12.896030   20.891750    8.372710
265    opls_146    15.314960   21.157500    8.416870
266    opls_146    14.837290   25.544940    8.929130
267    opls_146    12.450800   25.269160    8.864360
268    opls_146     5.847290   20.901780   22.009280
269    opls_146     6.200970   18.397170   22.006330
270    opls_547    10.183290   22.932540   13.056600
271    opls_144    27.426530   25.351900    9.294180
272    opls_140    26.192820    2.133550    8.937960
273    opls_140    24.781560    2.409330    9.994850
274    opls_140    24.662060    2.647510    8.207850
275    opls_702    25.408090   21.403200    7.845740
276    opls_702    24.345330   21.235220    9.303010
277    opls_702    25.974480   21.824390    9.506150
278    opls_547     3.291850   22.990200    5.779050
279    opls_146     2.452330   20.886730    8.193130
280    opls_146     0.029700   21.147470    8.178410
281    opls_146     0.483030   25.547450    8.561130
282    opls_146     2.875870   25.274180    8.605290
283    opls_146     9.331710   21.418240   24.438070
284    opls_146     9.656090   18.911130   24.446900
285    opls_547     5.155640   22.937550    3.962610
286    opls_144     6.252960   25.113720   28.512550
287    opls_140     7.478830    1.882840   27.025840
288    opls_140     5.715860    1.780050   26.734380
289    opls_140     6.799980    2.414350   25.450800
290    opls_702     7.660530   21.122400   26.419380
291    opls_702     6.184630   21.074770   25.377200
292    opls_702     6.063950   21.618810   27.043500
293    opls_547    10.364080   22.882390    4.065650
294    opls_146     7.910110   20.736310    3.285490
295    opls_146     7.959660   20.911800    0.824320
296    opls_146     7.727840   25.336850    1.142270
297    opls_146     7.658800   25.151330    3.574010
298    opls_146    21.054800   21.002060    9.762270
299    opls_146    21.055740   18.562640    9.088100
300    opls_547    12.155950   22.940060    5.958640
301    opls_144     7.772490   25.259130   17.934790
302    opls_140     6.702600    1.777540   19.121220
303    opls_140     7.517420    2.406830   20.599110
304    opls_140     5.774860    2.000670   20.622660
305    opls_702     7.545990   21.002060   19.974980
306    opls_702     8.948630   21.390660   21.046590
307    opls_702     8.927290   21.984850   19.380290
308    opls_547     4.972180   22.824730   12.944730
309    opls_146     7.874930   20.771410   13.742550
310    opls_146     7.790590   20.944400   16.203730
311    opls_146     7.107250   25.316800   15.859280
312    opls_146     7.222670   25.133780   13.427540
313    opls_146    23.310250   22.009920    6.226540
314    opls_146    23.313290   19.567990    5.581810
315    opls_547     3.183130   22.874870   11.054690
316    MOF2_F_     22.596530   13.866830    6.253040
317    MOF2_F_     20.349820   14.363230    6.270700
318    MOF2_F_      5.901050   14.262950   19.180100
319    MOF2_F_      6.084790   14.573830   21.482300
320    MOF2_F_      5.586280    1.331280   23.186870
321    MOF2_F_      7.832990    1.827680   23.169210
322    MOF2_F_     22.281760    1.727400   10.259810
323    MOF2_F_     22.098020    2.038280    7.957610
324    MOF2_B_3    21.306840   13.292700    6.250090
325    MOF2_B_3     5.997290   13.583520   20.437190
326    MOF2_B_3     6.875970    0.757150   23.189820
327    MOF2_B_3    22.185530    1.047970    9.002720
328    opls_264    19.992190    4.169320    6.205930
329    opls_264     6.007270    4.638150   22.627520
330    opls_264     8.190630   16.704870   23.233980
331    opls_264    22.175550   17.173700    6.812400
