0      opls_145    12.836410    0.497320   10.158530
1      opls_700    11.471790    0.252220   10.380690
2      opls_700    11.011900    0.232730   11.723000
3      opls_700    13.341870    0.252600   12.526330
4      opls_145    13.748370    0.496410   11.204620
5      opls_700    10.544850    0.081790    9.315230
6      opls_145     9.186880    3.721060    9.628860
7      opls_700     8.690780    0.084020   10.931200
8      opls_700    10.920620    0.045460    7.862330
9      opls_700     7.200680    0.051490   11.105800
10     opls_145    12.054290    3.143700    7.401580
11     opls_145    12.387090    3.133310    6.045290
12     opls_145    11.552040    3.740590    5.103660
13     opls_145    10.392940    0.610540    5.545050
14     opls_145    10.090190    0.667600    6.907470
15     opls_145    16.593020    0.674540   14.367160
16     opls_145    17.983380    0.621350   14.247490
17     opls_145    18.581940    3.771150   13.159720
18     opls_145    17.761270    3.130010   12.212940
19     opls_145    16.371830    3.143170   12.360320
20     opls_142    20.745280    3.387500   12.073660
21     opls_700    22.222390    3.462620   12.149190
22     opls_142    11.825520    0.054790   21.813610
23     opls_700    11.305660    0.032800   23.199070
24     opls_145    22.846040    3.470010   13.408610
25     opls_166    -0.068810    3.492000   13.534410
26     opls_145     9.921590    0.028740   23.443550
27     opls_166    10.765340    0.032720    0.232950
28     opls_145    10.124970    0.497320   14.362990
29     opls_700    11.489590    0.252220   14.140820
30     opls_700    11.949470    0.232730   12.798520
31     opls_700     9.619500    0.252600   11.995190
32     opls_145     9.213010    0.496410   13.316900
33     opls_700    12.416530    0.081790   15.206280
34     opls_145    13.774500    3.721060   14.892650
35     opls_700    14.270590    0.084020   13.590320
36     opls_700    12.040760    0.045460   16.659180
37     opls_700    15.760700    0.051490   13.415720
38     opls_145    10.907080    3.143700   17.119940
39     opls_145    10.574290    3.133310   18.476230
40     opls_145    11.409340    3.740590   19.417850
41     opls_145    12.568440    0.610540   18.976470
42     opls_145    12.871190    0.667600   17.614050
43     opls_145     6.368350    0.674540   10.154360
44     opls_145     4.978000    0.621350   10.274030
45     opls_145     4.379440    3.771150   11.361800
46     opls_145     5.200100    3.130010   12.308580
47     opls_145     6.589550    3.143170   12.161200
48     opls_142     2.216100    3.387500   12.447860
49     opls_700     0.738980    3.462620   12.372330
50     opls_142    11.135860    0.054790    2.707910
51     opls_700    11.655720    0.032800    1.322450
52     opls_145     0.115340    3.470010   11.112910
53     opls_166    23.030190    3.492000   10.987110
54     opls_145    13.039790    0.028740    1.077970
55     opls_166    12.196040    0.032720   24.288560
56     opls_750    20.017250    3.782490   13.075610
57     opls_750    11.024510    3.702140   20.800870
58     opls_750     2.944120    3.782490   11.445910
59     opls_750    11.936860    3.702140    3.720650
60     opls_146    13.230750    0.697980    9.177910
61     opls_146    14.774120    0.694180   10.947630
62     opls_146     8.491220    3.490340    8.831420
63     opls_146    12.681640    2.594930    8.084010
64     opls_146    13.278260    2.611040    5.720380
65     opls_146     9.747180    1.132320    4.852560
66     opls_146     9.216900    1.228430    7.216680
67     opls_146    16.169120    1.228090   15.195490
68     opls_146    18.598730    1.115520   14.989020
69     opls_146    18.174750    2.575740   11.384110
70     opls_146    15.779550    2.585370   11.654590
71     opls_144    20.283490    3.005300   11.178130
72     opls_144    12.890320    0.161340   21.655690
73     opls_146    22.248810    3.460680   14.312470
74     opls_146     9.224990    0.033030   22.614480
75     opls_168     1.427210    3.844520   14.886770
76     opls_168    14.132170    0.034090   24.907000
77     opls_146     9.730630    0.697980   15.343600
78     opls_146     8.187260    0.694180   13.573890
79     opls_146    14.470160    3.490340   15.690090
80     opls_146    10.279740    2.594930   16.437510
81     opls_146     9.683120    2.611040   18.801140
82     opls_146    13.214190    1.132320   19.668950
83     opls_146    13.744480    1.228430   17.304840
84     opls_146     6.792260    1.228090    9.326020
85     opls_146     4.362650    1.115520    9.532490
86     opls_146     4.786620    2.575740   13.137400
87     opls_146     7.181830    2.585370   12.866930
88     opls_144     2.677890    3.005300   13.343380
89     opls_144    10.071060    0.161340    2.865830
90     opls_146     0.712560    3.460680   10.209040
91     opls_146    13.736390    0.033030    1.907040
92     opls_168    21.534170    3.844520    9.634750
93     opls_168     8.829210    0.034090   -0.385480
94     opls_167     0.456870    3.570610   14.829390
95     opls_167    13.576350    0.035040   24.059530
96     opls_167    22.504510    3.570610    9.692130
97     opls_167     9.385030    0.035040    0.461990
