0      opls_145    17.611570   13.153280    9.642210
1      opls_145     4.079200    7.052180    9.416650
2      opls_700     4.737920    6.213080   10.347150
3      opls_145     1.802040   15.279190   10.798950
4      opls_145    18.970010    5.650590   11.736680
5      opls_700    17.577270    5.509270   11.528300
6      opls_145     3.011390   19.087170   14.817700
7      opls_145     3.563310   18.536980   13.655990
8      opls_142     2.811160   18.749500   18.442970
9      opls_145     3.119270   18.420680   16.043150
10     opls_145     3.757930   17.165810   16.087900
11     opls_145     4.305100   16.611300   14.925060
12     opls_700     4.818610   16.723280   12.479590
13     opls_145    12.569220   12.574830   21.954100
14     opls_166    13.238940   13.241310   20.897930
15     opls_700    11.609290   11.612530   21.649880
16     opls_700    12.915940   12.912280   19.551340
17     opls_145    11.934660   11.931640   19.275830
18     opls_700    11.301180   11.302260   20.342620
19     opls_700     6.511050    6.571030   13.707520
20     opls_143     7.012910    7.008170   22.475060
21     opls_145     3.964630    8.422920    9.642210
22     opls_145    17.497000   14.524020    9.416650
23     opls_700    16.838280   15.363120   10.347150
24     opls_145    19.774160    6.297010   10.798950
25     opls_145     2.606190   15.925610   11.736680
26     opls_700     3.998930   16.066930   11.528300
27     opls_145    18.564810    2.489030   14.817700
28     opls_145    18.012890    3.039220   13.655990
29     opls_142    18.765040    2.826700   18.442970
30     opls_145    18.456930    3.155520   16.043150
31     opls_145    17.818270    4.410390   16.087900
32     opls_145    17.271100    4.964900   14.925060
33     opls_700    16.757590    4.852920   12.479590
34     opls_145     9.006980    9.001370   21.954100
35     opls_166     8.337260    8.334890   20.897930
36     opls_700     9.966910    9.963670   21.649880
37     opls_700     8.660260    8.663920   19.551340
38     opls_145     9.641540    9.644560   19.275830
39     opls_700    10.275020   10.273940   20.342620
40     opls_700    15.065150   15.005170   13.707520
41     opls_143    14.563290   14.568030   22.475060
42     opls_145    19.211020    6.823470    9.642210
43     opls_145     3.735920   14.867300    9.416650
44     opls_700     4.575020   15.526020   10.347150
45     opls_145    17.085110   12.590140   10.798950
46     opls_145     5.137510    8.181910   11.736680
47     opls_700     5.278830    6.789170   11.528300
48     opls_145    13.277130   13.799490   14.817700
49     opls_145    13.827320   14.351410   13.655990
50     opls_142    13.614800   13.599260   18.442970
51     opls_145    13.943620   13.907370   16.043150
52     opls_145    15.198490   14.546030   16.087900
53     opls_145    15.753000   15.093200   14.925060
54     opls_700    15.641020   15.606710   12.479590
55     opls_145    19.789470    1.781120   21.954100
56     opls_166    19.122990    2.450840   20.897930
57     opls_700    20.751770    0.821190   21.649880
58     opls_700    19.452020    2.127840   19.551340
59     opls_145    20.432660    1.146560   19.275830
60     opls_700    21.062040    0.513080   20.342620
61     opls_700     4.217070   17.299150   13.707520
62     opls_143     3.779930   17.801010   22.475060
63     opls_145     2.365180   14.752730    9.642210
64     opls_145    17.840280    6.708900    9.416650
65     opls_700    17.001180    6.050180   10.347150
66     opls_145     4.491090    8.986060   10.798950
67     opls_145    16.438690   13.394290   11.736680
68     opls_700    16.297370   14.787030   11.528300
69     opls_145     8.299070    7.776710   14.817700
70     opls_145     7.748880    7.224790   13.655990
71     opls_142     7.961400    7.976940   18.442970
72     opls_145     7.632580    7.668830   16.043150
73     opls_145     6.377710    7.030170   16.087900
74     opls_145     5.823200    6.483000   14.925060
75     opls_700     5.935180    5.969490   12.479590
76     opls_145     1.786730   19.795080   21.954100
77     opls_166     2.453210   19.125360   20.897930
78     opls_700     0.824430   20.755010   21.649880
79     opls_700     2.124180   19.448360   19.551340
80     opls_145     1.143540   20.429640   19.275830
81     opls_700     0.514160   21.063120   20.342620
82     opls_700    17.359130    4.277050   13.707520
83     opls_143    17.796270    3.775190   22.475060
84     opls_145    14.752730   19.211020   12.959190
85     opls_145     6.708900    3.735920   13.184750
86     opls_700     6.050180    4.575020   12.254250
87     opls_145     8.986060   17.085110   11.802450
88     opls_145    13.394290    5.137510   10.864720
89     opls_700    14.787030    5.278830   11.073100
90     opls_145     7.776710   13.277130    7.783700
91     opls_145     7.224790   13.827320    8.945410
92     opls_142     7.976940   13.614800    4.158430
93     opls_145     7.668830   13.943620    6.558250
94     opls_145     7.030170   15.198490    6.513500
95     opls_145     6.483000   15.753000    7.676340
96     opls_700     5.969490   15.641020   10.121810
97     opls_145    19.795080   19.789470    0.647300
98     opls_166    19.125360   19.122990    1.703470
99     opls_700    20.755010   20.751770    0.951520
100    opls_700    19.448360   19.452020    3.050060
101    opls_145    20.429640   20.432660    3.325570
102    opls_700    21.063120   21.062040    2.258780
103    opls_700     4.277050    4.217070    8.893880
104    opls_143     3.775190    3.779930    0.126340
105    opls_145     6.823470    2.365180   12.959190
106    opls_145    14.867300   17.840280   13.184750
107    opls_700    15.526020   17.001180   12.254250
108    opls_145    12.590140    4.491090   11.802450
109    opls_145     8.181910   16.438690   10.864720
110    opls_700     6.789170   16.297370   11.073100
111    opls_145    13.799490    8.299070    7.783700
112    opls_145    14.351410    7.748880    8.945410
113    opls_142    13.599260    7.961400    4.158430
114    opls_145    13.907370    7.632580    6.558250
115    opls_145    14.546030    6.377710    6.513500
116    opls_145    15.093200    5.823200    7.676340
117    opls_700    15.606710    5.935180   10.121810
118    opls_145     1.781120    1.786730    0.647300
119    opls_166     2.450840    2.453210    1.703470
120    opls_700     0.821190    0.824430    0.951520
121    opls_700     2.127840    2.124180    3.050060
122    opls_145     1.146560    1.143540    3.325570
123    opls_700     0.513080    0.514160    2.258780
124    opls_700    17.299150   17.359130    8.893880
125    opls_143    17.801010   17.796270    0.126340
126    opls_145    13.153280    3.964630   12.959190
127    opls_145     7.052180   17.497000   13.184750
128    opls_700     6.213080   16.838280   12.254250
129    opls_145    15.279190   19.774160   11.802450
130    opls_145     5.650590    2.606190   10.864720
131    opls_700     5.509270    3.998930   11.073100
132    opls_145    19.087170   18.564810    7.783700
133    opls_145    18.536980   18.012890    8.945410
134    opls_142    18.749500   18.765040    4.158430
135    opls_145    18.420680   18.456930    6.558250
136    opls_145    17.165810   17.818270    6.513500
137    opls_145    16.611300   17.271100    7.676340
138    opls_700    16.723280   16.757590   10.121810
139    opls_145    12.574830    9.006980    0.647300
140    opls_166    13.241310    8.337260    1.703470
141    opls_700    11.612530    9.966910    0.951520
142    opls_700    12.912280    8.660260    3.050060
143    opls_145    11.931640    9.641540    3.325570
144    opls_700    11.302260   10.275020    2.258780
145    opls_700     6.571030   15.065150    8.893880
146    opls_143     7.008170   14.563290    0.126340
147    opls_145     8.422920   17.611570   12.959190
148    opls_145    14.524020    4.079200   13.184750
149    opls_700    15.363120    4.737920   12.254250
150    opls_145     6.297010    1.802040   11.802450
151    opls_145    15.925610   18.970010   10.864720
152    opls_700    16.066930   17.577270   11.073100
153    opls_145     2.489030    3.011390    7.783700
154    opls_145     3.039220    3.563310    8.945410
155    opls_142     2.826700    2.811160    4.158430
156    opls_145     3.155520    3.119270    6.558250
157    opls_145     4.410390    3.757930    6.513500
158    opls_145     4.964900    4.305100    7.676340
159    opls_700     4.852920    4.818610   10.121810
160    opls_145     9.001370   12.569220    0.647300
161    opls_166     8.334890   13.238940    1.703470
162    opls_700     9.963670   11.609290    0.951520
163    opls_700     8.663920   12.915940    3.050060
164    opls_145     9.644560   11.934660    3.325570
165    opls_700    10.273940   11.301180    2.258780
166    opls_700    15.005170    6.511050    8.893880
167    opls_143    14.568030    7.012910    0.126340
168    opls_701     0.000000    0.000000    0.000000
169    opls_701    10.788100   10.788100    0.000000
170    opls_750     2.536500   19.035390   17.203280
171    opls_750    19.039700    2.540810   17.203280
172    opls_750    13.328910   13.324600   17.203280
173    opls_750     8.247290    8.251600   17.203280
174    opls_750     8.251600   13.328910    5.398120
175    opls_750    13.324600    8.247290    5.398120
176    opls_750    19.035390   19.039700    5.398120
177    opls_750     2.540810    2.536500    5.398120
178    opls_180    14.226700   14.228860   21.126660
179    opls_180     7.349500    7.347340   21.126660
180    opls_180    18.135440    3.438600   21.126660
181    opls_180     3.440760   18.137600   21.126660
182    opls_180    18.137600   18.135440    1.474740
183    opls_180     3.438600    3.440760    1.474740
184    opls_180    14.228860    7.349500    1.474740
185    opls_180     7.347340   14.226700    1.474740
186    opls_146    18.137820   12.491760    8.877380
187    opls_146     3.632780    6.609010    8.466030
188    opls_146     0.680940   15.182740   10.982020
189    opls_146    19.450080    5.232880   12.682550
190    opls_146     2.467240   20.087870   14.771600
191    opls_146     3.481320   19.096020   12.665820
192    opls_144     3.589200   17.952260   18.685260
193    opls_146     3.830640   16.597920   17.073780
194    opls_146     4.824220   15.597220   14.966870
195    opls_146    12.818640   12.828560   23.037150
196    opls_146    11.676820   11.670780   18.196390
197    opls_185     5.985890    6.575130   22.714410
198    opls_185     7.771750    7.170850   23.310180
199    opls_146     3.438380    9.084440    8.877380
200    opls_146    17.943420   14.967190    8.466030
201    opls_146    20.895260    6.393460   10.982020
202    opls_146     2.126120   16.343320   12.682550
203    opls_146    19.108960    1.488330   14.771600
204    opls_146    18.094880    2.480180   12.665820
205    opls_144    17.987000    3.623940   18.685260
206    opls_146    17.745560    4.978280   17.073780
207    opls_146    16.751980    5.978980   14.966870
208    opls_146     8.757560    8.747640   23.037150
209    opls_146     9.899380    9.905420   18.196390
210    opls_185    15.590310   15.001070   22.714410
211    opls_185    13.804450   14.405350   23.310180
212    opls_146    19.872540    7.349720    8.877380
213    opls_146     4.179090   14.420880    8.466030
214    opls_146    17.181560   11.469040   10.982020
215    opls_146     5.555220    8.661980   12.682550
216    opls_146    12.276430   13.255340   14.771600
217    opls_146    13.268280   14.269420   12.665820
218    opls_144    14.412040   14.377300   18.685260
219    opls_146    15.766380   14.618740   17.073780
220    opls_146    16.767080   15.612320   14.966870
221    opls_146    19.535740    2.030540   23.037150
222    opls_146    20.693520    0.888720   18.196390
223    opls_185     4.212970   16.773990   22.714410
224    opls_185     3.617250   18.559850   23.310180
225    opls_146     1.703660   14.226480    8.877380
226    opls_146    17.397110    7.155320    8.466030
227    opls_146     4.394640   10.107160   10.982020
228    opls_146    16.020980   12.914220   12.682550
229    opls_146     9.299770    8.320860   14.771600
230    opls_146     8.307920    7.306780   12.665820
231    opls_144     7.164160    7.198900   18.685260
232    opls_146     5.809820    6.957460   17.073780
233    opls_146     4.809120    5.963880   14.966870
234    opls_146     2.040460   19.545660   23.037150
235    opls_146     0.882680   20.687480   18.196390
236    opls_185    17.363230    4.802210   22.714410
237    opls_185    17.958950    3.016350   23.310180
238    opls_146    14.226480   19.872540   13.724020
239    opls_146     7.155320    4.179090   14.135370
240    opls_146    10.107160   17.181560   11.619380
241    opls_146    12.914220    5.555220    9.918850
242    opls_146     8.320860   12.276430    7.829800
243    opls_146     7.306780   13.268280    9.935580
244    opls_144     7.198900   14.412040    3.916140
245    opls_146     6.957460   15.766380    5.527620
246    opls_146     5.963880   16.767080    7.634530
247    opls_146    19.545660   19.535740   -0.435750
248    opls_146    20.687480   20.693520    4.405010
249    opls_185     4.802210    4.212970   -0.113010
250    opls_185     3.016350    3.617250   -0.708780
251    opls_146     7.349720    1.703660   13.724020
252    opls_146    14.420880   17.397110   14.135370
253    opls_146    11.469040    4.394640   11.619380
254    opls_146     8.661980   16.020980    9.918850
255    opls_146    13.255340    9.299770    7.829800
256    opls_146    14.269420    8.307920    9.935580
257    opls_144    14.377300    7.164160    3.916140
258    opls_146    14.618740    5.809820    5.527620
259    opls_146    15.612320    4.809120    7.634530
260    opls_146     2.030540    2.040460   -0.435750
261    opls_146     0.888720    0.882680    4.405010
262    opls_185    16.773990   17.363230   -0.113010
263    opls_185    18.559850   17.958950   -0.708780
264    opls_146    12.491760    3.438380   13.724020
265    opls_146     6.609010   17.943420   14.135370
266    opls_146    15.182740   20.895260   11.619380
267    opls_146     5.232880    2.126120    9.918850
268    opls_146    20.087870   19.108960    7.829800
269    opls_146    19.096020   18.094880    9.935580
270    opls_144    17.952260   17.987000    3.916140
271    opls_146    16.597920   17.745560    5.527620
272    opls_146    15.597220   16.751980    7.634530
273    opls_146    12.828560    8.757560   -0.435750
274    opls_146    11.670780    9.899380    4.405010
275    opls_185     6.575130   15.590310   -0.113010
276    opls_185     7.170850   13.804450   -0.708780
277    opls_146     9.084440   18.137820   13.724020
278    opls_146    14.967190    3.632780   14.135370
279    opls_146     6.393460    0.680940   11.619380
280    opls_146    16.343320   19.450080    9.918850
281    opls_146     1.488330    2.467240    7.829800
282    opls_146     2.480180    3.481320    9.935580
283    opls_144     3.623940    3.589200    3.916140
284    opls_146     4.978280    3.830640    5.527620
285    opls_146     5.978980    4.824220    7.634530
286    opls_146     8.747640   12.818640   -0.435750
287    opls_146     9.905420   11.676820    4.405010
288    opls_185    15.001070    5.985890   -0.113010
289    opls_185    14.405350    7.771750   -0.708780
