0      opls_280    -1.366920   12.008770    2.558740
1      opls_145    -0.247370   11.077130    2.746720
2      opls_142    -0.500370    9.833070    3.145960
3      opls_916     0.433820    7.553730    2.562440
4      opls_700    -0.701350    7.014880    1.869930
5      opls_145    -0.661350    5.682760    1.463300
6      opls_916     0.465250    4.883110    1.636450
7      opls_700     1.612880    5.431920    2.274370
8      opls_145     1.570500    6.753150    2.705650
9      opls_142     1.169090    2.469160    1.564060
10     opls_145     0.608670    1.318970    1.793570
11     opls_280     1.457650    0.141380    1.958710
12     opls_148    -1.974720    7.736420    1.477840
13     opls_148     2.886370    4.674520    2.540980
14     opls_280     1.123570   11.587260    2.558740
15     opls_145     1.370610   13.022640    2.746720
16     opls_142     2.574500   13.425560    3.145960
17     opls_916     4.081370   15.374260    2.562440
18     opls_700     5.115610   14.660610    1.869930
19     opls_145     6.249260   15.361310    1.463300
20     opls_916     6.378470   16.736790    1.636450
21     opls_700     5.329380   17.456270    2.274370
22     opls_145     4.206350   16.758950    2.705650
23     opls_142     8.117100   18.553320    1.564060
24     opls_145     9.393400   18.643060    1.793570
25     opls_280    20.828730    1.191680    1.958710
26     opls_148     5.127430   13.197060    1.477840
27     opls_148    16.188560    0.162410    2.540980
28     opls_280     0.243360   13.954840    2.558740
29     opls_145    -1.123240   13.451090    2.746720
30     opls_142    -2.074130   14.292230    3.145960
31     opls_916    -4.515190   14.622870    2.562440
32     opls_700    -4.414260   15.875380    1.869930
33     opls_145    -5.587910   16.506800    1.463300
34     opls_916    -6.843730   15.930950    1.636450
35     opls_700    -6.942260   14.662670    2.274370
36     opls_145    -5.776850   14.038770    2.705650
37     opls_142    -9.286190   16.528390    1.564060
38     opls_145   -10.002070   17.588820    1.793570
39     opls_280    10.233610   17.442380    1.958710
40     opls_148    -3.152710   16.617380    1.477840
41     opls_148    13.445070   13.938500    2.540980
42     opls_281    -2.462960   11.585760    2.220100
43     opls_281     2.644850    0.269430    2.212080
44     opls_281     2.037920   10.849570    2.220100
45     opls_281    20.124240    2.155790    2.212080
46     opls_281     0.425040   15.115540    2.220100
47     opls_281     9.750910   16.350210    2.212080
48     opls_238     0.508070    8.843420    3.191590
49     opls_238     0.385690    3.545930    1.118050
50     opls_238     2.927340   14.793730    3.191590
51     opls_238     7.576290   17.336480    1.118050
52     opls_238    -3.435410   13.913720    3.191590
53     opls_238    -7.961980   16.668450    1.118050
54     opls_144    -1.512720    9.561010    3.379840
55     opls_910     1.375380    9.088440    3.720220
56     opls_146    -1.537650    5.259560    0.973660
57     opls_146     2.443440    7.182920    3.187580
58     opls_910    -0.454740    3.314430    0.528940
59     opls_144     2.224370    2.458080    1.376600
60     opls_702    -2.831080    7.365040    2.072720
61     opls_702    -2.208980    7.484260    0.424830
62     opls_702    -1.958460    8.825390    1.495520
63     opls_702     3.338720    4.344630    1.587290
64     opls_702     2.676070    3.817980    3.211750
65     opls_702     3.655790    5.295230    3.047160
66     opls_144     3.316280   12.684870    3.379840
67     opls_910     2.281490   15.422330    3.720220
68     opls_146     7.053910   14.814000    0.973660
69     opls_146     3.397690   17.300060    3.187580
70     opls_910     8.196990   16.724400    0.528940
71     opls_144     7.599060   19.472750    1.376600
72     opls_702     5.877230   12.641120    2.072720
73     opls_702     5.462930   13.120270    0.424830
74     opls_702     4.176220   12.666660    1.495520
75     opls_702    16.248080    0.719100    1.587290
76     opls_702    17.035490    0.408550    3.211750
77     opls_702    15.266300    0.518390    3.047160
78     opls_144    -1.803560   15.304980    3.379840
79     opls_910    -3.656870   13.040100    3.720220
80     opls_146    -5.516260   17.477300    0.973660
81     opls_146    -5.841130   13.067890    3.187580
82     opls_910    -7.742250   17.512030    0.528940
83     opls_144    -9.823420   15.620030    1.376600
84     opls_702    -3.046150   17.544700    2.072720
85     opls_702    -3.253950   16.946330    0.424830
86     opls_702    -2.217760   16.058810    1.495520
87     opls_702    12.933200   13.711700    1.587290
88     opls_702    12.808440   14.548890    3.211750
89     opls_702    13.597910   12.961810    3.047160
