0      opls_700     0.102260   19.288200    0.000000
1      opls_280    -1.226150   18.606420    0.000000
2      opls_142     2.338800   16.105780    0.000000
3      opls_916     4.850380   15.573100    0.000000
4      opls_145     4.682060   14.178340    0.000000
5      opls_145     5.779310   13.319190    0.000000
6      opls_700     7.103400   13.805710    0.000000
7      opls_145     7.262790   15.209010    0.000000
8      opls_166     6.162770   16.080970    0.000000
9      opls_700     0.102410    1.505720    3.299970
10     opls_280    29.574010    0.823950    3.299970
11     opls_142   -13.061050   24.996880    3.299970
12     opls_916   -10.549460   24.464210    3.299970
13     opls_145   -10.717780   23.069450    3.299970
14     opls_145    -9.620530   22.210290    3.299970
15     opls_700    -8.296440   22.696820    3.299970
16     opls_145    -8.137050   24.100120    3.299970
17     opls_166    -9.237070   24.972070    3.299970
18     opls_700    15.502100   10.397100    6.600030
19     opls_280    14.173700    9.715320    6.600030
20     opls_142    17.738640    7.214670    6.600030
21     opls_916    20.250230    6.682000    6.600030
22     opls_145    20.081910    5.287240    6.600030
23     opls_145    21.179160    4.428080    6.600030
24     opls_700    22.503250    4.914610    6.600030
25     opls_145    22.662640    6.317900    6.600030
26     opls_166    21.562620    7.189860    6.600030
27     opls_700    -1.355200   17.118040    0.000000
28     opls_280    -0.100560   16.308500    0.000000
29     opls_142     0.282590   20.646150    0.000000
30     opls_916    -0.511900   23.087590    0.000000
31     opls_145     0.780160   23.639200    0.000000
32     opls_145     0.975590   25.019020    0.000000
33     opls_700    -0.107800   25.922450    0.000000
34     opls_145    -1.402790   25.358840    0.000000
35     opls_166    -1.607910   23.970210    0.000000
36     opls_700    14.044950   26.009140    3.299970
37     opls_280    15.299590   25.199600    3.299970
38     opls_142     0.282740    2.863680    3.299970
39     opls_916    -0.511740    5.305110    3.299970
40     opls_145     0.780320    5.856720    3.299970
41     opls_145     0.975740    7.236540    3.299970
42     opls_700    -0.107650    8.139980    3.299970
43     opls_145    -1.402630    7.576360    3.299970
44     opls_166    -1.607760    6.187740    3.299970
45     opls_700    14.044650    8.226930    6.600030
46     opls_280    15.299280    7.417390    6.600030
47     opls_142    15.682440   11.755050    6.600030
48     opls_916    14.887950   14.196480    6.600030
49     opls_145    16.180010   14.748090    6.600030
50     opls_145    16.375440   16.127910    6.600030
51     opls_700    15.292050   17.031350    6.600030
52     opls_145    13.997060   16.467740    6.600030
53     opls_166    13.791930   15.079110    6.600030
54     opls_700     1.252940   16.940930    0.000000
55     opls_280     1.326710   18.432250    0.000000
56     opls_142    -2.621390   16.595240    0.000000
57     opls_916    -4.338490   14.686470    0.000000
58     opls_145    -5.462230   15.529630    0.000000
59     opls_145    -6.754900   15.008960    0.000000
60     opls_700    -6.995600   13.619000    0.000000
61     opls_145    -5.860010   12.779310    0.000000
62     opls_166    -4.554860   13.295980    0.000000
63     opls_700   -14.146900   25.832030    3.299970
64     opls_280     1.326860    0.649770    3.299970
65     opls_142    12.778770   25.486340    3.299970
66     opls_916    11.061670   23.577580    3.299970
67     opls_145     9.937930   24.420730    3.299970
68     opls_145     8.645250   23.900060    3.299970
69     opls_700     8.404550   22.510100    3.299970
70     opls_145     9.540150   21.670420    3.299970
71     opls_166    10.845300   22.187090    3.299970
72     opls_700    16.652790    8.049820    6.600030
73     opls_280    16.726560    9.541140    6.600030
74     opls_142    12.778460    7.704130    6.600030
75     opls_916    11.061360    5.795370    6.600030
76     opls_145     9.937620    6.638520    6.600030
77     opls_145     8.644940    6.117850    6.600030
78     opls_700     8.404240    4.727890    6.600030
79     opls_145     9.539840    3.888210    6.600030
80     opls_166    10.844990    4.404880    6.600030
81     opls_700    15.297740    7.385380    0.000000
82     opls_280    16.626150    8.067160    0.000000
83     opls_142    13.061200   10.567810    0.000000
84     opls_916    10.549620   11.100480    0.000000
85     opls_145    10.717940   12.495240    0.000000
86     opls_145     9.620690   13.354400    0.000000
87     opls_700     8.296600   12.867870    0.000000
88     opls_145     8.137210   11.464570    0.000000
89     opls_166     9.237230   10.592610    0.000000
90     opls_700    -0.102100   16.276490    3.299970
91     opls_280     1.226300   16.958260    3.299970
92     opls_142    -2.338640   19.458910    3.299970
93     opls_916    -4.850230   19.991580    3.299970
94     opls_145    -4.681910   21.386340    3.299970
95     opls_145    -5.779160   22.245500    3.299970
96     opls_700    -7.103250   21.758970    3.299970
97     opls_145    -7.262640   20.355680    3.299970
98     opls_166    -6.162620   19.483720    3.299970
99     opls_700    15.297590   25.167860    6.600030
100    opls_280   -14.174010   25.849640    6.600030
101    opls_142    28.461050    1.676700    6.600030
102    opls_916    25.949460    2.209370    6.600030
103    opls_145    26.117780    3.604130    6.600030
104    opls_145    25.020530    4.463290    6.600030
105    opls_700    23.696440    3.976760    6.600030
106    opls_145    23.537050    2.573470    6.600030
107    opls_166    24.637070    1.701510    6.600030
108    opls_700    16.755200    9.555540    0.000000
109    opls_280    15.500560   10.365090    0.000000
110    opls_142    15.117410    6.027430    0.000000
111    opls_916    15.911900    3.586000    0.000000
112    opls_145    14.619840    3.034390    0.000000
113    opls_145    14.424410    1.654560    0.000000
114    opls_700    15.507800    0.751130    0.000000
115    opls_145    16.802790    1.314740    0.000000
116    opls_166    17.007910    2.703370    0.000000
117    opls_700     1.355350   18.446650    3.299970
118    opls_280     0.100720   19.256190    3.299970
119    opls_142    -0.282440   14.918530    3.299970
120    opls_916     0.512050   12.477100    3.299970
121    opls_145    -0.780010   11.925490    3.299970
122    opls_145    -0.975440   10.545670    3.299970
123    opls_700     0.107950    9.642230    3.299970
124    opls_145     1.402940   10.205850    3.299970
125    opls_166     1.608070   11.594470    3.299970
126    opls_700     1.355050    0.664440    6.600030
127    opls_280     0.100410    1.473980    6.600030
128    opls_142    15.117260   23.809910    6.600030
129    opls_916    15.911740   21.368470    6.600030
130    opls_145    14.619680   20.816860    6.600030
131    opls_145    14.424260   19.437040    6.600030
132    opls_700    15.507650   18.533610    6.600030
133    opls_145    16.802630   19.097220    6.600030
134    opls_166    17.007760   20.485840    6.600030
135    opls_700    14.147060    9.732660    0.000000
136    opls_280    14.073290    8.241340    0.000000
137    opls_142    18.021390   10.078350    0.000000
138    opls_916    19.738490   11.987110    0.000000
139    opls_145    20.862230   11.143960    0.000000
140    opls_145    22.154900   11.664620    0.000000
141    opls_700    22.395600   13.054580    0.000000
142    opls_145    21.260010   13.894270    0.000000
143    opls_166    19.954860   13.377600    0.000000
144    opls_700    -1.252790   18.623760    3.299970
145    opls_280    -1.326560   17.132440    3.299970
146    opls_142     2.621540   18.969450    3.299970
147    opls_916     4.338640   20.878210    3.299970
148    opls_145     5.462380   20.035060    3.299970
149    opls_145     6.755060   20.555730    3.299970
150    opls_700     6.995760   21.945690    3.299970
151    opls_145     5.860160   22.785370    3.299970
152    opls_166     4.555010   22.268710    3.299970
153    opls_700    29.546900    0.841550    6.600030
154    opls_280    14.073140   26.023810    6.600030
155    opls_142     2.621230    1.187240    6.600030
156    opls_916     4.338330    3.096000    6.600030
157    opls_145     5.462070    2.252850    6.600030
158    opls_145     6.754750    2.773520    6.600030
159    opls_700     6.995450    4.163480    6.600030
160    opls_145     5.859850    5.003160    6.600030
161    opls_166     4.554700    4.486500    6.600030
162    opls_281     2.409020   18.984390    0.000000
163    opls_167     6.367900   17.463730    0.000000
164    opls_281     2.409180    1.201910    3.299970
165    opls_167    -9.031950   26.354830    3.299970
166    opls_281    17.808870   10.093280    6.600030
167    opls_167    21.767750    8.572620    6.600030
168    opls_281    -2.245470   19.267660    0.000000
169    opls_167    -2.907980   23.456480    0.000000
170    opls_281    28.554680    1.485190    3.299970
171    opls_167    -2.907830    5.674000    3.299970
172    opls_281    13.154370   10.376560    6.600030
173    opls_167    12.491860   14.565380    6.600030
174    opls_281    -0.163550   15.095110    0.000000
175    opls_167    -3.459920   12.426960    0.000000
176    opls_281    15.236610   23.986220    3.299970
177    opls_167    11.940240   21.318060    3.299970
178    opls_281    15.236300    6.204010    6.600030
179    opls_167    11.939930    3.535850    6.600030
180    opls_281    12.990980    7.689190    0.000000
181    opls_167     9.032100    9.209850    0.000000
182    opls_281    -2.408870   16.580300    3.299970
183    opls_167    -6.367750   18.100960    3.299970
184    opls_281    12.990820   25.471670    6.600030
185    opls_167    24.431950    0.318750    6.600030
186    opls_281    17.645470    7.405920    0.000000
187    opls_167    18.307980    3.217100    0.000000
188    opls_281     2.245630   16.297030    3.299970
189    opls_167     2.908140   12.108210    3.299970
190    opls_281   -13.154680   25.188400    6.600030
191    opls_167    18.307830   20.999580    6.600030
192    opls_281    15.563550   11.578470    0.000000
193    opls_167    18.859920   14.246630    0.000000
194    opls_281     0.163700   20.469570    3.299970
195    opls_167     3.460070   23.137730    3.299970
196    opls_281     0.163390    2.687360    6.600030
197    opls_167     3.459760    5.355520    6.600030
198    opls_238     3.731270   16.494140    0.000000
199    opls_238   -11.668580   25.385250    3.299970
200    opls_238    19.131110    7.603040    6.600030
201    opls_238    -0.749980   21.657880    0.000000
202    opls_238    -0.749830    3.875400    3.299970
203    opls_238    14.649870   12.766780    6.600030
204    opls_238    -2.981290   15.195140    0.000000
205    opls_238    12.418870   24.086240    3.299970
206    opls_238    12.418560    6.304030    6.600030
207    opls_238    11.668730   10.179440    0.000000
208    opls_238    -3.731110   19.070540    3.299970
209    opls_238    27.068580    1.288330    6.600030
210    opls_238    16.149980    5.015700    0.000000
211    opls_238     0.750130   13.906810    3.299970
212    opls_238    16.149830   22.798180    6.600030
213    opls_238    18.381290   11.478440    0.000000
214    opls_238     2.981440   20.369550    3.299970
215    opls_238     2.981130    2.587340    6.600030
216    opls_168     7.341490   17.739530    0.000000
217    opls_910    17.650250   12.206900    0.000000
218    opls_146    -2.284740   25.969930    0.000000
219    opls_146     1.999690   25.341240    0.000000
220    opls_146     1.667050   23.032370    0.000000
221    opls_144     1.295450   20.996910    0.000000
222    opls_168    -8.058360   26.630640    3.299970
223    opls_910     2.250400   21.098000    3.299970
224    opls_146    -2.284590    8.187460    3.299970
225    opls_146     1.999840    7.558760    3.299970
226    opls_146     1.667200    5.249890    3.299970
227    opls_144     1.295600    3.214430    3.299970
228    opls_168    22.741330    8.848430    6.600030
229    opls_910     2.250090    3.315790    6.600030
230    opls_146    13.115100   17.078830    6.600030
231    opls_146    17.399540   16.450130    6.600030
232    opls_146    17.066900   14.141270    6.600030
233    opls_144    16.695290   12.105810    6.600030
234    opls_168    -3.633630   24.161730    0.000000
235    opls_910    11.403390    9.182110    0.000000
236    opls_146    -5.948250   11.709970    0.000000
237    opls_146    -7.546000   15.734750    0.000000
238    opls_146    -5.380140   16.601100    0.000000
239    opls_144    -3.431580   17.297020    0.000000
240    opls_168    -3.633480    6.379250    3.299970
241    opls_910    -3.996450   18.073220    3.299970
242    opls_146     9.451900   20.601070    3.299970
243    opls_146     7.854150   24.625850    3.299970
244    opls_146    10.020010   25.492210    3.299970
245    opls_144    11.968570   26.188120    3.299970
246    opls_168    11.766220   15.270630    6.600030
247    opls_910    26.803240    0.291010    6.600030
248    opls_146     9.451600    2.818860    6.600030
249    opls_146     7.853850    6.843640    6.600030
250    opls_146    10.019700    7.710000    6.600030
251    opls_144    11.968260    8.405910    6.600030
252    opls_168    -3.707860   11.445900    0.000000
253    opls_910    17.146360    5.284570    0.000000
254    opls_146     8.232990   15.667260    0.000000
255    opls_146     5.546310   12.271180    0.000000
256    opls_146     3.713090   13.713690    0.000000
257    opls_144     2.136130   15.053240    0.000000
258    opls_168    11.692300   20.337010    3.299970
259    opls_910     1.746510   14.175680    3.299970
260    opls_146    -7.166850   24.558370    3.299970
261    opls_146    -9.853540   21.162290    3.299970
262    opls_146   -11.686750   22.604790    3.299970
263    opls_144   -13.263710   23.944340    3.299970
264    opls_168    11.691990    2.554800    6.600030
265    opls_910    17.146210   23.067050    6.600030
266    opls_146    23.632840    6.776160    6.600030
267    opls_146    20.946160    3.380080    6.600030
268    opls_146    19.112940    4.822580    6.600030
269    opls_144    17.535980    6.162130    6.600030
270    opls_168     8.058510    8.934050    0.000000
271    opls_910    -2.250250   14.466680    0.000000
272    opls_146    17.684740    0.703650    0.000000
273    opls_146    13.400310    1.332350    0.000000
274    opls_146    13.732950    3.641210    0.000000
275    opls_144    14.104550    5.676670    0.000000
276    opls_168    -7.341330   17.825150    3.299970
277    opls_910    13.149910   23.357790    3.299970
278    opls_146     2.284900    9.594750    3.299970
279    opls_146    -1.999540   10.223450    3.299970
280    opls_146    -1.666900   12.532320    3.299970
281    opls_144    -1.295290   14.567780    3.299970
282    opls_168    23.458360    0.042940    6.600030
283    opls_910    13.149600    5.575580    6.600030
284    opls_146    17.684590   18.486130    6.600030
285    opls_146    13.400160   19.114820    6.600030
286    opls_146    13.732800   21.423690    6.600030
287    opls_144    14.104400   23.459150    6.600030
288    opls_168    19.033630    2.511850    0.000000
289    opls_910     3.996610   17.491470    0.000000
290    opls_146    21.348250   14.963610    0.000000
291    opls_146    22.946000   10.938840    0.000000
292    opls_146    20.780140   10.072480    0.000000
293    opls_144    18.831580    9.376560    0.000000
294    opls_168     3.633780   11.402960    3.299970
295    opls_910   -11.403240   26.382570    3.299970
296    opls_146     5.948400   23.854720    3.299970
297    opls_146     7.546150   19.829940    3.299970
298    opls_146     5.380300   18.963580    3.299970
299    opls_144     3.431740   18.267670    3.299970
300    opls_168    19.033480   20.294330    6.600030
301    opls_910    19.396450    8.600360    6.600030
302    opls_146     5.948100    6.072510    6.600030
303    opls_146     7.545850    2.047730    6.600030
304    opls_146     5.379990    1.181370    6.600030
305    opls_144     3.431430    0.485460    6.600030
306    opls_168    19.107860   15.227680    0.000000
307    opls_910    -1.746360   21.389010    0.000000
308    opls_146     7.167010   11.006320    0.000000
309    opls_146     9.853690   14.402400    0.000000
310    opls_146    11.686910   12.959890    0.000000
311    opls_144    13.263870   11.620350    0.000000
312    opls_168     3.708010   24.118790    3.299970
313    opls_910    -1.746210    3.606540    3.299970
314    opls_146    -8.232840   19.897430    3.299970
315    opls_146    -5.546160   23.293510    3.299970
316    opls_146    -3.712940   21.851000    3.299970
317    opls_144    -2.135980   20.511450    3.299970
318    opls_168     3.707700    6.336580    6.600030
319    opls_910    13.653490   12.497910    6.600030
320    opls_146    22.566850    2.115220    6.600030
321    opls_146    25.253540    5.511300    6.600030
322    opls_146    27.086750    4.068790    6.600030
323    opls_144    28.663710    2.729240    6.600030
