0      opls_238    -3.508860    7.362290    1.650000
1      opls_238     3.313500    7.023920    1.650000
2      opls_238     0.195360   13.101440    1.650000
3      opls_238    11.443860    6.381530    1.650000
4      opls_238     4.621500    6.719900    1.650000
5      opls_238     7.739640    0.642390    1.650000
6      opls_142    -2.140700    7.185550    1.650000
7      opls_142     2.782490    8.297150    1.650000
8      opls_142    -0.641780   12.004950    1.650000
9      opls_142    10.075700    6.558280    1.650000
10     opls_142     5.152510    5.446680    1.650000
11     opls_142     8.576780    1.738870    1.650000
12     opls_280     0.289870    7.795630    1.650000
13     opls_280     1.038770   10.097170    1.650000
14     opls_280    -1.328870    9.594980    1.650000
15     opls_280     7.645130    5.948190    1.650000
16     opls_280     6.896230    3.646650    1.650000
17     opls_280     9.263870    4.148850    1.650000
18     opls_700    -1.091460    8.185960    1.650000
19     opls_700     1.391480    8.705610    1.650000
20     opls_700    -0.300020   10.596080    1.650000
21     opls_700     9.026460    5.557860    1.650000
22     opls_700     6.543360    5.038210    1.650000
23     opls_700     8.235020    3.147750    1.650000
24     opls_144    -1.840290    6.203960    1.650000
25     opls_144     3.482350    9.048110    1.650000
26     opls_144    -1.642070   12.235580    1.650000
27     opls_144     9.775290    7.539860    1.650000
28     opls_144     4.452650    4.695710    1.650000
29     opls_144     9.577070    1.508250    1.650000
30     opls_910    -3.793330    8.302780    1.650000
31     opls_910     2.641160    6.307180    1.650000
32     opls_910     1.152160   12.877690    1.650000
33     opls_910    11.728330    5.441040    1.650000
34     opls_910     5.293840    7.436650    1.650000
35     opls_910     6.782840    0.866140    1.650000
36     opls_281     0.556400    6.571200    1.650000
37     opls_281     1.965980   10.940080    1.650000
38     opls_281    -2.522380    9.976370    1.650000
39     opls_281     7.378600    7.172630    1.650000
40     opls_281     5.969020    2.803740    1.650000
41     opls_281    10.457380    3.767460    1.650000
