0      opls_700    12.209100    0.011540    2.078600
1      opls_700    15.375060   10.567620    2.078600
2      opls_700     4.650240    8.031380    2.078600
3      opls_700    -1.464300   18.599000    2.078600
4      opls_700    -4.630260    8.042920    2.078600
5      opls_700     6.094560   10.579160    2.078600
6      opls_166    11.436550    1.194800    2.078600
7      opls_166    14.736600    9.306940    2.078600
8      opls_166     6.061250    8.108800    2.078600
9      opls_166    -0.691750   17.415740    2.078600
10     opls_166    -3.991800    9.303590    2.078600
11     opls_166     4.683550   10.501740    2.078600
12     opls_166    -4.698810   10.520350    2.078600
13     opls_166     3.983310    9.281080    2.078600
14     opls_166     0.715500   17.419650    2.078600
15     opls_166    15.443610    8.090190    2.078600
16     opls_166     6.761490    9.329460    2.078600
17     opls_166    10.029520    1.190890    2.078600
18     opls_145    10.745770    4.784580    2.078600
19     opls_145    11.973150    6.913820    2.078600
20     opls_145     9.515490    6.912140    2.078600
21     opls_145    -0.000970   13.825960    2.078600
22     opls_145    -1.228350   11.696720    2.078600
23     opls_145     1.229310   11.698400    2.078600
24     opls_145     0.000860   11.001430    2.078600
25     opls_145     1.216850   13.110570    2.078600
26     opls_145    -1.217710   13.109080    2.078600
27     opls_145    10.743940    7.609110    2.078600
28     opls_145     9.527950    5.499970    2.078600
29     opls_145    11.962510    5.501460    2.078600
30     opls_149     6.739030   11.929170    2.078600
31     opls_149    -2.955680   18.482130    2.078600
32     opls_149    -3.783350    6.809780    2.078600
33     opls_149     4.005770    6.681370    2.078600
34     opls_149    13.700480    0.128410    2.078600
35     opls_149    14.528150   11.800760    2.078600
36     opls_136     8.290900   11.981470    2.078600
37     opls_136     6.967900    1.189400    2.078600
38     opls_136    16.975600    5.439670    2.078600
39     opls_136     2.453900    6.629070    2.078600
40     opls_136     3.776900   17.421140    2.078600
41     opls_136    -6.230800   13.170860    2.078600
42     opls_135     8.805900   13.443700    2.078600
43     opls_135     5.443960    0.904470    2.078600
44     opls_135    17.984430    4.262560    2.078600
45     opls_135     1.938900    5.166840    2.078600
46     opls_135     5.300730   17.706250    2.078600
47     opls_135    -7.239630   14.347980    2.078600
48     opls_167    11.916520    2.457520    2.078600
49     opls_167    13.403060    9.091250    2.078600
50     opls_167     6.914820    7.061770    2.078600
51     opls_167    -1.171720   16.153020    2.078600
52     opls_167    -2.658260    9.519290    2.078600
53     opls_167     3.829980   11.548770    2.078600
54     opls_167    -3.826120   11.552120    2.078600
55     opls_167     2.653430    9.520970    2.078600
56     opls_167     1.172690   16.147990    2.078600
57     opls_167    14.570920    7.058420    2.078600
58     opls_167     8.091370    9.089570    2.078600
59     opls_167     9.572110    2.462550    2.078600
60     MOF2_B_2    10.746300    3.295180    2.078600
61     MOF2_B_2    13.262740    7.658980    2.078600
62     MOF2_B_2     8.225360    7.656380    2.078600
63     MOF2_B_2    -0.001500   15.315360    2.078600
64     MOF2_B_2    -2.517940   10.951560    2.078600
65     MOF2_B_2     2.519440   10.954160    2.078600
66     opls_146     2.106840   13.624400    2.078600
67     opls_146    -2.107590   13.622730    2.078600
68     opls_146     0.001070    9.973760    2.078600
69     opls_146     8.637960    4.986140    2.078600
70     opls_146    12.852390    4.987810    2.078600
71     opls_146    10.743730    8.636780    2.078600
72     opls_702     6.368980   12.469250    1.203340
73     opls_702    -3.238380   17.891610    1.203340
74     opls_702    -3.130600    6.860220    1.203340
75     opls_702     4.375820    6.141290    1.203340
76     opls_702    13.983180    0.718930    1.203340
77     opls_702    13.875400   11.750320    1.203340
78     opls_702     4.375820    6.141290    2.953860
79     opls_702    13.983180    0.718930    2.953860
80     opls_702    13.875400   11.750320    2.953860
81     opls_702     6.368980   12.469250    2.953860
82     opls_702    -3.238380   17.891610    2.953860
83     opls_702    -3.130600    6.860220    2.953860
84     opls_140     8.676530   11.448650    1.200970
85     opls_140     7.236620    1.789590    1.200970
86     opls_140    16.321460    5.372300    1.200970
87     opls_140     2.068480    7.161890    1.200970
88     opls_140     3.508180   16.820950    1.200970
89     opls_140    -5.576770   13.238420    1.200970
90     opls_140     2.068480    7.161890    2.956180
91     opls_140     3.508180   16.820950    2.956180
92     opls_140    -5.576770   13.238420    2.956180
93     opls_140     8.676530   11.448650    2.956180
94     opls_140     7.236620    1.789590    2.956180
95     opls_140    16.321460    5.372300    2.956180
96     opls_140     8.456270   13.980420    2.961380
97     opls_140     5.154070    0.333130    2.961380
98     opls_140    18.624070    4.296990    2.961380
99     opls_140     2.288530    4.630120    2.961380
100    opls_140     5.590730   18.277410    2.961380
101    opls_140    -7.879270   14.313550    2.961380
102    opls_140     2.288530    4.630120    1.195820
103    opls_140     5.590730   18.277410    1.195820
104    opls_140    -7.879270   14.313550    1.195820
105    opls_140     8.456270   13.980420    1.195820
106    opls_140     5.154070    0.333130    1.195820
107    opls_140    18.624070    4.296990    1.195820
108    opls_140     9.899080   13.458210    2.078600
109    opls_140     4.885020    1.843930    2.078600
110    opls_140    17.450200    3.308580    2.078600
111    opls_140     0.845620    5.152510    2.078600
112    opls_140     5.860000   16.766610    2.078600
113    opls_140    -6.705400   15.301960    2.078600
