0      opls_700     1.261320   20.657770    2.929280
1      opls_145     1.172030   22.059900    2.947540
2      opls_700     2.592200   19.984190    2.789740
3      opls_523     2.704000   18.753970    2.109660
4      opls_700     3.945210   18.109780    1.938440
5      opls_521     5.105250   18.769310    2.407830
6      opls_522     5.006180   19.987060    3.083030
7      opls_523     3.762940   20.579170    3.293020
8      opls_521     6.509920   17.013130    1.621310
9      opls_700     7.888950   16.450420    1.547990
10     opls_166     8.143540   15.062990    1.629310
11     opls_523     9.475890   14.609250    1.546080
12     opls_181     7.336970   12.870330    2.345930
13     opls_700     4.091880   16.826840    1.334100
14     opls_522     5.391570   16.340180    1.106170
15     opls_700     2.964490   15.864710    1.121390
16     opls_145     1.813860   16.186490    0.379570
17     opls_145     0.775210   15.263660    0.230420
18     opls_145     0.889590   13.986790    0.781130
19     opls_145     2.041880   13.633380    1.483640
20     opls_145     3.068720   14.565150    1.659610
21     opls_700    -0.072320   22.717190    2.929280
22     opls_145    -1.241950   21.938800    2.947540
23     opls_700    -0.154410   24.206560    2.789740
24     opls_523     0.855090   24.918480    2.109660
25     opls_700     0.792360   26.315500    1.938440
26     opls_521    -0.358820   26.990360    2.407830
27     opls_522    -1.363900   26.295690    3.083030
28     opls_523    -1.255050   24.922960    3.293020
29     opls_521     0.459740   29.084930    1.621310
30     opls_700     0.257540   30.560560    1.547990
31     opls_166     1.331800   31.474750    1.629310
32     opls_523    19.507070    0.901730    1.546080
33     opls_181     3.633990   31.872580    2.345930
34     opls_700     1.830090   27.083990    1.334100
35     opls_522     1.601700   28.452890    1.106170
36     opls_700     3.227010   26.588710    1.121390
37     opls_145     3.523660   25.431340    0.379570
38     opls_145     4.842180   24.993260    0.230420
39     opls_145     5.890790   25.730750    0.781130
40     opls_145     5.620700   26.905370    1.483640
41     opls_145     4.300350   27.328760    1.659610
42     opls_700    -1.189010   20.532510    2.929280
43     opls_145     0.069920   19.908780    2.947540
44     opls_700    -2.437780   19.716740    2.789740
45     opls_523    -3.559080   20.235020    2.109660
46     opls_700    -4.737570   19.482190    1.938440
47     opls_521    -4.746430   18.147810    2.407830
48     opls_522    -3.642290   17.624720    3.083030
49     opls_523    -2.507890   18.405350    3.293020
50     opls_521    -6.969660   17.809420    1.621310
51     opls_700    -8.146490   16.896500    1.547990
52     opls_166    -9.475330   17.369730    1.629310
53     opls_523    26.362540   16.442760    1.546080
54     opls_181   -10.970950   19.164570    2.345930
55     opls_700    -5.921970   19.996650    1.334100
56     opls_522    -6.993270   19.114410    1.106170
57     opls_700    -6.191500   21.454060    1.121390
58     opls_145    -5.337520   22.289650    0.379570
59     opls_145    -5.617380   23.650560    0.230420
60     opls_145    -6.780380   24.189940    0.781130
61     opls_145    -7.662580   23.368730    1.483640
62     opls_145    -7.369070   22.013570    1.659610
63     opls_700    17.187180   11.295970    2.929280
64     opls_145    17.276470    9.893840    2.947540
65     opls_700    15.856300   11.969550    2.789740
66     opls_523    15.744500   13.199770    2.109660
67     opls_700    14.503290   13.843960    1.938440
68     opls_521    13.343250   13.184430    2.407830
69     opls_522    13.442320   11.966680    3.083030
70     opls_523    14.685560   11.374570    3.293020
71     opls_521    11.938580   14.940610    1.621310
72     opls_700    10.559550   15.503320    1.547990
73     opls_166    10.304960   16.890750    1.629310
74     opls_523     8.972610   17.344490    1.546080
75     opls_181    11.111530   19.083410    2.345930
76     opls_700    14.356620   15.126900    1.334100
77     opls_522    13.056930   15.613560    1.106170
78     opls_700    15.484010   16.089030    1.121390
79     opls_145    16.634640   15.767250    0.379570
80     opls_145    17.673290   16.690080    0.230420
81     opls_145    17.558910   17.966950    0.781130
82     opls_145    16.406620   18.320360    1.483640
83     opls_145    15.379780   17.388590    1.659610
84     opls_700    18.520820    9.236550    2.929280
85     opls_145    19.690450   10.014940    2.947540
86     opls_700    18.602910    7.747180    2.789740
87     opls_523    17.593410    7.035250    2.109660
88     opls_700    17.656140    5.638240    1.938440
89     opls_521    18.807320    4.963370    2.407830
90     opls_522    19.812400    5.658050    3.083030
91     opls_523    19.703550    7.030780    3.293020
92     opls_521    17.988760    2.868810    1.621310
93     opls_700    18.190960    1.393180    1.547990
94     opls_166    17.116700    0.478990    1.629310
95     opls_523    -1.058570   31.052000    1.546080
96     opls_181    14.814510    0.081160    2.345930
97     opls_700    16.618410    4.869750    1.334100
98     opls_522    16.846800    3.500850    1.106170
99     opls_700    15.221490    5.365030    1.121390
100    opls_145    14.924840    6.522400    0.379570
101    opls_145    13.606320    6.960480    0.230420
102    opls_145    12.557710    6.222990    0.781130
103    opls_145    12.827800    5.048370    1.483640
104    opls_145    14.148150    4.624980    1.659610
105    opls_700    19.637510   11.421230    2.929280
106    opls_145    18.378580   12.044960    2.947540
107    opls_700    20.886280   12.237000    2.789740
108    opls_523    22.007580   11.718710    2.109660
109    opls_700    23.186070   12.471540    1.938440
110    opls_521    23.194930   13.805930    2.407830
111    opls_522    22.090790   14.329020    3.083030
112    opls_523    20.956390   13.548390    3.293020
113    opls_521    25.418160   14.144320    1.621310
114    opls_700    26.594990   15.057240    1.547990
115    opls_166    27.923830   14.584010    1.629310
116    opls_523    -7.914040   15.510980    1.546080
117    opls_181    29.419450   12.789160    2.345930
118    opls_700    24.370470   11.957090    1.334100
119    opls_522    25.441770   12.839330    1.106170
120    opls_700    24.640000   10.499680    1.121390
121    opls_145    23.786020    9.664090    0.379570
122    opls_145    24.065880    8.303180    0.230420
123    opls_145    25.228880    7.763800    0.781130
124    opls_145    26.111080    8.585010    1.483640
125    opls_145    25.817570    9.940170    1.659610
126    opls_520     6.325990   18.202770    2.249600
127    opls_520    -0.478550   28.330820    2.249600
128    opls_520    -5.847440   17.373890    2.249600
129    opls_520    12.122510   13.750970    2.249600
130    opls_520    18.927050    3.622910    2.249600
131    opls_520    24.295940   14.579850    2.249600
132    opls_179     7.061720   14.185540    1.863910
133    opls_179     2.632600   30.976590    1.863910
134    opls_179    -9.694320   18.745340    1.863910
135    opls_179    11.386780   17.768200    1.863910
136    opls_179    15.815900    0.977150    1.863910
137    opls_179    28.142820   13.208400    1.863910
138    opls_146     2.079150   22.641140    2.937440
139    opls_526     1.814410   18.316840    1.710120
140    opls_525     5.895960   20.466690    3.472000
141    opls_526     3.726040   21.495600    3.866110
142    opls_526     9.683250   13.549020    1.524630
143    opls_185     7.995950   12.913150    3.236270
144    opls_185     7.800580   12.246910    1.555520
145    opls_185     6.380780   12.391340    2.639730
146    opls_525     5.514810   15.418640    0.553280
147    opls_146     1.709620   17.141580   -0.094970
148    opls_146    -0.109030   15.532390   -0.333080
149    opls_146     0.090210   13.268790    0.654490
150    opls_146     2.132650   12.642820    1.909770
151    opls_146     3.939120   14.276930    2.236610
152    opls_146    -2.198880   22.433760    2.937440
153    opls_526     1.678440   24.366640    1.710120
154    opls_525    -2.224150   26.826440    3.472000
155    opls_526    -2.030260   24.432790    3.866110
156    opls_526    20.321580    1.611430    1.524630
157    opls_185     3.267410   32.421860    3.236270
158    opls_185     3.942080   32.585780    1.555520
159    opls_185     4.526890   31.283990    2.639730
160    opls_525     2.338160   29.020390    0.553280
161    opls_146     2.748640   24.863520   -0.094970
162    opls_146     5.051570   24.093120   -0.333080
163    opls_146     6.912280   25.397470    0.654490
164    opls_146     6.433180   27.479260    1.909770
165    opls_146     4.114750   28.226660    2.236610
166    opls_146     0.119730   18.832580    2.937440
167    opls_526    -3.492850   21.223990    1.710120
168    opls_525    -3.671800   16.614350    3.472000
169    opls_526    -1.695790   17.979090    3.866110
170    opls_526    25.340680   16.793290    1.524630
171    opls_185   -11.263360   18.572470    3.236270
172    opls_185   -11.742650   19.074780    1.555520
173    opls_185   -10.907680   20.232150    2.639730
174    opls_525    -7.852970   19.468450    0.553280
175    opls_146    -4.458260   21.902370   -0.094970
176    opls_146    -4.942540   24.281970   -0.333080
177    opls_146    -7.002500   25.241220    0.654490
178    opls_146    -8.565820   23.785400    1.909770
179    opls_146    -8.053880   21.403890    2.236610
180    opls_146    16.369350    9.312600    2.937440
181    opls_526    16.634090   13.636900    1.710120
182    opls_525    12.552540   11.487050    3.472000
183    opls_526    14.722460   10.458140    3.866110
184    opls_526     8.765250   18.404710    1.524630
185    opls_185    10.452550   19.040590    3.236270
186    opls_185    10.647920   19.706830    1.555520
187    opls_185    12.067720   19.562400    2.639730
188    opls_525    12.933690   16.535100    0.553280
189    opls_146    16.738880   14.812160   -0.094970
190    opls_146    18.557530   16.421350   -0.333080
191    opls_146    18.358290   18.684950    0.654490
192    opls_146    16.315850   19.310920    1.909770
193    opls_146    14.509380   17.676810    2.236610
194    opls_146    20.647380    9.519980    2.937440
195    opls_526    16.770060    7.587100    1.710120
196    opls_525    20.672650    5.127300    3.472000
197    opls_526    20.478760    7.520950    3.866110
198    opls_526    -1.873080   30.342310    1.524630
199    opls_185    15.181090   -0.468120    3.236270
200    opls_185    14.506420   -0.632040    1.555520
201    opls_185    13.921610    0.669750    2.639730
202    opls_525    16.110340    2.933350    0.553280
203    opls_146    15.699860    7.090220   -0.094970
204    opls_146    13.396930    7.860620   -0.333080
205    opls_146    11.536220    6.556270    0.654490
206    opls_146    12.015320    4.474480    1.909770
207    opls_146    14.333750    3.727080    2.236610
208    opls_146    18.328770   13.121160    2.937440
209    opls_526    21.941350   10.729750    1.710120
210    opls_525    22.120300   15.339390    3.472000
211    opls_526    20.144290   13.974650    3.866110
212    opls_526    -6.892180   15.160450    1.524630
213    opls_185    29.711860   13.381270    3.236270
214    opls_185    30.191150   12.878950    1.555520
215    opls_185    29.356180   11.721590    2.639730
216    opls_525    26.301470   12.485280    0.553280
217    opls_146    22.906760   10.051370   -0.094970
218    opls_146    23.391040    7.671770   -0.333080
219    opls_146    25.451000    6.712520    0.654490
220    opls_146    27.014320    8.168330    1.909770
221    opls_146    26.502380   10.549850    2.236610
