0      opls_145    15.609520    9.058020    1.797700
1      opls_280    14.361000    9.751940    1.797700
2      opls_142    16.747230    9.656720    1.797700
3      opls_916    18.294500   11.482730    1.797700
4      opls_145    19.356230   10.553530    1.797700
5      opls_145    20.609790   10.948590    1.797700
6      opls_700    20.895870   12.286570    1.797700
7      opls_145    19.848820   13.248680    1.797700
8      opls_260    18.548630   12.846630    1.797700
9      opls_261    17.504890   13.849870    1.797700
10     opls_145    13.131760    8.989230    1.797700
11     opls_280    13.155080    7.561020    1.797700
12     opls_142    12.044420    9.675170    1.797700
13     opls_916     9.689410   10.102130    1.797700
14     opls_145     9.963260   11.486220    1.797700
15     opls_145     8.994350   12.374300    1.797700
16     opls_700     7.692590   11.953070    1.797700
17     opls_145     7.382900   10.565240    1.797700
18     opls_260     8.381170    9.640270    1.797700
19     opls_261     8.034220    8.234750    1.797700
20     opls_145    14.430220    6.877830    1.797700
21     opls_280    15.655420    7.612120    1.797700
22     opls_142    14.379850    5.593190    1.797700
23     opls_916    15.187590    3.340210    1.797700
24     opls_145    13.852010    2.885330    1.797700
25     opls_145    13.567360    1.602180    1.797700
26     opls_700    14.583040    0.685440    1.797700
27     opls_145    15.939780    1.111160    1.797700
28     opls_260    16.241690    2.438170    1.797700
29     opls_261    17.632390    2.840460    1.797700
30     opls_145    -1.219020   15.867050    1.797700
31     opls_280     0.029500   15.173140    1.797700
32     opls_142    -2.356730   15.268350    1.797700
33     opls_916    -3.904000   13.442340    1.797700
34     opls_145    -4.965730   14.371550    1.797700
35     opls_145    -6.219290   13.976490    1.797700
36     opls_700    -6.505370   12.638510    1.797700
37     opls_145    -5.458320   11.676400    1.797700
38     opls_260    -4.158130   12.078440    1.797700
39     opls_261    -3.114390   11.075210    1.797700
40     opls_145     1.258740   15.935850    1.797700
41     opls_280     1.235420   17.364050    1.797700
42     opls_142     2.346080   15.249910    1.797700
43     opls_916     4.701090   14.822940    1.797700
44     opls_145     4.427240   13.438850    1.797700
45     opls_145     5.396150   12.550770    1.797700
46     opls_700     6.697910   12.972010    1.797700
47     opls_145     7.007600   14.359840    1.797700
48     opls_260     6.009330   15.284810    1.797700
49     opls_261     6.356280   16.690330    1.797700
50     opls_145    -0.039720   18.047250    1.797700
51     opls_280    -1.264920   17.312960    1.797700
52     opls_142     0.010650   19.331890    1.797700
53     opls_916    -0.797090   21.584870    1.797700
54     opls_145     0.538490   22.039750    1.797700
55     opls_145     0.823140   23.322890    1.797700
56     opls_700    -0.192540   24.239640    1.797700
57     opls_145    -1.549280   23.813920    1.797700
58     opls_260    -1.851190   22.486910    1.797700
59     opls_261    -3.241890   22.084620    1.797700
60     opls_281    14.313220   10.968280    1.797700
61     opls_281    12.125580    6.911470    1.797700
62     opls_281    16.732700    7.045320    1.797700
63     opls_281     0.077280   13.956800    1.797700
64     opls_281     2.264920   18.013600    1.797700
65     opls_281    -2.342200   17.879750    1.797700
66     opls_238    16.972440   11.045300    1.797700
67     opls_262    16.673270   14.653700    1.797700
68     opls_238    10.729270    9.175920    1.797700
69     opls_262     7.753890    7.112620    1.797700
70     opls_238    15.469790    4.703860    1.797700
71     opls_262    18.744350    3.158760    1.797700
72     opls_238    -2.581940   13.879780    1.797700
73     opls_262    -2.282770   10.271380    1.797700
74     opls_238     3.661230   15.749160    1.797700
75     opls_262     6.636610   17.812460    1.797700
76     opls_238    -1.079290   20.221220    1.797700
77     opls_262    -4.353850   21.766320    1.797700
78     opls_144    17.550370    8.999950    1.797700
79     opls_910    16.237950   11.773610    1.797700
80     opls_146    19.351480    9.484990    1.797700
81     opls_146    21.316650   10.144010    1.797700
82     opls_146    19.965810   14.314220    1.797700
83     opls_144    12.211630   10.699090    1.797700
84     opls_910    10.465780    8.175670    1.797700
85     opls_146    10.891020   12.016380    1.797700
86     opls_146     9.337710   13.388750    1.797700
87     opls_146     6.401610   10.133790    1.797700
88     opls_144    13.409500    5.226040    1.797700
89     opls_910    16.467770    4.975790    1.797700
90     opls_146    12.929000    3.423710    1.797700
91     opls_146    12.517140    1.392310    1.797700
92     opls_146    16.804070    0.477070    1.797700
93     opls_144    -3.159870   15.925130    1.797700
94     opls_910    -1.847450   13.151470    1.797700
95     opls_146    -4.960980   15.440090    1.797700
96     opls_146    -6.926150   14.781070    1.797700
97     opls_146    -5.575310   10.610850    1.797700
98     opls_144     2.178870   14.225990    1.797700
99     opls_910     3.924720   16.749400    1.797700
100    opls_146     3.499480   12.908700    1.797700
101    opls_146     5.052790   11.536320    1.797700
102    opls_146     7.988890   14.791290    1.797700
103    opls_144     0.981000   19.699040    1.797700
104    opls_910    -2.077270   19.949280    1.797700
105    opls_146     1.461500   21.501370    1.797700
106    opls_146     1.873360   23.532760    1.797700
107    opls_146    -2.413570   24.448010    1.797700
