0      opls_280    -1.332630   13.395430    1.684600
1      opls_145    -1.174750   11.942650    1.684600
2      opls_142     2.563200   11.669580    1.684600
3      opls_916     5.091270   11.629140    1.684600
4      opls_700     6.304940   12.327420    1.684600
5      opls_145     6.313500    9.585360    1.684600
6      opls_145    -2.416660    6.900690    1.684600
7      opls_145    -2.423560    5.545350    1.684600
8      opls_280     0.183780   11.405560    1.684600
9      opls_145     1.362990   12.268680    1.684600
10     opls_142    -0.269510   15.642380    1.684600
11     opls_916    -1.498520   17.851970    1.684600
12     opls_700    -2.710070   18.553900    1.684600
13     opls_145    10.778590    0.674970    1.684600
14     opls_145     6.350410   13.714140    1.684600
15     opls_145     7.527610   14.385840    1.684600
16     opls_280     1.148850   13.713750    1.684600
17     opls_145    -0.188230   14.303410    1.684600
18     opls_142    -2.293690   11.202780    1.684600
19     opls_916    -3.592750    9.033630    1.684600
20     opls_700    -3.594860    7.633430    1.684600
21     opls_145    16.262660    8.997050    1.684600
22     opls_145    -3.933750   17.899920    1.684600
23     opls_145    -5.104060   18.583560    1.684600
24     opls_280    12.267100    5.543620    1.684600
25     opls_145    10.930020    4.953960    1.684600
26     opls_142     8.824560    8.054590    1.684600
27     opls_916     7.525500   10.223740    1.684600
28     opls_700     7.523390   11.623940    1.684600
29     opls_145     5.144410   10.260330    1.684600
30     opls_145     7.184500    1.357450    1.684600
31     opls_145     6.014190    0.673820    1.684600
32     opls_280     9.785620    5.861940    1.684600
33     opls_145     9.943500    7.314720    1.684600
34     opls_142    13.681450    7.587790    1.684600
35     opls_916    16.209520    7.628230    1.684600
36     opls_700    17.423190    6.929960    1.684600
37     opls_145    -4.804750    9.672020    1.684600
38     opls_145     8.701590   12.356690    1.684600
39     opls_145     8.694690   13.712020    1.684600
40     opls_280    11.302030    7.851810    1.684600
41     opls_145    12.481240    6.988690    1.684600
42     opls_142    10.848740    3.614990    1.684600
43     opls_916     9.619730    1.405400    1.684600
44     opls_700     8.408180    0.703470    1.684600
45     opls_145    -0.339660   18.582400    1.684600
46     opls_145    17.468660    5.543240    1.684600
47     opls_145    18.645860    4.871540    1.684600
48     opls_281     2.080340   14.449770    1.684600
49     opls_281    -2.435790   13.834110    1.684600
50     opls_281     0.355450   10.230870    1.684600
51     opls_281    11.473700    9.026510    1.684600
52     opls_281    13.198590    4.807600    1.684600
53     opls_281     8.682460    5.423260    1.684600
54     opls_238     8.734500    9.467700    1.684600
55     opls_238     9.669990    2.830450    1.684600
56     opls_238    14.950270    6.959230    1.684600
57     opls_238     3.832020   12.298140    1.684600
58     opls_238    -2.383750    9.789680    1.684600
59     opls_238    -1.448260   16.426930    1.684600
60     opls_144     2.554750   10.624680    1.684600
61     opls_910     9.587380    9.983600    1.684600
62     opls_146     6.220660    8.541420    1.684600
63     opls_146    18.651420    3.814690    1.684600
64     opls_146    16.623670    4.924300    1.684600
65     opls_144     0.639630   16.157510    1.684600
66     opls_910     8.796760    3.311110    1.684600
67     opls_146    11.729090    1.116540    1.684600
68     opls_146     9.607170   14.245260    1.684600
69     opls_146     9.660090   11.934370    1.684600
70     opls_144    -3.194380   11.732560    1.684600
71     opls_910    14.970610    5.962660    1.684600
72     opls_146    15.405000    9.599420    1.684600
73     opls_146     5.096160    1.197420    1.684600
74     opls_146     7.070980    2.398700    1.684600
75     opls_144     7.923870    7.524820    1.684600
76     opls_910     3.852360   13.294710    1.684600
77     opls_146     4.286750    9.657960    1.684600
78     opls_146    -6.022090   18.059950    1.684600
79     opls_146    -4.047270   16.858680    1.684600
80     opls_144    13.673000    8.632700    1.684600
81     opls_910    -1.530870    9.273770    1.684600
82     opls_146    -4.897590   10.715960    1.684600
83     opls_146     7.533170   15.442680    1.684600
84     opls_146     5.505420   14.333070    1.684600
85     opls_144    11.757880    3.099860    1.684600
86     opls_910    -2.321490   15.946260    1.684600
87     opls_146     0.610840   18.140830    1.684600
88     opls_146    -1.511080    5.012120    1.684600
89     opls_146    -1.458160    7.323000    1.684600
