0      opls_700     1.567040   43.846290    2.284650
1      opls_145     0.828000   42.632270    2.077720
2      opls_700     2.950510   43.847650    2.622540
3      opls_700     3.817430   42.629120    2.650230
4      opls_145     5.055940   42.649850    1.962280
5      opls_145     5.908320   41.554850    1.979260
6      opls_700     5.552210   40.369680    2.666170
7      opls_145     4.321440   40.347140    3.353660
8      opls_145     3.489180   41.459730    3.366790
9      opls_727    12.652020   35.092540    1.404670
10     opls_727    13.594610   34.000690    1.323880
11     opls_700    13.313850   32.750150    1.836860
12     opls_716    12.030530   32.554960    2.473520
13     opls_716    11.078980   33.656270    2.552000
14     opls_700    11.414760   34.950990    2.000670
15     opls_700    10.429740   36.043740    2.096820
16     opls_700    14.253580   31.615020    1.762310
17     opls_145     9.069050   35.835920    1.791730
18     opls_145     8.154130   36.876380    1.877560
19     opls_145     8.560750   38.173800    2.271250
20     opls_145     9.937650   38.381170    2.555850
21     opls_145    10.844930   37.334400    2.482690
22     opls_145    15.613980   31.807520    2.075220
23     opls_145    16.519030   30.758490    1.993270
24     opls_145    16.101490   29.465130    1.597080
25     opls_145    14.722840   29.269030    1.314720
26     opls_145    13.824970   30.324820    1.384220
27     opls_142     6.436340   39.192620    2.668020
28     opls_700    21.693920   23.773250    1.231080
29     opls_700    23.078240   23.774610    1.567470
30     opls_145    23.817690   24.988630    1.773630
31     opls_700    20.827920   20.088370    1.202700
32     opls_145    21.157560   18.919430    0.485490
33     opls_145    20.327330   17.805480    0.499540
34     opls_700    19.097680   17.825770    1.188800
35     opls_145    18.739580   19.010490    1.875100
36     opls_145    19.589440   20.106850    1.891040
37     opls_142    18.217240   16.645560    1.190110
38     opls_700    47.389990   43.846290    1.565970
39     opls_145    48.129030   42.632270    1.772900
40     opls_700    46.006520   43.847650    1.228080
41     opls_700    45.139600   42.629120    1.200390
42     opls_145    43.901090   42.649850    1.888340
43     opls_145    43.048720   41.554850    1.871360
44     opls_700    43.404820   40.369680    1.184450
45     opls_145    44.635590   40.347140    0.496960
46     opls_145    45.467850   41.459730    0.483830
47     opls_727    36.305010   35.092540    2.445950
48     opls_727    35.362420   34.000690    2.526740
49     opls_700    35.643180   32.750150    2.013760
50     opls_716    36.926500   32.554960    1.377100
51     opls_716    37.878050   33.656270    1.298620
52     opls_700    37.542270   34.950990    1.849950
53     opls_700    38.527290   36.043740    1.753800
54     opls_700    34.703450   31.615020    2.088310
55     opls_145    39.887980   35.835920    2.058890
56     opls_145    40.802900   36.876380    1.973060
57     opls_145    40.396280   38.173800    1.579370
58     opls_145    39.019380   38.381170    1.294770
59     opls_145    38.112110   37.334400    1.367930
60     opls_145    33.343050   31.807520    1.775410
61     opls_145    32.438000   30.758490    1.857350
62     opls_145    32.855540   29.465130    2.253540
63     opls_145    34.234190   29.269030    2.535900
64     opls_145    35.132060   30.324820    2.466400
65     opls_142    42.520690   39.192620    1.182600
66     opls_700    27.263110   23.773250    2.619540
67     opls_700    25.878790   23.774610    2.283150
68     opls_145    25.139340   24.988630    2.076990
69     opls_700    28.129110   20.088370    2.647920
70     opls_145    27.799470   18.919430    3.365140
71     opls_145    28.629700   17.805480    3.351080
72     opls_700    29.859350   17.825770    2.661820
73     opls_145    30.217450   19.010490    1.975520
74     opls_145    29.367600   20.106850    1.959580
75     opls_142    30.739790   16.645560    2.660510
76     opls_700    47.389990    1.234310    1.565970
77     opls_145    48.129030    2.448330    1.772900
78     opls_700    46.006520    1.232950    1.228080
79     opls_700    45.139600    2.451480    1.200390
80     opls_145    43.901090    2.430750    1.888340
81     opls_145    43.048720    3.525750    1.871360
82     opls_700    43.404820    4.710920    1.184450
83     opls_145    44.635590    4.733460    0.496960
84     opls_145    45.467850    3.620870    0.483830
85     opls_727    36.305010    9.988060    2.445950
86     opls_727    35.362420   11.079910    2.526740
87     opls_700    35.643180   12.330450    2.013760
88     opls_716    36.926500   12.525640    1.377100
89     opls_716    37.878050   11.424330    1.298620
90     opls_700    37.542270   10.129610    1.849950
91     opls_700    38.527290    9.036860    1.753800
92     opls_700    34.703450   13.465580    2.088310
93     opls_145    39.887980    9.244680    2.058890
94     opls_145    40.802900    8.204220    1.973060
95     opls_145    40.396280    6.906800    1.579370
96     opls_145    39.019380    6.699430    1.294770
97     opls_145    38.112110    7.746200    1.367930
98     opls_145    33.343050   13.273080    1.775410
99     opls_145    32.438000   14.322110    1.857350
100    opls_145    32.855540   15.615470    2.253540
101    opls_145    34.234190   15.811570    2.535900
102    opls_145    35.132060   14.755780    2.466400
103    opls_142    42.520690    5.887980    1.182600
104    opls_700    27.263110   21.307350    2.619540
105    opls_700    25.878790   21.305990    2.283150
106    opls_145    25.139340   20.091970    2.076990
107    opls_700    28.129110   24.992230    2.647920
108    opls_145    27.799470   26.161170    3.365140
109    opls_145    28.629700   27.275120    3.351080
110    opls_700    29.859350   27.254830    2.661820
111    opls_145    30.217450   26.070110    1.975520
112    opls_145    29.367600   24.973750    1.959580
113    opls_142    30.739790   28.435040    2.660510
114    opls_700     1.567040    1.234310    2.284650
115    opls_145     0.828000    2.448330    2.077720
116    opls_700     2.950510    1.232950    2.622540
117    opls_700     3.817430    2.451480    2.650230
118    opls_145     5.055940    2.430750    1.962280
119    opls_145     5.908320    3.525750    1.979260
120    opls_700     5.552210    4.710920    2.666170
121    opls_145     4.321440    4.733460    3.353660
122    opls_145     3.489180    3.620870    3.366790
123    opls_727    12.652020    9.988060    1.404670
124    opls_727    13.594610   11.079910    1.323880
125    opls_700    13.313850   12.330450    1.836860
126    opls_716    12.030530   12.525640    2.473520
127    opls_716    11.078980   11.424330    2.552000
128    opls_700    11.414760   10.129610    2.000670
129    opls_700    10.429740    9.036860    2.096820
130    opls_700    14.253580   13.465580    1.762310
131    opls_145     9.069050    9.244680    1.791730
132    opls_145     8.154130    8.204220    1.877560
133    opls_145     8.560750    6.906800    2.271250
134    opls_145     9.937650    6.699430    2.555850
135    opls_145    10.844930    7.746200    2.482690
136    opls_145    15.613980   13.273080    2.075220
137    opls_145    16.519030   14.322110    1.993270
138    opls_145    16.101490   15.615470    1.597080
139    opls_145    14.722840   15.811570    1.314720
140    opls_145    13.824970   14.755780    1.384220
141    opls_142     6.436340    5.887980    2.668020
142    opls_700    21.693920   21.307350    1.231080
143    opls_700    23.078240   21.305990    1.567470
144    opls_145    23.817690   20.091970    1.773630
145    opls_700    20.827920   24.992230    1.202700
146    opls_145    21.157560   26.161170    0.485490
147    opls_145    20.327330   27.275120    0.499540
148    opls_700    19.097680   27.254830    1.188800
149    opls_145    18.739580   26.070110    1.875100
150    opls_145    19.589440   24.973750    1.891040
151    opls_142    18.217240   28.435040    1.190110
152    opls_700     0.860390    0.000000    2.114760
153    opls_145     3.583600    0.000000    2.830050
154    opls_700    48.096640    0.000000    1.735860
155    opls_145    45.373430    0.000000    1.020570
156    opls_700    23.784830   22.540300    1.736710
157    opls_145    21.060950   22.540300    1.024880
158    opls_700    25.172200   22.540300    2.113910
159    opls_145    27.896090   22.540300    2.825740
160    opls_750     7.683530   39.275120    2.320960
161    opls_750    31.986040   28.357950    2.308140
162    opls_750    39.015210   11.714190    0.669820
163    opls_750    37.331340   13.660770    0.809090
164    opls_750    41.273500   39.275120    1.529660
165    opls_750    16.970990   28.357950    1.542480
166    opls_750     9.941820   11.714190    3.180810
167    opls_750    11.625690   13.660770    3.041530
168    opls_750    41.273500    5.805480    1.529660
169    opls_750    16.970990   16.722650    1.542480
170    opls_750     9.941820   33.366410    3.180810
171    opls_750    11.625690   31.419830    3.041530
172    opls_750     7.683530    5.805480    2.320960
173    opls_750    31.986040   16.722650    2.308140
174    opls_750    39.015210   33.366410    0.669820
175    opls_750    37.331340   31.419830    0.809090
176    opls_202    38.973430   13.425000    0.138040
177    opls_202     9.983600   13.425000    3.712580
178    opls_202     9.983600   31.655600    3.712580
179    opls_202    38.973430   31.655600    0.138040
180    opls_146     5.344590   43.532080    1.383260
181    opls_146     6.852450   41.600830    1.434470
182    opls_146     4.030100   39.454090    3.912810
183    opls_146     2.576610   41.422310    3.961440
184    opls_146     8.728880   34.854970    1.457810
185    opls_146     7.113560   36.696510    1.602630
186    opls_146    10.275090   39.373400    2.852660
187    opls_146    11.886870   37.515170    2.745490
188    opls_146    15.960050   32.786220    2.409870
189    opls_146    17.561380   30.930250    2.266400
190    opls_146    14.377420   28.280410    1.015600
191    opls_146    12.782070   30.150810    1.121610
192    opls_144     6.000110   38.230600    3.014420
193    opls_146    20.620160   16.912890   -0.059260
194    opls_146    17.796040   19.054670    2.421000
195    opls_146    19.299840   20.988630    2.470250
196    opls_144    18.656250   15.685340    0.842170
197    opls_146    25.630380   25.947040    2.171710
198    opls_146     1.319110   41.673860    2.173180
199    opls_146    22.069600   18.883810   -0.109780
200    opls_146    43.612450   43.532080    2.467360
201    opls_146    42.104580   41.600830    2.416150
202    opls_146    44.926930   39.454090   -0.062190
203    opls_146    46.380420   41.422310   -0.110820
204    opls_146    40.228150   34.854970    2.392810
205    opls_146    41.843470   36.696510    2.247990
206    opls_146    38.681940   39.373400    0.997970
207    opls_146    37.070160   37.515170    1.105130
208    opls_146    32.996990   32.786220    1.440750
209    opls_146    31.395650   30.930250    1.584220
210    opls_146    34.579610   28.280410    2.835020
211    opls_146    36.174960   30.150810    2.729010
212    opls_144    42.956920   38.230600    0.836200
213    opls_146    28.336870   16.912890    3.909880
214    opls_146    31.161000   19.054670    1.429620
215    opls_146    29.657190   20.988630    1.380370
216    opls_144    30.300780   15.685340    3.008450
217    opls_146    23.326650   25.947040    1.678910
218    opls_146    47.637920   41.673860    1.677450
219    opls_146    26.887430   18.883810    3.960400
220    opls_146    43.612450    1.548520    2.467360
221    opls_146    42.104580    3.479770    2.416150
222    opls_146    44.926930    5.626510   -0.062190
223    opls_146    46.380420    3.658290   -0.110820
224    opls_146    40.228150   10.225630    2.392810
225    opls_146    41.843470    8.384090    2.247990
226    opls_146    38.681940    5.707200    0.997970
227    opls_146    37.070160    7.565430    1.105130
228    opls_146    32.996990   12.294380    1.440750
229    opls_146    31.395650   14.150350    1.584220
230    opls_146    34.579610   16.800190    2.835020
231    opls_146    36.174960   14.929790    2.729010
232    opls_144    42.956920    6.850000    0.836200
233    opls_146    28.336870   28.167710    3.909880
234    opls_146    31.161000   26.025930    1.429620
235    opls_146    29.657190   24.091970    1.380370
236    opls_144    30.300780   29.395260    3.008450
237    opls_146    23.326650   19.133560    1.678910
238    opls_146    47.637920    3.406740    1.677450
239    opls_146    26.887430   26.196790    3.960400
240    opls_146     5.344590    1.548520    1.383260
241    opls_146     6.852450    3.479770    1.434470
242    opls_146     4.030100    5.626510    3.912810
243    opls_146     2.576610    3.658290    3.961440
244    opls_146     8.728880   10.225630    1.457810
245    opls_146     7.113560    8.384090    1.602630
246    opls_146    10.275090    5.707200    2.852660
247    opls_146    11.886870    7.565430    2.745490
248    opls_146    15.960050   12.294380    2.409870
249    opls_146    17.561380   14.150350    2.266400
250    opls_146    14.377420   16.800190    1.015600
251    opls_146    12.782070   14.929790    1.121610
252    opls_144     6.000110    6.850000    3.014420
253    opls_146    20.620160   28.167710   -0.059260
254    opls_146    17.796040   26.025930    2.421000
255    opls_146    19.299840   24.091970    2.470250
256    opls_144    18.656250   29.395260    0.842170
257    opls_146    25.630380   19.133560    2.171710
258    opls_146     1.319110    3.406740    2.173180
259    opls_146    22.069600   26.196790   -0.109780
260    opls_146     4.629180    0.000000    3.140300
261    opls_146    44.327850    0.000000    0.710320
262    opls_146    20.014990   22.540300    0.715910
263    opls_146    28.942040   22.540300    3.134710
264    opls_719    13.002220   36.258780    0.823460
265    opls_719    14.753540   34.231050    0.671280
266    opls_719    35.954810   36.258780    3.027170
267    opls_719    34.203500   34.231050    3.179340
268    opls_719    35.954810    8.821820    3.027170
269    opls_719    34.203500   10.849550    3.179340
270    opls_719    13.002220    8.821820    0.823460
271    opls_719    14.753540   10.849550    0.671280
