0      opls_167    -4.885750   15.872350    1.700070
1      opls_167    -3.725180   13.874140    1.700070
2      opls_167    16.189190    3.704730    1.700070
3      opls_167    13.878400    3.710710    1.700070
4      opls_167     3.707770   13.830460    1.700070
5      opls_167     4.858290   15.834650    1.700070
6      opls_167    18.717770   12.168140    1.700070
7      opls_167    19.868140   10.163690    1.700070
8      opls_167     1.179490   22.293880    1.700070
9      opls_167    -1.131600   22.287900    1.700070
10     opls_167    10.123790   10.125990    1.700070
11     opls_167    11.284670   12.124210    1.700070
12     opls_167    -4.886060   15.872350    5.200100
13     opls_167    -3.725180   13.874140    5.200100
14     opls_167    16.189490    3.704730    5.200100
15     opls_167    13.878400    3.710710    5.200100
16     opls_167     3.707770   13.830460    5.200100
17     opls_167     4.858290   15.834650    5.200100
18     opls_167    18.717770   12.168140    5.200100
19     opls_167    19.867840   10.163690    5.200100
20     opls_167     1.179490   22.293880    5.200100
21     opls_167    -1.131600   22.287900    5.200100
22     opls_167    10.123790   10.125990    5.200100
23     opls_167    11.284520   12.124470    5.200100
24     opls_166    -3.523450   16.134410    1.700070
25     opls_145    -2.867660   17.351900    1.700070
26     opls_700    -1.445910   17.331100    1.700070
27     opls_716    -6.233650   12.260180    1.700070
28     opls_145    -6.250760   13.704110    1.700070
29     opls_145    -7.472730   14.359520    1.700070
30     opls_166    -2.823230   14.916400    1.700070
31     opls_145    -1.442010   14.857640    1.700070
32     opls_700    -0.734590   16.088650    1.700070
33     opls_716    13.734900    0.731330    1.700070
34     opls_166    15.734980    5.015550    1.700070
35     opls_145    16.461470    6.192220    1.700070
36     opls_700    15.732280    7.413090    1.700070
37     opls_145    14.993940    1.438470    1.700070
38     opls_145    16.172520    0.707930    1.700070
39     opls_166    14.330050    5.012950    1.700070
40     opls_145    13.588550    6.179740    1.700070
41     opls_700    14.300930    7.407890    1.700070
42     opls_166     2.799670   14.879220    1.700070
43     opls_145     1.417390   14.838410    1.700070
44     opls_700     0.724680   16.080330    1.700070
45     opls_716     7.509950   14.469230    1.700070
46     opls_145     6.268330   13.732450    1.700070
47     opls_145     6.311400   12.346490    1.700070
48     opls_166     3.504380   16.094630    1.700070
49     opls_145     2.864660   17.320180    1.700070
50     opls_700     1.444860   17.317320    1.700070
51     opls_716    22.519800   11.529110    1.700070
52     opls_166    17.809520   11.119120    1.700070
53     opls_145    16.427240   11.159940    1.700070
54     opls_700    15.734530    9.918010    1.700070
55     opls_145    21.277880   12.265900    1.700070
56     opls_145    21.321250   13.651850    1.700070
57     opls_166    18.514530    9.903710    1.700070
58     opls_145    17.874510    8.678160    1.700070
59     opls_700    16.454710    8.681020    1.700070
60     opls_166     0.725130   20.982790    1.700070
61     opls_145     1.451770   19.806380    1.700070
62     opls_700     0.722430   18.585250    1.700070
63     opls_716    -1.275100   25.267280    1.700070
64     opls_145    -0.015910   24.559870    1.700070
65     opls_145     1.162670   25.290410    1.700070
66     opls_166    -0.679950   20.985650    1.700070
67     opls_145    -1.421300   19.818600    1.700070
68     opls_700    -0.708920   18.590450    1.700070
69     opls_716     8.776200   13.738170    1.700070
70     opls_166    11.486400    9.863930    1.700070
71     opls_145    12.142190    8.646440    1.700070
72     opls_700    13.564090    8.667500    1.700070
73     opls_145     8.758940   12.294490    1.700070
74     opls_145     7.537120   11.638820    1.700070
75     opls_166    12.186620   11.081940    1.700070
76     opls_145    13.567840   11.140700    1.700070
77     opls_700    14.275260    9.909690    1.700070
78     opls_166    -3.523450   16.134410    5.200100
79     opls_145    -2.867660   17.351900    5.200100
80     opls_700    -1.445610   17.331100    5.200100
81     opls_716    -6.233500   12.259920    5.200100
82     opls_145    -6.250610   13.703850    5.200100
83     opls_145    -7.472730   14.359520    5.200100
84     opls_166    -2.823230   14.916400    5.200100
85     opls_145    -1.442010   14.857640    5.200100
86     opls_700    -0.734290   16.088650    5.200100
87     opls_716    13.735200    0.731330    5.200100
88     opls_166    15.734830    5.015810    5.200100
89     opls_145    16.461470    6.192220    5.200100
90     opls_700    15.732130    7.413350    5.200100
91     opls_145    14.993940    1.438470    5.200100
92     opls_145    16.172820    0.707930    5.200100
93     opls_166    14.330050    5.012950    5.200100
94     opls_145    13.588550    6.179740    5.200100
95     opls_700    14.300780    7.408150    5.200100
96     opls_166     2.799670   14.879220    5.200100
97     opls_145     1.417390   14.838410    5.200100
98     opls_700     0.724680   16.080330    5.200100
99     opls_716     7.510100   14.469490    5.200100
100    opls_145     6.268180   13.732710    5.200100
101    opls_145     6.311550   12.346750    5.200100
102    opls_166     3.504380   16.094630    5.200100
103    opls_145     2.864660   17.320180    5.200100
104    opls_700     1.444860   17.317320    5.200100
105    opls_716    22.519950   11.528850    5.200100
106    opls_166    17.809520   11.119120    5.200100
107    opls_145    16.427390   11.160200    5.200100
108    opls_700    15.734380    9.918270    5.200100
109    opls_145    21.278030   12.265640    5.200100
110    opls_145    21.321250   13.651850    5.200100
111    opls_166    18.514230    9.903710    5.200100
112    opls_145    17.874510    8.678160    5.200100
113    opls_700    16.454710    8.681020    5.200100
114    opls_166     0.725130   20.982790    5.200100
115    opls_145     1.451770   19.806380    5.200100
116    opls_700     0.722430   18.585250    5.200100
117    opls_716    -1.274800   25.267280    5.200100
118    opls_145    -0.015910   24.559870    5.200100
119    opls_145     1.162970   25.290410    5.200100
120    opls_166    -0.679650   20.985650    5.200100
121    opls_145    -1.421000   19.818600    5.200100
122    opls_700    -0.708920   18.590450    5.200100
123    opls_716     8.776350   13.738430    5.200100
124    opls_166    11.486400    9.863930    5.200100
125    opls_145    12.142190    8.646440    5.200100
126    opls_700    13.564090    8.667500    5.200100
127    opls_145     8.759240   12.294490    5.200100
128    opls_145     7.537270   11.639080    5.200100
129    opls_166    12.186470   11.082200    5.200100
130    opls_145    13.567840   11.140700    5.200100
131    opls_700    14.275260    9.909690    5.200100
132    MOF2_B_2    -4.974910   14.481450    1.700070
133    MOF2_B_2    15.029210    2.932060    1.700070
134    MOF2_B_2     4.956900   14.448690    1.700070
135    MOF2_B_2    19.966900   11.549910    1.700070
136    MOF2_B_2     0.019510   23.066540    1.700070
137    MOF2_B_2    10.034940   11.516890    1.700070
138    MOF2_B_2    -4.974910   14.481450    5.200100
139    MOF2_B_2    15.029210    2.932060    5.200100
140    MOF2_B_2     4.956900   14.448690    5.200100
141    MOF2_B_2    19.967050   11.549650    5.200100
142    MOF2_B_2     0.019510   23.066540    5.200100
143    MOF2_B_2    10.034790   11.517150    5.200100
144    opls_750     7.591760   15.795920    1.700070
145    opls_750     9.884240   14.472350    1.700070
146    opls_750    -2.464790   24.674520    1.700070
147    opls_750    12.545210    1.324080    1.700070
148    opls_750    -5.125610   11.525990    1.700070
149    opls_750    22.601310   10.202430    1.700070
150    opls_750     7.591610   15.796180    5.200100
151    opls_750     9.884390   14.472610    5.200100
152    opls_750    -2.464490   24.674520    5.200100
153    opls_750    12.545210    1.324080    5.200100
154    opls_750    -5.125610   11.525990    5.200100
155    opls_750    22.601760   10.202170    5.200100
156    opls_202     9.361440   16.214480    1.700070
157    opls_202    11.298030    0.000000    1.700070
158    opls_202    -5.648560    9.784120    1.700070
159    opls_202     9.361740   16.214480    5.200100
160    opls_202    11.298330    0.000000    5.200100
161    opls_202    -5.648110    9.783860    5.200100
162    opls_146    -7.468830   15.460280    1.700070
163    opls_146    -3.452300   18.278730    1.700070
164    opls_146    -0.949380   13.879080    1.700070
165    opls_146    -2.515080   19.881250    1.700070
166    opls_146     2.546600   19.849020    1.700070
167    opls_146     3.465810   18.236100    1.700070
168    opls_146     0.907050   13.868680    1.700070
169    opls_146     2.113860   24.736920    1.700070
170    opls_146     5.356170   11.799490    1.700070
171    opls_146     7.541020   10.538060    1.700070
172    opls_146    14.060470   12.119270    1.700070
173    opls_146    11.557550    7.719610    1.700070
174    opls_146    15.916900   12.129670    1.700070
175    opls_146    18.475660    7.762250    1.700070
176    opls_146    17.556300    6.149590    1.700070
177    opls_146    12.494770    6.117090    1.700070
178    opls_146    17.123860    1.261690    1.700070
179    opls_146    20.366170   14.199110    1.700070
180    opls_146    -7.468680   15.460020    5.200100
181    opls_146    -3.452300   18.278730    5.200100
182    opls_146    -0.949380   13.879080    5.200100
183    opls_146    -2.515080   19.881250    5.200100
184    opls_146     2.546900   19.849020    5.200100
185    opls_146     3.466110   18.236100    5.200100
186    opls_146     0.907050   13.868680    5.200100
187    opls_146     2.114160   24.736920    5.200100
188    opls_146     5.356470   11.799490    5.200100
189    opls_146     7.540870   10.538320    5.200100
190    opls_146    14.060320   12.119530    5.200100
191    opls_146    11.557550    7.719610    5.200100
192    opls_146    15.916900   12.129670    5.200100
193    opls_146    18.475660    7.762250    5.200100
194    opls_146    17.556300    6.149590    5.200100
195    opls_146    12.494770    6.117090    5.200100
196    opls_146    17.123860    1.261690    5.200100
197    opls_146    20.366320   14.198850    5.200100
