0      opls_558    16.249420   22.212910    0.050190
1      opls_700    20.337790   20.147110    5.975420
2      opls_145    19.735560   21.428190    5.972270
3      opls_624    18.381740   21.496170    6.222340
4      opls_624    17.572050   20.357420    6.377030
5      opls_145    18.129020   19.081290    6.322450
6      opls_145    19.515590   19.008860    6.136490
7      opls_700    21.793680   20.032170    5.955520
8      opls_145    22.597500   21.147200    6.276070
9      opls_145    23.975940   21.060520    6.483120
10     opls_624    24.546110   19.792990    6.392800
11     opls_624    23.765850   18.676180    6.016540
12     opls_145    22.412020   18.772390    5.762460
13     opls_700    29.007170   15.061550    0.343280
14     opls_700    28.272570   17.453750    0.337180
15     opls_700    26.567310   15.620470    0.337110
16     opls_700    26.909410   17.008390    0.259070
17     opls_558    25.861050   17.934980    6.549530
18     opls_700    27.637730   14.661380    0.254210
19     opls_558    27.353020   13.319790    6.540400
20     opls_700    27.524490    8.741880    5.974960
21     opls_145    26.151200    8.903920    6.260770
22     opls_145    25.548470   10.150450    6.440880
23     opls_624    26.377270   11.266240    6.360420
24     opls_624    27.743060   11.126720    6.024160
25     opls_145    28.326580    9.895970    5.795440
26     opls_700    28.127500    7.412080    6.022650
27     opls_145    29.522870    7.236350    6.167560
28     opls_145    30.125210    5.988810    6.380980
29     opls_624    29.272620    4.890840    6.484430
30     opls_624    27.885090    5.056720    6.342350
31     opls_145    27.293980    6.268570    6.060680
32     opls_700     1.350670    0.482000    0.284170
33     opls_700    13.808350   22.626310    0.281280
34     opls_700    26.673630    0.937340    0.300980
35     opls_700    40.492720   23.564820    0.282980
36     opls_700    28.031370    1.409440    0.271750
37     opls_558    28.283640    2.815150    0.190890
38     opls_700    29.305430   16.465550    0.242780
39     opls_558    30.595540   16.910320    6.504400
40     opls_700    15.153110   23.115400    0.214270
41     opls_700    34.460240   19.374740    5.994400
42     opls_145    35.014660   18.108810    6.280670
43     opls_145    34.243310   16.954920    6.438390
44     opls_624    32.863060   17.103560    6.339860
45     opls_624    32.295280   18.351610    5.996510
46     opls_145    33.063330   19.479200    5.785060
47     opls_700    35.290790   20.574930    6.064620
48     opls_145    36.699380   20.448800    6.110610
49     opls_624    37.431470   21.581080    6.395300
50     opls_624    36.854440   22.854230    6.536330
51     opls_145    35.475280   23.018010    6.433590
52     opls_145    34.718950   21.858430    6.215640
53     opls_558    39.155310   23.060610    0.225240
54     opls_148    30.056700   14.107800    0.860440
55     opls_148    28.579910   18.843620    0.839880
56     opls_148    25.220270   15.191530    0.868790
57     opls_148     2.741330    0.988920    0.523140
58     opls_148    13.591990   21.157350    0.491410
59     opls_148    25.528310    1.891750    0.457190
60     opls_558    25.570560    1.809740    3.418520
61     opls_700    21.470790    3.872360    2.709690
62     opls_145    22.080580    2.594630    2.699040
63     opls_624    23.428330    2.529000    2.985250
64     opls_624    24.225940    3.670270    3.184810
65     opls_145    23.663190    4.944060    3.134100
66     opls_145    22.281990    5.011720    2.912730
67     opls_700    20.015190    3.987910    2.656940
68     opls_145    19.201520    2.874410    2.957460
69     opls_145    17.821080    2.968730    3.151440
70     opls_624    17.259070    4.240780    3.069200
71     opls_624    18.048710    5.354650    2.704500
72     opls_145    19.403630    5.251110    2.461060
73     opls_700    12.844210    8.986480    3.627540
74     opls_700    13.568110    6.592110    3.630370
75     opls_700    15.281240    8.415510    3.614270
76     opls_700    14.933900    7.028760    3.536560
77     opls_558    15.960210    6.109460    3.243400
78     opls_700    14.216450    9.379140    3.538010
79     opls_558    14.492180   10.732830    3.259230
80     opls_700    14.325340   15.310990    2.697270
81     opls_145    15.698030   15.148960    2.983870
82     opls_145    16.298780   13.901840    3.166280
83     opls_624    15.468640   12.787220    3.086210
84     opls_624    14.103110   12.927520    2.749560
85     opls_145    13.521220   14.158690    2.518800
86     opls_700    13.721310   16.639980    2.741410
87     opls_145    12.330670   16.812180    2.925600
88     opls_145    11.729390   18.059500    3.143030
89     opls_624    12.582350   19.159920    3.213640
90     opls_624    13.965980   18.997100    3.031490
91     opls_145    14.552400   17.785240    2.740690
92     opls_700    40.501180   23.546870    3.586950
93     opls_700    28.021700    1.419870    3.588190
94     opls_700    15.185370   23.117000    3.566250
95     opls_700     1.346640    0.494280    3.560340
96     opls_700    13.831380   22.633050    3.548980
97     opls_558    13.585840   21.226080    3.455830
98     opls_700    12.540660    7.583350    3.531700
99     opls_558    11.234880    7.153720    3.229210
100    opls_700    26.680950    0.917600    3.542610
101    opls_700     7.353410    4.724540    2.690440
102    opls_145     6.805690    5.996710    2.959230
103    opls_145     7.587040    7.144160    3.120430
104    opls_624     8.967550    6.981760    3.041080
105    opls_624     9.527580    5.725130    2.717830
106    opls_145     8.751970    4.604750    2.502050
107    opls_700     6.519130    3.528210    2.765650
108    opls_145     5.108720    3.649150    2.775370
109    opls_624     4.375880    2.519050    3.070380
110    opls_624     4.961630    1.256320    3.261730
111    opls_145     6.342690    1.095860    3.193280
112    opls_145     7.095330    2.253470    2.962580
113    opls_558     2.676020    1.019670    3.484210
114    opls_148    11.806430    9.940090    4.167630
115    opls_148    13.257650    5.207320    4.142860
116    opls_148    16.639180    8.837060    4.118890
117    opls_148    39.118560   23.023940    3.838010
118    opls_148    28.237740    2.887620    3.804370
119    opls_148    16.342590   22.167580    3.657630
120    opls_557    17.557400   22.582320    6.381440
121    opls_557    16.304580   20.814730    0.036190
122    opls_557    24.611860   17.589170    6.059430
123    opls_557    25.822620   19.305370    0.097090
124    opls_557    28.278110   12.395150    6.078290
125    opls_557    26.181950   12.590480    0.051500
126    opls_557    29.485410    3.534630    0.171710
127    opls_557    27.322150    3.821650    6.544540
128    opls_557    30.929810   18.170890    6.030400
129    opls_557    31.826390   16.236550    0.019640
130    opls_557    38.793810   21.730620    0.023190
131    opls_557    37.913530   23.713760    0.219730
132    opls_557    24.256470    1.444360    3.148550
133    opls_557    25.502160    3.205780    3.442890
134    opls_557    17.211600    6.447340    2.750540
135    opls_557    15.999150    4.725410    3.344620
136    opls_557    13.567710   11.658540    2.799550
137    opls_557    15.675530   11.450800    3.343840
138    opls_557    12.387130   20.504660    3.467720
139    opls_557    14.530390   20.235220    3.212070
140    opls_557    10.893730    5.890370    2.769920
141    opls_557    10.024110    7.829830    3.291940
142    opls_557     3.022430    2.346730    3.239330
143    opls_557     3.922180    0.384120    3.521850
144    opls_146    20.315820   22.337850    5.827100
145    opls_146    17.528560   18.181240    6.464200
146    opls_146    19.978420   18.023530    6.175570
147    opls_146    22.125770   22.114130    6.445740
148    opls_146    24.561180   21.936300    6.767750
149    opls_146    21.836190   17.892780    5.480000
150    opls_562    17.848090   23.533270    6.203820
151    opls_562    15.482770   20.226910    0.010510
152    opls_562    24.369930   16.638700    5.814350
153    opls_562    29.233830   12.642640    5.862570
154    opls_562    25.323370   12.989180    0.406410
155    opls_146    25.532390    8.024340    6.425710
156    opls_146    24.492770   10.234790    6.701530
157    opls_146    29.384550    9.822230    5.548320
158    opls_146    30.169390    8.112350    6.161120
159    opls_146    31.206070    5.897650    6.496390
160    opls_146    26.216440    6.332510    5.918400
161    opls_562    30.392730    3.090780    0.128350
162    opls_562    26.351500    3.620590    6.353780
163    opls_146    36.084030   18.023060    6.464070
164    opls_146    34.702050   16.000260    6.698900
165    opls_146    32.595100   20.428100    5.528410
166    opls_146    37.200310   19.493450    5.963790
167    opls_146    34.997200   23.992780    6.548090
168    opls_146    33.634620   21.958910    6.208410
169    opls_562    37.822280   24.716310    0.126650
170    opls_562    39.466610   21.003090   -0.171450
171    opls_562    26.577810   19.851020    0.489050
172    opls_562    30.236260   18.876590    5.825780
173    opls_562    31.914260   15.299860    0.389590
174    opls_146    21.509300    1.684900    2.520310
175    opls_146    24.254440    5.847030    3.297850
176    opls_146    21.812720    5.993580    2.956480
177    opls_146    19.665870    1.903240    3.123130
178    opls_146    17.227640    2.095110    3.424570
179    opls_146    19.987520    6.129300    2.187670
180    opls_562    23.986810    0.500150    2.908590
181    opls_562    26.321390    3.798150    3.458260
182    opls_562    17.471140    7.399430    2.532000
183    opls_562    12.608410   11.413710    2.595520
184    opls_562    16.538380   11.048230    3.683310
185    opls_146    16.316340   16.030300    3.147820
186    opls_146    17.354250   13.815980    3.426670
187    opls_146    12.464140   14.235680    2.267670
188    opls_146    11.688790   15.932370    2.954640
189    opls_146    10.651340   18.150130    3.286690
190    opls_146    15.624900   17.722440    2.563330
191    opls_562    11.477640   20.945560    3.470550
192    opls_562    15.491080   20.439890    2.979990
193    opls_146     5.733880    6.091470    3.126670
194    opls_146     7.134280    8.105450    3.367220
195    opls_146     9.214340    3.648520    2.262290
196    opls_146     4.609660    4.600340    2.594730
197    opls_146     6.823340    0.128280    3.347320
198    opls_146     8.179680    2.161200    2.989190
199    opls_562     4.027040   -0.620120    3.470480
200    opls_562     2.344820    3.056700    3.000490
201    opls_562    15.236580    4.182520    3.725480
202    opls_562    11.580220    5.173900    2.577260
203    opls_562     9.942360    8.775430    3.640480
204    opls_702    13.485540   20.538200   -0.430060
205    opls_702    12.739740   20.952670    1.142380
206    opls_702    14.397370   20.734290    1.082800
207    opls_702    24.733120    1.458840    1.050870
208    opls_702    25.077580    2.274070   -0.487340
209    opls_702    25.787150    2.743590    1.088910
210    opls_702     3.328400    1.257350   -0.387750
211    opls_702     3.336260    0.292290    1.116360
212    opls_702     2.726570    1.858340    1.170820
213    opls_702    39.146490   22.170460    4.508480
214    opls_702    38.535370   22.728160    2.933480
215    opls_702    38.512300   23.726160    4.411130
216    opls_702    16.784010   21.840680    2.689590
217    opls_702    16.101160   21.283920    4.250260
218    opls_702    17.141040   22.566240    4.272400
219    opls_702    27.466860    3.300040    4.447460
220    opls_702    28.285490    3.515670    2.883630
221    opls_702    29.127460    3.091050    4.401020
222    opls_702    30.777220   13.692810    0.114300
223    opls_702    29.595090   13.241280    1.351850
224    opls_702    30.659390   14.592820    1.649620
225    opls_702    27.885670   19.121700    1.654080
226    opls_702    28.547360   19.671730    0.091110
227    opls_702    29.576810   18.885030    1.298980
228    opls_702    25.343580   14.440450    1.670180
229    opls_702    24.495020   14.763100    0.134000
230    opls_702    24.699850   16.031820    1.348640
231    opls_702    11.204250    9.446440    4.950950
232    opls_702    11.084500   10.379740    3.436000
233    opls_702    12.282030   10.792920    4.671320
234    opls_702    13.270420    4.376200    3.396060
235    opls_702    12.268240    5.176400    4.618380
236    opls_702    13.964850    4.926940    4.945110
237    opls_702    17.352090    9.256240    3.366040
238    opls_702    17.160720    7.996470    4.595520
239    opls_702    16.536850    9.594230    4.917580
