0      opls_700    50.737080   27.741260    1.819420
1      opls_700    24.937080    1.241260    1.819420
2      opls_700     2.049550   27.741260    1.832640
3      opls_700    27.849550    1.241260    1.832640
4      opls_700     2.049550   25.258740    1.832640
5      opls_700    27.849550   51.758740    1.832640
6      opls_700    50.737080   25.258740    1.819420
7      opls_700    24.937080   51.758740    1.819420
8      opls_145     1.293580   28.927930    1.821430
9      opls_145    27.093580    2.427400    1.821430
10     opls_145    51.493050   28.927930    1.830630
11     opls_145    25.693050    2.427400    1.830630
12     opls_145    51.493050   24.072600    1.830630
13     opls_145    25.693050   50.572600    1.830630
14     opls_145     1.293580   24.072600    1.821430
15     opls_145    27.093580   50.572600    1.821430
16     opls_700    49.289360   25.244430    1.832680
17     opls_700    23.489360   51.744430    1.832680
18     opls_700     3.497260   25.244430    1.819380
19     opls_700    29.297260   51.744430    1.819380
20     opls_700     3.497260   27.755570    1.819380
21     opls_700    29.297260    1.255570    1.819380
22     opls_700    49.289360   27.755570    1.832680
23     opls_700    23.489360    1.255570    1.832680
24     opls_700     4.399180   29.017500    1.739800
25     opls_700    30.199180    2.517500    1.739800
26     opls_700    48.387450   29.017500    1.912250
27     opls_700    22.587450    2.517500    1.912250
28     opls_700    48.387450   23.982500    1.912250
29     opls_700    22.587450   50.482500    1.912250
30     opls_700     4.399180   23.982500    1.739800
31     opls_700    30.199180   50.482500    1.739800
32     opls_145    47.241520   23.973490    2.747920
33     opls_145    21.441520   50.473490    2.747920
34     opls_145     5.545090   23.973490    0.904100
35     opls_145    31.345090   50.473490    0.904100
36     opls_145     5.545090   29.026510    0.904100
37     opls_145    31.345090    2.526510    0.904100
38     opls_145    47.241520   29.026510    2.747920
39     opls_145    21.441520    2.526510    2.747920
40     opls_145    46.326250   22.887520    2.768920
41     opls_145    20.526250   49.387520    2.768920
42     opls_145     6.460370   22.887520    0.883140
43     opls_145    32.260370   49.387520    0.883140
44     opls_145     6.460370   30.112480    0.883140
45     opls_145    32.260370    3.612480    0.883140
46     opls_145    46.326250   30.112480    2.768920
47     opls_145    20.526250    3.612480    2.768920
48     opls_145    46.511980   21.740070    1.977950
49     opls_145    20.711980   48.240070    1.977950
50     opls_145     6.274630   21.740070    1.674070
51     opls_145    32.074630   48.240070    1.674070
52     opls_145     6.274630   31.259930    1.674070
53     opls_145    32.074630    4.759930    1.674070
54     opls_145    46.511980   31.259930    1.977950
55     opls_145    20.711980    4.759930    1.977950
56     opls_145     5.130000   31.271590    2.507360
57     opls_145    30.930000    4.771590    2.507360
58     opls_145    47.656630   31.271590    1.144700
59     opls_145    21.856630    4.771590    1.144700
60     opls_145    47.656630   21.728410    1.144700
61     opls_145    21.856630   48.228410    1.144700
62     opls_145     5.130000   21.728410    2.507360
63     opls_145    30.930000   48.228410    2.507360
64     opls_145    48.562340   22.829750    1.105400
65     opls_145    22.762340   49.329750    1.105400
66     opls_145     4.224290   22.829750    2.546650
67     opls_145    30.024290   49.329750    2.546650
68     opls_145     4.224290   30.170250    2.546650
69     opls_145    30.024290    3.670250    2.546650
70     opls_145    48.562340   30.170250    1.105400
71     opls_145    22.762340    3.670250    1.105400
72     opls_567    10.041650   36.356940    1.878000
73     opls_567    35.841650    9.856940    1.878000
74     opls_567    42.744980   36.356940    1.774060
75     opls_567    16.944980    9.856940    1.774060
76     opls_567    42.744980   16.643060    1.774060
77     opls_567    16.944980   43.143060    1.774060
78     opls_567    10.041650   16.643060    1.878000
79     opls_567    35.841650   43.143060    1.878000
80     opls_716     8.788130   36.941000    1.915650
81     opls_716    34.588130   10.441000    1.915650
82     opls_716    43.998490   36.941000    1.736410
83     opls_716    18.198490   10.441000    1.736410
84     opls_716    43.998490   16.059000    1.736410
85     opls_716    18.198490   42.559000    1.736410
86     opls_716     8.788130   16.059000    1.915650
87     opls_716    34.588130   42.559000    1.915650
88     opls_716     7.748400   36.028870    1.955380
89     opls_716    33.548400    9.528870    1.955380
90     opls_716    45.038220   36.028870    1.696670
91     opls_716    19.238220    9.528870    1.696670
92     opls_716    45.038220   16.971130    1.696670
93     opls_716    19.238220   43.471130    1.696670
94     opls_716     7.748400   16.971130    1.955380
95     opls_716    33.548400   43.471130    1.955380
96     opls_567    11.317870   37.211830    1.867370
97     opls_567    37.117870   10.711830    1.867370
98     opls_567    41.468750   37.211830    1.784690
99     opls_567    15.668750   10.711830    1.784690
100    opls_567    41.468750   15.788170    1.784690
101    opls_567    15.668750   42.288170    1.784690
102    opls_567    11.317870   15.788170    1.867370
103    opls_567    37.117870   42.288170    1.867370
104    opls_716    12.625370   36.806910    2.048260
105    opls_716    38.425880   10.306910    2.048260
106    opls_700    40.160740   36.806910    1.603800
107    opls_700    14.360740   10.306910    1.603800
108    opls_700    40.160740   16.193090    1.603800
109    opls_700    14.360740   42.693090    1.603800
110    opls_716    12.625370   16.193090    2.048260
111    opls_716    38.425880   42.693090    2.048260
112    opls_716    13.565710   37.801190    2.037740
113    opls_716    39.365710   11.301190    2.037740
114    opls_700    39.220900   37.801190    1.614280
115    opls_700    13.420900   11.301190    1.614280
116    opls_700    39.220900   15.198810    1.614280
117    opls_700    13.420900   41.698810    1.614280
118    opls_716    13.565710   15.198810    2.037740
119    opls_716    39.365710   41.698810    2.037740
120    opls_567    13.084090   39.093860    1.843380
121    opls_567    38.884090   12.593860    1.843380
122    opls_567    39.702540   39.093860    1.808680
123    opls_567    13.902540   12.593860    1.808680
124    opls_567    39.702540   13.906140    1.808680
125    opls_567    13.902540   40.406140    1.808680
126    opls_567    13.084090   13.906140    1.843380
127    opls_567    38.884090   40.406140    1.843380
128    opls_142    45.660080   19.418140    1.603220
129    opls_142    19.860080   45.918140    1.603220
130    opls_142     7.126530   19.418140    2.048800
131    opls_142    32.926530   45.918140    2.048800
132    opls_142     7.126530   33.581860    2.048800
133    opls_142    32.926530    7.081860    2.048800
134    opls_142    45.660080   33.581860    1.603220
135    opls_142    19.860080    7.081860    1.603220
136    opls_567    44.629890   18.295070    1.727900
137    opls_567    18.829890   44.795600    1.727900
138    opls_567     8.156730   18.295070    1.924160
139    opls_567    33.956730   44.795600    1.924160
140    opls_567     8.156730   34.704930    1.924160
141    opls_567    33.956730    8.204930    1.924160
142    opls_567    44.629890   34.704930    1.727900
143    opls_567    18.829890    8.204930    1.727900
144    opls_234    37.952580   37.150880    1.288740
145    opls_234    12.152580   10.650880    1.288740
146    opls_234    37.952580   15.849120    1.288740
147    opls_234    12.152580   42.349120    1.288740
148    opls_234    39.463640   35.573600    1.271940
149    opls_234    13.663640    9.073600    1.271940
150    opls_234    39.463640   17.426400    1.271940
151    opls_234    13.663640   43.926400    1.271940
152    opls_245    37.147970   34.868700    0.560880
153    opls_245    11.347970    8.368700    0.560880
154    opls_245    37.147970   18.131300    0.560880
155    opls_245    11.347970   44.631300    0.560880
156    opls_136    36.425610   34.127760    1.679030
157    opls_136    10.625610    7.627760    1.679030
158    opls_136    36.425610   18.872240    1.679030
159    opls_136    10.625610   45.372240    1.679030
160    opls_136    35.386500   33.085780    1.245830
161    opls_136     9.586500    6.585780    1.245830
162    opls_136    35.386500   19.914220    1.245830
163    opls_136     9.586500   46.414220    1.245830
164    opls_135    36.048050   31.791520    0.756820
165    opls_135    10.248050    5.291520    0.756820
166    opls_135    36.048050   21.208480    0.756820
167    opls_135    10.248050   47.708480    0.756820
168    opls_700    27.124470    0.000000    1.833920
169    opls_145    29.958140    0.000000    1.838080
170    opls_700     1.324470   26.500000    1.833920
171    opls_145     4.158140   26.500000    1.838080
172    opls_700    25.662160    0.000000    1.818140
173    opls_145    22.828470    0.000000    1.813940
174    opls_700    51.462160   26.500000    1.818140
175    opls_145    48.628470   26.500000    1.813940
176    opls_146     1.772450   29.890410    1.797690
177    opls_146    27.572450    3.390410    1.797690
178    opls_146    51.014170   29.890410    1.854370
179    opls_146    25.214170    3.390410    1.854370
180    opls_146    51.014170   23.109590    1.854370
181    opls_146    25.214170   49.609590    1.854370
182    opls_146     1.772450   23.109590    1.797690
183    opls_146    27.572450   49.609590    1.797690
184    opls_146    47.053150   24.814070    3.403720
185    opls_146    21.253150   51.314070    3.403720
186    opls_146     5.733470   24.814070    0.248340
187    opls_146    31.533470   51.314070    0.248340
188    opls_146     5.733470   28.185930    0.248340
189    opls_146    31.533470    1.685930    0.248340
190    opls_146    47.053150   28.185930    3.403720
191    opls_146    21.253150    1.685930    3.403720
192    opls_146    45.466270   22.927270    3.425370
193    opls_146    19.666270   49.427270    3.425370
194    opls_146     7.320360   22.927270    0.226680
195    opls_146    33.120360   49.427270    0.226680
196    opls_146     7.320360   30.072730    0.226680
197    opls_146    33.120360    3.572730    0.226680
198    opls_146    45.466270   30.072730    3.425370
199    opls_146    19.666270    3.572730    3.425370
200    opls_146     4.957750   32.103160    3.174660
201    opls_146    30.757750    5.603160    3.174660
202    opls_146    47.828870   32.103160    0.477400
203    opls_146    22.028870    5.603160    0.477400
204    opls_146    47.828870   20.896840    0.477400
205    opls_146    22.028870   47.396840    0.477400
206    opls_146     4.957750   20.896840    3.174660
207    opls_146    30.757750   47.396840    3.174660
208    opls_146     3.409800   30.211060    3.247850
209    opls_146    29.209800    3.711060    3.247850
210    opls_146    49.376830   30.211060    0.404210
211    opls_146    23.576830    3.711060    0.404210
212    opls_146    49.376830   22.788940    0.404210
213    opls_146    23.576830   49.288940    0.404210
214    opls_146     3.409800   22.788940    3.247850
215    opls_146    29.209800   49.288940    3.247850
216    opls_570     6.710070   36.329380    2.005780
217    opls_570    32.510070    9.829380    2.005780
218    opls_570    46.076550   36.329380    1.646270
219    opls_570    20.276540    9.829380    1.646240
220    opls_570    46.076550   16.670620    1.646270
221    opls_570    20.276540   43.170620    1.646240
222    opls_570     6.710070   16.670620    2.005780
223    opls_570    32.510070   43.170620    2.005780
224    opls_570    34.434510   11.513190    1.928800
225    opls_570     8.634510   38.013190    1.928800
226    opls_570    18.352120   11.513190    1.723260
227    opls_570    44.152120   38.013190    1.723260
228    opls_570    18.352120   41.486810    1.723260
229    opls_570    44.152120   14.986810    1.723260
230    opls_570    34.434510   41.486810    1.928800
231    opls_570     8.634510   14.986810    1.928800
232    opls_144    46.626960   19.116040    1.224940
233    opls_144    20.826960   45.616040    1.224940
234    opls_144     6.159660   19.116040    2.427120
235    opls_144    31.959660   45.616040    2.427120
236    opls_144     6.159660   33.883960    2.427120
237    opls_144    31.959660    7.383960    2.427120
238    opls_144    46.626960   33.883960    1.224940
239    opls_144    20.826960    7.383960    1.224940
240    opls_140    36.405510   35.447460   -0.021730
241    opls_140    10.605510    8.947460   -0.021730
242    opls_140    36.405510   17.552540   -0.021730
243    opls_140    10.605510   44.052540   -0.021730
244    opls_140    37.677410   34.143660   -0.101270
245    opls_140    11.877410    7.643660   -0.101270
246    opls_140    37.677410   18.856340   -0.101270
247    opls_140    11.877410   45.356340   -0.101270
248    opls_140    37.196010   33.598290    2.255550
249    opls_140    11.396010    7.098290    2.255550
250    opls_140    37.196010   19.401710    2.255550
251    opls_140    11.396010   45.901710    2.255550
252    opls_140    35.912830   34.892020    2.306710
253    opls_140    10.112830    8.392020    2.306710
254    opls_140    35.912830   18.107980    2.306710
255    opls_140    10.112830   44.607980    2.306710
256    opls_140    34.751000   32.829260    2.126300
257    opls_140     8.951000    6.329260    2.126300
258    opls_140    34.751000   20.170740    2.126300
259    opls_140     8.951000   46.670740    2.126300
260    opls_140    34.677260   33.506070    0.506580
261    opls_140     8.877260    7.006070    0.506580
262    opls_140    34.677260   19.493930    0.506580
263    opls_140     8.877260   45.993930    0.506580
264    opls_140    36.789590   31.969600   -0.049780
265    opls_140    10.989590    5.469600   -0.049780
266    opls_140    36.789590   21.030930   -0.049780
267    opls_140    10.989590   47.530400   -0.049780
268    opls_140    36.585090   31.286960    1.587040
269    opls_140    10.785090    4.786960    1.587040
270    opls_140    36.585090   21.713040    1.587040
271    opls_140    10.785090   48.213040    1.587040
272    opls_140    35.274020   31.089800    0.378750
273    opls_140     9.474020    4.589800    0.378750
274    opls_140    35.274020   21.910200    0.378750
275    opls_140     9.474020   48.410200    0.378750
276    opls_146    31.039550    0.000000    1.886910
277    opls_146     5.239550   26.500000    1.886910
278    opls_146    21.746560    0.000000    1.765150
279    opls_146    47.547080   26.500000    1.765150
280    opls_570    12.852980   17.241960    2.186600
281    opls_570    14.611020   15.441020    2.175570
282    opls_570    12.852980   35.758040    2.186600
283    opls_570    14.611020   37.558980    2.175570
284    opls_570    38.652980    9.258040    2.186600
285    opls_570    40.411020   11.058980    2.175570
286    opls_570    38.652980   43.741960    2.186600
287    opls_570    40.411020   41.941020    2.175570
288    opls_750    19.710510    5.842190    2.022690
289    opls_750    45.510500   32.342190    2.022660
290    opls_750    33.076110    5.842190    1.629370
291    opls_750     7.276110   32.342190    1.629370
292    opls_750    33.076110   47.157810    1.629370
293    opls_750     7.276110   20.657810    1.629370
294    opls_750    19.710510   47.157810    2.022690
295    opls_750    45.510500   20.657810    2.022660
296    opls_542    38.130480   35.808390    1.112090
297    opls_542    12.330480    9.308390    1.112090
298    opls_542    38.130480   17.191610    1.112090
299    opls_542    12.330480   43.691610    1.112090
300    opls_633     9.895660   34.608470    1.857470
301    opls_633    35.695660    8.108470    1.857470
302    opls_633    42.890970   34.608470    1.794580
303    opls_633    17.090970    8.108470    1.794580
304    opls_633    42.890970   18.391530    1.794580
305    opls_633    17.090970   44.891530    1.794580
306    opls_633     9.895660   18.391530    1.857470
307    opls_633    35.695660   44.891530    1.857470
308    opls_633    11.339330   38.956590    1.677720
309    opls_633    37.139330   12.456590    1.677720
310    opls_633    41.447300   38.956590    1.974340
311    opls_633    15.647300   12.456590    1.974340
312    opls_633    41.447300   14.043410    1.974340
313    opls_633    15.647300   40.543410    1.974340
314    opls_633    11.339330   14.043410    1.677720
315    opls_633    37.139330   40.543410    1.677720
316    opls_236    36.886350   37.699430    1.102410
317    opls_236    11.086350   11.199430    1.102410
318    opls_236    36.886350   15.300570    1.102410
319    opls_236    11.086350   41.800570    1.102410
320    opls_236    39.963590   34.475970    1.138380
321    opls_236    14.163590    7.975970    1.138380
322    opls_236    39.963590   18.524030    1.138380
323    opls_236    14.163590   45.024030    1.138380
