0      opls_145    20.701080    2.144350    5.900020
1      opls_145    20.775240    3.296780    0.150300
2      opls_145    21.901070    3.536690    0.947520
3      opls_145    22.937040    2.608900    0.958230
4      opls_145    22.869860    1.455590    0.175850
5      opls_700    21.782420    1.232700    5.840630
6      opls_142    21.279480    5.727280    1.803610
7      opls_145    20.759540    7.974140    2.733100
8      opls_145    20.849390    8.927660    3.751120
9      opls_700    21.563450    8.638470    4.918850
10     opls_145    22.185030    7.396170    5.073720
11     opls_145    22.099540    6.443950    4.057070
12     opls_700    21.389410    6.728350    2.875940
13     opls_261    21.754940   10.429930    0.303070
14     opls_261    21.663340    9.615550    5.960140
15     opls_701    21.809900   43.619800    4.900950
16     opls_145     1.108820   19.665550    2.632720
17     opls_145     1.034660   18.513120    3.417600
18     opls_145    43.528630   18.273210    4.214820
19     opls_145    42.492660   19.201000    4.225530
20     opls_145    42.559840   20.354310    3.443150
21     opls_700     0.027480   20.577200    2.573330
22     opls_142     0.530420   16.082620    5.070910
23     opls_145     1.050360   13.835760    6.000400
24     opls_145     0.960510   12.882240    0.483820
25     opls_700     0.246450   13.171430    1.651550
26     opls_145    43.244670   14.413730    1.806420
27     opls_145    43.330160   15.365950    0.789770
28     opls_700     0.420490   15.081550    6.143240
29     opls_261     0.054960   11.379970    3.570370
30     opls_261     0.146560   12.194350    2.692840
31     opls_701     0.000000   21.809900    1.633650
32     opls_145    41.475450   42.510980    0.999070
33     opls_145    40.323020   42.585140    1.783950
34     opls_145    40.083110    0.091170    2.581170
35     opls_145    41.010900    1.127140    2.591880
36     opls_145    42.164210    1.059960    1.809500
37     opls_700    42.387100   43.592320    0.939680
38     opls_142    37.892520   43.089380    3.437260
39     opls_145    35.645660   42.569440    4.366750
40     opls_145    34.692140   42.659290    5.384770
41     opls_700    34.981330   43.373350    0.017900
42     opls_145    36.223630    0.375130    0.172770
43     opls_145    37.175850    0.289640    5.690720
44     opls_700    36.891450   43.199310    4.509590
45     opls_261    33.189870   43.564840    1.936720
46     opls_261    34.004250   43.473240    1.059190
47     opls_701     0.000000    0.000000    0.000000
48     opls_145    23.954250   22.918720    4.266370
49     opls_145    25.106680   22.844560    5.051250
50     opls_145    25.346590   21.718730    5.848470
51     opls_145    24.418800   20.682760    5.859180
52     opls_145    23.265490   20.749940    5.076800
53     opls_700    23.042600   21.837380    4.206980
54     opls_142    27.537180   22.340320    0.169960
55     opls_145    29.784040   22.860260    1.099450
56     opls_145    30.737560   22.770410    2.117470
57     opls_700    30.448370   22.056350    3.285200
58     opls_145    29.206070   21.434770    3.440070
59     opls_145    28.253850   21.520260    2.423420
60     opls_700    28.538250   22.230390    1.242290
61     opls_261    32.239830   21.864860    5.204020
62     opls_261    31.425450   21.956460    4.326490
63     opls_701    21.809900   21.809900    3.267300
64     opls_145    22.918720   19.665550    2.268230
65     opls_145    22.844560   18.513120    1.483350
66     opls_145    21.718730   18.273210    0.686130
67     opls_145    20.682760   19.201000    0.675420
68     opls_145    20.749940   20.354310    1.457800
69     opls_700    21.837380   20.577200    2.327620
70     opls_142    22.340320   16.082620    6.364640
71     opls_145    22.860260   13.835760    5.435150
72     opls_145    22.770410   12.882240    4.417130
73     opls_700    22.056350   13.171430    3.249400
74     opls_145    21.434770   14.413730    3.094530
75     opls_145    21.520260   15.365950    4.111180
76     opls_700    22.230390   15.081550    5.292310
77     opls_261    21.864860   11.379970    1.330580
78     opls_261    21.956460   12.194350    2.208110
79     opls_145    42.510980    2.144350    5.535530
80     opls_145    42.585140    3.296780    4.750650
81     opls_145     0.091170    3.536690    3.953430
82     opls_145     1.127140    2.608900    3.942720
83     opls_145     1.059960    1.455590    4.725100
84     opls_700    43.592320    1.232700    5.594920
85     opls_142    43.089380    5.727280    3.097340
86     opls_145    42.569440    7.974140    2.167850
87     opls_145    42.659290    8.927660    1.149830
88     opls_700    43.373350    8.638470    6.516700
89     opls_145     0.375130    7.396170    6.361830
90     opls_145     0.289640    6.443950    0.843880
91     opls_700    43.199310    6.728350    2.025010
92     opls_261    43.564840   10.429930    4.597880
93     opls_261    43.473240    9.615550    5.475410
94     opls_145     2.144350   22.918720    0.634580
95     opls_145     3.296780   22.844560    6.384300
96     opls_145     3.536690   21.718730    5.587080
97     opls_145     2.608900   20.682760    5.576370
98     opls_145     1.455590   20.749940    6.358750
99     opls_700     1.232700   21.837380    0.693970
100    opls_142     5.727280   22.340320    4.730990
101    opls_145     7.974140   22.860260    3.801500
102    opls_145     8.927660   22.770410    2.783480
103    opls_700     8.638470   22.056350    1.615750
104    opls_145     7.396170   21.434770    1.460880
105    opls_145     6.443950   21.520260    2.477530
106    opls_700     6.728350   22.230390    3.658660
107    opls_261    10.429930   21.864860    6.231530
108    opls_261     9.615550   21.956460    0.574460
109    opls_145    19.665550   42.510980    3.901880
110    opls_145    18.513120   42.585140    3.117000
111    opls_145    18.273210    0.091170    2.319780
112    opls_145    19.201000    1.127140    2.309070
113    opls_145    20.354310    1.059960    3.091450
114    opls_700    20.577200   43.592320    3.961270
115    opls_142    16.082620   43.089380    1.463690
116    opls_145    13.835760   42.569440    0.534200
117    opls_145    12.882240   42.659290    6.050780
118    opls_700    13.171430   43.373350    4.883050
119    opls_145    14.413730    0.375130    4.728180
120    opls_145    15.365950    0.289640    5.744830
121    opls_700    15.081550   43.199310    0.391360
122    opls_261    11.379970   43.564840    2.964230
123    opls_261    12.194350   43.473240    3.841760
124    opls_145    19.665550   20.701080    4.266370
125    opls_145    18.513120   20.775240    5.051250
126    opls_145    18.273210   21.901070    5.848470
127    opls_145    19.201000   22.937040    5.859180
128    opls_145    20.354310   22.869860    5.076800
129    opls_700    20.577200   21.782420    4.206980
130    opls_142    16.082620   21.279480    0.169960
131    opls_145    13.835760   20.759540    1.099450
132    opls_145    12.882240   20.849390    2.117470
133    opls_700    13.171430   21.563450    3.285200
134    opls_145    14.413730   22.185030    3.440070
135    opls_145    15.365950   22.099540    2.423420
136    opls_700    15.081550   21.389410    1.242290
137    opls_261    11.379970   21.754940    5.204020
138    opls_261    12.194350   21.663340    4.326490
139    opls_145     2.144350    1.108820    0.999070
140    opls_145     3.296780    1.034660    1.783950
141    opls_145     3.536690   43.528630    2.581170
142    opls_145     2.608900   42.492660    2.591880
143    opls_145     1.455590   42.559840    1.809500
144    opls_700     1.232700    0.027480    0.939680
145    opls_142     5.727280    0.530420    3.437260
146    opls_145     7.974140    1.050360    4.366750
147    opls_145     8.927660    0.960510    5.384770
148    opls_700     8.638470    0.246450    0.017900
149    opls_145     7.396170   43.244670    0.172770
150    opls_145     6.443950   43.330160    5.690720
151    opls_700     6.728350    0.420490    4.509590
152    opls_261    10.429930    0.054960    1.936720
153    opls_261     9.615550    0.146560    1.059190
154    opls_145    22.918720   41.475450    5.900020
155    opls_145    22.844560   40.323020    0.150300
156    opls_145    21.718730   40.083110    0.947520
157    opls_145    20.682760   41.010900    0.958230
158    opls_145    20.749940   42.164210    0.175850
159    opls_700    21.837380   42.387100    5.840630
160    opls_142    22.340320   37.892520    1.803610
161    opls_145    22.860260   35.645660    2.733100
162    opls_145    22.770410   34.692140    3.751120
163    opls_700    22.056350   34.981330    4.918850
164    opls_145    21.434770   36.223630    5.073720
165    opls_145    21.520260   37.175850    4.057070
166    opls_700    22.230390   36.891450    2.875940
167    opls_261    21.864860   33.189870    0.303070
168    opls_261    21.956460   34.004250    5.960140
169    opls_145    42.510980   23.954250    2.632720
170    opls_145    42.585140   25.106680    3.417600
171    opls_145     0.091170   25.346590    4.214820
172    opls_145     1.127140   24.418800    4.225530
173    opls_145     1.059960   23.265490    3.443150
174    opls_700    43.592320   23.042600    2.573330
175    opls_142    43.089380   27.537180    5.070910
176    opls_145    42.569440   29.784040    6.000400
177    opls_145    42.659290   30.737560    0.483820
178    opls_700    43.373350   30.448370    1.651550
179    opls_145     0.375130   29.206070    1.806420
180    opls_145     0.289640   28.253850    0.789770
181    opls_700    43.199310   28.538250    6.143240
182    opls_261    43.564840   32.239830    3.570370
183    opls_261    43.473240   31.425450    2.692840
184    opls_145     1.108820   41.475450    5.535530
185    opls_145     1.034660   40.323020    4.750650
186    opls_145    43.528630   40.083110    3.953430
187    opls_145    42.492660   41.010900    3.942720
188    opls_145    42.559840   42.164210    4.725100
189    opls_700     0.027480   42.387100    5.594920
190    opls_142     0.530420   37.892520    3.097340
191    opls_145     1.050360   35.645660    2.167850
192    opls_145     0.960510   34.692140    1.149830
193    opls_700     0.246450   34.981330    6.516700
194    opls_145    43.244670   36.223630    6.361830
195    opls_145    43.330160   37.175850    0.843880
196    opls_700     0.420490   36.891450    2.025010
197    opls_261     0.054960   33.189870    4.597880
198    opls_261     0.146560   34.004250    5.475410
199    opls_145    20.701080   23.954250    2.268230
200    opls_145    20.775240   25.106680    1.483350
201    opls_145    21.901070   25.346590    0.686130
202    opls_145    22.937040   24.418800    0.675420
203    opls_145    22.869860   23.265490    1.457800
204    opls_700    21.782420   23.042600    2.327620
205    opls_142    21.279480   27.537180    6.364640
206    opls_145    20.759540   29.784040    5.435150
207    opls_145    20.849390   30.737560    4.417130
208    opls_700    21.563450   30.448370    3.249400
209    opls_145    22.185030   29.206070    3.094530
210    opls_145    22.099540   28.253850    4.111180
211    opls_700    21.389410   28.538250    5.292310
212    opls_261    21.754940   32.239830    1.330580
213    opls_261    21.663340   31.425450    2.208110
214    opls_145    23.954250    1.108820    3.901880
215    opls_145    25.106680    1.034660    3.117000
216    opls_145    25.346590   43.528630    2.319780
217    opls_145    24.418800   42.492660    2.309070
218    opls_145    23.265490   42.559840    3.091450
219    opls_700    23.042600    0.027480    3.961270
220    opls_142    27.537180    0.530420    1.463690
221    opls_145    29.784040    1.050360    0.534200
222    opls_145    30.737560    0.960510    6.050780
223    opls_700    30.448370    0.246450    4.883050
224    opls_145    29.206070   43.244670    4.728180
225    opls_145    28.253850   43.330160    5.744830
226    opls_700    28.538250    0.420490    0.391360
227    opls_261    32.239830    0.054960    2.964230
228    opls_261    31.425450    0.146560    3.841760
229    opls_145    41.475450   20.701080    0.634580
230    opls_145    40.323020   20.775240    6.384300
231    opls_145    40.083110   21.901070    5.587080
232    opls_145    41.010900   22.937040    5.576370
233    opls_145    42.164210   22.869860    6.358750
234    opls_700    42.387100   21.782420    0.693970
235    opls_142    37.892520   21.279480    4.730990
236    opls_145    35.645660   20.759540    3.801500
237    opls_145    34.692140   20.849390    2.783480
238    opls_700    34.981330   21.563450    1.615750
239    opls_145    36.223630   22.185030    1.460880
240    opls_145    37.175850   22.099540    2.477530
241    opls_700    36.891450   21.389410    3.658660
242    opls_261    33.189870   21.754940    6.231530
243    opls_261    34.004250   21.663340    0.574460
244    opls_750    21.966930    4.628500    1.869160
245    opls_750    43.462770   17.181400    5.136460
246    opls_750    38.991300    0.157030    3.502810
247    opls_750    26.438400   21.652870    0.235510
248    opls_750    21.652870   17.181400    6.299090
249    opls_750     0.157030    4.628500    3.031790
250    opls_750     4.628500   21.652870    4.665440
251    opls_750    17.181400    0.157030    1.398140
252    opls_750    17.181400   21.966930    0.235510
253    opls_750     4.628500   43.462770    3.502810
254    opls_750    21.652870   38.991300    1.869160
255    opls_750     0.157030   26.438400    5.136460
256    opls_750    43.462770   38.991300    3.031790
257    opls_750    21.966930   26.438400    6.299090
258    opls_750    26.438400   43.462770    1.398140
259    opls_750    38.991300   21.966930    4.665440
260    opls_146    19.775470    1.969000    5.373600
261    opls_146    19.921600    3.958500    0.181070
262    opls_146    23.798530    2.793850    1.580980
263    opls_146    23.695580    0.755930    0.199760
264    opls_144    20.629110    5.930980    0.961960
265    opls_146    20.204260    8.208810    1.833150
266    opls_146    20.365650    9.889920    3.629710
267    opls_146    22.735080    7.166730    5.979360
268    opls_146    22.580230    5.482570    4.192930
269    opls_146     2.034430   19.840900    2.106300
270    opls_146     1.888300   17.851400    3.448370
271    opls_146    41.631170   19.016050    4.848280
272    opls_146    41.734120   21.053970    3.467060
273    opls_144     1.180790   15.878920    4.229260
274    opls_146     1.605640   13.601090    5.100450
275    opls_146     1.444250   11.919980    0.362410
276    opls_146    42.694620   14.643170    2.712060
277    opls_146    42.849470   16.327330    0.925630
278    opls_146    41.650800   41.585370    0.472650
279    opls_146    39.661300   41.731500    1.814720
280    opls_146    40.825950    1.988630    3.214630
281    opls_146    42.863870    1.885680    1.833410
282    opls_144    37.688820   42.439010    2.595610
283    opls_146    35.410990   42.014160    3.466800
284    opls_146    33.729880   42.175550    5.263360
285    opls_146    36.453070    0.925180    1.078410
286    opls_146    38.137230    0.770330    5.826580
287    opls_146    23.778900   23.844330    3.739950
288    opls_146    25.768400   23.698200    5.082020
289    opls_146    24.603750   19.821270    6.481930
290    opls_146    22.565830   19.924220    5.100710
291    opls_144    27.740880   22.990690   -0.671690
292    opls_146    30.018710   23.415540    0.199500
293    opls_146    31.699820   23.254150    1.996060
294    opls_146    28.976630   20.884720    4.345710
295    opls_146    27.292470   21.039570    2.559280
296    opls_146    23.844330   19.840900    2.794650
297    opls_146    23.698200   17.851400    1.452580
298    opls_146    19.821270   19.016050    0.052670
299    opls_146    19.924220   21.053970    1.433890
300    opls_144    22.990690   15.878920    7.206290
301    opls_146    23.415540   13.601090    6.335100
302    opls_146    23.254150   11.919980    4.538540
303    opls_146    20.884720   14.643170    2.188890
304    opls_146    21.039570   16.327330    3.975320
305    opls_146    41.585370    1.969000    6.061950
306    opls_146    41.731500    3.958500    4.719880
307    opls_146     1.988630    2.793850    3.319970
308    opls_146     1.885680    0.755930    4.701190
309    opls_144    42.439010    5.930980    3.938990
310    opls_146    42.014160    8.208810    3.067800
311    opls_146    42.175550    9.889920    1.271240
312    opls_146     0.925180    7.166730    5.456190
313    opls_146     0.770330    5.482570    0.708020
314    opls_146     1.969000   23.844330    1.161000
315    opls_146     3.958500   23.698200    6.353530
316    opls_146     2.793850   19.821270    4.953620
317    opls_146     0.755930   19.924220    6.334840
318    opls_144     5.930980   22.990690    5.572640
319    opls_146     8.208810   23.415540    4.701450
320    opls_146     9.889920   23.254150    2.904890
321    opls_146     7.166730   20.884720    0.555240
322    opls_146     5.482570   21.039570    2.341670
323    opls_146    19.840900   41.585370    4.428300
324    opls_146    17.851400   41.731500    3.086230
325    opls_146    19.016050    1.988630    1.686320
326    opls_146    21.053970    1.885680    3.067540
327    opls_144    15.878920   42.439010    2.305340
328    opls_146    13.601090   42.014160    1.434150
329    opls_146    11.919980   42.175550    6.172190
330    opls_146    14.643170    0.925180    3.822540
331    opls_146    16.327330    0.770330    5.608970
332    opls_146    19.840900   19.775470    3.739950
333    opls_146    17.851400   19.921600    5.082020
334    opls_146    19.016050   23.798530    6.481930
335    opls_146    21.053970   23.695580    5.100710
336    opls_144    15.878920   20.629110   -0.671690
337    opls_146    13.601090   20.204260    0.199500
338    opls_146    11.919980   20.365650    1.996060
339    opls_146    14.643170   22.735080    4.345710
340    opls_146    16.327330   22.580230    2.559280
341    opls_146     1.969000    2.034430    0.472650
342    opls_146     3.958500    1.888300    1.814720
343    opls_146     2.793850   41.631170    3.214630
344    opls_146     0.755930   41.734120    1.833410
345    opls_144     5.930980    1.180790    2.595610
346    opls_146     8.208810    1.605640    3.466800
347    opls_146     9.889920    1.444250    5.263360
348    opls_146     7.166730   42.694620    1.078410
349    opls_146     5.482570   42.849470    5.826580
350    opls_146    23.844330   41.650800    5.373600
351    opls_146    23.698200   39.661300    0.181070
352    opls_146    19.821270   40.825950    1.580980
353    opls_146    19.924220   42.863870    0.199760
354    opls_144    22.990690   37.688820    0.961960
355    opls_146    23.415540   35.410990    1.833150
356    opls_146    23.254150   33.729880    3.629710
357    opls_146    20.884720   36.453070    5.979360
358    opls_146    21.039570   38.137230    4.192930
359    opls_146    41.585370   23.778900    2.106300
360    opls_146    41.731500   25.768400    3.448370
361    opls_146     1.988630   24.603750    4.848280
362    opls_146     1.885680   22.565830    3.467060
363    opls_144    42.439010   27.740880    4.229260
364    opls_146    42.014160   30.018710    5.100450
365    opls_146    42.175550   31.699820    0.362410
366    opls_146     0.925180   28.976630    2.712060
367    opls_146     0.770330   27.292470    0.925630
368    opls_146     2.034430   41.650800    6.061950
369    opls_146     1.888300   39.661300    4.719880
370    opls_146    41.631170   40.825950    3.319970
371    opls_146    41.734120   42.863870    4.701190
372    opls_144     1.180790   37.688820    3.938990
373    opls_146     1.605640   35.410990    3.067800
374    opls_146     1.444250   33.729880    1.271240
375    opls_146    42.694620   36.453070    5.456190
376    opls_146    42.849470   38.137230    0.708020
377    opls_146    19.775470   23.778900    2.794650
378    opls_146    19.921600   25.768400    1.452580
379    opls_146    23.798530   24.603750    0.052670
380    opls_146    23.695580   22.565830    1.433890
381    opls_144    20.629110   27.740880    7.206290
382    opls_146    20.204260   30.018710    6.335100
383    opls_146    20.365650   31.699820    4.538540
384    opls_146    22.735080   28.976630    2.188890
385    opls_146    22.580230   27.292470    3.975320
386    opls_146    23.778900    2.034430    4.428300
387    opls_146    25.768400    1.888300    3.086230
388    opls_146    24.603750   41.631170    1.686320
389    opls_146    22.565830   41.734120    3.067540
390    opls_144    27.740880    1.180790    2.305340
391    opls_146    30.018710    1.605640    1.434150
392    opls_146    31.699820    1.444250    6.172190
393    opls_146    28.976630   42.694620    3.822540
394    opls_146    27.292470   42.849470    5.608970
395    opls_146    41.650800   19.775470    1.161000
396    opls_146    39.661300   19.921600    6.353530
397    opls_146    40.825950   23.798530    4.953620
398    opls_146    42.863870   23.695580    6.334840
399    opls_144    37.688820   20.629110    5.572640
400    opls_146    35.410990   20.204260    4.701450
401    opls_146    33.729880   20.365650    2.904890
402    opls_146    36.453070   22.735080    0.555240
403    opls_146    38.137230   22.580230    2.341670
