0      opls_145    16.861210    9.823230    3.430750
1      opls_145    17.978930    9.067620    3.431130
2      opls_145    15.717680   11.959640    3.433770
3      opls_145    15.697640   13.202200    2.903060
4      opls_145    14.578120   13.940300    2.923070
5      opls_145    13.443070   13.448650    3.429740
6      opls_145    13.448490   12.212660    0.492240
7      opls_145    14.574330   11.483010    0.503970
8      opls_142    11.143540   13.852420    0.053710
9      opls_145    10.068080   14.772530    0.051210
10     opls_145    10.285670   16.102670    0.051000
11     opls_145     9.254080   16.959920    0.053980
12     opls_145    19.175730    9.690620    3.430750
13     opls_145    19.271250   11.036400    3.431130
14     opls_145    17.897310    7.632090    3.433770
15     opls_145    16.831240    6.993450    2.903060
16     opls_145    16.751790    5.654870    2.923070
17     opls_145    17.745090    4.917710    3.429740
18     opls_145    18.812790    5.540400    0.492240
19     opls_145    18.881760    6.880230    0.503970
20     opls_142    18.545190    2.724380    0.053710
21     opls_145    18.286070    1.332950    0.051210
22     opls_145    17.025350    0.856320    0.051000
23     opls_145    -1.258010   30.809520    0.053980
24     opls_145    18.133310   11.761350    3.430750
25     opls_145    16.920080   11.171190    3.431130
26     opls_145    20.555260   11.683480    3.433770
27     opls_145    21.641380   11.079560    2.903060
28     opls_145    22.840340   11.680040    2.923070
29     opls_145    22.982090   12.908840    3.429740
30     opls_145    21.908980   13.522150    0.492240
31     opls_145    20.714160   12.911970    0.503970
32     opls_142    24.481520   14.698410    0.053710
33     opls_145    25.816100   15.169730    0.051210
34     opls_145    26.859240   14.316230    0.051000
35     opls_145    -7.996070   14.780980    0.053980
36     opls_145     1.195540   21.451980    3.430750
37     opls_145     0.077820   22.207590    3.431130
38     opls_145     2.339070   19.315570    3.433770
39     opls_145     2.359110   18.073000    2.903060
40     opls_145     3.478630   17.334910    2.923070
41     opls_145     4.613680   17.826560    3.429740
42     opls_145     4.608260   19.062550    0.492240
43     opls_145     3.482420   19.792200    0.503970
44     opls_142     6.913210   17.422790    0.053710
45     opls_145     7.988670   16.502680    0.051210
46     opls_145     7.771080   15.172540    0.051000
47     opls_145     8.802670   14.315290    0.053980
48     opls_145    -1.118980   21.584590    3.430750
49     opls_145    -1.214500   20.238810    3.431130
50     opls_145     0.159440   23.643120    3.433770
51     opls_145     1.225510   24.281760    2.903060
52     opls_145     1.304960   25.620340    2.923070
53     opls_145     0.311660   26.357490    3.429740
54     opls_145    -0.756040   25.734810    0.492240
55     opls_145    -0.825010   24.394980    0.503970
56     opls_142    -0.488440   28.550830    0.053710
57     opls_145    -0.229320   29.942260    0.051210
58     opls_145     1.031400   30.418890    0.051000
59     opls_145    19.314760    0.465690    0.053980
60     opls_145    -0.076560   19.513850    3.430750
61     opls_145     1.136670   20.104020    3.431130
62     opls_145    -2.498510   19.591730    3.433770
63     opls_145    -3.584630   20.195650    2.903060
64     opls_145    -4.783590   19.595170    2.923070
65     opls_145    -4.925340   18.366370    3.429740
66     opls_145    -3.852230   17.753060    0.492240
67     opls_145    -2.657410   18.363240    0.503970
68     opls_142    -6.424770   16.576800    0.053710
69     opls_145    -7.759350   16.105480    0.051210
70     opls_145    -8.802490   16.958980    0.051000
71     opls_145    26.052820   16.494230    0.053980
72     opls_750    12.321750   14.248050    3.422600
73     opls_750    17.613460    3.546920    3.422600
74     opls_750    24.235050   13.480240    3.422600
75     opls_750     5.735000   17.027160    3.422600
76     opls_750     0.443290   27.728290    3.422600
77     opls_750    -6.178300   17.794970    3.422600
78     opls_146     8.612530   13.294150    0.055820
79     opls_146    15.937970    9.358790    3.431200
80     opls_146    16.530410   13.598770    2.434440
81     opls_146    14.578840   14.889190    2.506470
82     opls_146    12.604330   11.827030    0.948050
83     opls_146    14.550670   10.565080    0.981110
84     opls_144    10.925780   12.839100    0.104260
85     opls_146    11.254950   16.475470    0.052390
86     opls_146    20.294160    0.811590    0.055820
87     opls_146    20.039560    9.123290    3.431200
88     opls_146    16.071410    7.516370    2.434440
89     opls_146    15.929660    5.181050    2.506470
90     opls_146    19.568820    5.002160    0.948050
91     opls_146    19.688540    7.318710    0.981110
92     opls_144    19.531630    3.042450    0.104260
93     opls_146    16.217850    1.509340    0.052390
94     opls_146    25.263560   17.169460    0.055820
95     opls_146    18.192720   12.793120    3.431200
96     opls_146    21.568430   10.160060    2.434440
97     opls_146    23.661750   11.204970    2.506470
98     opls_146    21.997090   14.446020    0.948050
99     opls_146    19.931040   13.391420    0.981110
100    opls_144    23.712850   15.393660    0.104260
101    opls_146    26.697450   13.290400    0.052390
102    opls_146     9.444220   17.981060    0.055820
103    opls_146     2.118780   21.916420    3.431200
104    opls_146     1.526340   17.676440    2.434440
105    opls_146     3.477910   16.386020    2.506470
106    opls_146     5.452420   19.448180    0.948050
107    opls_146     3.506080   20.710130    0.981110
108    opls_144     7.130970   18.436110    0.104260
109    opls_146     6.801800   14.799740    0.052390
110    opls_146    -2.237410   30.463620    0.055820
111    opls_146    -1.982810   22.151920    3.431200
112    opls_146     1.985340   23.758840    2.434440
113    opls_146     2.127090   26.094160    2.506470
114    opls_146    -1.512070   26.273050    0.948050
115    opls_146    -1.631790   23.956500    0.981110
116    opls_144    -1.474880   28.232760    0.104260
117    opls_146     1.838900   29.765870    0.052390
118    opls_146    -7.206810   14.105740    0.055820
119    opls_146    -0.135970   18.482080    3.431200
120    opls_146    -3.511680   21.115140    2.434440
121    opls_146    -5.605000   20.070240    2.506470
122    opls_146    -3.940340   16.829190    0.948050
123    opls_146    -1.874290   17.883790    0.981110
124    opls_144    -5.656100   15.881550    0.104260
125    opls_146    -8.640700   17.984810    0.052390
