0      opls_145     9.285170    4.157000    2.878060
1      opls_145    10.529830    4.789150    3.077110
2      opls_700    10.601140    6.099170    3.599130
3      opls_624     9.386990    6.728410    3.899920
4      opls_624     8.181260    6.120250    3.698850
5      opls_700     8.078690    4.818330    3.195490
6      opls_700     6.768520    4.141430    3.038670
7      opls_700    11.906820    6.768290    3.796890
8      opls_145     5.658060    4.829030    2.521460
9      opls_145     4.423690    4.188770    2.395440
10     opls_145     4.273580    2.850540    2.774430
11     opls_145     5.379930    2.161000    3.305230
12     opls_145     6.615790    2.800610    3.428860
13     opls_145    12.979470    6.073560    0.435770
14     opls_145    14.222630    6.691460    0.589210
15     opls_145    14.417470    8.012500    0.171610
16     opls_145    13.349500    8.705600    3.514190
17     opls_145    12.106900    8.086740    3.358750
18     opls_627     7.728500    8.037790    0.649380
19     opls_137     6.988250    9.224620    1.203500
20     opls_907     6.414590   11.402800    0.515150
21     opls_136     5.123700   10.673720    0.864610
22     opls_136     5.497660    9.213600    0.889650
23     opls_142     2.715790    0.979680    2.654710
24     opls_142    16.000350    9.856780    0.311320
25     opls_700     1.324580    0.488540    2.606010
26     opls_700    17.397170   10.329760    0.373550
27     opls_145     0.235640    1.376800    2.603130
28     opls_145    17.654900   11.707860    0.377180
29     opls_145    29.190750    5.962690    2.878060
30     opls_145    28.020960    6.724520    3.077110
31     opls_700    26.850790    6.131270    3.599130
32     opls_624    26.912930    4.765160    3.899920
33     opls_624    28.042480    4.025050    3.698850
34     opls_700    29.221260    4.587190    3.195490
35     opls_700    30.462550    3.790990    3.038670
36     opls_700    25.618480    6.927460    3.796890
37     opls_145    30.422310    2.485510    2.521460
38     opls_145    31.593980    1.736650    2.395440
39     opls_145    32.827970    2.275760    2.774430
40     opls_145    32.871950    3.578650    3.305230
41     opls_145    31.700100    4.329140    3.428860
42     opls_145    25.683800    8.203770    0.435770
43     opls_145    24.527110    8.971430    0.589210
44     opls_145    23.285630    8.479650    0.171610
45     opls_145    23.219380    7.208200    3.514190
46     opls_145    24.376630    6.441510    3.358750
47     opls_627    26.608220    2.674180    0.649380
48     opls_137    25.950520    1.439700    1.203500
49     opls_907     5.634290   32.272070    0.515150
50     opls_136     6.911140   31.518670    0.864610
51     opls_136    26.705360    0.154310    0.889650
52     opls_142    35.227080    1.862110    2.654710
53     opls_142    20.897010    8.928320    0.311320
54     opls_700    36.348020    0.902850    2.606010
55     opls_700    19.788980    9.901510    0.373550
56     opls_145    17.406530   31.933950    2.603130
57     opls_145    18.466640    9.435660    0.377180
58     opls_145    17.674180   22.298590    2.878060
59     opls_145    17.599310   20.904600    3.077110
60     opls_700    18.698170   20.187830    3.599130
61     opls_624    19.850180   20.924700    3.899920
62     opls_624    19.926360   22.272980    3.698850
63     opls_700    18.850150   23.012760    3.195490
64     opls_700    18.919030   24.485850    3.038670
65     opls_700    18.624800   18.722530    3.796890
66     opls_145    20.069730   25.103740    2.521460
67     opls_145    20.132430   26.492860    2.395440
68     opls_145    19.048550   27.291970    2.774430
69     opls_145    17.898220   26.678620    3.305230
70     opls_145    17.834210   25.288520    3.428860
71     opls_145    17.486830   18.140940    0.435770
72     opls_145    17.400350   16.755390    0.589210
73     opls_145    18.446990   15.926130    0.171610
74     opls_145    19.581220   16.504470    3.514190
75     opls_145    19.666570   17.890030    3.358750
76     opls_627    21.813380   21.706300    0.649380
77     opls_137    23.211330   21.753960    1.203500
78     opls_907   -12.048880   21.161680    0.515150
79     opls_136   -12.034840   22.644170    0.864610
80     opls_136    23.947080   23.050370    0.889650
81     opls_142    18.207230   29.576490    2.654710
82     opls_142    19.252750   13.633180    0.311320
83     opls_700    18.477500   31.026880    2.606010
84     opls_700    18.963950   12.187000    0.373550
85     opls_145   -17.642170   31.525800    2.603130
86     opls_145    20.028550   11.274750    0.377180
87     opls_750     2.971650    2.253390    2.667130
88     opls_750    15.727080    8.586630    0.304500
89     opls_557     9.157710    7.989810    0.558490
90     opls_559     7.133120    6.969610    0.202690
91     opls_901     7.532540   10.466240    0.653600
92     opls_750    33.996080    1.446830    2.667130
93     opls_750    22.133620    9.326740    0.304500
94     opls_557    25.935170    3.935900    0.558490
95     opls_559    27.830980    2.692660    0.202690
96     opls_901    24.603100    1.290250    0.653600
97     opls_750    19.182370   28.718050    2.667130
98     opls_750    18.289400   14.504910    0.304500
99     opls_557    21.057220   20.492560    0.558490
100    opls_559    21.185990   22.756010    0.202690
101    opls_901    24.014460   20.661790    0.653600
102    opls_146     9.267760    3.156240    2.465710
103    opls_146    11.433840    4.258140    2.809560
104    opls_146     5.742280    5.859930    2.206830
105    opls_146     3.579190    4.735990    1.996220
106    opls_146     5.292330    1.144370    3.660050
107    opls_146     7.445500    2.256310    3.862540
108    opls_146    12.853320    5.054330    0.778010
109    opls_146    15.038680    6.140350    1.039650
110    opls_146    13.476590    9.705710    3.125260
111    opls_146    11.311250    8.629100    2.865870
112    opls_562     9.847230    8.686150    0.914960
113    opls_140     7.119830    9.225590    2.299610
114    opls_910     8.230480   10.861420    1.327550
115    opls_140     6.379030   11.758110   -0.530290
116    opls_140     6.551590   12.294960    1.164610
117    opls_140     4.314200   10.875680    0.133680
118    opls_140     4.768450   10.990120    1.862850
119    opls_140     5.300940    8.776280   -0.107220
120    opls_140     4.909390    8.645950    1.638520
121    opls_144     3.518550    0.254480    2.674460
122    opls_144    15.207130   10.592020    0.271420
123    opls_146     0.408770    2.446280    2.616380
124    opls_146    16.824440   12.403230    0.360140
125    opls_146    30.066130    6.447990    2.465710
126    opls_146    28.028820    7.772930    2.809560
127    opls_146    29.487410    2.043000    2.206830
128    opls_146    31.542320    0.731680    1.996220
129    opls_146    33.796180    4.011110    3.660050
130    opls_146    31.756620    5.319840    3.862540
131    opls_146    26.629560    8.604130    0.778010
132    opls_146    24.596360    9.953710    1.039650
133    opls_146    22.289720    6.818210    3.125260
134    opls_146    24.304760    5.481280    2.865870
135    opls_562    24.987360    4.184880    0.914960
136    opls_140    25.883890    1.553160    2.299610
137    opls_910    23.911890    1.697100    1.327550
138    opls_140     5.344370   32.063620   -0.530290
139    opls_140     4.793160   31.944640    1.164610
140    opls_140     7.140980   30.716640    0.133680
141    opls_140     6.814750   31.052820    1.862850
142    opls_140    27.182450    0.202610   -0.107220
143    opls_140    27.491090   -0.071320    1.638520
144    opls_144    35.453730    2.919910    2.674460
145    opls_144    20.656870    7.873750    0.271420
146    opls_146    16.393770   31.549140    2.616380
147    opls_146    18.279670    8.368780    0.360140
148    opls_146    16.816210   22.814040    2.465710
149    opls_146    16.687440   20.387210    2.809560
150    opls_146    20.920400   24.515350    2.206830
151    opls_146    21.028590   26.950610    1.996220
152    opls_146    17.061580   27.262800    3.660050
153    opls_146    16.947970   24.842120    3.862540
154    opls_146    16.667220   18.759810    0.778010
155    opls_146    16.515050   16.324220    1.039650
156    opls_146    20.383800   15.894360    3.125260
157    opls_146    20.534090   18.307900    2.865870
158    opls_562    21.315510   19.547250    0.914960
159    opls_140    23.146380   21.639520    2.299610
160    opls_910    24.007720   19.859760    1.327550
161    opls_140   -11.723390   21.014820   -0.530290
162    opls_140   -11.344750   20.596950    1.164610
163    opls_140   -11.455180   23.244230    0.133680
164    opls_140   -11.583200   22.793610    1.862850
165    opls_140    23.666710   23.439390   -0.107220
166    opls_140    23.749620   23.843640    1.638520
167    opls_144    17.177810   29.243880    2.674460
168    opls_144    20.286100   13.952500    0.271420
169    opls_146   -16.802540   30.841130    2.616380
170    opls_146    21.045990   11.646270    0.360140
