0      opls_700     2.414080    1.233210    4.372390
1      opls_142     2.640730    2.503170    4.940250
2      opls_145    11.490210    9.504410    9.408540
3      opls_145    12.350430   10.604070    9.202280
4      opls_145    15.806450    1.210470   28.412700
5      opls_145    13.496820   18.788950   23.154890
6      opls_145     3.117720   22.750460    6.834970
7      opls_145     5.008470   23.680400    7.977280
8      opls_700     4.245140   22.511920    7.669140
9      opls_700    11.210190   13.344610   11.452300
10     opls_142    11.501440   12.076110   10.909920
11     opls_145     2.820670    5.147190    6.299190
12     opls_145     3.643510    4.025950    6.547590
13     opls_145     7.033690   13.372310   18.846010
14     opls_145     4.712130   24.978940   24.132120
15     opls_145    11.800770   20.931400    8.899800
16     opls_145    13.800360   20.044620    7.911880
17     opls_700    12.984200   21.193850    8.152730
18     opls_700    11.191930   15.813660   20.093640
19     opls_142    11.418580   17.083620   20.661500
20     opls_145     2.712360   24.084860   25.129790
21     opls_145     3.572580   25.184520   24.923530
22     opls_145     7.028600   15.790920   12.691450
23     opls_145     4.718970    4.208500    7.433640
24     opls_145    11.895570    8.170010   22.556220
25     opls_145    13.786320    9.099950   23.698530
26     opls_700    13.022990    7.931470   23.390390
27     opls_700     2.432340   27.925060   27.173550
28     opls_142     2.723590   26.656560   26.631170
29     opls_145    11.598520   19.727640   22.020440
30     opls_145    12.421360   18.606400   22.268840
31     opls_145    15.811540   27.952760    3.124760
32     opls_145    13.489980   10.398490    8.410870
33     opls_145     3.022920    6.350950   24.621050
34     opls_145     5.022510    5.464170   23.633130
35     opls_700     4.206350    6.613400   23.873980
36     opls_700    15.141620   27.927690    4.372390
37     opls_142    14.914970   26.657730    4.940250
38     opls_145     6.065490   19.656490    9.408540
39     opls_145     5.205270   18.556830    9.202280
40     opls_145     1.749250   27.950430   28.412700
41     opls_145     4.058880   10.371950   23.154890
42     opls_145    14.437980    6.410440    6.834970
43     opls_145    12.547230    5.480500    7.977280
44     opls_700    13.310560    6.648980    7.669140
45     opls_700     6.345510   15.816290   11.452300
46     opls_142     6.054260   17.084790   10.909920
47     opls_145    14.735030   24.013710    6.299190
48     opls_145    13.912190   25.134950    6.547590
49     opls_145    10.522010   15.788590   18.846010
50     opls_145    12.843570    4.181960   24.132120
51     opls_145     5.754930    8.229500    8.899800
52     opls_145     3.755340    9.116280    7.911880
53     opls_700     4.571500    7.967050    8.152730
54     opls_700     6.363770   13.347240   20.093640
55     opls_142     6.137120   12.077280   20.661500
56     opls_145    14.843340    5.076040   25.129790
57     opls_145    13.983120    3.976380   24.923530
58     opls_145    10.527100   13.369980   12.691450
59     opls_145    12.836730   24.952400    7.433640
60     opls_145     5.660130   20.990890   22.556220
61     opls_145     3.769380   20.060950   23.698530
62     opls_700     4.532710   21.229430   23.390390
63     opls_700    15.123360    1.235840   27.173550
64     opls_142    14.832110    2.504340   26.631170
65     opls_145     5.957180    9.433260   22.020440
66     opls_145     5.134340   10.554500   22.268840
67     opls_145     1.744160    1.208140    3.124760
68     opls_145     4.065720   18.762410    8.410870
69     opls_145    14.532780   22.809950   24.621050
70     opls_145    12.533190   23.696730   23.633130
71     opls_700    13.349350   22.547500   23.873980
72     opls_700     2.414080   27.927690    4.372390
73     opls_142     2.640730   26.657730    4.940250
74     opls_145    11.490210   19.656490    9.408540
75     opls_145    12.350430   18.556830    9.202280
76     opls_145    15.806450   27.950430   28.412700
77     opls_145    13.496820   10.371950   23.154890
78     opls_145     3.117720    6.410440    6.834970
79     opls_145     5.008470    5.480500    7.977280
80     opls_700     4.245140    6.648980    7.669140
81     opls_700    11.210190   15.816290   11.452300
82     opls_142    11.501440   17.084790   10.909920
83     opls_145     2.820670   24.013710    6.299190
84     opls_145     3.643510   25.134950    6.547590
85     opls_145     7.033690   15.788590   18.846010
86     opls_145     4.712130    4.181960   24.132120
87     opls_145    11.800770    8.229500    8.899800
88     opls_145    13.800360    9.116280    7.911880
89     opls_700    12.984200    7.967050    8.152730
90     opls_700    11.191930   13.347240   20.093640
91     opls_142    11.418580   12.077280   20.661500
92     opls_145     2.712360    5.076040   25.129790
93     opls_145     3.572580    3.976380   24.923530
94     opls_145     7.028600   13.369980   12.691450
95     opls_145     4.718970   24.952400    7.433640
96     opls_145    11.895570   20.990890   22.556220
97     opls_145    13.786320   20.060950   23.698530
98     opls_700    13.022990   21.229430   23.390390
99     opls_700     2.432340    1.235840   27.173550
100    opls_142     2.723590    2.504340   26.631170
101    opls_145    11.598520    9.433260   22.020440
102    opls_145    12.421360   10.554500   22.268840
103    opls_145    15.811540    1.208140    3.124760
104    opls_145    13.489980   18.762410    8.410870
105    opls_145     3.022920   22.809950   24.621050
106    opls_145     5.022510   23.696730   23.633130
107    opls_700     4.206350   22.547500   23.873980
108    opls_700    15.141620    1.233210    4.372390
109    opls_142    14.914970    2.503170    4.940250
110    opls_145     6.065490    9.504410    9.408540
111    opls_145     5.205270   10.604070    9.202280
112    opls_145     1.749250    1.210470   28.412700
113    opls_145     4.058880   18.788950   23.154890
114    opls_145    14.437980   22.750460    6.834970
115    opls_145    12.547230   23.680400    7.977280
116    opls_700    13.310560   22.511920    7.669140
117    opls_700     6.345510   13.344610   11.452300
118    opls_142     6.054260   12.076110   10.909920
119    opls_145    14.735030    5.147190    6.299190
120    opls_145    13.912190    4.025950    6.547590
121    opls_145    10.522010   13.372310   18.846010
122    opls_145    12.843570   24.978940   24.132120
123    opls_145     5.754930   20.931400    8.899800
124    opls_145     3.755340   20.044620    7.911880
125    opls_700     4.571500   21.193850    8.152730
126    opls_700     6.363770   15.813660   20.093640
127    opls_142     6.137120   17.083620   20.661500
128    opls_145    14.843340   24.084860   25.129790
129    opls_145    13.983120   25.184520   24.923530
130    opls_145    10.527100   15.790920   12.691450
131    opls_145    12.836730    4.208500    7.433640
132    opls_145     5.660130    8.170010   22.556220
133    opls_145     3.769380    9.099950   23.698530
134    opls_700     4.532710    7.931470   23.390390
135    opls_700    15.123360   27.925060   27.173550
136    opls_142    14.832110   26.656560   26.631170
137    opls_145     5.957180   19.727640   22.020440
138    opls_145     5.134340   18.606400   22.268840
139    opls_145     1.744160   27.952760    3.124760
140    opls_145     4.065720   10.398490    8.410870
141    opls_145    14.532780    6.350950   24.621050
142    opls_145    12.533190    5.464170   23.633130
143    opls_700    13.349350    6.613400   23.873980
144    opls_700     0.712410   29.160900    1.265880
145    opls_145     2.770470   29.160900   26.560110
146    opls_700     1.403580   29.160900   29.033060
147    opls_700    16.842760   29.160900   30.264350
148    opls_145    14.784360    0.000000    4.978610
149    opls_700    16.148610   29.160900    2.497160
150    opls_700     1.442030   29.160900    0.044020
151    opls_148     2.946370   29.160900    0.083010
152    opls_700     9.490260   14.580450   16.987130
153    opls_145    11.548320   14.580450   10.838860
154    opls_700    10.181430   14.580450   13.311810
155    opls_700     8.064910   14.580450   14.543100
156    opls_145     6.006510   14.580450   20.699860
157    opls_700     7.370760   14.580450   18.218410
158    opls_700    10.219880   14.580450   15.765270
159    opls_148    11.724220   14.580450   15.804260
160    opls_700    16.843290   29.160900    1.265880
161    opls_145    14.785230   29.160900   26.560110
162    opls_700    16.152120   29.160900   29.033060
163    opls_700     0.712940   29.160900   30.264350
164    opls_145     2.771340    0.000000    4.978610
165    opls_700     1.407090   29.160900    2.497160
166    opls_700    16.113670   29.160900    0.044020
167    opls_148    14.609330   29.160900    0.083010
168    opls_700     8.065440   14.580450   16.987130
169    opls_145     6.007380   14.580450   10.838860
170    opls_700     7.374270   14.580450   13.311810
171    opls_700     9.490790   14.580450   14.543100
172    opls_145    11.549190   14.580450   20.699860
173    opls_700    10.184940   14.580450   18.218410
174    opls_700     7.335820   14.580450   15.765270
175    opls_148     5.831480   14.580450   15.804260
176    opls_750     3.362620    2.744330   25.461510
177    opls_750    12.247730   11.779250   21.692180
178    opls_750    12.140470   17.324780    9.740260
179    opls_750     3.469880   26.359700    5.970930
180    opls_750    14.193080   26.416570   25.461510
181    opls_750     5.307970   17.381650   21.692180
182    opls_750     5.415230   11.836120    9.740260
183    opls_750    14.085820    2.801200    5.970930
184    opls_750     3.362620   26.416570   25.461510
185    opls_750    12.247730   17.381650   21.692180
186    opls_750    12.140470   11.836120    9.740260
187    opls_750     3.469880    2.801200    5.970930
188    opls_750    14.193080    2.744330   25.461510
189    opls_750     5.307970   11.779250   21.692180
190    opls_750     5.415230   17.324780    9.740260
191    opls_750    14.085820   26.359700    5.970930
192    opls_144     2.145130    3.279430    4.499110
193    opls_146    10.620500    9.622810    9.930800
194    opls_146    16.065570    2.084710   28.882140
195    opls_146    14.092660   17.991110   23.390700
196    opls_146     2.468330   22.012110    6.578090
197    opls_146     5.807780   23.645990    8.605810
198    opls_144    11.217740   11.259610   11.460790
199    opls_146     1.981860    5.067870    5.726620
200    opls_146     7.293160   12.498070   18.375940
201    opls_146     5.335700   25.765400   23.934030
202    opls_146    11.118020   21.658680    9.098520
203    opls_146    14.657780   20.095940    7.368550
204    opls_702     3.302400   28.274120    0.609670
205    opls_144    10.922980   17.859880   20.220360
206    opls_146     1.842650   24.203260   25.652050
207    opls_146     7.287720   16.665160   13.160890
208    opls_146     5.314810    3.410660    7.669450
209    opls_146    11.246180    7.431660   22.299340
210    opls_146    14.585630    9.065540   24.327060
211    opls_144     2.439890   25.840060   27.182040
212    opls_146    10.759710   19.648320   21.447870
213    opls_146    16.071010   27.078520    2.654690
214    opls_146    14.113550   11.184950    8.212780
215    opls_146     2.340170    7.078230   24.819770
216    opls_146     5.879930    5.515490   23.089800
217    opls_702    12.080250   13.693670   16.330920
218    opls_144    15.410570   25.881470    4.499110
219    opls_146     6.935200   19.538090    9.930800
220    opls_146     1.490130   27.076190   28.882140
221    opls_146     3.463040   11.169790   23.390700
222    opls_146    15.087370    7.148790    6.578090
223    opls_146    11.747920    5.514910    8.605810
224    opls_144     6.337960   17.901290   11.460790
225    opls_146    15.573840   24.093030    5.726620
226    opls_146    10.262540   16.662830   18.375940
227    opls_146    12.220000    3.395500   23.934030
228    opls_146     6.437680    7.502220    9.098520
229    opls_146     2.897920    9.064960    7.368550
230    opls_702    14.253300   30.047680    0.609670
231    opls_144     6.632720   11.301020   20.220360
232    opls_146    15.713050    4.957640   25.652050
233    opls_146    10.267980   12.495740   13.160890
234    opls_146    12.240890   25.750240    7.669450
235    opls_146     6.309520   21.729240   22.299340
236    opls_146     2.970070   20.095360   24.327060
237    opls_144    15.115810    3.320840   27.182040
238    opls_146     6.795990    9.512580   21.447870
239    opls_146     1.484690    2.082380    2.654690
240    opls_146     3.442150   17.975950    8.212780
241    opls_146    15.215530   22.082670   24.819770
242    opls_146    11.675770   23.645410   23.089800
243    opls_702     5.475450   15.467230   16.330920
244    opls_144     2.145130   25.881470    4.499110
245    opls_146    10.620500   19.538090    9.930800
246    opls_146    16.065570   27.076190   28.882140
247    opls_146    14.092660   11.169790   23.390700
248    opls_146     2.468330    7.148790    6.578090
249    opls_146     5.807780    5.514910    8.605810
250    opls_144    11.217740   17.901290   11.460790
251    opls_146     1.981860   24.093030    5.726620
252    opls_146     7.293160   16.662830   18.375940
253    opls_146     5.335700    3.395500   23.934030
254    opls_146    11.118020    7.502220    9.098520
255    opls_146    14.657780    9.064960    7.368550
256    opls_702     3.302400   30.047680    0.609670
257    opls_144    10.922980   11.301020   20.220360
258    opls_146     1.842650    4.957640   25.652050
259    opls_146     7.287720   12.495740   13.160890
260    opls_146     5.314810   25.750240    7.669450
261    opls_146    11.246180   21.729240   22.299340
262    opls_146    14.585630   20.095360   24.327060
263    opls_144     2.439890    3.320840   27.182040
264    opls_146    10.759710    9.512580   21.447870
265    opls_146    16.071010    2.082380    2.654690
266    opls_146    14.113550   17.975950    8.212780
267    opls_146     2.340170   22.082670   24.819770
268    opls_146     5.879930   23.645410   23.089800
269    opls_702    12.080250   15.467230   16.330920
270    opls_144    15.410570    3.279430    4.499110
271    opls_146     6.935200    9.622810    9.930800
272    opls_146     1.490130    2.084710   28.882140
273    opls_146     3.463040   17.991110   23.390700
274    opls_146    15.087370   22.012110    6.578090
275    opls_146    11.747920   23.645990    8.605810
276    opls_144     6.337960   11.259610   11.460790
277    opls_146    15.573840    5.067870    5.726620
278    opls_146    10.262540   12.498070   18.375940
279    opls_146    12.220000   25.765400   23.934030
280    opls_146     6.437680   21.658680    9.098520
281    opls_146     2.897920   20.095940    7.368550
282    opls_702    14.253300   28.274120    0.609670
283    opls_144     6.632720   17.859880   20.220360
284    opls_146    15.713050   24.203260   25.652050
285    opls_146    10.267980   16.665160   13.160890
286    opls_146    12.240890    3.410660    7.669450
287    opls_146     6.309520    7.431660   22.299340
288    opls_146     2.970070    9.065540   24.327060
289    opls_144    15.115810   25.840060   27.182040
290    opls_146     6.795990   19.648320   21.447870
291    opls_146     1.484690   27.078520    2.654690
292    opls_146     3.442150   11.184950    8.212780
293    opls_146    15.215530    7.078230   24.819770
294    opls_146    11.675770    5.515490   23.089800
295    opls_702     5.475450   13.693670   16.330920
296    opls_146     3.263250   29.160900   25.662430
297    opls_146    14.290340    0.000000    5.875350
298    opls_702     3.427220   29.160900   -0.893910
299    opls_146    12.041100   14.580450    9.941180
300    opls_146     5.512490   14.580450   21.596600
301    opls_702    12.205070   14.580450   14.827340
302    opls_146    14.292450   29.160900   25.662430
303    opls_146     3.265360    0.000000    5.875350
304    opls_702    14.128480   29.160900   -0.893910
305    opls_146     5.514600   14.580450    9.941180
306    opls_146    12.043210   14.580450   21.596600
307    opls_702     5.350630   14.580450   14.827340
