0      opls_145     1.202570   12.739610    0.000000
1      opls_145     9.212930    5.300560    0.000000
2      opls_145    -1.218610   12.711830    0.000000
3      opls_145    11.634110    5.328350    0.000000
4      opls_145     0.016250   10.628910    0.000000
5      opls_145    10.399460    7.411260    0.000000
6      opls_700     1.225380   11.337350    0.000000
7      opls_700     9.190120    6.702830    0.000000
8      opls_700    -0.015620   13.432710    0.000000
9      opls_700    10.431120    4.607460    0.000000
10     opls_700    -1.209760   11.310290    0.000000
11     opls_700    11.625260    6.729890    0.000000
12     opls_572     2.504820   10.604920    0.000000
13     opls_572     7.910680    7.435260    0.000000
14     opls_572    -0.021040   14.906960    0.000000
15     opls_572    10.436540    3.133220    0.000000
16     opls_572    -2.483780   10.568480    0.000000
17     opls_572    12.899280    7.471700    0.000000
18     opls_507     4.549700   10.210740    0.000000
19     opls_507     5.865800    7.829440    0.000000
20     opls_507    -0.702210   16.875140    0.000000
21     opls_507    11.117710    1.165030    0.000000
22     opls_507    -3.847800    8.994650    0.000000
23     opls_507    14.263300    9.045520    0.000000
24     opls_145     5.947350   10.250610    0.000000
25     opls_145     4.468150    7.789570    0.000000
26     opls_145     8.980040    0.025260    0.000000
27     opls_145     1.435460   18.014920    0.000000
28     opls_145    16.319110    7.764310    0.000000
29     opls_145    -5.903610   10.275860    0.000000
30     opls_575     6.575930    9.003850    0.000000
31     opls_575     3.839570    9.036320    0.000000
32     opls_575     9.745470    1.193000    0.000000
33     opls_575     0.670030   16.847180    0.000000
34     opls_575    14.925100    7.843330    0.000000
35     opls_575    -4.509600   10.196850    0.000000
36     opls_146     2.134030   13.298320    0.000000
37     opls_146     8.281470    4.741860    0.000000
38     opls_146    -2.168190   13.239140    0.000000
39     opls_146    12.583690    4.801030    0.000000
40     opls_146     0.034160    9.542890    0.000000
41     opls_146    10.381340    8.497280    0.000000
42     opls_146     6.506150   11.174080    0.000000
43     opls_146     3.909350    6.866090    0.000000
44     opls_146     7.900890    0.047450    0.000000
45     opls_146     2.514610   17.992730    0.000000
46     opls_146    16.839470    6.818650    0.000000
47     opls_146    -6.423970   11.221530    0.000000
48     opls_573     3.708130   11.239030    0.000000
49     opls_573     6.707370    6.801150    0.000000
50     opls_573    -1.171850   15.631990    0.000000
51     opls_573    11.587350    2.408180    0.000000
52     opls_573    -2.536280    9.209330    0.000000
53     opls_573    12.951780    8.830850    0.000000
54     opls_180     7.860790    8.767890    0.000000
55     opls_180     2.554710    9.272290    0.000000
56     opls_180     9.307390    2.423700    0.000000
57     opls_180     1.108110   15.616480    0.000000
58     opls_180    14.078320    6.848590    0.000000
59     opls_180    -3.662820   11.191580    0.000000
