0      opls_141    11.345180    3.253960    3.454580
1      opls_142    10.070060    2.703780    3.551360
2      opls_137     9.881170    1.674740    4.000510
3      opls_141    10.951340    1.190310    4.381600
4      opls_137    12.239940    1.712000    4.256900
5      opls_142    12.427550    2.741470    3.806960
6      opls_142    11.571550    4.342330    2.982350
7      opls_141     0.637130   13.962010   13.151380
8      opls_142    20.778110   13.411830   13.248160
9      opls_137    20.589220   12.382790   13.697310
10     opls_141     0.243290   11.898360   14.078400
11     opls_137     1.531890   12.420050   13.953700
12     opls_142     1.719500   13.449520   13.503760
13     opls_142     0.863500   15.050380   12.679150
14     opls_141    20.778970    7.454090   13.151380
15     opls_142     0.637990    8.004270   13.248160
16     opls_137     0.826880    9.033310   13.697310
17     opls_141    21.172810    9.517740   14.078400
18     opls_137    19.884210    8.996050   13.953700
19     opls_142    19.696600    7.966580   13.503760
20     opls_142    20.552600    6.365720   12.679150
21     opls_141    10.070920   18.162140    3.454580
22     opls_142    11.346040   18.712320    3.551360
23     opls_137    11.534930   19.741360    4.000510
24     opls_141    10.464760   20.225790    4.381600
25     opls_137     9.176160   19.704100    4.256900
26     opls_142     8.988550   18.674630    3.806960
27     opls_142     9.844550   17.073770    2.982350
28     opls_141    18.162140    0.637130    8.302980
29     opls_142    18.712320   20.778110    8.399760
30     opls_137    19.741360   20.589220    8.848910
31     opls_141    20.225790    0.243290    9.230000
32     opls_137    19.704100    1.531890    9.105300
33     opls_142    18.674630    1.719500    8.655360
34     opls_142    17.073770    0.863500    7.830750
35     opls_141     7.454090   11.345180   17.999780
36     opls_142     8.004270   10.070060   18.096560
37     opls_137     9.033310    9.881170   18.545710
38     opls_141     9.517740   10.951340   18.926800
39     opls_137     8.996050   12.239940   18.802100
40     opls_142     7.966580   12.427550   18.352160
41     opls_142     6.365720   11.571550   17.527550
42     opls_141    13.962010   10.070920   17.999780
43     opls_142    13.411830   11.346040   18.096560
44     opls_137    12.382790   11.534930   18.545710
45     opls_141    11.898360   10.464760   18.926800
46     opls_137    12.420050    9.176160   18.802100
47     opls_142    13.449520    8.988550   18.352160
48     opls_142    15.050380    9.844550   17.527550
49     opls_141     3.253960   20.778970    8.302980
50     opls_142     2.703780    0.637990    8.399760
51     opls_137     1.674740    0.826880    8.848910
52     opls_141     1.190310   21.172810    9.230000
53     opls_137     1.712000   19.884210    9.105300
54     opls_142     2.741470   19.696600    8.655360
55     opls_142     4.342330   20.552600    7.830750
56     opls_141    10.070920    7.454090    1.393820
57     opls_142    11.346040    8.004270    1.297040
58     opls_137    11.534930    9.033310    0.847890
59     opls_141    10.464760    9.517740    0.466800
60     opls_137     9.176160    8.996050    0.591500
61     opls_142     8.988550    7.966580    1.041440
62     opls_142     9.844550    6.365720    1.866050
63     opls_141    20.778970   18.162140   11.090620
64     opls_142     0.637990   18.712320   10.993840
65     opls_137     0.826880   19.741360   10.544690
66     opls_141    21.172810   20.225790   10.163600
67     opls_137    19.884210   19.704100   10.288300
68     opls_142    19.696600   18.674630   10.738240
69     opls_142    20.552600   17.073770   11.562850
70     opls_141     0.637130    3.253960   11.090620
71     opls_142    20.778110    2.703780   10.993840
72     opls_137    20.589220    1.674740   10.544690
73     opls_141     0.243290    1.190310   10.163600
74     opls_137     1.531890    1.712000   10.288300
75     opls_142     1.719500    2.741470   10.738240
76     opls_142     0.863500    4.342330   11.562850
77     opls_141    11.345180   13.962010    1.393820
78     opls_142    10.070060   13.411830    1.297040
79     opls_137     9.881170   12.382790    0.847890
80     opls_141    10.951340   11.898360    0.466800
81     opls_137    12.239940   12.420050    0.591500
82     opls_142    12.427550   13.449520    1.041440
83     opls_142    11.571550   15.050380    1.866050
84     opls_141     3.253960   10.070920   15.939020
85     opls_142     2.703780   11.346040   15.842240
86     opls_137     1.674740   11.534930   15.393090
87     opls_141     1.190310   10.464760   15.012000
88     opls_137     1.712000    9.176160   15.136700
89     opls_142     2.741470    8.988550   15.586640
90     opls_142     4.342330    9.844550   16.411250
91     opls_141    13.962010   20.778970    6.242220
92     opls_142    13.411830    0.637990    6.145440
93     opls_137    12.382790    0.826880    5.696290
94     opls_141    11.898360   21.172810    5.315200
95     opls_137    12.420050   19.884210    5.439900
96     opls_142    13.449520   19.696600    5.889840
97     opls_142    15.050380   20.552600    6.714450
98     opls_141     7.454090    0.637130    6.242220
99     opls_142     8.004270   20.778110    6.145440
100    opls_137     9.033310   20.589220    5.696290
101    opls_141     9.517740    0.243290    5.315200
102    opls_137     8.996050    1.531890    5.439900
103    opls_142     7.966580    1.719500    5.889840
104    opls_142     6.365720    0.863500    6.714450
105    opls_141    18.162140   11.345180   15.939020
106    opls_142    18.712320   10.070060   15.842240
107    opls_137    19.741360    9.881170   15.393090
108    opls_141    20.225790   10.951340   15.012000
109    opls_137    19.704100   12.239940   15.136700
110    opls_142    18.674630   12.427550   15.586640
111    opls_142    17.073770   11.571550   16.411250
112    opls_139    10.708050    0.000000    4.848400
113    opls_139     0.000000   10.708050   14.545200
114    opls_139    21.416100    0.000000    9.696800
115    opls_139    10.708050   10.708050    0.000000
116    opls_144     9.218990    3.061220    3.276350
117    opls_140     8.889390    1.253910    4.054230
118    opls_140    13.118220    1.311740    4.492920
119    opls_144    13.426820    3.127610    3.728420
120    opls_144    12.573390    4.733810    2.916220
121    opls_144    19.927040   13.769270   12.973150
122    opls_140    19.597440   11.961960   13.751030
123    opls_140     2.410170   12.019790   14.189720
124    opls_144     2.718770   13.835660   13.425220
125    opls_144     1.865340   15.441860   12.613020
126    opls_144     1.489060    7.646830   12.973150
127    opls_140     1.818660    9.454140   13.751030
128    opls_140    19.005930    9.396310   14.189720
129    opls_144    18.697330    7.580440   13.425220
130    opls_144    19.550760    5.974240   12.613020
131    opls_144    12.197110   18.354880    3.276350
132    opls_140    12.526710   20.162190    4.054230
133    opls_140     8.297880   20.104360    4.492920
134    opls_144     7.989280   18.288490    3.728420
135    opls_144     8.842710   16.682290    2.916220
136    opls_144    18.354880   19.927040    8.124750
137    opls_140    20.162190   19.597440    8.902630
138    opls_140    20.104360    2.410170    9.341320
139    opls_144    18.288490    2.718770    8.576820
140    opls_144    16.682290    1.865340    7.764620
141    opls_144     7.646830    9.218990   17.821550
142    opls_140     9.454140    8.889390   18.599430
143    opls_140     9.396310   13.118220   19.038120
144    opls_144     7.580440   13.426820   18.273620
145    opls_144     5.974240   12.573390   17.461420
146    opls_144    13.769270   12.197110   17.821550
147    opls_140    11.961960   12.526710   18.599430
148    opls_140    12.019790    8.297880   19.038120
149    opls_144    13.835660    7.989280   18.273620
150    opls_144    15.441860    8.842710   17.461420
151    opls_144     3.061220    1.489060    8.124750
152    opls_140     1.253910    1.818660    8.902630
153    opls_140     1.311740   19.005930    9.341320
154    opls_144     3.127610   18.697330    8.576820
155    opls_144     4.733810   19.550760    7.764620
156    opls_144    12.197110    7.646830    1.572050
157    opls_140    12.526710    9.454140    0.794170
158    opls_140     8.297880    9.396310    0.355480
159    opls_144     7.989280    7.580440    1.119980
160    opls_144     8.842710    5.974240    1.932180
161    opls_144     1.489060   18.354880   11.268850
162    opls_140     1.818660   20.162190   10.490970
163    opls_140    19.005930   20.104360   10.052280
164    opls_144    18.697330   18.288490   10.816780
165    opls_144    19.550760   16.682290   11.628980
166    opls_144    19.927040    3.061220   11.268850
167    opls_140    19.597440    1.253910   10.490970
168    opls_140     2.410170    1.311740   10.052280
169    opls_144     2.718770    3.127610   10.816780
170    opls_144     1.865340    4.733810   11.628980
171    opls_144     9.218990   13.769270    1.572050
172    opls_140     8.889390   11.961960    0.794170
173    opls_140    13.118220   12.019790    0.355480
174    opls_144    13.426820   13.835660    1.119980
175    opls_144    12.573390   15.441860    1.932180
176    opls_144     3.061220   12.197110   16.117250
177    opls_140     1.253910   12.526710   15.339370
178    opls_140     1.311740    8.297880   14.900680
179    opls_144     3.127610    7.989280   15.665180
180    opls_144     4.733810    8.842710   16.477380
181    opls_144    13.769270    1.489060    6.420450
182    opls_140    11.961960    1.818660    5.642570
183    opls_140    12.019790   19.005930    5.203880
184    opls_144    13.835660   18.697330    5.968380
185    opls_144    15.441860   19.550760    6.780580
186    opls_144     7.646830   19.927040    6.420450
187    opls_140     9.454140   19.597440    5.642570
188    opls_140     9.396310    2.410170    5.203880
189    opls_144     7.580440    2.718770    5.968380
190    opls_144     5.974240    1.865340    6.780580
191    opls_144    18.354880    9.218990   16.117250
192    opls_140    20.162190    8.889390   15.339370
193    opls_140    20.104360   13.118220   14.900680
194    opls_144    18.288490   13.426820   15.665180
195    opls_144    16.682290   12.573390   16.477380
196    opls_750    10.594540    4.837900    2.647030
197    opls_750    21.302590   15.545950   12.343830
198    opls_750     0.113510    5.870150   12.343830
199    opls_750    10.821560   16.578200    2.647030
200    opls_750    16.578200   21.302590    7.495430
201    opls_750     5.870150   10.594540   17.192230
202    opls_750    15.545950   10.821560   17.192230
203    opls_750     4.837900    0.113510    7.495430
204    opls_750    10.821560    5.870150    2.201370
205    opls_750     0.113510   16.578200   11.898170
206    opls_750    21.302590    4.837900   11.898170
207    opls_750    10.594540   15.545950    2.201370
208    opls_750     4.837900   10.821560   16.746570
209    opls_750    15.545950    0.113510    7.049770
210    opls_750     5.870150   21.302590    7.049770
211    opls_750    16.578200   10.594540   16.746570
