0      opls_526    -2.260790    4.607450    4.178580
1      opls_526     4.466230    4.541050    4.179780
2      opls_526     4.421530    0.182520    4.091720
3      opls_526    27.289050    0.246610    4.149630
4      opls_525    13.309880   22.057200    4.199590
5      opls_525   -11.284870   22.000810    4.272740
6      opls_525    -1.402210    8.375600    4.344590
7      opls_525     3.603500    8.392770    4.375230
8      opls_525    12.348440   20.417560    4.432330
9      opls_525    14.837450   16.092100    4.027640
10     opls_525   -10.378770   20.347840    4.653690
11     opls_525    16.670510   16.065190    4.186520
12     opls_525    -2.342340    9.994210    4.286770
13     opls_525     0.116920   14.304040    4.941520
14     opls_525     4.529870   10.041380    4.257580
15     opls_525     2.013470   14.329670    4.821220
16     opls_526     8.258290   11.234710    4.077610
17     opls_526    12.004910   13.459350    3.899810
18     opls_526     8.626970   19.219370    4.440430
19     opls_526     4.865990   17.033950    4.508920
20     opls_526    -6.121530   11.159090    4.116990
21     opls_526    19.722540   13.362960    4.097580
22     opls_526    -6.714440   19.120930    4.594420
23     opls_526    -2.941920   16.939100    4.689610
24     opls_140     6.555930    0.371970    4.928530
25     opls_140     6.503240    0.412470    3.149130
26     opls_140     7.916840    1.022850    4.014170
27     opls_140     6.342060    4.203690    2.833470
28     opls_140     7.764990    3.158280    2.742840
29     opls_140     6.267170    2.689150    1.913970
30     opls_140     7.839140    3.119570    5.372760
31     opls_140     6.406880    4.156010    5.407970
32     opls_140     6.399040    2.609430    6.272760
33     opls_140    25.149480    0.531170    3.271520
34     opls_140    25.212530    0.511170    5.051560
35     opls_140    23.807210    1.184100    4.217720
36     opls_140    25.440600    4.307510    5.448230
37     opls_140    24.008050    3.273640    5.538610
38     opls_140    25.510020    2.785030    6.350480
39     opls_140    23.973270    3.289280    2.861380
40     opls_140    25.426250    4.297520    2.883190
41     opls_140    25.431130    2.764260    1.992730
42     opls_140    20.205040   11.738190    1.790300
43     opls_140    21.736610   10.828130    1.754780
44     opls_140    20.181800    9.956790    1.758790
45     opls_140    21.711000    9.478940    5.157100
46     opls_140    20.836580    8.622720    3.882720
47     opls_140    22.399380    9.356150    3.534090
48     opls_140    18.814230    9.787080    3.919210
49     opls_140    19.170180   10.917860    5.225190
50     opls_140    18.652160   11.521830    3.647180
51     opls_140     9.663160    9.543290    4.879770
52     opls_140     9.442190    9.548160    3.112960
53     opls_140    10.806360    8.691680    3.835000
54     opls_140    12.430140   11.725120    2.295480
55     opls_140    12.352140    9.955500    2.278320
56     opls_140    11.009870   10.911450    1.623970
57     opls_140    12.633500    9.835790    4.971440
58     opls_140    12.947710   11.560280    4.748560
59     opls_140    11.717040   11.042190    5.910980
60     opls_140    -2.359660   18.681790    3.220670
61     opls_140    -3.730050   19.405480    2.358360
62     opls_140    -2.504410   20.442430    3.116010
63     opls_140    -5.447950   20.866950    5.413020
64     opls_140    -4.232820   21.699590    4.438670
65     opls_140    -5.502120   20.773640    3.634900
66     opls_140    -2.419750   20.606500    5.750260
67     opls_140    -3.555700   19.634660    6.707850
68     opls_140    -2.240070   18.847400    5.816180
69     opls_140     6.046490   19.994320    6.593400
70     opls_140     7.384020   20.724160    5.684500
71     opls_140     5.788370   21.485790    5.665810
72     opls_140     6.079050   19.795910    2.239100
73     opls_140     5.778150   21.362480    3.019130
74     opls_140     7.386980   20.633930    3.096440
75     opls_140     3.883830   20.520360    4.366490
76     opls_140     3.996900   18.958140    3.555350
77     opls_140     3.979140   19.049400    5.331460
78     opls_526    25.927690    1.145390    7.917180
79     opls_526     3.059880    1.086430    7.850940
80     opls_526   -11.787490   22.360730    7.869540
81     opls_526    11.086540   22.421740    7.856470
82     opls_525    11.952080   18.575920    7.748600
83     opls_525    16.958080   18.592070    7.800650
84     opls_525    -2.766080    4.967370    7.788860
85     opls_525     2.240810    4.896360    7.848690
86     opls_525    11.029850   16.940640    7.936830
87     opls_525    13.525680   12.642350    7.358030
88     opls_525    17.899550   16.976270    7.830890
89     opls_525    15.434950   12.665420    7.203970
90     opls_525    -3.661080    6.627770    7.389070
91     opls_525    -1.102790   10.897350    7.936910
92     opls_525     3.202260    6.523180    7.640810
93     opls_525     0.741360   10.853260    0.142030
94     opls_526     6.988700    7.733940    7.605850
95     opls_526    10.712530    9.983700    7.465020
96     opls_526     7.202860   15.740640    0.063440
97     opls_526     3.524610   13.403720    0.199140
98     opls_526    22.270760    7.857250    7.417220
99     opls_526    18.505340   10.052410    7.337820
100    opls_526    -7.910180   15.822930    7.898660
101    opls_526    -4.155560   13.615730    7.924160
102    opls_140    -9.887100   24.210060    2.013820
103    opls_140    -9.872150   22.675270    1.126250
104    opls_140    -8.423470   23.689410    1.151990
105    opls_140    -9.951330   24.180840    5.676070
106    opls_140    -8.452620   23.692740    6.494030
107    opls_140    -9.886060   22.659890    6.581850
108    opls_140     6.543490    0.153040    7.811560
109    opls_140     5.140840    0.821360    6.969540
110    opls_140     5.196050    0.806750    8.749900
111    opls_140     9.145290   24.352080    5.750500
112    opls_140     9.142330   22.805760    6.615780
113    opls_140     7.708450   23.839890    6.654840
114    opls_140     9.289450   24.274150    2.088970
115    opls_140     7.788220   23.806820    1.265560
116    opls_140     9.208930   22.759100    1.170680
117    opls_140    22.433860    0.304040    8.012940
118    opls_140    23.850870    0.915700    8.871880
119    opls_140    23.791220    0.953890    7.092650
120    opls_140    19.650610    6.978720    5.350940
121    opls_140    21.010780    6.305540    6.268990
122    opls_140    19.420760    5.536220    6.359700
123    opls_140    19.763390    7.396070    1.669040
124    opls_140    19.444140    5.793600    0.973230
125    opls_140    21.052820    6.514720    0.829510
126    opls_140    17.520800    6.586500    7.604080
127    opls_140    17.662300    8.172310    8.367910
128    opls_140    17.630330    8.030290    6.591960
129    opls_140     9.813390    7.178930    1.645460
130    opls_140     8.417400    6.344250    0.936660
131    opls_140    10.029920    5.627220    0.809540
132    opls_140     9.328520    7.025120    5.334660
133    opls_140     9.759960    5.540060    6.204350
134    opls_140     8.144030    6.231190    6.388810
135    opls_140    11.761890    6.559840    7.258340
136    opls_140    11.494890    8.063100    6.371570
137    opls_140    11.694550    8.086940    8.141660
138    opls_140    -6.148760   17.494620    6.860230
139    opls_140    -6.823370   17.634070    8.487490
140    opls_140    -5.258650   18.356480    8.119450
141    opls_140    -4.643980   15.237420    2.208470
142    opls_140    -4.642950   17.018820    2.249530
143    opls_140    -6.186350   16.128760    2.235090
144    opls_140    -3.237190   17.182890    8.158670
145    opls_140    -3.091110   15.436350    8.352430
146    opls_140    -3.593730   16.117230    6.800160
147    opls_140     4.432040   15.758330    2.531590
148    opls_140     5.759360   16.785290    1.920390
149    opls_140     4.111460   17.433350    2.028420
150    opls_140     4.461200   16.870140    6.386650
151    opls_140     4.294100   18.095770    7.652680
152    opls_140     5.868440   17.345420    7.366050
153    opls_140     2.336130   16.726580    0.332350
154    opls_140     2.627700   15.355600   -0.745140
155    opls_140     2.506480   15.112320    1.016780
156    opls_700     4.661300    2.359990    4.128620
157    opls_523     3.942730    3.571270    4.166070
158    opls_700     2.536970    3.604080    4.178020
159    opls_700     1.802270    2.385890    4.161580
160    opls_700     2.515210    1.157180    4.143930
161    opls_523     3.923340    1.163330    4.120110
162    opls_521     1.822400    4.882260    4.207370
163    opls_700     0.353730    2.396400    4.160780
164    opls_700    -0.357580    3.625360    4.168800
165    opls_523    -1.761860    3.624840    4.166790
166    opls_700    27.096200    2.429980    4.159330
167    opls_523    27.806920    1.217420    4.151390
168    opls_700    -0.385850    1.184100    4.152360
169    opls_521   -13.025120   25.528750    4.158450
170    opls_521   -14.472030   25.543100    4.160940
171    opls_521    15.109930   23.238990    4.210340
172    opls_521   -13.056500   23.224130    4.220280
173    opls_522    14.407500   22.005420    4.231430
174    opls_522   -12.384400   21.974910    4.273300
175    opls_700    16.519540   20.763130    4.318290
176    opls_521     0.377120    4.888160    4.196380
177    opls_521     0.387040    7.187910    4.270730
178    opls_521     1.821360    7.187140    4.282680
179    opls_522    -0.304300    8.423790    4.332640
180    opls_522     2.505000    8.429690    4.349410
181    opls_700     1.818990    9.647620    4.406910
182    opls_700    15.075000   20.778000    4.283080
183    opls_700    14.326540   19.510330    4.275380
184    opls_522    12.929210   19.489560    4.332400
185    opls_700    15.041550   18.259580    4.196630
186    opls_700    17.239150   19.479820    4.378040
187    opls_521    12.200280   18.271630    4.288530
188    opls_522    14.328610   17.062150    4.107600
189    opls_700    16.507410   18.241120    4.264640
190    opls_522   -10.973610   19.430340    4.533060
191    opls_521    12.914260   17.035490    4.152840
192    opls_522    17.197260   17.025750    4.268480
193    opls_521   -10.266880   18.198560    4.527610
194    opls_521    18.608200   16.969600    4.382530
195    opls_700     0.374310    9.643270    4.403060
196    opls_700    -0.370010   10.907860    4.495210
197    opls_522    -1.768230   10.920930    4.428400
198    opls_700     0.346040   12.151690    4.661460
199    opls_700     2.547480   10.925290    4.477410
200    opls_521    -2.513440   12.124510    4.526570
201    opls_522    -0.385260   13.336300    4.797000
202    opls_700     1.819590   12.163990    4.633960
203    opls_522     3.942880   10.961690    4.387020
204    opls_521    -1.803450   13.355270    4.723060
205    opls_522     2.531940   13.367060    4.703570
206    opls_521     4.667960   12.181170    4.439870
207    opls_521     3.947760   13.411150    4.599310
208    opls_521     6.657610   13.346810    4.366090
209    opls_521    10.215370   17.103930    4.333690
210    opls_521    -8.297360   17.009340    4.586640
211    opls_521    -4.519070   13.264520    4.511250
212    opls_521     5.930750   14.590900    4.505400
213    opls_521    -3.799170   14.507320    4.690100
214    opls_521    10.937940   15.861130    4.197430
215    opls_521    -9.028220   15.770120    4.452380
216    opls_700     8.116350   13.365780    4.244580
217    opls_700     8.801770   14.609350    4.278350
218    opls_523     8.841880   12.167580    4.092200
219    opls_700    10.216410   14.611920    4.149310
220    opls_700    10.242900   12.160400    3.969100
221    opls_523    10.908930   13.400130    3.995320
222    opls_700     8.756920   17.081370    4.415170
223    opls_523     8.038650   18.287520    4.455430
224    opls_700     8.068990   15.837030    4.419100
225    opls_700     6.632150   18.312390    4.474280
226    opls_700     6.652130   15.844980    4.504910
227    opls_523     5.964490   17.076500    4.507480
228    opls_700    -5.981510   13.280670    4.408670
229    opls_523    -6.703190   12.089650    4.200390
230    opls_523    -6.677440   14.516810    4.508920
231    opls_700    21.493280   12.078110    4.096300
232    opls_700    -8.095040   14.520400    4.391830
233    opls_523    20.818230   13.309380    4.191330
234    opls_700    -6.839800   16.986270    4.646390
235    opls_523    -6.119160   18.196510    4.630670
236    opls_523    -6.156010   15.741410    4.661540
237    opls_700    -4.714580   18.221120    4.640210
238    opls_700    -4.735750   15.755260    4.717520
239    opls_523    -4.043230   16.983960    4.701160
240    opls_516     6.207670    2.388190    4.091320
241    opls_135     6.817450    0.971580    4.043920
242    opls_135     6.667230    3.152900    2.827450
243    opls_135     6.738270    3.108290    5.353910
244    opls_516    25.553830    2.503040    4.172160
245    opls_135    24.905120    1.105140    4.178260
246    opls_135    25.104930    3.259540    5.445180
247    opls_135    25.072960    3.255950    2.909420
248    opls_516    20.737860   10.798400    3.677330
249    opls_135    20.713740   10.834030    2.153770
250    opls_135    21.462500    9.503300    4.091400
251    opls_135    19.270090   10.762250    4.148430
252    opls_516    11.069810   10.865050    3.812870
253    opls_135    10.191840    9.602250    3.917290
254    opls_135    11.754040   10.867870    2.428620
255    opls_135    12.148780   10.823010    4.920430
256    opls_516    -3.912830   19.536990    4.543810
257    opls_135    -3.080300   19.512630    3.240160
258    opls_135    -4.830030   20.777480    4.506600
259    opls_135    -2.980990   19.659530    5.770390
260    opls_516     5.898340   19.673110    4.424950
261    opls_135     6.304610   20.513180    5.658430
262    opls_135     6.311270   20.405260    3.125390
263    opls_135     4.362330   19.530580    4.420860
264    opls_700   -11.544320   24.538450    7.863290
265    opls_523     2.543780    0.114590    7.859040
266    opls_700     1.135210    0.145610    7.859920
267    opls_700    15.196810   24.569220    7.863130
268    opls_700    15.910050   23.342050    7.869540
269    opls_523   -12.286570   23.343070    7.869790
270    opls_521     0.419000    1.419940    7.852380
271    opls_700    13.748280   24.579730    7.862010
272    opls_700    27.834450    0.171500    7.871390
273    opls_523    26.426030    0.164840    7.893930
274    opls_700    10.888650   24.603050    7.891840
275    opls_523    11.608700   23.392290    7.863610
276    opls_700    13.014170   23.361530    7.855430
277    opls_521    15.176540   22.079250    7.865130
278    opls_521    13.731110   22.084890    7.848690
279    opls_521    13.734220   19.781040    7.823430
280    opls_521    15.168250   19.779760    7.843480
281    opls_522    13.050130   18.538750    7.780360
282    opls_522    15.860320   18.543620    7.807710
283    opls_700    15.181270   17.323880    7.750050
284    opls_521    28.573150    1.435070    7.858480
285    opls_521    -0.996520    3.739430    7.818860
286    opls_521     0.437800    3.722260    7.823590
287    opls_522    -1.666700    4.990440    7.784770
288    opls_522     1.143640    4.952500    7.819180
289    opls_700     0.478210    6.180950    7.789260
290    opls_700    13.736730   17.320810    7.748040
291    opls_700    13.004700   16.045190    7.696550
292    opls_522    11.609000   16.016480    7.799050
293    opls_700    13.732880   14.807000    7.540080
294    opls_700    15.925740   16.059550    7.654850
295    opls_521    10.875040   14.802640    7.740500
296    opls_522    13.013720   13.608550    7.474000
297    opls_700    15.207470   14.815970    7.496690
298    opls_522    17.325290   16.048780    7.695670
299    opls_521    11.597160   13.575480    7.572080
300    opls_522    15.939210   13.633160    7.342870
301    opls_521    18.071830   14.848530    7.571760
302    opls_521    17.360070   13.617260    7.382410
303    opls_700    -0.966330    6.200940    7.755100
304    opls_700    -1.680760    7.487070    7.706180
305    opls_522    -3.066540    7.542700    7.529260
306    opls_700    -0.946500    8.721930    7.845560
307    opls_700     1.232150    7.443240    7.822150
308    opls_521    -3.769710    8.776530    7.530860
309    opls_522    -1.633390    9.939870    7.839470
310    opls_700     0.519650    8.693730    7.930100
311    opls_522     2.630360    7.453750    7.764240
312    opls_521    -3.042410   10.002420    7.696230
313    opls_522     1.241770    9.881420    0.033360
314    opls_521     3.370240    8.663990    7.831290
315    opls_521     2.656710    9.896800    7.998910
316    opls_521     5.360040    9.826300    7.789510
317    opls_521     8.878440   13.640340    7.793270
318    opls_521    20.082790   13.715700    7.529260
319    opls_521    -5.736420    9.969600    7.439750
320    opls_521     4.634660   11.063210    7.944290
321    opls_521    -5.005120   11.207540    7.585640
322    opls_521     9.611070   12.399580    7.640330
323    opls_521    19.362440   12.472640    7.353940
324    opls_700     6.819380    9.869370    7.693750
325    opls_700     7.493690   11.123450    7.711870
326    opls_523     7.557780    8.677580    7.602320
327    opls_700     8.908330   11.136780    7.610260
328    opls_700     8.963240    8.677070    7.526850
329    opls_523     9.616250    9.921410    7.525890
330    opls_700     7.414950   13.607010    7.901380
331    opls_523     6.653910   14.785720    0.029590
332    opls_700     6.753960   12.346260    7.863610
333    opls_700     5.245920   14.759320    0.136260
334    opls_700     5.342420   12.316270    7.985350
335    opls_523     4.615720   13.507290    0.108350
336    opls_700    22.406630    9.994730    7.368050
337    opls_523    21.683320    8.788580    7.382170
338    opls_523    21.721510   11.240350    7.356910
339    opls_700    20.275050    8.764230    7.381130
340    opls_700    20.301540   11.226510    7.305580
341    opls_523    19.605020    9.998060    7.322820
342    opls_700    21.547750   13.700320    7.612260
343    opls_523    -7.330000   14.891340    7.814930
344    opls_523    22.244120   12.463930    7.511290
345    opls_700    -5.924830   14.902110    7.916620
346    opls_700    -5.939180   12.458290    7.631830
347    opls_523    -5.250960   13.669820    7.828080
348    opls_516   -10.002100   24.467190    7.853580
349    opls_135    -9.523150   23.718120    1.099540
350    opls_135    -9.549790   23.707870    6.583700
351    opls_135     5.445290    0.230460    7.845890
352    opls_516     9.342290   24.574340    7.931380
353    opls_135     8.809470   23.852960    6.670470
354    opls_135     8.885690   23.810660    1.177100
355    opls_135    23.533100    0.355560    7.979020
356    opls_516    19.543750    7.410420    7.501910
357    opls_135    19.930490    6.510360    6.306130
358    opls_135    19.976520    6.742880    0.809460
359    opls_135    18.010110    7.568850    7.515940
360    opls_516     9.727100    7.334540    7.475120
361    opls_135     9.480970    6.581120    0.783710
362    opls_135     9.208790    6.489600    6.287600
363    opls_135    11.247120    7.531930    7.302690
364    opls_516    -5.170740   16.181060    0.321360
365    opls_135    -5.891530   17.477700    7.924000
366    opls_135    -5.159930   16.137740    1.845080
367    opls_135    -3.699410   16.222840    7.882540
368    opls_516     4.411020   16.038780    0.370040
369    opls_135     4.696670   16.530470    1.794560
370    opls_135     4.787700   17.145460    7.396440
371    opls_135     2.893370   15.782430    0.234100
372    opls_520    14.422150   24.412330    4.179380
373    opls_520    -0.316440    6.025340    4.223890
374    opls_520   -12.342960   24.383100    4.184760
375    opls_520     2.520540    6.018680    4.247630
376    opls_520     6.024880   12.172970    4.332720
377    opls_520     4.601060   14.606790    4.622730
378    opls_520    -3.871980   12.101190    4.429690
379    opls_520    -2.470520   14.538860    4.799570
380    opls_520    10.842330   18.281110    4.373470
381    opls_520    12.266290   15.840880    4.103190
382    opls_520    19.243590   15.766020    4.353740
383    opls_520    -8.911150   18.192410    4.631550
384    opls_520    13.033410   20.948220    7.829930
385    opls_520    27.890550    2.580970    7.843480
386    opls_520    15.871420   20.942830    7.867460
387    opls_520     1.126330    2.549700    7.839950
388    opls_520     4.729240    8.650660    7.737460
389    opls_520     3.308080   11.086540    0.038420
390    opls_520    24.477680    8.786020    7.403180
391    opls_520    -3.677510   11.207540    7.712350
392    opls_520     9.515450   14.811870    7.842120
393    opls_520    10.940460   12.384200    7.526050
394    opls_520    18.030530   12.438040    7.277350
395    opls_520    19.432740   14.875450    7.636560
