0      opls_700    13.324010    3.815630    1.444360
1      opls_523    11.935930    3.657880    1.262920
2      opls_522    11.335090    2.405810    1.366630
3      opls_521    12.079840    1.246810    1.679090
4      opls_522    13.486290    1.394840    1.804360
5      opls_523    14.086820    2.645340    1.668840
6      opls_142    -1.153550   21.189760    1.400620
7      opls_141    -1.615480   19.949520    1.741240
8      opls_423    -2.959850   19.759690    2.232560
9      opls_700    -0.774650   18.716120    1.696580
10     opls_145    -1.395060   17.452740    1.697650
11     opls_700    20.394060    9.631110    1.444360
12     opls_523    21.224720    8.507880    1.262920
13     opls_522    22.609460    8.613580    1.366630
14     opls_521    23.240810    9.838040    1.679090
15     opls_522    22.409390   10.982050    1.804360
16     opls_523    21.026160   10.876870    1.668840
17     opls_142    -2.593850   14.699080    1.400620
18     opls_141    -1.288800   14.919150    1.741240
19     opls_423    -0.452220   13.849820    2.232560
20     opls_700    -0.641060   16.264040    1.696580
21     opls_145     0.763260   16.358430    1.697650
22     opls_700    11.822680   12.846220    1.444360
23     opls_523    12.380100   14.127210    1.262920
24     opls_522    11.596190   15.273580    1.366630
25     opls_521    10.220100   15.208110    1.679090
26     opls_522     9.645080   13.916080    1.804360
27     opls_523    10.427770   12.770760    1.668840
28     opls_142     3.747400   16.697080    1.400620
29     opls_141     2.904290   17.717250    1.741240
30     opls_423     3.412060   18.976420    2.232560
31     opls_700     1.415710   17.605770    1.696580
32     opls_145     0.631800   18.774750    1.697650
33     opls_700    -3.357570   13.446750    1.444360
34     opls_523    -2.800150   12.165750    1.262920
35     opls_522    -3.584060   11.019380    1.366630
36     opls_521    -4.960150   11.084850    1.679090
37     opls_522    -5.535170   12.376890    1.804360
38     opls_523    -4.752480   13.522210    1.668840
39     opls_142    18.927650    9.595880    1.400620
40     opls_141    18.084540    8.575710    1.741240
41     opls_423    18.592310    7.316540    2.232560
42     opls_700    16.595960    8.687200    1.696580
43     opls_145    15.812050    7.518210    1.697650
44     opls_700    -1.856240   22.477330    1.444360
45     opls_523    -3.244320   22.635090    1.262920
46     opls_522    -3.845160   23.887160    1.366630
47     opls_521    -3.100410   25.046150    1.679090
48     opls_522    -1.693960   24.898120    1.804360
49     opls_523    -1.093430   23.647630    1.668840
50     opls_142    14.026700    5.103200    1.400620
51     opls_141    13.564770    6.343440    1.741240
52     opls_423    12.220400    6.533280    2.232560
53     opls_700    14.405600    7.576840    1.696580
54     opls_145    13.785190    8.840220    1.697650
55     opls_700     5.213810   16.661850    1.444360
56     opls_523     6.044470   17.785090    1.262920
57     opls_522     7.429210   17.679390    1.366630
58     opls_521     8.060560   16.454930    1.679090
59     opls_522     7.229140   15.310920    1.804360
60     opls_523     5.845910   15.416090    1.668840
61     opls_142    12.586400   11.593880    1.400620
62     opls_141    13.891450   11.373810    1.741240
63     opls_423    14.728030   12.443150    2.232560
64     opls_700    14.539190   10.028930    1.696580
65     opls_145    15.943510    9.934530    1.697650
66     opls_905    25.356480    8.667210    2.190610
67     opls_905    10.176230   17.625750    2.190610
68     opls_905    10.008040    0.000000    2.190610
69     opls_753    18.951480    6.320040    2.682890
70     opls_753    15.411450   13.252440    2.682890
71     opls_753    11.177830    6.720480    2.682890
72     opls_753    -4.002420   19.572480    2.682890
73     opls_753     3.771230   19.972920    2.682890
74     opls_753     0.231200   13.040520    2.682890
75     opls_900    11.430730    0.000000    1.856420
76     opls_900    24.645140    9.899300    1.856420
77     opls_900     9.464890   16.393660    1.856420
78     opls_526    11.311720    4.503980    1.001130
79     opls_525    10.264280    2.343750    1.194980
80     opls_526    15.164610    2.728420    1.793690
81     opls_144    -0.108080   21.262590    1.102450
82     opls_146    -2.480600   17.404630    1.715330
83     opls_140    11.061390   17.398840    2.776000
84     opls_526    20.804080    7.544240    1.001130
85     opls_525    23.198610    7.717250    1.194980
86     opls_526    20.415310   11.768730    1.793690
87     opls_144    -3.179660   15.568060    1.102450
88     opls_146     1.347700   15.442380    1.715330
89     opls_140     9.761960    0.880030    2.776000
90     opls_526    13.424960   14.244740    1.001130
91     opls_525    12.077860   16.231960    1.194980
92     opls_526     9.960820   11.795810    1.793690
93     opls_144     3.287740   15.755270    1.102450
94     opls_146     1.132900   19.738920    1.715330
95     opls_140    24.717390    8.014100    2.776000
96     opls_526    -1.755290   12.048230    1.001130
97     opls_525    -3.102390   10.061000    1.194980
98     opls_526    -5.219430   14.497150    1.793690
99     opls_144    18.467990   10.537690    1.102450
100    opls_146    16.313150    6.554050    1.715330
101    opls_140     9.537140   18.278870    2.776000
102    opls_526    -3.868530   21.788980    1.001130
103    opls_525    -4.915970   23.949210    1.194980
104    opls_526    -0.015640   23.564540    1.793690
105    opls_144    15.072170    5.030370    1.102450
106    opls_146    12.699650    8.888340    1.715330
107    opls_140    26.241640    8.894120    2.776000
108    opls_526     5.623830   18.748720    1.001130
109    opls_525     8.018360   18.575720    1.194980
110    opls_526     5.235060   14.524230    1.793690
111    opls_144    12.000590   10.724900    1.102450
112    opls_146    16.527950   10.850580    1.715330
113    opls_140     9.761960   -0.880030    2.776000
114    opls_140    10.514450   18.211560    1.339610
115    opls_140     9.331600    0.000000    1.339610
116    opls_140    25.694700    8.081410    1.339610
117    opls_202    14.538130    0.000000    2.198220
118    opls_202    23.091440   12.590390    2.198220
119    opls_202     7.911190   13.702580    2.198220
