0      opls_145     7.845470    8.396140    1.763000
1      opls_145     9.108610    7.814950    1.763000
2      opls_700    10.256240    8.615170    1.763000
3      opls_145    10.128770   10.015550    1.763000
4      opls_145     8.854550   10.605790    1.763000
5      opls_145     7.718250    9.796530    1.763000
6      opls_145     2.496730   13.536700    1.763000
7      opls_145     3.643470   14.346850    1.763000
8      opls_145     2.623310   12.146240    1.763000
9      opls_145     4.917430   13.756610    1.763000
10     opls_145     3.897270   11.556440    1.763000
11     opls_700     5.043880   12.366370    1.763000
12     opls_142     6.290460   11.725620    1.763000
13     opls_700    11.532870    8.015000    1.763000
14     opls_145    12.708390    8.771330    1.763000
15     opls_145    14.274990    2.596310    1.763000
16     opls_145    14.146760    3.980810    1.763000
17     opls_700    12.879930    4.574580    1.763000
18     opls_145    11.730890    3.763990    1.763000
19     opls_145    11.856840    2.365370    1.763000
20     opls_145    13.125830    1.785940    1.763000
21     opls_145    -0.236990   17.450680    1.763000
22     opls_145    -1.511970   18.038710    1.763000
23     opls_145     0.903890   18.255530    1.763000
24     opls_145    -1.637780   19.437110    1.763000
25     opls_145     0.777700   19.653710    1.763000
26     opls_700    -0.497030   20.241750    1.763000
27     opls_142    -0.565410   21.641690    1.763000
28     opls_700    12.761370    5.980260    1.763000
29     opls_145    11.518610    6.620130    1.763000
30     opls_145    16.083040   11.064350    1.763000
31     opls_145    14.948140   10.261040    1.763000
32     opls_700    15.067330    8.867050    1.763000
33     opls_145    16.343840    8.277260    1.763000
34     opls_145    17.492110    9.085640    1.763000
35     opls_145    17.359420   10.474330    1.763000
36     opls_145    -2.259740   13.126220    1.763000
37     opls_145    -2.131500   11.728040    1.763000
38     opls_145    -3.527200   13.711830    1.763000
39     opls_145    -3.279640   10.919880    1.763000
40     opls_145    -4.674960   12.903450    1.763000
41     opls_700    -4.546850   11.505490    1.763000
42     opls_142    -5.725050   10.746290    1.763000
43     opls_700    13.909260    8.061540    1.763000
44     opls_145    13.976500    6.665340    1.763000
45     opls_750     6.444290   10.386330    1.763000
46     opls_750    13.252030    0.387760    1.763000
47     opls_750    18.507180   11.282720    1.763000
48     opls_146     6.911010    7.734440    1.763000
49     opls_146     9.214430    6.674830    1.763000
50     opls_146    11.064120   10.675710    1.763000
51     opls_146     8.752040   11.745910    1.763000
52     opls_146     3.538920   15.486960    1.763000
53     opls_146     1.687960   11.486080    1.763000
54     opls_146     5.853540   14.415880    1.763000
55     opls_146     4.000160   10.416100    1.763000
56     opls_144     7.253060   12.345630    1.763000
57     opls_146    12.637340    9.864020    1.763000
58     opls_146    15.315270    2.117890    1.763000
59     opls_146    15.081210    4.642520    1.763000
60     opls_146    10.691500    4.243950    1.763000
61     opls_146    10.920730    1.706530    1.763000
62     opls_146    -2.447060   17.378110    1.763000
63     opls_146     1.943280   17.775580    1.763000
64     opls_146    -2.676790   19.918170    1.763000
65     opls_146     1.713810   20.312990    1.763000
66     opls_144    -1.583660   22.165320    1.763000
67     opls_146    10.607840    6.012240    1.763000
68     opls_146    15.977210   12.204470    1.763000
69     opls_146    13.907860   10.739460    1.763000
70     opls_146    16.447880    7.137140    1.763000
71     opls_146    18.530740    8.604360    1.763000
72     opls_146    -1.091860   11.248530    1.763000
73     opls_146    -3.631240   14.851950    1.763000
74     opls_146    -3.176750    9.779540    1.763000
75     opls_146    -5.713970   13.384510    1.763000
76     opls_144    -5.669400    9.602650    1.763000
77     opls_146    14.958330    6.180540    1.763000
78     MOF2_B_2     1.268990   14.113040    1.763000
79     MOF2_B_2    -0.122250   16.099260    1.763000
80     MOF2_B_2    -1.146740   13.901300    1.763000
81     opls_180     0.157020   13.343700    1.763000
82     opls_180     1.100010   15.520930    1.763000
83     opls_180    -1.257020   15.248970    1.763000
