0      opls_750    -7.436350   24.361170    1.782500
1      opls_750     7.225980   23.995940    1.782500
2      opls_750     0.210860   36.876940    1.782500
3      opls_750    32.764440   16.468920    1.782500
4      opls_750    18.565170   20.140380    1.782500
5      opls_750    22.485230    6.007720    1.782500
6      opls_750   -11.553010   20.637720    1.782500
7      opls_750    12.508420   22.293390    1.782500
8      opls_750    -0.956150   42.303360    1.782500
9      opls_641     1.340480   28.290880    1.782500
10     opls_641    -0.566160   29.632890    1.782500
11     opls_641    -0.774560   27.310690    1.782500
12     opls_641    23.326230   14.626590    1.782500
13     opls_641    24.880280   12.887810    1.782500
14     opls_641    25.608830   15.102620    1.782500
15     opls_142    37.625640   19.283780    1.782500
16     opls_142    13.697080   22.942450    1.782500
17     opls_142    22.492620    0.390800    1.782500
18     opls_142    -7.400680   25.715110    1.782500
19     opls_142     6.035350   23.350290    1.782500
20     opls_142     1.365330   36.168640    1.782500
21     opls_145    -8.476160   23.494340    1.782500
22     opls_145     8.496340   23.529280    1.782500
23     opls_145    -0.020180   38.210420    1.782500
24     opls_145    -9.840750   23.861700    1.782500
25     opls_145     8.860240   22.164260    1.782500
26     opls_145     0.980260   39.208510    1.782500
27     opls_145   -10.843890   22.872560    1.782500
28     opls_145    10.218930   21.789230    1.782500
29     opls_145     0.625700   40.571830    1.782500
30     opls_145   -10.512710   21.504550    1.782500
31     opls_145    11.237820   22.760470    1.782500
32     opls_145    -0.725110   40.969020    1.782500
33     opls_145    -9.147870   21.137620    1.782500
34     opls_145    10.873170   24.125920    1.782500
35     opls_145    -1.725300   39.970510    1.782500
36     opls_145    -8.144480   22.126330    1.782500
37     opls_145     9.515230   24.500530    1.782500
38     opls_145    -1.370740   38.607190    1.782500
39     opls_142    32.423660   15.158450    1.782500
40     opls_142    19.870470   20.500490    1.782500
41     opls_142    21.520720    6.958080    1.782500
42     opls_145    33.972550   17.080050    1.782500
43     opls_145    17.431870   20.881060    1.782500
44     opls_145    22.410680    4.656340    1.782500
45     opls_145    35.219280   16.417360    1.782500
46     opls_145    17.382170   22.292540    1.782500
47     opls_145    21.212670    3.907550    1.782500
48     opls_145    36.422950   17.150370    1.782500
49     opls_145    16.145770   22.968020    1.782500
50     opls_145    21.245880    2.499060    1.782500
51     opls_700    36.412130   18.566110    1.782500
52     opls_700    14.925120   22.250770    1.782500
53     opls_700    22.477610    1.800140    1.782500
54     opls_145    35.158010   19.221980    1.782500
55     opls_145    14.983920   20.837170    1.782500
56     opls_145    23.672180    2.558300    1.782500
57     opls_145    33.957050   18.486840    1.782500
58     opls_145    16.221800   20.164240    1.782500
59     opls_145    23.636500    3.965940    1.782500
60     opls_642     0.772100   29.506320    1.782500
61     opls_642    -1.334080   28.532100    1.782500
62     opls_642     0.562470   27.195630    1.782500
63     opls_642    23.605500   13.313560    1.782500
64     opls_642    25.877270   13.786180    1.782500
65     opls_642    24.332080   15.517280    1.782500
66     opls_166     1.449970   31.900970    1.782500
67     opls_166    -3.747090   27.922250    1.782500
68     opls_166     2.297120   25.410830    1.782500
69     opls_145    -3.728880   26.511620    1.782500
70     opls_145     3.509900   26.131480    1.782500
71     opls_145     0.219480   32.590940    1.782500
72     opls_145    -4.931570   25.776910    1.782500
73     opls_145     4.747280   25.457710    1.782500
74     opls_145     0.184290   33.999440    1.782500
75     opls_700    -6.186420   26.431500    1.782500
76     opls_700     4.807810   24.043670    1.782500
77     opls_700     1.379110   34.758870    1.782500
78     opls_145    -6.199220   27.847240    1.782500
79     opls_145     3.588390   23.325150    1.782500
80     opls_145     2.610590   34.062080    1.782500
81     opls_145    -4.991850   28.573860    1.782500
82     opls_145     2.355190   24.007020    1.782500
83     opls_145     2.636670   32.653160    1.782500
84     opls_166    22.403050   11.134550    1.782500
85     opls_166    28.365570   13.834340    1.782500
86     opls_166    23.046230   17.648140    1.782500
87     opls_145    28.667230   15.212570    1.782500
88     opls_145    21.701810   17.220260    1.782500
89     opls_145    23.445560   10.184620    1.782500
90     opls_145    30.004260   15.656640    1.782500
91     opls_145    20.648470   18.156560    1.782500
92     opls_145    23.161380    8.804250    1.782500
93     opls_700    31.079250   14.734840    1.782500
94     opls_700    20.909780   19.547580    1.782500
95     opls_700    21.826560    8.334190    1.782500
96     opls_145    30.771200   13.353190    1.782500
97     opls_145    22.260100   19.972040    1.782500
98     opls_145    20.784050    9.291790    1.782500
99     opls_145    29.430960   12.918070    1.782500
100    opls_145    23.307040   19.028930    1.782500
101    opls_145    21.077090   10.670450    1.782500
102    opls_144    38.502320   18.760870    1.782500
103    opls_144    13.711600   23.963980    1.782500
104    opls_144    21.600690   -0.107390    1.782500
105    opls_144    -8.276120   26.241010    1.782500
106    opls_144     6.017880   22.329620    1.782500
107    opls_144     2.258000   36.663850    1.782500
108    opls_146   -10.115830   24.842740    1.782500
109    opls_146     8.148420   21.435080    1.782500
110    opls_146     1.967410   38.956220    1.782500
111    opls_146    -7.161270   21.849320    1.782500
112    opls_146     9.263520   25.490520    1.782500
113    opls_146    -2.102250   37.894200    1.782500
114    opls_146   -11.827350   23.149140    1.782500
115    opls_146    10.470880   20.799660    1.782500
116    opls_146     1.356470   41.285240    1.782500
117    opls_146    -8.871560   20.157000    1.782500
118    opls_146    11.584010   24.855950    1.782500
119    opls_146    -2.713190   40.221520    1.782500
120    opls_144    33.157630   14.448020    1.782500
121    opls_144    20.118980   21.490910    1.782500
122    opls_144    20.538740    6.678090    1.782500
123    opls_146    35.264060   15.399660    1.782500
124    opls_146    18.241370   22.839740    1.782500
125    opls_146    20.309420    4.377620    1.782500
126    opls_146    33.060930   18.977790    1.782500
127    opls_146    16.244190   19.142710    1.782500
128    opls_146    24.509730    4.496520    1.782500
129    opls_146    37.308490   16.637690    1.782500
130    opls_146    16.147000   23.991250    1.782500
131    opls_146    20.359370    1.988080    1.782500
132    opls_146    35.116180   20.243940    1.782500
133    opls_146    14.120040   20.289540    1.782500
134    opls_146    24.578620    2.083550    1.782500
135    opls_146    -2.846550   26.008740    1.782500
136    opls_146     3.503990   27.147470    1.782500
137    opls_146    -0.657440   32.077830    1.782500
138    opls_146    -4.886790   24.754100    1.782500
139    opls_146     5.610670   26.007890    1.782500
140    opls_146    -0.723880   34.472060    1.782500
141    opls_146    -7.082530   28.362910    1.782500
142    opls_146     3.583220   22.301910    1.782500
143    opls_146     3.499320   34.569220    1.782500
144    opls_146    -5.006370   29.594540    1.782500
145    opls_146     1.478510   23.484110    1.782500
146    opls_146     3.527860   32.155400    1.782500
147    opls_146    27.920960   15.901690    1.782500
148    opls_146    21.478150   16.229410    1.782500
149    opls_146    24.415740   10.485920    1.782500
150    opls_146    30.191500   16.662830    1.782500
151    opls_146    19.683470   17.815620    1.782500
152    opls_146    23.939630    8.139000    1.782500
153    opls_146    31.515250   12.650860    1.782500
154    opls_146    22.496310   20.967580    1.782500
155    opls_146    19.803290    8.998580    1.782500
156    opls_146    29.213950   11.920830    1.782500
157    opls_146    24.279430   19.340030    1.782500
158    opls_146    20.321230   11.356580    1.782500
159    opls_180     1.626880   30.552140    1.782500
160    opls_180    -2.667420   28.749870    1.782500
161    opls_180     1.040540   25.932030    1.782500
162    opls_180    22.535670   12.488490    1.782500
163    opls_180    27.126710   13.272220    1.782500
164    opls_180    24.152460   16.856310    1.782500
