0      opls_700     8.311770    1.846200   16.892170
1      opls_145     6.965980    1.846200   17.540590
2      opls_145     5.841050    1.846200   16.892820
3      opls_145     4.579830    1.846200   17.490140
4      opls_145     4.406270    1.846200   18.759640
5      opls_145     5.531290    1.846200   19.423680
6      opls_145     6.788080    1.846200   18.814980
7      opls_142     3.041460    1.846200   19.340350
8      opls_142     2.693100    1.846200   20.464670
9      opls_700     1.313720    1.846200   21.021300
10     opls_700     1.146900    1.846200   22.401480
11     opls_521    -0.140300    1.846200   22.974050
12     opls_521    -1.104450    1.846200   20.823060
13     opls_700     0.174430    1.846200   20.225420
14     opls_142    -0.380330    1.846200   24.431700
15     opls_142    -2.328180    1.846200   20.005050
16     opls_145     9.486820    1.846200   17.666240
17     opls_145    10.744390    1.846200   17.060130
18     opls_423     2.276890    1.846200   23.197030
19     opls_423     0.313210    1.846200   18.824740
20     opls_142     0.425370    1.846200   25.327840
21     opls_145     0.313990    1.846200   26.802090
22     opls_142    -3.556440    1.846200   20.527500
23     opls_145    -4.761000    1.846200   19.676930
24     opls_145     1.364280    1.846200   27.574530
25     opls_145     1.329120    1.846200   28.967400
26     opls_145     0.246430    1.846200   29.635030
27     opls_145    -0.807880    1.846200   28.857050
28     opls_145    -0.781110    1.846200   27.458970
29     opls_145    -5.989650    1.846200   20.132980
30     opls_145    -7.124320    1.846200   19.315290
31     opls_145    -7.064780    1.846200   18.030160
32     opls_145    -5.840890    1.846200   17.605370
33     opls_145    -4.704370    1.846200   18.413290
34     opls_700     0.217950    1.846200   31.129460
35     opls_700    -8.261840    1.846200   17.132400
36     opls_145    -1.000880    1.846200   31.830940
37     opls_145    17.769830    1.846200    0.676740
38     opls_145    27.295970    1.846200   16.819260
39     opls_145    -9.564680    1.846200   17.661030
40     opls_700    10.870830    1.846200   15.659130
41     opls_145    12.216620    1.846200   15.010710
42     opls_145    13.341550    1.846200   15.658480
43     opls_145    14.602770    1.846200   15.061160
44     opls_145    14.776330    1.846200   13.791660
45     opls_145    13.651310    1.846200   13.127610
46     opls_145    12.394520    1.846200   13.736320
47     opls_142    16.141140    1.846200   13.210940
48     opls_142    16.489500    1.846200   12.086620
49     opls_700    17.868880    1.846200   11.529990
50     opls_700    18.035700    1.846200   10.149820
51     opls_521    19.322900    1.846200    9.577240
52     opls_521    20.287050    1.846200   11.728230
53     opls_700    19.008170    1.846200   12.325870
54     opls_142    19.562930    1.846200    8.119600
55     opls_142    21.510780    1.846200   12.546250
56     opls_145     9.695780    1.846200   14.885060
57     opls_145     8.438210    1.846200   15.491160
58     opls_423    16.905710    1.846200    9.354270
59     opls_423    18.869390    1.846200   13.726560
60     opls_142    18.757230    1.846200    7.223460
61     opls_145    18.868610    1.846200    5.749210
62     opls_142    22.739040    1.846200   12.023800
63     opls_145    23.943600    1.846200   12.874360
64     opls_145    17.818320    1.846200    4.976770
65     opls_145    17.853480    1.846200    3.583900
66     opls_145    18.936170    1.846200    2.916270
67     opls_145    19.990480    1.846200    3.694250
68     opls_145    19.963710    1.846200    5.092320
69     opls_145    25.172250    1.846200   12.418320
70     opls_145    26.306920    1.846200   13.236010
71     opls_145    26.247380    1.846200   14.521130
72     opls_145    25.023490    1.846200   14.945930
73     opls_145    23.886970    1.846200   14.138000
74     opls_700    18.964650    1.846200    1.421840
75     opls_700    27.444440    1.846200   15.418900
76     opls_145    20.183480    1.846200    0.720360
77     opls_145     1.412770    1.846200   31.874560
78     opls_145    -8.113370    1.846200   15.732040
79     opls_145    28.747280    1.846200   14.890270
80     opls_520    -1.214140    1.846200   22.168080
81     opls_262     3.177870    1.846200   23.832760
82     opls_262     0.421780    1.846200   17.704650
83     opls_520    20.396740    1.846200   10.383210
84     opls_262    16.004730    1.846200    8.718540
85     opls_262    18.760820    1.846200   14.846650
86     opls_146     5.932930    1.846200   15.936460
87     opls_146     3.735510    1.846200   16.964110
88     opls_146     5.458360    1.846200   20.405110
89     opls_146     7.611290    1.846200   19.336120
90     opls_144     2.283500    1.846200   18.806840
91     opls_144     3.426500    1.846200   21.049300
92     opls_144    -1.260290    1.846200   24.739640
93     opls_144    -2.219730    1.846200   18.929880
94     opls_146     9.443520    1.846200   18.745640
95     opls_146    11.615390    1.846200   17.699120
96     opls_144     1.248770    1.846200   24.958710
97     opls_144    -3.690540    1.846200   21.599740
98     opls_146     2.213610    1.846200   27.096680
99     opls_146     2.137500    1.846200   29.516860
100    opls_146    -1.642480    1.846200   29.321230
101    opls_146    -1.611910    1.846200   26.907550
102    opls_146    -6.057530    1.846200   21.101700
103    opls_146    -8.031510    1.846200   19.675630
104    opls_146    -5.760340    1.846200   16.658780
105    opls_146    -3.790700    1.846200   18.057510
106    opls_146    -1.945620    1.846200   31.307190
107    opls_146    16.807800    1.846200    1.168270
108    opls_146    26.317010    1.846200   17.275620
109    opls_146    -9.732040    1.846200   18.728390
110    opls_146    13.249670    1.846200   16.614830
111    opls_146    15.447090    1.846200   15.587190
112    opls_146    13.724240    1.846200   12.146190
113    opls_146    11.571310    1.846200   13.215180
114    opls_144    16.899100    1.846200   13.744460
115    opls_144    15.756100    1.846200   11.502000
116    opls_144    20.442890    1.846200    7.811660
117    opls_144    21.402330    1.846200   13.621420
118    opls_146     9.739080    1.846200   13.805660
119    opls_146     7.567210    1.846200   14.852180
120    opls_144    17.933830    1.846200    7.592590
121    opls_144    22.873140    1.846200   10.951560
122    opls_146    16.968990    1.846200    5.454620
123    opls_146    17.045100    1.846200    3.034430
124    opls_146    20.825080    1.846200    3.230070
125    opls_146    20.794510    1.846200    5.643740
126    opls_146    25.240130    1.846200   11.449590
127    opls_146    27.214110    1.846200   12.875670
128    opls_146    24.942940    1.846200   15.892520
129    opls_146    22.973300    1.846200   14.493790
130    opls_146    21.128220    1.846200    1.244110
131    opls_146     2.374800    1.846200   31.383030
132    opls_146    -7.134410    1.846200   15.275670
133    opls_146    28.914640    1.846200   13.822910
