0      opls_716     8.605290   11.258140    2.285840
1      opls_716     9.656820   10.386550    2.235840
2      opls_543    10.869840   11.167320    2.146720
3      opls_543     9.169510   12.583770    2.244220
4      opls_700     8.401290   13.760660    2.258810
5      opls_700    11.372030   19.015370    1.974760
6      opls_145     6.186420   14.368910    1.286120
7      opls_145     4.795830   14.375900    1.276210
8      opls_145     4.063880   13.681420    2.267970
9      opls_145     4.792490   12.960050    3.240910
10     opls_145     6.185920   12.958800    3.243740
11     opls_716    -0.545670   14.899780    1.016450
12     opls_567    25.435020   14.531990    1.509310
13     opls_567     0.474080   14.259160    1.727240
14     opls_142     1.901050   14.359740    1.549540
15     opls_716    15.086230   16.886480    1.827340
16     opls_716    14.036330   17.755050    1.875980
17     opls_543    12.822640   16.975140    1.965310
18     opls_543    14.521480   15.559870    1.869410
19     opls_700    15.291350   14.381130    1.852690
20     opls_700    12.319730    9.127380    2.135010
21     opls_145    17.505170   13.772760    2.823650
22     opls_145    18.897010   13.765100    2.833020
23     opls_145    19.628730   14.459790    1.840980
24     opls_145    18.899670   15.182310    0.868330
25     opls_145    17.504580   15.183670    0.867140
26     opls_716    24.237850   13.239690    3.089660
27     opls_567    -1.742990   13.606380    2.596760
28     opls_567    23.218460   13.880530    2.379810
29     opls_142    21.790900   13.781280    2.558590
30     opls_716    14.632510   10.831060    1.778730
31     opls_716    15.497130   11.886230    1.715450
32     opls_543    14.721540   13.096490    1.876070
33     opls_543    13.317680   11.392160    1.977100
34     opls_700    12.154430   10.606980    2.085040
35     opls_700     6.915860   13.670780    2.269040
36     opls_145    11.640000    8.294490    1.225800
37     opls_145    11.785570    6.909000    1.257850
38     opls_145    12.619370    6.288340    2.217920
39     opls_145    13.308360    7.125240    3.128000
40     opls_145    13.160270    8.508120    3.086910
41     opls_716    12.071300    1.506600    1.107500
42     opls_567     9.979940   27.538720    1.553270
43     opls_567    12.557580    2.640100    1.763160
44     opls_142    12.187340    4.024730    1.601140
45     opls_716     9.058950   17.312370    2.329230
46     opls_716     8.193810   16.256690    2.392670
47     opls_543     8.969540   15.046350    2.232880
48     opls_543    10.373440   16.751590    2.131060
49     opls_700    11.536630   17.535950    2.025510
50     opls_700    16.776440   14.471570    1.842540
51     opls_145    12.051480   19.848750    2.883730
52     opls_145    11.906930   21.234320    2.852000
53     opls_145    11.074010   21.854110    1.890530
54     opls_145    10.385180   21.018540    0.980330
55     opls_145    10.532700   19.634970    1.021960
56     opls_716    11.625210   26.637060    2.997910
57     opls_567    13.716670    0.605070    2.551480
58     opls_567    11.138100   25.503350    2.342510
59     opls_142    11.507790   24.118800    2.506040
60     opls_542    10.544130   12.510670    2.157650
61     opls_750     2.658120   13.663190    2.345340
62     opls_542    13.148690   15.632260    1.955290
63     opls_750    21.033470   14.476900    1.762250
64     opls_542    13.388030   12.767130    2.003770
65     opls_750    12.843310    4.901840    2.302690
66     opls_542    10.303800   15.374510    2.104680
67     opls_750    10.850210   23.241410    1.804490
68     opls_633    -0.116310   13.220370    3.001530
69     opls_633    23.808560   14.918780    1.104380
70     opls_633    13.809250    2.282230    2.928020
71     opls_633     9.886980   25.861450    1.177480
72     Zn2+        11.846040   14.071150    2.055670
73     opls_547     7.554350   10.987950    2.359390
74     opls_547     9.583100    9.304200    2.263570
75     opls_146     6.722390   14.909000    0.491340
76     opls_146     4.269300   14.928830    0.484070
77     opls_146     4.251850   12.414540    4.025040
78     opls_146     6.724330   12.415680    4.032440
79     opls_570    -0.396050   15.584960    0.179230
80     opls_144     2.287980   15.039750    0.751590
81     opls_547    16.137810   17.154800    1.752760
82     opls_547    14.109630   18.839240    1.848000
83     opls_146    16.970820   13.232200    3.618800
84     opls_146    19.423540   13.211380    3.624100
85     opls_146    19.439250   15.727320    0.084360
86     opls_146    16.967010   15.727800    0.079300
87     opls_570    24.088390   12.554160    3.927750
88     opls_144    21.404550   13.103060    3.358420
89     opls_547    14.892200    9.778930    1.668450
90     opls_547    16.568650   11.822460    1.536350
91     opls_146    11.010790    8.740360    0.443680
92     opls_146    11.257960    6.299430    0.509290
93     opls_146    13.961000    6.672510    3.886040
94     opls_146    13.702830    9.131090    3.810770
95     opls_570    11.291770    1.507320    0.340380
96     opls_144    11.359400    4.280070    0.893600
97     opls_547     8.799880   18.363930    2.439390
98     opls_547     7.123370   16.320720    2.571700
99     opls_146    12.680780   19.402380    3.667200
100    opls_146    12.434050   21.843590    3.600430
101    opls_146     9.734140   21.470520    0.221390
102    opls_146     9.990210   19.011680    0.297890
103    opls_570    12.404210   26.635860    3.765280
104    opls_144    12.334640   23.863220    3.213750
