0      opls_700     4.659490   17.758890    1.741400
1      opls_522     4.567090   16.350850    1.741400
2      opls_521     5.723460   15.564110    1.741400
3      opls_521     7.088930   17.559800    1.741400
4      opls_522     5.935320   18.349560    1.741400
5      opls_261     8.171100   15.354510    1.741400
6      opls_142     3.473990   18.654950    1.741400
7      opls_142     2.196940   18.238750    1.741400
8      opls_642    16.276150   10.854430    1.741400
9      opls_700    -0.372400   25.184360    1.741400
10     opls_522     0.893200   25.808350    1.741400
11     opls_521     0.996360   27.203180    1.741400
12     opls_521    -1.414700   27.387850    1.741400
13     opls_522    -1.521840   25.993930    1.741400
14     opls_261    -0.045940   29.427690    1.741400
15     opls_142    -0.555650   23.709650    1.741400
16     opls_142     0.443310   22.811800    1.741400
17     opls_642    17.135720    8.668350    1.741400
18     opls_700    -4.287090   17.113880    1.741400
19     opls_522    -5.460290   17.897930    1.741400
20     opls_521    -6.719820   17.289850    1.741400
21     opls_521    -5.674230   15.109470    1.741400
22     opls_522    -4.413480   15.713650    1.741400
23     opls_261    -8.125160   15.274930    1.741400
24     opls_142    -2.918340   17.692530    1.741400
25     opls_142    -2.640250   19.006580    1.741400
26     opls_642    18.599130   10.505790    1.741400
27     opls_700    12.677510   12.269670    1.741400
28     opls_522    12.769910   13.677710    1.741400
29     opls_521    11.613540   14.464460    1.741400
30     opls_521    10.248070   12.468760    1.741400
31     opls_522    11.401680   11.679010    1.741400
32     opls_261     9.165900   14.674060    1.741400
33     opls_142    13.863010   11.373620    1.741400
34     opls_142    15.140060   11.789820    1.741400
35     opls_642     1.060850   19.174140    1.741400
36     opls_700    17.709400    4.844210    1.741400
37     opls_522    16.443800    4.220210    1.741400
38     opls_521    16.340640    2.825390    1.741400
39     opls_521    18.751700    2.640710    1.741400
40     opls_522    18.858840    4.034640    1.741400
41     opls_261    17.382940    0.600870    1.741400
42     opls_142    17.892650    6.318910    1.741400
43     opls_142    16.893690    7.216760    1.741400
44     opls_642     0.201280   21.360220    1.741400
45     opls_700    21.624090   12.914690    1.741400
46     opls_522    22.797290   12.130640    1.741400
47     opls_521    24.056820   12.738720    1.741400
48     opls_521    23.011230   14.919090    1.741400
49     opls_522    21.750480   14.314920    1.741400
50     opls_261    25.462160   14.753630    1.741400
51     opls_142    20.255340   12.336030    1.741400
52     opls_142    19.977250   11.021980    1.741400
53     opls_642    -1.262130   19.522770    1.741400
54     opls_239     6.984560   16.166480    1.741400
55     opls_641    17.536200   11.346290    1.741400
56     opls_239    -0.155860   27.994130    1.741400
57     opls_641    16.079720    9.513650    1.741400
58     opls_239    -6.828700   15.896520    1.741400
59     opls_641    18.395080    9.168620    1.741400
60     opls_239    10.352440   13.862090    1.741400
61     opls_641    -0.199200   18.682270    1.741400
62     opls_239    17.492860    2.034440    1.741400
63     opls_641     1.257280   20.514910    1.741400
64     opls_239    24.165700   14.132040    1.741400
65     opls_641    -1.058080   20.859940    1.741400
66     opls_525     3.616150   15.843070    1.741400
67     opls_524     5.636090   14.484880    1.741400
68     opls_524     8.062570   18.033650    1.741400
69     opls_525     6.040040   19.426980    1.741400
70     opls_144     3.665910   19.721860    1.741400
71     opls_144     1.946250   17.191350    1.741400
72     opls_525     1.808420   25.238710    1.741400
73     opls_524     1.974680   27.667120    1.741400
74     opls_524    -2.311890   27.994130    1.741400
75     opls_525    -2.507280   25.545900    1.741400
76     opls_144    -1.575590   23.342400    1.741400
77     opls_144     1.475730   23.118390    1.741400
78     opls_525    -5.424570   18.975350    1.741400
79     opls_524    -7.610770   17.905130    1.741400
80     opls_524    -5.750680   14.029350    1.741400
81     opls_525    -3.532760   15.084250    1.741400
82     opls_144    -2.090320   16.992860    1.741400
83     opls_144    -3.421980   19.747380    1.741400
84     opls_525    13.720850   14.185490    1.741400
85     opls_524    11.700910   15.543690    1.741400
86     opls_524     9.274430   11.994910    1.741400
87     opls_525    11.296960   10.601580    1.741400
88     opls_144    13.671090   10.306700    1.741400
89     opls_144    15.390750   12.837210    1.741400
90     opls_525    15.528580    4.789860    1.741400
91     opls_524    15.362320    2.361450    1.741400
92     opls_524    19.648890    2.034440    1.741400
93     opls_525    19.844280    4.482660    1.741400
94     opls_144    18.912590    6.686160    1.741400
95     opls_144    15.861270    6.910170    1.741400
96     opls_525    22.761570   11.053210    1.741400
97     opls_524    24.947770   12.123430    1.741400
98     opls_524    23.087680   15.999220    1.741400
99     opls_525    20.869760   14.944320    1.741400
100    opls_144    19.427320   13.035700    1.741400
101    opls_144    20.758980   10.281180    1.741400
