0      opls_145     9.384820   19.265860    7.158030
1      opls_700    10.582480   18.593860    7.421780
2      opls_700    10.646520   17.181180    7.413820
3      opls_700     9.433230   16.324130    7.363150
4      opls_145     9.731540   15.399090    0.748920
5      opls_145     8.602920   14.576100    0.724270
6      opls_145     7.170970   14.640270    7.340160
7      opls_145     8.181960   14.487370    6.372400
8      opls_145     9.305120   15.321420    6.388100
9      opls_700    34.332240    2.302270    6.671270
10     opls_700    34.240160    3.696030    6.484280
11     opls_145    35.535070    1.624210    6.439760
12     opls_700    35.447720    4.537080    6.385440
13     opls_145    36.078230    4.779190    5.157870
14     opls_145    37.238910    5.563430    5.112210
15     opls_145    37.762960    6.128950    6.285240
16     opls_145    37.130870    5.862490    7.514780
17     opls_145    35.981270    5.078180    7.559990
18     opls_700    40.608650    8.510540    7.005790
19     opls_145    -0.798450    8.275600    5.955490
20     opls_145     0.431130    8.942020    5.920530
21     opls_700     0.783830    9.844640    6.939420
22     opls_145     1.177620    9.014930    0.398170
23     opls_145    -0.051930    8.354600    0.429870
24     opls_700     2.086260   10.556360    6.909080
25     opls_716     3.290220    9.888930    6.627200
26     opls_716     4.494530   10.558880    6.603680
27     opls_700     4.572730   11.934340    6.872820
28     opls_145     3.374780   12.619410    7.159700
29     opls_145     2.147580   11.938610    7.177220
30     opls_142    39.316230    7.805050    7.091360
31     opls_142     5.872700   12.639040    6.852790
32     opls_700    33.208950    1.569590    7.103110
33     opls_145    33.015610    4.348790    6.604210
34     opls_145    15.424450   18.398460    0.545860
35     opls_700    14.304230   17.624500    0.223620
36     opls_700    14.380780   16.206670    0.102250
37     opls_145    11.890120   16.550350    7.496580
38     opls_700    15.663030   15.429740    0.142380
39     opls_145    15.499300   16.922560    7.025130
40     opls_145    16.669330   16.158400    7.021950
41     opls_145    18.025270   13.863470    0.101570
42     opls_145    16.880680   13.415700    0.788590
43     opls_145    15.720120   14.190880    0.807180
44     opls_700    31.902860    2.255700    7.328860
45     opls_700    31.794350    3.640070    7.044930
46     opls_145    32.153030    0.442700    0.282410
47     opls_700    30.546430    4.453020    7.198160
48     opls_145    29.291150    3.979570    6.776330
49     opls_145    28.155110    4.787200    6.861510
50     opls_145    28.250520    6.099560    7.330910
51     opls_145    30.797340    5.514170    0.186070
52     opls_145    31.930640    4.702440    0.110070
53     opls_700    25.714460    8.897760    7.490510
54     opls_716    24.482210    8.234480    7.353290
55     opls_716    23.288860    8.916860    7.445680
56     opls_700    24.554960    9.235700    0.092770
57     opls_145    25.782890    9.920590    0.175610
58     opls_145    26.999080    9.224810    0.094740
59     opls_700    23.268150    9.960890    0.237810
60     opls_145    22.229380    9.414650    1.010320
61     opls_145    21.011570   10.083270    1.136240
62     opls_700    20.805010   11.312840    0.495720
63     opls_145    20.545440   12.940590    7.325070
64     opls_145    21.767840   12.271610    7.202110
65     opls_142    27.009890    8.193590    7.434830
66     opls_142    19.500450   11.986100    0.643710
67     opls_700    32.640550   38.607390    7.413360
68     opls_145    15.359740   19.860180    0.554960
69     opls_700    14.148870   20.536740    0.353790
70     opls_700    14.084360   21.947100    0.367220
71     opls_145    12.858310   22.583920    0.190090
72     opls_700    15.283200   22.807920    0.510430
73     opls_145    16.051800   22.785080    1.682170
74     opls_145    17.226450   23.537650    1.770010
75     opls_145    17.604830   24.379060    0.717440
76     opls_145    15.495040   25.524290    7.156360
77     opls_145    14.345450   24.738160    7.051610
78     opls_700    32.735670   36.783280    0.246680
79     opls_700    32.818750   35.383350    0.392480
80     opls_145    31.535030   37.481450    0.440490
81     opls_700    31.622590   34.522780    0.566110
82     opls_145    30.792750   34.633780    1.693170
83     opls_145    29.624240   33.870320    1.785340
84     opls_145    29.307160   32.938550    0.789200
85     opls_145    28.865290   33.850630    7.275530
86     opls_145    30.009720   34.641970    7.162580
87     opls_700    26.645610   30.293480    0.576960
88     opls_145    25.466900   30.995840    0.285440
89     opls_145    24.238530   30.329920    0.258210
90     opls_700    24.158100   28.956160    0.557390
91     opls_145    25.341860   28.268860    0.887510
92     opls_145    26.575180   28.925640    0.868930
93     opls_700    22.842060   28.255780    0.536910
94     opls_145    21.673380   28.922610    0.967920
95     opls_145    20.422020   28.290100    0.915420
96     opls_700    20.312390   26.963160    0.476600
97     opls_716    21.475870   26.301190    0.058260
98     opls_716    22.701120   26.933380    0.070090
99     opls_142    27.956120   30.961730    0.538570
100    opls_142    18.992590   26.318870    0.419710
101    opls_145     9.339340   20.727750    7.083390
102    opls_700    10.439270   21.517530    7.438850
103    opls_700    10.366760   22.946510    7.502570
104    opls_700     9.097440   23.763900    7.364060
105    opls_145     9.140780   22.228640    0.212090
106    opls_145     8.003110   23.034190    0.134570
107    opls_145     6.802030   25.439910    7.353130
108    opls_145     8.047900   25.943120    6.959290
109    opls_145     9.164300   25.105160    6.918480
110    opls_700    33.882200   37.947230    7.238060
111    opls_700    34.003540   36.561260    7.548920
112    opls_145    34.929930   38.671990    6.648440
113    opls_700    36.547150   34.791560    0.016080
114    opls_145    37.744020   35.407990    0.450050
115    opls_145    38.951990   34.704470    0.481150
116    opls_145    38.992370   33.351030    0.141390
117    opls_145    36.505250   33.779090    7.328030
118    opls_145    35.304120   34.485920    7.271130
119    opls_700    41.667770   30.701990    0.377610
120    opls_145    -0.804640   32.382400    7.417380
121    opls_145     0.407160   31.680150    7.320590
122    opls_700     1.825880   29.290220    0.214440
123    opls_716     0.677860   28.712840    0.798230
124    opls_716    -0.516750   29.395580    0.863010
125    opls_700     3.125890   28.558670    0.114620
126    opls_145     4.350140   29.251730    0.200790
127    opls_145     5.567240   28.571890    0.112800
128    opls_700     4.289240   28.249310    7.523960
129    opls_145     3.076170   27.552200    7.417160
130    opls_145     1.859480   28.233010    7.490130
131    opls_142    40.360210   31.382050    0.415080
132    opls_142     5.581670   27.544440    7.466080
133    opls_145    34.056060   34.750560    0.274980
134    opls_700    13.058450   18.283840    0.050600
135    opls_700    12.976040   19.788030    0.107180
136    opls_145     8.439340   26.524500    3.861430
137    opls_700     7.205050   27.164210    3.707670
138    opls_700     7.091800   28.566950    3.817510
139    opls_145     5.826500   29.158990    3.842240
140    opls_700     8.283240   29.446850    3.819780
141    opls_145     9.170330   29.405980    2.734360
142    opls_145    10.317600   30.197110    2.732240
143    opls_145    10.584080   31.065770    3.794290
144    opls_145     9.688040   31.122200    4.880850
145    opls_145     8.539740   30.319820    4.887830
146    opls_700    26.448290    4.899330    3.262240
147    opls_700    26.470570    3.480250    3.271730
148    opls_145    25.242920    5.615290    3.174400
149    opls_700    25.319650    2.663890    3.195640
150    opls_145    24.347170    2.835530    2.192530
151    opls_145    23.210220    2.022050    2.156120
152    opls_145    23.038070    0.998350    3.094750
153    opls_145    24.025660    0.795320    4.074430
154    opls_145    25.161530    1.602620    4.107960
155    opls_700    19.658550   36.866640    3.604500
156    opls_716    18.465360   37.495960    3.201410
157    opls_716    17.248180   36.861620    3.322170
158    opls_700    17.151440   35.560580    3.837530
159    opls_145    18.336470   34.905560    4.216660
160    opls_145    19.575690   35.555210    4.108940
161    opls_700    15.846350   34.883820    3.982420
162    opls_145    14.804580   35.489310    4.702890
163    opls_145    13.575060   34.839180    4.848310
164    opls_700    13.363810   33.582030    4.262320
165    opls_145    14.409560   32.977530    3.540710
166    opls_145    15.643210   33.619580    3.411750
167    opls_142    20.975380   37.535670    3.566200
168    opls_142    12.054140   32.916160    4.408040
169    opls_145    27.763760    2.786380    3.420860
170    opls_700    27.654780    5.615640    3.450900
171    opls_145     3.687480   26.219100    3.016550
172    opls_700     4.781100   27.007020    3.397040
173    opls_700     4.654740   28.408000    3.639630
174    opls_700     3.338840   29.134400    3.686350
175    opls_145     2.211720   28.580430    4.321640
176    opls_145     0.997500   29.272990    4.368670
177    opls_145     0.894940   30.560630    3.837380
178    opls_145     2.017910   31.134750    3.219460
179    opls_145     3.221540   30.430800    3.146180
180    opls_700    28.949490    4.884890    3.622480
181    opls_700    28.981790    3.460280    3.573400
182    opls_145    30.062630    5.649580    3.980140
183    opls_700    30.168830    2.669940    3.655100
184    opls_145    31.376860    3.074170    3.055460
185    opls_145    32.503450    2.250620    3.067900
186    opls_145    32.450020    0.981160    3.646450
187    opls_145    30.559000   39.063930    4.276280
188    opls_145    30.144510    1.399230    4.276810
189    opls_700    34.227990   36.630530    3.737710
190    opls_145    35.423600   37.280970    3.400000
191    opls_145    36.633680   36.590270    3.434740
192    opls_700    36.679530   35.234990    3.813330
193    opls_145    35.468330   34.569980    4.074730
194    opls_145    34.255460   35.263490    4.043630
195    opls_700    37.983630   34.520370    3.932660
196    opls_716    39.138750   35.156250    4.433760
197    opls_716    40.363840   34.511780    4.452340
198    opls_700    40.497870   33.186810    4.011090
199    opls_145    39.341030   32.513360    3.576740
200    opls_145    38.103020   33.173950    3.527740
201    opls_142    32.955810   37.365860    3.815150
202    opls_142    -0.485260   32.535880    3.986360
203    opls_145     3.808170   24.767810    2.868020
204    opls_700     5.040180   24.125380    3.038010
205    opls_700     5.143790   22.725680    2.949870
206    opls_700     3.953290   21.851660    2.926360
207    opls_145     3.343560   21.478710    1.721240
208    opls_145     2.225910   20.633290    1.734210
209    opls_145     1.716150   20.140230    2.945470
210    opls_145     2.327240   20.535030    4.152710
211    opls_145     3.438330   21.378370    4.138680
212    opls_700    28.829310    7.831600    3.833660
213    opls_700    28.814250    9.257830    3.853160
214    opls_145    30.029540    7.109710    3.945020
215    opls_700    29.977140   10.053290    4.013370
216    opls_145    30.889220    9.842270    5.067680
217    opls_145    32.034350   10.639350    5.190110
218    opls_145    32.269430   11.692470    4.296460
219    opls_145    31.342880   11.932010    3.267100
220    opls_145    30.206950   11.133600    3.137920
221    opls_700    34.947670   14.349810    4.023380
222    opls_145    36.133160   13.647000    4.319900
223    opls_145    37.380830   14.291900    4.257850
224    opls_700    37.472110   15.648570    3.886310
225    opls_716    36.279340   16.337470    3.616870
226    opls_716    35.055800   15.708700    3.689610
227    opls_700    38.787690   16.329870    3.834040
228    opls_145    39.670930   16.229820    4.919230
229    opls_145    40.881600   16.924890    4.912860
230    opls_700    41.244590   17.718200    3.813940
231    opls_145    40.381990   17.786080    2.705240
232    opls_145    39.160750   17.100390    2.718060
233    opls_142    33.630520   13.676970    3.998950
234    opls_142     0.195110   18.487040    3.875080
235    opls_145     8.541500   25.064210    3.843370
236    opls_700     7.452420   24.257450    3.493150
237    opls_700     7.562400   22.835650    3.357210
238    opls_145     6.390600   22.113620    3.056600
239    opls_700     8.844040   22.041560    3.505360
240    opls_145    10.100740   22.524900    3.079740
241    opls_145    11.257100   21.749960    3.213540
242    opls_145    11.182090   20.428550    3.655180
243    opls_145     9.933930   19.910610    4.029070
244    opls_145     8.793880   20.714810    3.985750
245    opls_700    26.331590    7.833920    3.466600
246    opls_700    26.296360    9.248370    3.566650
247    opls_145    25.211420    7.073800    3.125020
248    opls_700    25.103630   10.033020    3.614290
249    opls_145    23.924660    9.564300    4.231680
250    opls_145    22.769800   10.347980    4.280680
251    opls_145    22.756290   11.632210    3.736040
252    opls_145    23.937750   12.141540    3.172050
253    opls_145    25.088400   11.354210    3.110840
254    opls_700    19.976850   14.159580    3.277640
255    opls_145    18.947090   13.632580    4.074810
256    opls_145    17.731720   14.312310    4.197620
257    opls_700    17.524110   15.531820    3.529330
258    opls_145    18.546650   16.036440    2.707210
259    opls_145    19.761060   15.359430    2.587280
260    opls_700    16.236490   16.262080    3.661090
261    opls_145    15.011250   15.567060    3.676040
262    opls_145    13.793300   16.260670    3.725040
263    opls_700    13.768630   17.664150    3.796340
264    opls_716    14.998570   18.343010    3.855430
265    opls_716    16.195160   17.660860    3.783900
266    opls_142    21.273230   13.472020    3.132000
267    opls_142    12.465070   18.358120    3.798620
268    opls_700    27.629500    7.111650    3.610880
269    opls_145    27.599720    9.939880    3.685590
270    opls_700     6.053940   26.384040    3.483670
271    opls_700     6.190670   24.894470    3.311930
272    opls_750    38.964860    6.915690    6.210750
273    opls_750     5.977090   13.842890    7.333410
274    opls_750    27.060030    6.897930    7.363830
275    opls_750    19.250820   13.110580    0.041570
276    opls_750    28.073810   32.211300    0.870590
277    opls_750    18.847630   25.085920    0.795040
278    opls_750    40.247940   32.654440    0.178030
279    opls_750     5.618650   26.248470    7.392880
280    opls_750    21.115730   38.729600    3.074800
281    opls_750    11.799490   31.826770    3.750300
282    opls_750    32.910730   38.641800    3.573180
283    opls_750    -0.366100   31.244920    3.899510
284    opls_750    39.152010   36.353420    4.916120
285    opls_750    -0.968780   35.210130    4.926890
286    opls_750    33.487760   12.449590    4.405690
287    opls_750     0.550490   19.295120    2.919600
288    opls_750    21.534050   12.386300    3.796340
289    opls_750    12.390870   19.651740    3.704410
290    opls_750    36.196120   17.720410    3.303580
291    opls_750    33.954040   16.564850    3.424270
292    opls_750     3.408360    8.491310    6.400390
293    opls_750     5.611320    9.723520    6.337580
294    opls_750    18.373760   38.801340    2.648420
295    opls_750    16.148110   37.629900    2.858770
296    opls_750    15.150130   19.737960    4.071470
297    opls_750    17.337030   18.488280    3.952380
298    opls_750    24.329200    6.863670    7.013150
299    opls_750    22.148510    8.116380    7.170250
300    opls_750     0.625200   27.432790    1.410910
301    opls_750    40.749240   28.675550    1.502700
302    opls_750    20.201420   26.060700    7.089310
303    opls_750    22.442480   27.217860    7.089610
304    opls_146     8.480280   18.730800    6.900500
305    opls_146     9.821440   16.150480    1.524320
306    opls_146     7.830530   14.708460    1.471830
307    opls_146     8.094220   13.747780    5.587900
308    opls_146    10.070320   15.194090    5.632500
309    opls_146    36.414830    2.137370    6.075650
310    opls_146    35.678880    4.352700    4.245640
311    opls_146    37.725720    5.737770    4.161280
312    opls_146    37.534570    6.227260    8.448030
313    opls_146    35.510900    4.881100    8.516230
314    opls_146    -1.040410    7.579480    5.162580
315    opls_146     1.100880    8.760240    5.089760
316    opls_144    38.662370    8.047980    7.919090
317    opls_144     6.746120   12.121720    6.477680
318    opls_146    32.979220    5.357460    6.429900
319    opls_146    16.364150   17.952470    0.831910
320    opls_146    15.486100   17.848820    6.472450
321    opls_146    17.537540   16.521330    6.487240
322    opls_146    16.858090   12.473770    1.311920
323    opls_146    14.862090   13.814590    1.348180
324    opls_146    31.240310    0.907080    0.620420
325    opls_146    29.183270    2.996620    6.347440
326    opls_146    27.202790    4.404360    6.514780
327    opls_146    30.899460    6.499200    0.618830
328    opls_146    32.867990    5.095690    0.481610
329    opls_146    25.805300   10.991660    0.324810
330    opls_146    27.926430    9.776830    0.188050
331    opls_146    20.417740   13.892880    6.826160
332    opls_146    22.550500   12.716130    6.601480
333    opls_144    27.916790    8.783520    7.447270
334    opls_144    18.765090   11.517710    1.279910
335    opls_146    16.288870   20.384280    0.720780
336    opls_146    15.751470   22.163000    2.512180
337    opls_146    17.835660   23.475980    2.662610
338    opls_146    15.779770   26.159180    6.327190
339    opls_146    13.749260   24.788320    6.148320
340    opls_146    30.676270   37.001840    0.711830
341    opls_146    31.029660   35.337150    2.480170
342    opls_146    28.967740   33.999080    2.636060
343    opls_146    28.629080   33.151610    6.483900
344    opls_146    30.642180   34.535780    6.288960
345    opls_146    25.499890   32.050870    0.041110
346    opls_146    23.353460   30.889320   -0.017900
347    opls_144    28.832500   30.380090    0.275580
348    opls_144    18.131160   26.908810    0.128120
349    opls_146     8.447480   21.150220    6.654660
350    opls_146     9.027270   21.270170    0.694460
351    opls_146     7.045280   22.633720    0.437690
352    opls_146     8.160820   26.968180    6.635840
353    opls_146    10.080770   25.524110    6.527670
354    opls_146    35.825410   38.190070    6.284180
355    opls_146    37.752120   36.429760    0.801790
356    opls_146    39.854670   35.206990    0.805740
357    opls_146    36.507840   32.743060    7.017250
358    opls_146    34.440140   33.959360    6.890490
359    opls_146    -0.852930   33.395650    7.042730
360    opls_146     1.245330   32.175150    6.849150
361    opls_146     3.063610   26.479930    7.264910
362    opls_146     0.951950   27.665870    7.341300
363    opls_144    39.485800   30.798830    0.675110
364    opls_144     6.492760   28.123320    7.545050
365    opls_146    34.091350   33.688340    0.479100
366    opls_146     9.334320   27.077270    4.113490
367    opls_146     8.980170   28.746260    1.896390
368    opls_146    11.003270   30.135570    1.896920
369    opls_146     9.885110   31.752790    5.736200
370    opls_146     7.865960   30.359580    5.735290
371    opls_146    24.280330    5.130440    3.164620
372    opls_146    24.474290    3.588290    1.426920
373    opls_146    22.461520    2.186790    1.391650
374    opls_146    23.908230    0.043700    4.842690
375    opls_146    25.892380    1.433910    4.890790
376    opls_146    14.277960   32.007920    3.077990
377    opls_146    16.435390   33.136110    2.852930
378    opls_144    21.829540   37.005660    3.969290
379    opls_144    11.297940   33.375280    5.031950
380    opls_146    27.759540    1.710600    3.284700
381    opls_146     2.735090   26.651770    2.764480
382    opls_146     2.264060   27.607780    4.788000
383    opls_146     0.140420   28.816020    4.847780
384    opls_146     1.959060   32.113120    2.760910
385    opls_146     4.057190   30.903020    2.649560
386    opls_146    30.977260    5.203510    4.336810
387    opls_146    31.444420    4.006590    2.527430
388    opls_146    33.410530    2.584980    2.579160
389    opls_146    30.485810   38.115190    4.786790
390    opls_146    29.265230    1.048960    4.803020
391    opls_146    35.429650   38.329780    3.130480
392    opls_146    37.533540   37.121790    3.157410
393    opls_146    35.459350   33.525490    4.358580
394    opls_146    33.340720   34.738850    4.293120
395    opls_146    39.397910   31.486650    3.239110
396    opls_146    37.248660   32.638960    3.133670
397    opls_144    32.066180   36.816220    4.083990
398    opls_144     0.396470   33.155820    4.091880
399    opls_146     2.913750   24.216510    2.609960
400    opls_146     3.730890   21.842310    0.777600
401    opls_146     1.759770   20.352830    0.798300
402    opls_146     1.941550   20.219350    5.111450
403    opls_146     3.896350   21.669870    5.076410
404    opls_146    30.990370    7.592090    4.002970
405    opls_146    30.709410    9.070370    5.806670
406    opls_146    32.738080   10.441320    5.988870
407    opls_146    31.509530   12.710300    2.535170
408    opls_146    29.530350   11.329650    2.314050
409    opls_146    36.100420   12.597530    4.584710
410    opls_146    38.276750   13.726870    4.482910
411    opls_146    40.644760   18.375660    1.835700
412    opls_146    38.508130   17.169080    1.856260
413    opls_144    32.780190   14.226760    3.616110
414    opls_144     0.817470   18.364970    4.751520
415    opls_146     9.468740   24.657930    4.203760
416    opls_146    10.197420   23.474870    2.575220
417    opls_146    12.212410   22.162450    2.916490
418    opls_146     9.828310   18.901140    4.397730
419    opls_146     7.871970   20.286640    4.354720
420    opls_146    24.287770    7.524890    2.798610
421    opls_146    23.894170    8.603410    4.718750
422    opls_146    21.877240    9.950560    4.747950
423    opls_146    23.992280   13.146290    2.780790
424    opls_146    25.949830   11.780610    2.616860
425    opls_146    19.078480   12.696290    4.602690
426    opls_146    16.961100   13.891060    4.829570
427    opls_146    18.399110   16.941980    2.133060
428    opls_146    20.529320   15.768950    1.943040
429    opls_144    21.985260   13.878120    2.427830
430    opls_144    11.571050   17.750440    3.799530
431    opls_146    27.610080   11.016180    3.795360
432    opls_146     3.382570   13.682780    7.363680
433    opls_146     1.243970   12.496040    7.391210
434    opls_146    21.722960   29.932970    1.350840
435    opls_146    19.540500   28.832800    1.235540
436    opls_146    39.408340   15.638960    5.787850
437    opls_146    41.528320   16.858770    5.779280
438    opls_146    14.949650   36.457450    5.166140
439    opls_146    12.787470   35.319940    5.415330
440    opls_146     5.764270   30.228430    4.001760
441    opls_146    12.846780   23.658490    0.309410
442    opls_146     6.428430   21.043250    2.901400
443    opls_146    11.925500   15.470230    7.414420
444    opls_146     1.426170    9.698210    1.201100
445    opls_146    -0.730640    8.547140    1.252380
446    opls_146    18.301100   33.900920    4.619680
447    opls_146    20.469270   35.034930    4.430570
448    opls_146    12.868650   15.696660    3.697120
449    opls_146    14.990440   14.487260    3.620890
450    opls_146    22.363180    8.477020    1.534100
451    opls_146    20.229100    9.640050    1.740580
452    opls_146     4.375700   30.321030    0.356600
453    opls_146     6.491290   29.131140    0.197300
454    opls_146    25.318640   27.226110    1.172800
455    opls_146    27.475080   28.370160    1.104460
456    opls_202    -1.523700   36.820320    5.439220
457    opls_202    34.499200   18.231280    3.084820
458    opls_202     5.108760    8.022850    6.123670
459    opls_202    17.388900    0.729880    2.257920
460    opls_202    16.871540   20.188670    4.216350
461    opls_202    22.612450    6.440720    6.772690
462    opls_202    41.312630   27.078900    2.062060
463    opls_202    21.847110   25.622250    6.554980
