0      opls_700     7.413180    1.755310   14.919450
1      opls_700     8.853100    1.755310   14.919170
2      opls_145     9.530260    1.755310   16.180170
3      opls_166     8.824040    1.755310   17.382940
4      opls_166     7.442560    1.755310   17.382940
5      opls_145     6.736060    1.755310   16.180450
6      opls_700     6.698580    1.755310   13.679930
7      opls_700     7.417520    1.755310   12.432210
8      opls_145     5.268290    1.755310   13.637250
9      opls_166     4.580240    1.755310   12.424870
10     opls_166     5.268090    1.755310   11.226900
11     opls_145     6.662970    1.755310   11.215590
12     opls_700     9.567570    1.755310   13.679930
13     opls_700     8.848240    1.755310   12.432210
14     opls_145     9.602490    1.755310   11.215310
15     opls_166    10.997880    1.755310   11.226330
16     opls_166    11.685770    1.755310   12.424300
17     opls_145    10.997640    1.755310   13.636960
18     opls_700    23.958110    1.755310    3.714030
19     opls_700    22.517730    1.755310    3.714030
20     opls_145    21.840430    1.755310    2.453310
21     opls_166    22.547120    1.755310    1.250830
22     opls_166    23.928900    1.755310    1.250830
23     opls_145    24.635400    1.755310    2.453310
24     opls_700    24.673900    1.755310    4.952990
25     opls_700    23.952940    1.755310    6.199290
26     opls_145    26.104890    1.755310    4.997930
27     opls_166    26.792720    1.755310    6.212010
28     opls_166    26.099280    1.755310    7.406580
29     opls_145    24.705090    1.755310    7.416480
30     opls_700    21.801730    1.755310    4.952700
31     opls_700    22.522220    1.755310    6.199290
32     opls_145    21.770090    1.755310    7.416190
33     opls_166    20.376090    1.755310    7.406020
34     opls_166    19.682610    1.755310    6.211440
35     opls_145    20.370380    1.755310    4.997650
36     opls_145     9.352040    1.755310   25.932650
37     opls_145    10.574450    1.755310   23.813740
38     opls_145     8.135220    1.755310   25.218620
39     opls_145    10.569400    1.755310   25.220030
40     opls_700     8.126700    1.755310   23.806100
41     opls_145     8.134040    1.755310   20.968360
42     opls_145     6.911780    1.755310   23.086990
43     opls_145     9.351000    1.755310   21.682100
44     opls_145     6.916820    1.755310   21.680690
45     opls_700     9.359520    1.755310   23.094620
46     opls_145    16.929810    1.755310    8.614440
47     opls_145    14.473240    1.755310    8.629710
48     opls_716    16.900030    1.755310   10.024980
49     opls_145    15.695780    1.755310    7.925000
50     opls_716    15.691980    1.755310   10.722330
51     opls_145    14.454620    1.755310   10.043350
52     opls_145    -0.664120    1.755310    8.615010
53     opls_145     1.810520    1.755310   10.044480
54     opls_145     0.569600    1.755310    7.924440
55     opls_716     0.574200    1.755310   10.723740
56     opls_145     1.790940    1.755310    8.631120
57     opls_716    -0.633920    1.755310   10.025820
58     opls_167     6.959660    1.755310   18.643380
59     opls_167     9.306770    1.755310   18.643090
60     opls_167     4.413690    1.755310   10.181580
61     opls_167     3.247930    1.755310   12.216540
62     opls_167    13.018060    1.755310   12.215690
63     opls_167    11.851820    1.755310   10.181010
64     opls_167    10.526120    1.755310   28.257630
65     opls_167     8.179320    1.755310   28.257910
66     opls_167    -3.263540    1.755310    8.456140
67     opls_167    -2.084150    1.755310    6.429100
68     opls_167    18.350070    1.755310    6.428540
69     opls_167    19.529430    1.755310    8.455580
70     MOF2_B_2     8.133320    1.755310   19.480930
71     MOF2_B_2     3.102380    1.755310   10.782260
72     MOF2_B_2    13.163130    1.755310   10.781410
73     MOF2_B_2     9.352900    1.755310   27.419790
74     MOF2_B_2    -1.948800    1.755310    7.865080
75     MOF2_B_2    18.214580    1.755310    7.864230
76     opls_146    10.540090    1.755310   16.279950
77     opls_146     5.726240    1.755310   16.280520
78     opls_146     4.677330    1.755310   14.462090
79     opls_146     7.081680    1.755310   10.291250
80     opls_146     9.183790    1.755310   10.290970
81     opls_146    11.588910    1.755310   14.461520
82     opls_146    20.830770    1.755310    2.353810
83     opls_146    25.645100    1.755310    2.354100
84     opls_146    26.696490    1.755310    4.173660
85     opls_146    24.286690    1.755310    8.340810
86     opls_146    22.188340    1.755310    8.340810
87     opls_146    19.779110    1.755310    4.173090
88     opls_146    11.471550    1.755310   23.320760
89     opls_146     7.247910    1.755310   25.728560
90     opls_146    11.463640    1.755310   25.718100
91     opls_146     6.014370    1.755310   23.579970
92     opls_146    10.238450    1.755310   21.171880
93     opls_146     6.022730    1.755310   21.182340
94     opls_146    13.597580    1.755310    8.099980
95     opls_146    15.675830    1.755310    6.902290
96     opls_146     0.590880    1.755310    6.901450
97     opls_146     2.667170    1.755310    8.102520
98     opls_750    17.949780    1.755310   10.857730
99     opls_750    15.888430    1.755310   12.048060
100    opls_750     0.377460    1.755310   12.049190
101    opls_750    -1.683870    1.755310   10.858860
102    opls_202    17.515520    1.755310   12.485920
103    opls_202    -1.249770    1.755310   12.486770
