0      opls_238     2.200000    0.939960   20.497350
1      opls_238     2.200000   15.092970    4.773360
2      opls_238     2.200000    2.674250   14.237360
3      opls_238     2.200000   11.194370    9.842480
4      opls_238     2.200000   -3.614360   15.865670
5      opls_238     2.200000   17.533510   10.684470
6      opls_900     2.200000   18.107570    0.813900
7      opls_900     2.200000    6.257930    9.211750
8      opls_900     2.200000   19.455650   15.274660
9      opls_142     2.200000   -0.130880   19.679910
10     opls_916     2.200000    0.946970   21.839270
11     opls_145     2.200000   -0.224950   22.562090
12     opls_145     2.200000   -0.127230   23.916910
13     opls_700     2.200000    1.121380   24.620760
14     opls_700     2.200000    2.403000   23.944740
15     opls_523     2.200000    2.169720   22.527680
16     opls_142     2.200000   15.838810    5.870370
17     opls_523     2.200000   15.381460    3.484330
18     opls_522     2.200000   16.635180    2.869790
19     opls_521     2.200000   16.856040    1.456520
20     opls_700     2.200000   15.640150    0.717260
21     opls_523     2.200000   14.364670    1.383660
22     opls_145     2.200000   14.226930    2.742020
23     opls_142     2.200000    2.502030   15.573460
24     opls_916     2.200000    3.832880   13.560330
25     opls_145     2.200000    5.044820   14.213830
26     opls_145     2.200000    6.168970   13.451790
27     opls_700     2.200000    6.154370   12.018800
28     opls_700     2.200000    4.928260   11.246640
29     opls_523     2.200000    3.817690   12.157190
30     opls_142     2.200000   11.771340    8.648320
31     opls_523     2.200000    9.933780   10.237170
32     opls_522     2.200000    8.774720    9.458680
33     opls_521     2.200000    7.440220    9.974300
34     opls_700     2.200000    7.408090   11.396670
35     opls_523     2.200000    8.622800   12.168320
36     opls_145     2.200000    9.868340   11.608430
37     opls_142     2.200000   -2.370860   15.346770
38     opls_916     2.200000   -4.779850   15.200530
39     opls_145     2.200000   -4.819870   13.824210
40     opls_145     2.200000   -6.041890   13.231680
41     opls_700     2.200000   -7.275890   13.960830
42     opls_700     2.200000   -7.331250   15.408750
43     opls_523     2.200000   -5.987410   15.915260
44     opls_142     2.200000   16.210700   10.781620
45     opls_523     2.200000   18.505750   11.578580
46     opls_522     2.200000   18.411100   12.971600
47     opls_521     2.200000   19.524590   13.869500
48     opls_700     2.200000   20.772760   13.186140
49     opls_523     2.200000   20.833670   11.748340
50     opls_145     2.200000   19.726020   10.949620
51     opls_521     2.200000    3.700250   24.673640
52     opls_521     2.200000    4.910580    9.758740
53     opls_521     2.200000   -8.610970   16.168010
54     opls_700     2.200000    3.635390    8.912710
55     opls_523     2.200000    3.472960    7.454920
56     opls_145     2.200000    2.296370    6.667830
57     opls_145     2.200000    1.053310    7.277060
58     opls_145     2.200000    1.045280    8.661730
59     opls_523     2.200000    2.261310    9.380510
60     opls_700     2.200000   -8.706060   17.695370
61     opls_523     2.200000   -9.887330   18.564940
62     opls_145     2.200000   -9.980380   19.977440
63     opls_145     2.200000   -8.831830   20.749340
64     opls_145     2.200000   -7.628360   20.063960
65     opls_523     2.200000   -7.613900   18.651460
66     opls_700     2.200000    5.070670   23.992050
67     opls_523     2.200000    6.414370   24.580280
68     opls_145     2.200000    7.684300   23.954860
69     opls_145     2.200000    7.778080   22.573980
70     opls_145     2.200000    6.583080   21.874440
71     opls_523     2.200000    5.352590   22.568170
72     opls_135     2.200000   19.691990    3.192360
73     opls_908     2.200000   19.294970    1.683470
74     opls_135     2.200000    7.525960    6.650120
75     opls_908     2.200000    6.417440    7.748400
76     opls_135     2.200000   16.603340   15.457580
77     opls_908     2.200000   18.108590   15.868200
78     opls_280     2.200000   13.778200    7.302610
79     opls_700     2.200000   15.191860    7.129050
80     opls_280     2.200000    1.197630   17.598980
81     opls_700     2.200000   -0.036080   18.282590
82     opls_280     2.200000   14.041860    9.716490
83     opls_700     2.200000   13.184860    8.579250
84     opls_280     2.200000    0.035640   15.463400
85     opls_700     2.200000    1.244220   16.190020
86     opls_280     2.200000   16.000800    8.281220
87     opls_700     2.200000   15.444130    9.592010
88     opls_280     2.200000   -1.232980   17.537750
89     opls_700     2.200000   -1.208140   16.127530
90     opls_144     2.200000   -1.069520   20.075100
91     opls_144     2.200000    3.313010   16.188750
92     opls_144     2.200000   -2.243640   14.336540
93     opls_146     2.200000   -1.155850   22.149450
94     opls_146     2.200000    5.152910   15.226340
95     opls_146     2.200000   -3.997060   13.224340
96     opls_910     2.200000    1.801480   20.050050
97     opls_910     2.200000    1.856110   13.714910
98     opls_910     2.200000   -3.657590   16.835170
99     opls_526     2.200000    2.853190   21.858500
100    opls_526     2.200000    2.896420   11.899890
101    opls_526     2.200000   -5.749750   16.842000
102    opls_146     2.200000   -1.053460   24.307800
103    opls_146     2.200000    6.970750   14.058740
104    opls_146     2.200000   -5.917440   12.233850
105    opls_146     2.200000    0.187120    6.733610
106    opls_146     2.200000    0.146800    9.154830
107    opls_526     2.200000    1.964200   10.300920
108    opls_526     2.200000    4.191480    6.773590
109    opls_146     2.200000    2.338580    5.641910
110    opls_146     2.200000   -8.869080   21.771210
111    opls_146     2.200000   -6.752090   20.595520
112    opls_526     2.200000   -6.668100   18.448810
113    opls_526     2.200000  -10.836500   18.283600
114    opls_146     2.200000  -10.890250   20.453840
115    opls_146     2.200000    8.681960   22.095310
116    opls_146     2.200000    6.605290   20.849780
117    opls_526     2.200000    4.704180   21.850400
118    opls_526     2.200000    6.645310   25.542950
119    opls_146     2.200000    8.551670   24.504380
120    opls_144     2.200000   16.861440    5.785620
121    opls_525     2.200000   17.348590    3.537710
122    opls_910     2.200000   14.152720    4.949700
123    opls_146     2.200000   13.289740    3.169090
124    opls_526     2.200000   13.450130    0.961910
125    opls_140     3.019640   19.313080    3.740870
126    opls_140     3.039520   19.823890    1.378600
127    opls_140     1.380350   19.313080    3.740870
128    opls_140     1.360480   19.823890    1.378600
129    opls_140     2.200000   20.780790    3.304190
130    opls_144     2.200000   11.187060    7.804820
131    opls_525     2.200000    8.996450    8.506890
132    opls_910     2.200000   11.817210   10.568600
133    opls_146     2.200000   10.706640   12.206270
134    opls_526     2.200000    8.714970   13.170960
135    opls_140     3.019640    8.190140    6.704010
136    opls_140     3.039520    5.888670    7.442770
137    opls_140     1.380350    8.190140    6.704010
138    opls_140     1.360480    5.888670    7.442770
139    opls_140     2.200000    7.078260    5.651530
140    opls_144     2.200000   15.772780   11.709630
141    opls_525     2.200000   17.475960   13.255460
142    opls_910     2.200000   17.851360    9.781760
143    opls_146     2.200000   19.824910    9.924710
144    opls_526     2.200000   21.655900   11.167200
145    opls_140     3.019640   16.317630   14.855440
146    opls_140     3.039520   18.108300   16.478950
147    opls_140     1.380350   16.317630   14.855440
148    opls_140     1.360480   18.108300   16.478950
149    opls_140     2.200000   15.962240   16.344350
150    opls_400     1.803960   21.488940    5.945010
151    opls_400     1.670940    8.651140    3.385650
152    opls_400     1.461960   13.368030   17.437820
153    opls_281     2.200000   12.975690    6.333620
154    opls_281     2.200000    2.285120   18.230220
155    opls_281     2.200000   13.604230   10.895980
156    opls_281     2.200000    0.038270   14.205990
157    opls_281     2.200000   17.241080    8.070470
158    opls_281     2.200000   -2.323240   18.164180
