0      opls_145    17.565470   10.235050    3.640580
1      opls_700    18.729370    9.446860    3.640910
2      opls_700    16.376550   12.462440    3.642990
3      opls_145    16.355670   13.755020    3.081390
4      opls_145    15.189330   14.524640    3.100560
5      opls_145    14.007000   14.014710    3.635180
6      opls_145    14.013210   12.729300    0.547400
7      opls_145    15.185570   11.968810    0.561380
8      opls_142    11.610550   14.431450    0.072300
9      opls_700    10.485970   15.388090    0.067880
10     opls_145    10.716790   16.774510    0.067370
11     opls_166     9.646390   17.676410    0.070040
12     opls_145    19.977350   10.094620    3.640580
13     opls_700    20.077990   11.496680    3.640910
14     opls_700    18.642830    7.951290    3.642990
15     opls_145    17.533870    7.286920    3.081390
16     opls_145    17.450530    5.892030    3.100560
17     opls_145    18.483310    5.123060    3.635180
18     opls_145    19.593400    5.771150    0.547400
19     opls_145    19.665820    7.166690    0.561380
20     opls_142    19.320630    2.839300    0.072300
21     opls_700    19.054440    1.387070    0.067880
22     opls_145    17.738350    0.893760    0.067370
23     opls_166    -1.319470   32.099070    0.070040
24     opls_145    18.893030   12.253580    3.640580
25     opls_700    17.628490   11.639720    3.640910
26     opls_700    21.416460   12.169520    3.642990
27     opls_145    22.546310   11.541310    3.081390
28     opls_145    23.795990   12.166590    3.100560
29     opls_145    23.945540   13.445480    3.635180
30     opls_145    22.829240   14.082810    0.547400
31     opls_145    21.584460   13.447760    0.561380
32     opls_142    25.504680   15.312500    0.072300
33     opls_700    26.895440   15.808090    0.067880
34     opls_145    27.980710   14.914980    0.067370
35     opls_166    -8.326920   15.391030    0.070040
36     opls_145     1.246480   22.348200    3.640580
37     opls_700     0.082580   23.136390    3.640910
38     opls_700     2.435400   20.120810    3.642990
39     opls_145     2.456280   18.828230    3.081390
40     opls_145     3.622620   18.058620    3.100560
41     opls_145     4.804950   18.568540    3.635180
42     opls_145     4.798740   19.853950    0.547400
43     opls_145     3.626380   20.614450    0.561380
44     opls_142     7.201400   18.151800    0.072300
45     opls_700     8.325980   17.195160    0.067880
46     opls_145     8.095160   15.808740    0.067370
47     opls_166     9.165560   14.906840    0.070040
48     opls_145    -1.165400   22.488640    3.640580
49     opls_700    -1.266040   21.086580    3.640910
50     opls_700     0.169120   24.631960    3.642990
51     opls_145     1.278080   25.296330    3.081390
52     opls_145     1.361420   26.691220    3.100560
53     opls_145     0.328640   27.460190    3.635180
54     opls_145    -0.781450   26.812110    0.547400
55     opls_145    -0.853870   25.416570    0.561380
56     opls_142    -0.508680   29.743950    0.072300
57     opls_700    -0.242490   31.196180    0.067880
58     opls_145     1.073600   31.689490    0.067370
59     opls_166    20.131420    0.484190    0.070040
60     opls_145    -0.081080   20.329670    3.640580
61     opls_700     1.183460   20.943540    3.640910
62     opls_700    -2.604510   20.413730    3.642990
63     opls_145    -3.734360   21.041940    3.081390
64     opls_145    -4.984040   20.416670    3.100560
65     opls_145    -5.133590   19.137770    3.635180
66     opls_145    -4.017290   18.500450    0.547400
67     opls_145    -2.772510   19.135490    0.561380
68     opls_142    -6.692730   17.270750    0.072300
69     opls_700    -8.083490   16.775160    0.067880
70     opls_145    -9.168760   17.668270    0.067370
71     opls_166    27.138870   17.192230    0.070040
72     opls_750    12.838780   14.846890    3.624330
73     opls_750    18.346730    3.695270    3.624330
74     opls_750    25.250340   14.041100    3.624330
75     opls_750     5.973170   17.736370    3.624330
76     opls_750     0.465220   28.887990    3.624330
77     opls_750    -6.438390   18.542150    3.624330
78     opls_167     8.930410   13.530520    0.072700
79     opls_167    21.440920    0.968700    0.072700
80     opls_167    26.064520   18.084030    0.072700
81     opls_167     9.881540   19.052730    0.072700
82     opls_167    -2.628970   31.614550    0.072700
83     opls_167    -7.252570   14.499220    0.072700
84     opls_146    16.602670    9.752170    3.640910
85     opls_146    17.223470   14.165900    2.587710
86     opls_146    15.188960   15.511910    2.659900
87     opls_146    13.133000   12.330150    1.027970
88     opls_146    15.161300   11.013790    1.065030
89     opls_144    11.382920   13.373800    0.122220
90     opls_146    11.727750   17.155080    0.069090
91     opls_168     7.949180   13.279630    0.073180
92     opls_146    20.876940    9.502250    3.640910
93     opls_146    16.744140    7.833010    2.587710
94     opls_146    16.595710    5.398070    2.659900
95     opls_146    20.379170    5.208430    1.027970
96     opls_146    20.505030    7.623180    1.065030
97     opls_144    20.350390    3.171000    0.122220
98     opls_146    16.903290    1.578980    0.069090
99     opls_168    22.148810    0.244370    0.073180
100    opls_146    18.956240   13.328830    3.640910
101    opls_146    22.468240   10.584340    2.587710
102    opls_146    24.651180   11.673280    2.659900
103    opls_146    22.923680   15.044670    1.027970
104    opls_146    20.769520   13.946280    1.065030
105    opls_144    24.702540   16.038450    0.122220
106    opls_146    27.804810   13.849190    0.069090
107    opls_168    26.337860   19.059250    0.073180
108    opls_146     2.209280   22.831090    3.640910
109    opls_146     1.588480   18.417360    2.587710
110    opls_146     3.622990   17.071340    2.659900
111    opls_146     5.678950   20.253100    1.027970
112    opls_146     3.650650   21.569460    1.065030
113    opls_144     7.429030   19.209460    0.122220
114    opls_146     7.084200   15.428170    0.069090
115    opls_168    10.862770   19.303620    0.073180
116    opls_146    -2.064990   23.081000    3.640910
117    opls_146     2.067810   24.750240    2.587710
118    opls_146     2.216240   27.185190    2.659900
119    opls_146    -1.567220   27.374820    1.027970
120    opls_146    -1.693080   24.960080    1.065030
121    opls_144    -1.538440   29.412250    0.122220
122    opls_146     1.908660   31.004270    0.069090
123    opls_168    -3.336860   32.338880    0.073180
124    opls_146    -0.144290   19.254420    3.640910
125    opls_146    -3.656290   21.998910    2.587710
126    opls_146    -5.839230   20.909980    2.659900
127    opls_146    -4.111730   17.538590    1.027970
128    opls_146    -1.957570   18.636970    1.065030
129    opls_144    -5.890590   16.544800    0.122220
130    opls_146    -8.992860   18.734070    0.069090
131    opls_168    -7.525910   13.524010    0.073180
