0      opls_280     0.235960   10.771970    1.660000
1      opls_145     1.278940   11.667480    1.660000
2      opls_142     2.503620   11.252420    1.660000
3      opls_145     4.022830    9.598720    1.660000
4      opls_145     4.235650    8.303090    1.660000
5      opls_145     5.076960   10.392970    1.660000
6      opls_280     1.068220   13.030870    1.660000
7      opls_145    -0.228810   13.486370    1.660000
8      opls_142    -0.481690   14.754500    1.660000
9      opls_145     0.190850   16.897020    1.660000
10     opls_145     1.206490   17.729150    1.660000
11     opls_145    -1.024060   17.412800    1.660000
12     opls_280    -1.304180   12.622180    1.660000
13     opls_145    -1.050130   11.271180    1.660000
14     opls_142    -2.021930   10.418100    1.660000
15     opls_145    -4.213680    9.929280    1.660000
16     opls_145    -5.442140   10.392790    1.660000
17     opls_145    -4.052900    8.619250    1.660000
18     opls_280    10.279040    7.440540    1.660000
19     opls_145     9.236060    6.545030    1.660000
20     opls_142     8.011380    6.960090    1.660000
21     opls_145     6.492170    8.613790    1.660000
22     opls_145     6.279350    9.909430    1.660000
23     opls_145     5.438040    7.819540    1.660000
24     opls_280     9.446780    5.181640    1.660000
25     opls_145    10.743810    4.726150    1.660000
26     opls_142    10.996690    3.458010    1.660000
27     opls_145    10.324150    1.315490    1.660000
28     opls_145     9.308510    0.483360    1.660000
29     opls_145    11.539060    0.799710    1.660000
30     opls_280    11.819180    5.590330    1.660000
31     opls_145    11.565130    6.941340    1.660000
32     opls_142    12.536930    7.794410    1.660000
33     opls_145    14.728680    8.283230    1.660000
34     opls_145    15.957140    7.819730    1.660000
35     opls_145    14.567900    9.593260    1.660000
36     opls_281     0.420710    9.599630    1.660000
37     opls_281     1.991120   13.777040    1.660000
38     opls_281    -2.411830   13.048360    1.660000
39     opls_281    10.094290    8.612880    1.660000
40     opls_281     8.523880    4.435480    1.660000
41     opls_281    12.926830    5.164160    1.660000
42     opls_238     2.843890   10.055490    1.660000
43     opls_238     0.384740   15.647650    1.660000
44     opls_238    -3.228630   10.721890    1.660000
45     opls_238     7.671110    8.157020    1.660000
46     opls_238    10.130260    2.564870    1.660000
47     opls_238    13.743630    7.490620    1.660000
48     opls_146     3.434510    7.657090    1.660000
49     opls_144     3.274690   11.946860    1.660000
50     opls_146     4.952670   11.416510    1.660000
51     opls_910     2.078820    9.423880    1.660000
52     opls_146     2.166510   17.358350    1.660000
53     opls_144    -1.468630   15.075040    1.660000
54     opls_146    -1.848330   16.793400    1.660000
55     opls_910     1.314270   15.300880    1.660000
56     opls_146    -5.601030   11.409590    1.660000
57     opls_144    -1.806060    9.403120    1.660000
58     opls_146    -3.104340    8.215120    1.660000
59     opls_910    -3.393090   11.700270    1.660000
60     opls_146     7.080490   10.555430    1.660000
61     opls_144     7.240310    6.265650    1.660000
62     opls_146     5.562330    6.796000    1.660000
63     opls_910     8.436180    8.788630    1.660000
64     opls_146     8.348490    0.854170    1.660000
65     opls_144    11.983630    3.137470    1.660000
66     opls_146    12.363330    1.419120    1.660000
67     opls_910     9.200730    2.911630    1.660000
68     opls_146    16.116030    6.802920    1.660000
69     opls_144    12.321060    8.809390    1.660000
70     opls_146    13.619340    9.997400    1.660000
71     opls_910    13.908090    6.512250    1.660000
