0      opls_538    31.877870   16.574920    1.997770
1      opls_538     2.076190   17.045270    1.287300
2      opls_700     3.488880   17.314190    0.931690
3      opls_521     4.495450   16.378750    1.271980
4      opls_521     6.181580   17.835560    0.391080
5      opls_522     5.208720   18.783830    0.007390
6      opls_523     3.863250   18.524470    0.282190
7      opls_521    16.545750   27.835740    2.894250
8      opls_521    18.065060   29.471610    2.013350
9      opls_700    17.200750   30.544300    2.353530
10     opls_523    15.993210   30.228320    3.002950
11     opls_522    15.666730   28.874860    3.277830
12     opls_523    17.960260    3.393190    0.282770
13     opls_522    18.286750    4.746650    0.007890
14     opls_521    17.407730    5.785770    0.391810
15     opls_521    15.888720    4.149570    1.272940
16     opls_700    16.753050    3.077210    0.932450
17     opls_538    16.414260    1.655950    1.287950
18     opls_538    17.539530   31.965240    1.998030
19     opls_700    19.767450   15.521980    2.061340
20     opls_700    18.772830   16.549250    2.133540
21     opls_700    17.467240   16.284610    1.643410
22     opls_700    17.138030   14.971970    1.153400
23     opls_700    18.093070   13.906190    1.225870
24     opls_145    19.395770   14.214600    1.643640
25     opls_145    19.034860   17.822390    2.712520
26     opls_145    18.079340   18.848020    2.712410
27     opls_700    16.816070   18.649210    2.133270
28     opls_700    16.486880   17.336900    1.643260
29     opls_700    15.181300   17.072260    1.153100
30     opls_145    14.919250   15.798790    0.574120
31     opls_145    15.874770   14.773160    0.574270
32     opls_700    15.861360   19.715000    2.060810
33     opls_145    14.558340   19.406580    1.643030
34     opls_700    14.186660   18.099210    1.225370
35     opls_700    17.764930   12.447070    0.953630
36     opls_700    21.217030   15.777720    2.333660
37     opls_700    12.737080   17.843460    0.952980
38     opls_700    16.189520   21.174440    2.333080
39     opls_145    16.611920   11.849010    1.503700
40     opls_145    16.376290   10.455400    1.369420
41     opls_145    17.296590    9.616730    0.718280
42     opls_145    18.450320   10.203930    0.156760
43     opls_145    18.676260   11.604120    0.270210
44     opls_145    11.958780   18.814450    0.269480
45     opls_145    10.572460   18.659420    0.155880
46     opls_145     9.935150   17.518260    0.717400
47     opls_145    10.708770   16.538390    1.368690
48     opls_145    12.089160   16.703950    1.503120
49     opls_145    17.342190   21.772170    1.783020
50     opls_145    17.577820   23.165790    1.917220
51     opls_145    16.657520   24.004460    2.568360
52     opls_145    15.503800   23.417580    3.129910
53     opls_145    15.277850   22.017060    3.016510
54     opls_145    21.995320   14.806740    3.017160
55     opls_145    23.381640   14.961760    3.130680
56     opls_145    24.019290   16.102920    2.569010
57     opls_145    23.245340   17.082800    1.917800
58     opls_145    21.864950   16.917230    1.783480
59     opls_142     7.611850   18.130800    0.194220
60     opls_142    17.773620    7.223490    0.194760
61     opls_700    30.465190   16.306340    2.353460
62     opls_521    29.458950   17.241780    2.013390
63     opls_521    27.772510   15.785290    2.894370
64     opls_522    28.745660   14.836360    3.277830
65     opls_523    30.091140   15.096060    3.002870
66     opls_142    26.342230   15.489720    3.091380
67     opls_142    16.179860   26.398020    3.091270
68     opls_537    32.842170   15.630270    2.239520
69     opls_537     1.719410   15.861660    1.894780
70     opls_537     1.111910   17.990260    1.045510
71     opls_537    32.234650   17.758540    1.390290
72     opls_520     5.797850   16.663130    1.006410
73     opls_520    17.716640   28.163240    2.278960
74     opls_520    16.237160    5.458270    1.007370
75     opls_537    18.719980   32.265090    1.390600
76     opls_537    17.289860    0.625710    1.046050
77     opls_537    15.233490    1.356420    1.895390
78     opls_537    14.938930    0.080640    2.239940
79     opls_750    17.043710    8.178350    0.721730
80     opls_750     8.509930   17.337890    0.720650
81     opls_750    25.444170   16.282970    2.565560
82     opls_520    28.156220   16.957390    2.279120
83     opls_750    16.910090   25.443160    2.564870
84     opls_146    20.140010   13.415760    1.643720
85     opls_146    19.976260   18.035350    3.194450
86     opls_146    18.338460   19.793660    3.194220
87     opls_146    13.977850   15.585830    0.092190
88     opls_146    15.615670   13.827850    0.092460
89     opls_146    13.814100   20.205430    1.642990
90     opls_524     4.253250   15.434750    1.775970
91     opls_525     5.490450   19.721910   -0.485220
92     opls_526     3.116150   19.268670   -0.007280
93     opls_524    19.004270   29.667450    1.509480
94     opls_526    15.302420   31.027160    3.292340
95     opls_525    14.731210   28.638210    3.770370
96     opls_526    18.651040    2.594020   -0.006890
97     opls_525    19.221930    4.982980   -0.484920
98     opls_524    14.949510    3.953730    1.777120
99     opls_146    15.913260   12.448390    2.079190
100    opls_146    15.498060   10.007750    1.823730
101    opls_146    19.184950    9.598620   -0.363200
102    opls_146    19.573590   12.026750   -0.167520
103    opls_146    12.421280   19.703800   -0.168210
104    opls_146    10.017630   19.438180   -0.364310
105    opls_146    10.223060   15.669760    1.823000
106    opls_146    12.640100   15.962050    2.078850
107    opls_146    18.040840   21.172790    1.207480
108    opls_146    18.456050   23.613430    1.462910
109    opls_146    14.769180   24.022890    3.649990
110    opls_146    14.380520   21.594430    3.454280
111    opls_146    21.532850   13.917710    3.454930
112    opls_146    23.936500   14.183330    3.650870
113    opls_146    23.731370   17.951420    1.463400
114    opls_146    21.314030   17.659460    1.207790
115    opls_144     7.885850   19.045180   -0.337810
116    opls_144    18.685130    7.453230   -0.338110
117    opls_524    29.701160   18.186100    1.509480
118    opls_525    28.463610   13.898290    3.770330
119    opls_526    30.838230   14.351520    3.292190
120    opls_144    26.068210   14.575020    3.622950
121    opls_144    15.268030   26.168280    3.623560
