0      opls_700     3.550040   20.523380   20.715080
1      opls_145     4.253200   20.420960   21.916060
2      opls_145     5.085870   21.448400   22.330720
3      opls_700     5.203580   22.619450   21.571850
4      opls_145     4.432280   22.756550   20.408940
5      opls_145     3.613740   21.712310   19.979520
6      opls_700     6.110210   23.696750   22.017070
7      opls_145     6.859640   24.462450   21.111610
8      opls_145     7.656490   25.519700   21.566410
9      opls_916     7.690760   25.850800   22.929790
10     opls_145     7.052460   24.979420   23.817640
11     opls_145     6.248440   23.948730   23.377080
12     opls_142     3.031780   19.291100   20.127150
13     opls_145     3.160130   17.980780   18.169630
14     opls_145     2.374310   17.592780   17.084680
15     opls_145     2.751060   16.487850   16.323470
16     opls_700     3.957570   15.814270   16.600350
17     opls_145     4.725000   16.196850   17.702650
18     opls_145     4.328320   17.265480   18.481460
19     opls_700     5.260890   12.407880   15.778540
20     opls_700     5.193510   12.374830   14.375020
21     opls_145     5.421380   11.202160   13.643860
22     opls_700    13.230040   47.618380   20.715080
23     opls_145    13.933200   47.515960   21.916060
24     opls_145    14.765870   48.543400   22.330720
25     opls_700    14.883580   49.714450   21.571850
26     opls_145    14.112280   49.851550   20.408940
27     opls_145    13.293740   48.807310   19.979520
28     opls_700    15.790210   50.791750   22.017070
29     opls_145    16.539640   51.557450   21.111610
30     opls_145    17.336490   52.614700   21.566410
31     opls_916    17.370760   52.945800   22.929790
32     opls_145    16.732460   52.074420   23.817640
33     opls_145    15.928440   51.043730   23.377080
34     opls_142    12.711780   46.386100   20.127150
35     opls_145    12.840130   45.075780   18.169630
36     opls_145    12.054310   44.687780   17.084680
37     opls_145    12.431060   43.582850   16.323470
38     opls_700    13.637570   42.909270   16.600350
39     opls_145    14.405000   43.291850   17.702650
40     opls_145    14.008320   44.360480   18.481460
41     opls_700    14.940890   39.502880   15.778540
42     opls_700    14.873510   39.469830   14.375020
43     opls_145    15.101380   38.297160   13.643860
44     opls_700    15.809960   33.666620   20.715080
45     opls_145    15.106800   33.769040   21.916060
46     opls_145    14.274130   32.741600   22.330720
47     opls_700    14.156420   31.570550   21.571850
48     opls_145    14.927720   31.433450   20.408940
49     opls_145    15.746260   32.477690   19.979520
50     opls_700    13.249790   30.493250   22.017070
51     opls_145    12.500360   29.727550   21.111610
52     opls_145    11.703510   28.670300   21.566410
53     opls_916    11.669240   28.339200   22.929790
54     opls_145    12.307540   29.210580   23.817640
55     opls_145    13.111560   30.241270   23.377080
56     opls_142    16.328220   34.898900   20.127150
57     opls_145    16.199870   36.209220   18.169630
58     opls_145    16.985690   36.597220   17.084680
59     opls_145    16.608940   37.702150   16.323470
60     opls_700    15.402430   38.375730   16.600350
61     opls_145    14.635000   37.993150   17.702650
62     opls_145    15.031680   36.924520   18.481460
63     opls_700    14.099110   41.782120   15.778540
64     opls_700    14.166490   41.815170   14.375020
65     opls_145    13.938620   42.987840   13.643860
66     opls_700     6.129960    6.571620   20.715080
67     opls_145     5.426800    6.674040   21.916060
68     opls_145     4.594130    5.646600   22.330720
69     opls_700     4.476420    4.475550   21.571850
70     opls_145     5.247720    4.338450   20.408940
71     opls_145     6.066260    5.382690   19.979520
72     opls_700     3.569790    3.398250   22.017070
73     opls_145     2.820360    2.632550   21.111610
74     opls_145     2.023510    1.575300   21.566410
75     opls_916     1.989240    1.244200   22.929790
76     opls_145     2.627540    2.115580   23.817640
77     opls_145     3.431560    3.146270   23.377080
78     opls_142     6.648220    7.803900   20.127150
79     opls_145     6.519870    9.114220   18.169630
80     opls_145     7.305690    9.502220   17.084680
81     opls_145     6.928940   10.607150   16.323470
82     opls_700     5.722430   11.280730   16.600350
83     opls_145     4.955000   10.898150   17.702650
84     opls_145     5.351680    9.829520   18.481460
85     opls_700     4.419110   14.687120   15.778540
86     opls_700     4.486490   14.720170   14.375020
87     opls_145     4.258620   15.892840   13.643860
88     opls_700    15.809960   20.523380    5.184920
89     opls_145    15.106800   20.420960    3.983940
90     opls_145    14.274130   21.448400    3.569280
91     opls_700    14.156420   22.619450    4.328150
92     opls_145    14.927720   22.756550    5.491060
93     opls_145    15.746260   21.712310    5.920480
94     opls_700    13.249790   23.696750    3.882930
95     opls_145    12.500360   24.462450    4.788390
96     opls_145    11.703510   25.519700    4.333590
97     opls_916    11.669240   25.850800    2.970210
98     opls_145    12.307540   24.979420    2.082360
99     opls_145    13.111560   23.948730    2.522920
100    opls_142    16.328220   19.291100    5.772850
101    opls_145    16.199870   17.980780    7.730370
102    opls_145    16.985690   17.592780    8.815320
103    opls_145    16.608940   16.487850    9.576530
104    opls_700    15.402430   15.814270    9.299650
105    opls_145    14.635000   16.196850    8.197350
106    opls_145    15.031680   17.265480    7.418540
107    opls_700    14.099110   12.407880   10.121460
108    opls_700    14.166490   12.374830   11.524980
109    opls_145    13.938620   11.202160   12.256140
110    opls_700     6.129960   47.618380    5.184920
111    opls_145     5.426800   47.515960    3.983940
112    opls_145     4.594130   48.543400    3.569280
113    opls_700     4.476420   49.714450    4.328150
114    opls_145     5.247720   49.851550    5.491060
115    opls_145     6.066260   48.807310    5.920480
116    opls_700     3.569790   50.791750    3.882930
117    opls_145     2.820360   51.557450    4.788390
118    opls_145     2.023510   52.614700    4.333590
119    opls_916     1.989240   52.945800    2.970210
120    opls_145     2.627540   52.074420    2.082360
121    opls_145     3.431560   51.043730    2.522920
122    opls_142     6.648220   46.386100    5.772850
123    opls_145     6.519870   45.075780    7.730370
124    opls_145     7.305690   44.687780    8.815320
125    opls_145     6.928940   43.582850    9.576530
126    opls_700     5.722430   42.909270    9.299650
127    opls_145     4.955000   43.291850    8.197350
128    opls_145     5.351680   44.360480    7.418540
129    opls_700     4.419110   39.502880   10.121460
130    opls_700     4.486490   39.469830   11.524980
131    opls_145     4.258620   38.297160   12.256140
132    opls_700     3.550040   33.666620    5.184920
133    opls_145     4.253200   33.769040    3.983940
134    opls_145     5.085870   32.741600    3.569280
135    opls_700     5.203580   31.570550    4.328150
136    opls_145     4.432280   31.433450    5.491060
137    opls_145     3.613740   32.477690    5.920480
138    opls_700     6.110210   30.493250    3.882930
139    opls_145     6.859640   29.727550    4.788390
140    opls_145     7.656490   28.670300    4.333590
141    opls_916     7.690760   28.339200    2.970210
142    opls_145     7.052460   29.210580    2.082360
143    opls_145     6.248440   30.241270    2.522920
144    opls_142     3.031780   34.898900    5.772850
145    opls_145     3.160130   36.209220    7.730370
146    opls_145     2.374310   36.597220    8.815320
147    opls_145     2.751060   37.702150    9.576530
148    opls_700     3.957570   38.375730    9.299650
149    opls_145     4.725000   37.993150    8.197350
150    opls_145     4.328320   36.924520    7.418540
151    opls_700     5.260890   41.782120   10.121460
152    opls_700     5.193510   41.815170   11.524980
153    opls_145     5.421380   42.987840   12.256140
154    opls_700    13.230040    6.571620    5.184920
155    opls_145    13.933200    6.674040    3.983940
156    opls_145    14.765870    5.646600    3.569280
157    opls_700    14.883580    4.475550    4.328150
158    opls_145    14.112280    4.338450    5.491060
159    opls_145    13.293740    5.382690    5.920480
160    opls_700    15.790210    3.398250    3.882930
161    opls_145    16.539640    2.632550    4.788390
162    opls_145    17.336490    1.575300    4.333590
163    opls_916    17.370760    1.244200    2.970210
164    opls_145    16.732460    2.115580    2.082360
165    opls_145    15.928440    3.146270    2.522920
166    opls_142    12.711780    7.803900    5.772850
167    opls_145    12.840130    9.114220    7.730370
168    opls_145    12.054310    9.502220    8.815320
169    opls_145    12.431060   10.607150    9.576530
170    opls_700    13.637570   11.280730    9.299650
171    opls_145    14.405000   10.898150    8.197350
172    opls_145    14.008320    9.829520    7.418540
173    opls_700    14.940890   14.687120   10.121460
174    opls_700    14.873510   14.720170   11.524980
175    opls_145    15.101380   15.892840   12.256140
176    opls_700    15.809960   33.666620    5.184920
177    opls_145    15.106800   33.769040    3.983940
178    opls_145    14.274130   32.741600    3.569280
179    opls_700    14.156420   31.570550    4.328150
180    opls_145    14.927720   31.433450    5.491060
181    opls_145    15.746260   32.477690    5.920480
182    opls_700    13.249790   30.493250    3.882930
183    opls_145    12.500360   29.727550    4.788390
184    opls_145    11.703510   28.670300    4.333590
185    opls_916    11.669240   28.339200    2.970210
186    opls_145    12.307540   29.210580    2.082360
187    opls_145    13.111560   30.241270    2.522920
188    opls_142    16.328220   34.898900    5.772850
189    opls_145    16.199870   36.209220    7.730370
190    opls_145    16.985690   36.597220    8.815320
191    opls_145    16.608940   37.702150    9.576530
192    opls_700    15.402430   38.375730    9.299650
193    opls_145    14.635000   37.993150    8.197350
194    opls_145    15.031680   36.924520    7.418540
195    opls_700    14.099110   41.782120   10.121460
196    opls_700    14.166490   41.815170   11.524980
197    opls_145    13.938620   42.987840   12.256140
198    opls_700     6.129960    6.571620    5.184920
199    opls_145     5.426800    6.674040    3.983940
200    opls_145     4.594130    5.646600    3.569280
201    opls_700     4.476420    4.475550    4.328150
202    opls_145     5.247720    4.338450    5.491060
203    opls_145     6.066260    5.382690    5.920480
204    opls_700     3.569790    3.398250    3.882930
205    opls_145     2.820360    2.632550    4.788390
206    opls_145     2.023510    1.575300    4.333590
207    opls_916     1.989240    1.244200    2.970210
208    opls_145     2.627540    2.115580    2.082360
209    opls_145     3.431560    3.146270    2.522920
210    opls_142     6.648220    7.803900    5.772850
211    opls_145     6.519870    9.114220    7.730370
212    opls_145     7.305690    9.502220    8.815320
213    opls_145     6.928940   10.607150    9.576530
214    opls_700     5.722430   11.280730    9.299650
215    opls_145     4.955000   10.898150    8.197350
216    opls_145     5.351680    9.829520    7.418540
217    opls_700     4.419110   14.687120   10.121460
218    opls_700     4.486490   14.720170   11.524980
219    opls_145     4.258620   15.892840   12.256140
220    opls_700     3.550040   20.523380    5.184920
221    opls_145     4.253200   20.420960    3.983940
222    opls_145     5.085870   21.448400    3.569280
223    opls_700     5.203580   22.619450    4.328150
224    opls_145     4.432280   22.756550    5.491060
225    opls_145     3.613740   21.712310    5.920480
226    opls_700     6.110210   23.696750    3.882930
227    opls_145     6.859640   24.462450    4.788390
228    opls_145     7.656490   25.519700    4.333590
229    opls_916     7.690760   25.850800    2.970210
230    opls_145     7.052460   24.979420    2.082360
231    opls_145     6.248440   23.948730    2.522920
232    opls_142     3.031780   19.291100    5.772850
233    opls_145     3.160130   17.980780    7.730370
234    opls_145     2.374310   17.592780    8.815320
235    opls_145     2.751060   16.487850    9.576530
236    opls_700     3.957570   15.814270    9.299650
237    opls_145     4.725000   16.196850    8.197350
238    opls_145     4.328320   17.265480    7.418540
239    opls_700     5.260890   12.407880   10.121460
240    opls_700     5.193510   12.374830   11.524980
241    opls_145     5.421380   11.202160   12.256140
242    opls_700    13.230040   47.618380    5.184920
243    opls_145    13.933200   47.515960    3.983940
244    opls_145    14.765870   48.543400    3.569280
245    opls_700    14.883580   49.714450    4.328150
246    opls_145    14.112280   49.851550    5.491060
247    opls_145    13.293740   48.807310    5.920480
248    opls_700    15.790210   50.791750    3.882930
249    opls_145    16.539640   51.557450    4.788390
250    opls_145    17.336490   52.614700    4.333590
251    opls_916    17.370760   52.945800    2.970210
252    opls_145    16.732460   52.074420    2.082360
253    opls_145    15.928440   51.043730    2.522920
254    opls_142    12.711780   46.386100    5.772850
255    opls_145    12.840130   45.075780    7.730370
256    opls_145    12.054310   44.687780    8.815320
257    opls_145    12.431060   43.582850    9.576530
258    opls_700    13.637570   42.909270    9.299650
259    opls_145    14.405000   43.291850    8.197350
260    opls_145    14.008320   44.360480    7.418540
261    opls_700    14.940890   39.502880   10.121460
262    opls_700    14.873510   39.469830   11.524980
263    opls_145    15.101380   38.297160   12.256140
264    opls_700     3.550040   33.666620   20.715080
265    opls_145     4.253200   33.769040   21.916060
266    opls_145     5.085870   32.741600   22.330720
267    opls_700     5.203580   31.570550   21.571850
268    opls_145     4.432280   31.433450   20.408940
269    opls_145     3.613740   32.477690   19.979520
270    opls_700     6.110210   30.493250   22.017070
271    opls_145     6.859640   29.727550   21.111610
272    opls_145     7.656490   28.670300   21.566410
273    opls_916     7.690760   28.339200   22.929790
274    opls_145     7.052460   29.210580   23.817640
275    opls_145     6.248440   30.241270   23.377080
276    opls_142     3.031780   34.898900   20.127150
277    opls_145     3.160130   36.209220   18.169630
278    opls_145     2.374310   36.597220   17.084680
279    opls_145     2.751060   37.702150   16.323470
280    opls_700     3.957570   38.375730   16.600350
281    opls_145     4.725000   37.993150   17.702650
282    opls_145     4.328320   36.924520   18.481460
283    opls_700     5.260890   41.782120   15.778540
284    opls_700     5.193510   41.815170   14.375020
285    opls_145     5.421380   42.987840   13.643860
286    opls_700    13.230040    6.571620   20.715080
287    opls_145    13.933200    6.674040   21.916060
288    opls_145    14.765870    5.646600   22.330720
289    opls_700    14.883580    4.475550   21.571850
290    opls_145    14.112280    4.338450   20.408940
291    opls_145    13.293740    5.382690   19.979520
292    opls_700    15.790210    3.398250   22.017070
293    opls_145    16.539640    2.632550   21.111610
294    opls_145    17.336490    1.575300   21.566410
295    opls_916    17.370760    1.244200   22.929790
296    opls_145    16.732460    2.115580   23.817640
297    opls_145    15.928440    3.146270   23.377080
298    opls_142    12.711780    7.803900   20.127150
299    opls_145    12.840130    9.114220   18.169630
300    opls_145    12.054310    9.502220   17.084680
301    opls_145    12.431060   10.607150   16.323470
302    opls_700    13.637570   11.280730   16.600350
303    opls_145    14.405000   10.898150   17.702650
304    opls_145    14.008320    9.829520   18.481460
305    opls_700    14.940890   14.687120   15.778540
306    opls_700    14.873510   14.720170   14.375020
307    opls_145    15.101380   15.892840   13.643860
308    opls_700    15.809960   20.523380   20.715080
309    opls_145    15.106800   20.420960   21.916060
310    opls_145    14.274130   21.448400   22.330720
311    opls_700    14.156420   22.619450   21.571850
312    opls_145    14.927720   22.756550   20.408940
313    opls_145    15.746260   21.712310   19.979520
314    opls_700    13.249790   23.696750   22.017070
315    opls_145    12.500360   24.462450   21.111610
316    opls_145    11.703510   25.519700   21.566410
317    opls_916    11.669240   25.850800   22.929790
318    opls_145    12.307540   24.979420   23.817640
319    opls_145    13.111560   23.948730   23.377080
320    opls_142    16.328220   19.291100   20.127150
321    opls_145    16.199870   17.980780   18.169630
322    opls_145    16.985690   17.592780   17.084680
323    opls_145    16.608940   16.487850   16.323470
324    opls_700    15.402430   15.814270   16.600350
325    opls_145    14.635000   16.196850   17.702650
326    opls_145    15.031680   17.265480   18.481460
327    opls_700    14.099110   12.407880   15.778540
328    opls_700    14.166490   12.374830   14.375020
329    opls_145    13.938620   11.202160   13.643860
330    opls_700     6.129960   47.618380   20.715080
331    opls_145     5.426800   47.515960   21.916060
332    opls_145     4.594130   48.543400   22.330720
333    opls_700     4.476420   49.714450   21.571850
334    opls_145     5.247720   49.851550   20.408940
335    opls_145     6.066260   48.807310   19.979520
336    opls_700     3.569790   50.791750   22.017070
337    opls_145     2.820360   51.557450   21.111610
338    opls_145     2.023510   52.614700   21.566410
339    opls_916     1.989240   52.945800   22.929790
340    opls_145     2.627540   52.074420   23.817640
341    opls_145     3.431560   51.043730   23.377080
342    opls_142     6.648220   46.386100   20.127150
343    opls_145     6.519870   45.075780   18.169630
344    opls_145     7.305690   44.687780   17.084680
345    opls_145     6.928940   43.582850   16.323470
346    opls_700     5.722430   42.909270   16.600350
347    opls_145     4.955000   43.291850   17.702650
348    opls_145     5.351680   44.360480   18.481460
349    opls_700     4.419110   39.502880   15.778540
350    opls_700     4.486490   39.469830   14.375020
351    opls_145     4.258620   38.297160   13.643860
352    opls_261     4.840000   13.547500   16.448570
353    opls_700     4.840000   13.547500   13.685820
354    opls_261    14.520000   40.642500   16.448570
355    opls_700    14.520000   40.642500   13.685820
356    opls_261    14.520000   13.547500    9.451430
357    opls_700    14.520000   13.547500   12.214180
358    opls_261     4.840000   40.642500    9.451430
359    opls_700     4.840000   40.642500   12.214180
360    opls_261    14.520000   40.642500    9.451430
361    opls_700    14.520000   40.642500   12.214180
362    opls_261     4.840000   13.547500    9.451430
363    opls_700     4.840000   13.547500   12.214180
364    opls_261     4.840000   40.642500   16.448570
365    opls_700     4.840000   40.642500   13.685820
366    opls_261    14.520000   13.547500   16.448570
367    opls_700    14.520000   13.547500   13.685820
368    opls_916    18.659560    0.000000    1.232580
369    opls_916     8.979560   27.095000    1.232580
370    opls_916     0.700440    0.000000    1.232580
371    opls_916    10.380440   27.095000    1.232580
372    opls_916     0.700440    0.000000   24.667420
373    opls_916    10.380440   27.095000   24.667420
374    opls_916    18.659560    0.000000   24.667420
375    opls_916     8.979560   27.095000   24.667420
376    opls_727    17.968600    0.000000    0.000000
377    opls_727     8.288600   27.095000    0.000000
378    opls_727     1.391400    0.000000    0.000000
379    opls_727    11.071400   27.095000    0.000000
380    opls_750     2.903030   19.203310   18.846390
381    opls_750    12.583030   46.298310   18.846390
382    opls_750    16.456970   34.986690   18.846390
383    opls_750     6.776970    7.891690   18.846390
384    opls_750    16.456970   19.203310    7.053610
385    opls_750     6.776970   46.298310    7.053610
386    opls_750     2.903030   34.986690    7.053610
387    opls_750    12.583030    7.891690    7.053610
388    opls_750    16.456970   34.986690    7.053610
389    opls_750     6.776970    7.891690    7.053610
390    opls_750     2.903030   19.203310    7.053610
391    opls_750    12.583030   46.298310    7.053610
392    opls_750     2.903030   34.986690   18.846390
393    opls_750    12.583030    7.891690   18.846390
394    opls_750    16.456970   19.203310   18.846390
395    opls_750     6.776970   46.298310   18.846390
396    opls_239    17.942070    0.000000    2.491320
397    opls_239     8.262070   27.095000    2.491320
398    opls_239     1.417930    0.000000    2.491320
399    opls_239    11.097930   27.095000    2.491320
400    opls_239     1.417930    0.000000   23.408680
401    opls_239    11.097930   27.095000   23.408680
402    opls_239    17.942070    0.000000   23.408680
403    opls_239     8.262070   27.095000   23.408680
404    opls_146     4.144590   19.488350   22.562530
405    opls_146     5.681970   21.344360   23.296790
406    opls_146     4.472350   23.725470   19.809360
407    opls_146     2.995570   21.826650   19.028470
408    opls_146     6.822270   24.225640   19.997130
409    opls_146     8.284140   26.119040   20.827480
410    opls_146     7.189340   25.110020   24.941960
411    opls_146     5.695520   23.301700   24.135690
412    opls_144     2.744470   18.415930   20.798740
413    opls_146     1.431090   18.178040   16.825680
414    opls_146     2.082560   16.126400   15.473700
415    opls_146     5.678480   15.626770   17.958800
416    opls_146     4.950350   17.573820   19.385890
417    opls_146     5.612460   10.219150   14.188280
418    opls_146    13.824590   46.583350   22.562530
419    opls_146    15.361970   48.439360   23.296790
420    opls_146    14.152350   50.820470   19.809360
421    opls_146    12.675570   48.921650   19.028470
422    opls_146    16.502270   51.320640   19.997130
423    opls_146    17.964140   53.214040   20.827480
424    opls_146    16.869340   52.205020   24.941960
425    opls_146    15.375520   50.396700   24.135690
426    opls_144    12.424470   45.510930   20.798740
427    opls_146    11.111090   45.273040   16.825680
428    opls_146    11.762560   43.221400   15.473700
429    opls_146    15.358480   42.721770   17.958800
430    opls_146    14.630350   44.668820   19.385890
431    opls_146    15.292460   37.314150   14.188280
432    opls_146    15.215410   34.701650   22.562530
433    opls_146    13.678030   32.845640   23.296790
434    opls_146    14.887650   30.464530   19.809360
435    opls_146    16.364430   32.363350   19.028470
436    opls_146    12.537730   29.964360   19.997130
437    opls_146    11.075860   28.070960   20.827480
438    opls_146    12.170660   29.079980   24.941960
439    opls_146    13.664480   30.888300   24.135690
440    opls_144    16.615530   35.774070   20.798740
441    opls_146    17.928910   36.011960   16.825680
442    opls_146    17.277440   38.063600   15.473700
443    opls_146    13.681520   38.563230   17.958800
444    opls_146    14.409650   36.616180   19.385890
445    opls_146    13.747540   43.970850   14.188280
446    opls_146     5.535410    7.606650   22.562530
447    opls_146     3.998030    5.750640   23.296790
448    opls_146     5.207650    3.369530   19.809360
449    opls_146     6.684430    5.268350   19.028470
450    opls_146     2.857730    2.869360   19.997130
451    opls_146     1.395860    0.975960   20.827480
452    opls_146     2.490660    1.984980   24.941960
453    opls_146     3.984480    3.793300   24.135690
454    opls_144     6.935530    8.679070   20.798740
455    opls_146     8.248910    8.916960   16.825680
456    opls_146     7.597440   10.968600   15.473700
457    opls_146     4.001520   11.468230   17.958800
458    opls_146     4.729650    9.521180   19.385890
459    opls_146     4.067540   16.875850   14.188280
460    opls_146    15.215410   19.488350    3.337470
461    opls_146    13.678030   21.344360    2.603210
462    opls_146    14.887650   23.725470    6.090640
463    opls_146    16.364430   21.826650    6.871530
464    opls_146    12.537730   24.225640    5.902870
465    opls_146    11.075860   26.119040    5.072520
466    opls_146    12.170660   25.110020    0.958040
467    opls_146    13.664480   23.301700    1.764310
468    opls_144    16.615530   18.415930    5.101260
469    opls_146    17.928910   18.178040    9.074320
470    opls_146    17.277440   16.126400   10.426300
471    opls_146    13.681520   15.626770    7.941200
472    opls_146    14.409650   17.573820    6.514110
473    opls_146    13.747540   10.219150   11.711720
474    opls_146     5.535410   46.583350    3.337470
475    opls_146     3.998030   48.439360    2.603210
476    opls_146     5.207650   50.820470    6.090640
477    opls_146     6.684430   48.921650    6.871530
478    opls_146     2.857730   51.320640    5.902870
479    opls_146     1.395860   53.214040    5.072520
480    opls_146     2.490660   52.205020    0.958040
481    opls_146     3.984480   50.396700    1.764310
482    opls_144     6.935530   45.510930    5.101260
483    opls_146     8.248910   45.273040    9.074320
484    opls_146     7.597440   43.221400   10.426300
485    opls_146     4.001520   42.721770    7.941200
486    opls_146     4.729650   44.668820    6.514110
487    opls_146     4.067540   37.314150   11.711720
488    opls_146     4.144590   34.701650    3.337470
489    opls_146     5.681970   32.845640    2.603210
490    opls_146     4.472350   30.464530    6.090640
491    opls_146     2.995570   32.363350    6.871530
492    opls_146     6.822270   29.964360    5.902870
493    opls_146     8.284140   28.070960    5.072520
494    opls_146     7.189340   29.079980    0.958040
495    opls_146     5.695520   30.888300    1.764310
496    opls_144     2.744470   35.774070    5.101260
497    opls_146     1.431090   36.011960    9.074320
498    opls_146     2.082560   38.063600   10.426300
499    opls_146     5.678480   38.563230    7.941200
500    opls_146     4.950350   36.616180    6.514110
501    opls_146     5.612460   43.970850   11.711720
502    opls_146    13.824590    7.606650    3.337470
503    opls_146    15.361970    5.750640    2.603210
504    opls_146    14.152350    3.369530    6.090640
505    opls_146    12.675570    5.268350    6.871530
506    opls_146    16.502270    2.869360    5.902870
507    opls_146    17.964140    0.975960    5.072520
508    opls_146    16.869340    1.984980    0.958040
509    opls_146    15.375520    3.793300    1.764310
510    opls_144    12.424470    8.679070    5.101260
511    opls_146    11.111090    8.916960    9.074320
512    opls_146    11.762560   10.968600   10.426300
513    opls_146    15.358480   11.468230    7.941200
514    opls_146    14.630350    9.521180    6.514110
515    opls_146    15.292460   16.875850   11.711720
516    opls_146    15.215410   34.701650    3.337470
517    opls_146    13.678030   32.845640    2.603210
518    opls_146    14.887650   30.464530    6.090640
519    opls_146    16.364430   32.363350    6.871530
520    opls_146    12.537730   29.964360    5.902870
521    opls_146    11.075860   28.070960    5.072520
522    opls_146    12.170660   29.079980    0.958040
523    opls_146    13.664480   30.888300    1.764310
524    opls_144    16.615530   35.774070    5.101260
525    opls_146    17.928910   36.011960    9.074320
526    opls_146    17.277440   38.063600   10.426300
527    opls_146    13.681520   38.563230    7.941200
528    opls_146    14.409650   36.616180    6.514110
529    opls_146    13.747540   43.970850   11.711720
530    opls_146     5.535410    7.606650    3.337470
531    opls_146     3.998030    5.750640    2.603210
532    opls_146     5.207650    3.369530    6.090640
533    opls_146     6.684430    5.268350    6.871530
534    opls_146     2.857730    2.869360    5.902870
535    opls_146     1.395860    0.975960    5.072520
536    opls_146     2.490660    1.984980    0.958040
537    opls_146     3.984480    3.793300    1.764310
538    opls_144     6.935530    8.679070    5.101260
539    opls_146     8.248910    8.916960    9.074320
540    opls_146     7.597440   10.968600   10.426300
541    opls_146     4.001520   11.468230    7.941200
542    opls_146     4.729650    9.521180    6.514110
543    opls_146     4.067540   16.875850   11.711720
544    opls_146     4.144590   19.488350    3.337470
545    opls_146     5.681970   21.344360    2.603210
546    opls_146     4.472350   23.725470    6.090640
547    opls_146     2.995570   21.826650    6.871530
548    opls_146     6.822270   24.225640    5.902870
549    opls_146     8.284140   26.119040    5.072520
550    opls_146     7.189340   25.110020    0.958040
551    opls_146     5.695520   23.301700    1.764310
552    opls_144     2.744470   18.415930    5.101260
553    opls_146     1.431090   18.178040    9.074320
554    opls_146     2.082560   16.126400   10.426300
555    opls_146     5.678480   15.626770    7.941200
556    opls_146     4.950350   17.573820    6.514110
557    opls_146     5.612460   10.219150   11.711720
558    opls_146    13.824590   46.583350    3.337470
559    opls_146    15.361970   48.439360    2.603210
560    opls_146    14.152350   50.820470    6.090640
561    opls_146    12.675570   48.921650    6.871530
562    opls_146    16.502270   51.320640    5.902870
563    opls_146    17.964140   53.214040    5.072520
564    opls_146    16.869340   52.205020    0.958040
565    opls_146    15.375520   50.396700    1.764310
566    opls_144    12.424470   45.510930    5.101260
567    opls_146    11.111090   45.273040    9.074320
568    opls_146    11.762560   43.221400   10.426300
569    opls_146    15.358480   42.721770    7.941200
570    opls_146    14.630350   44.668820    6.514110
571    opls_146    15.292460   37.314150   11.711720
572    opls_146     4.144590   34.701650   22.562530
573    opls_146     5.681970   32.845640   23.296790
574    opls_146     4.472350   30.464530   19.809360
575    opls_146     2.995570   32.363350   19.028470
576    opls_146     6.822270   29.964360   19.997130
577    opls_146     8.284140   28.070960   20.827480
578    opls_146     7.189340   29.079980   24.941960
579    opls_146     5.695520   30.888300   24.135690
580    opls_144     2.744470   35.774070   20.798740
581    opls_146     1.431090   36.011960   16.825680
582    opls_146     2.082560   38.063600   15.473700
583    opls_146     5.678480   38.563230   17.958800
584    opls_146     4.950350   36.616180   19.385890
585    opls_146     5.612460   43.970850   14.188280
586    opls_146    13.824590    7.606650   22.562530
587    opls_146    15.361970    5.750640   23.296790
588    opls_146    14.152350    3.369530   19.809360
589    opls_146    12.675570    5.268350   19.028470
590    opls_146    16.502270    2.869360   19.997130
591    opls_146    17.964140    0.975960   20.827480
592    opls_146    16.869340    1.984980   24.941960
593    opls_146    15.375520    3.793300   24.135690
594    opls_144    12.424470    8.679070   20.798740
595    opls_146    11.111090    8.916960   16.825680
596    opls_146    11.762560   10.968600   15.473700
597    opls_146    15.358480   11.468230   17.958800
598    opls_146    14.630350    9.521180   19.385890
599    opls_146    15.292460   16.875850   14.188280
600    opls_146    15.215410   19.488350   22.562530
601    opls_146    13.678030   21.344360   23.296790
602    opls_146    14.887650   23.725470   19.809360
603    opls_146    16.364430   21.826650   19.028470
604    opls_146    12.537730   24.225640   19.997130
605    opls_146    11.075860   26.119040   20.827480
606    opls_146    12.170660   25.110020   24.941960
607    opls_146    13.664480   23.301700   24.135690
608    opls_144    16.615530   18.415930   20.798740
609    opls_146    17.928910   18.178040   16.825680
610    opls_146    17.277440   16.126400   15.473700
611    opls_146    13.681520   15.626770   17.958800
612    opls_146    14.409650   17.573820   19.385890
613    opls_146    13.747540   10.219150   14.188280
614    opls_146     5.535410   46.583350   22.562530
615    opls_146     3.998030   48.439360   23.296790
616    opls_146     5.207650   50.820470   19.809360
617    opls_146     6.684430   48.921650   19.028470
618    opls_146     2.857730   51.320640   19.997130
619    opls_146     1.395860   53.214040   20.827480
620    opls_146     2.490660   52.205020   24.941960
621    opls_146     3.984480   50.396700   24.135690
622    opls_144     6.935530   45.510930   20.798740
623    opls_146     8.248910   45.273040   16.825680
624    opls_146     7.597440   43.221400   15.473700
625    opls_146     4.001520   42.721770   17.958800
626    opls_146     4.729650   44.668820   19.385890
627    opls_146     4.067540   37.314150   14.188280
628    opls_719     6.924490   27.095000    0.000000
629    opls_719    16.604490    0.000000    0.000000
630    opls_719    12.435510   27.095000    0.000000
631    opls_719     2.755510    0.000000    0.000000
