0      opls_145    14.439160   14.388420    2.788470
1      opls_700    13.109970   14.760530    3.016850
2      opls_700    12.101120   13.771460    3.027300
3      opls_700    12.414710   12.456330    2.620670
4      opls_700    13.755130   12.109530    2.310550
5      opls_700    14.784480   13.069670    2.472730
6      opls_700    11.382400   11.488470    2.515720
7      opls_700    11.696420   10.172370    2.112780
8      opls_145    13.011500    9.877870    1.710190
9      opls_145    14.021550   10.824760    1.813380
10     opls_145    10.786470   14.064520    3.433200
11     opls_145     9.775520   13.119080    3.325160
12     opls_700    10.041990   11.835510    2.825100
13     opls_700     9.012170   10.876330    2.661810
14     opls_145     9.357690    9.557100    2.349030
15     opls_700    10.687530    9.183310    2.125680
16     opls_700    11.008450    7.739720    2.085350
17     opls_700     7.566490   11.214210    2.756400
18     opls_700    16.230430   12.732270    2.376940
19     opls_700    12.788460   16.203150    3.076570
20     opls_145    10.243060    6.847050    1.313920
21     opls_145    10.484310    5.473350    1.388000
22     opls_145    11.501700    4.982190    2.235530
23     opls_145    12.277420    5.875340    2.976650
24     opls_145    12.019880    7.236990    2.923170
25     opls_145     7.036140   12.270030    1.994210
26     opls_145     5.661970   12.512720    1.977740
27     opls_145     4.784260   11.695490    2.700630
28     opls_145     5.313260   10.645930    3.483930
29     opls_145     6.692170   10.410960    3.509470
30     opls_145    16.761750   11.677650    3.139730
31     opls_145    18.135730   11.433760    3.152580
32     opls_145    19.012050   12.248100    2.425300
33     opls_145    18.482500   13.299830    1.645230
34     opls_145    17.103790   13.535760    1.622740
35     opls_145    13.547140   17.084250    3.867600
36     opls_145    13.287070   18.456260    3.832950
37     opls_145    12.256800   18.956340    3.007000
38     opls_145    11.497290   18.074760    2.235490
39     opls_145    11.773410   16.715760    2.249460
40     opls_142     2.398910   11.270610    3.095400
41     opls_142    21.396060   12.646960    1.995240
42     opls_142    12.596110   21.345370    3.400870
43     opls_142    11.074370    2.591960    1.971980
44     opls_700    12.184630   22.710880    3.057140
45     opls_700    22.800130   12.281840    2.277150
46     opls_700     0.995310   11.636930    2.814140
47     opls_700    11.467230    1.228140    2.343490
48     opls_145    12.918310   23.794410    3.553970
49     opls_145    11.083760   22.944890    2.205990
50     opls_145    23.123760   11.189870    3.106320
51     opls_145    23.835670   13.047020    1.720080
52     opls_145    10.728530    0.145080    1.853960
53     opls_145    12.564090    0.994850    3.200350
54     opls_145     0.671440   12.729380    1.985310
55     opls_145    -0.040450   10.871030    3.370260
56     opls_750    11.761500    3.591380    2.426590
57     opls_750     3.374390   11.949500    2.568340
58     opls_750    11.966970   20.347150    2.866290
59     opls_750    20.421760   11.991680    2.552690
60     opls_146    15.268980   15.166850    2.857990
61     opls_146    13.262100    8.847830    1.291050
62     opls_146    15.083590   10.562790    1.492130
63     opls_146    10.536980   15.092140    3.859050
64     opls_146     8.713260   13.381520    3.644680
65     opls_146     8.547610    8.758900    2.271260
66     opls_146     9.424490    7.244460    0.627060
67     opls_146     9.860390    4.750590    0.764980
68     opls_146    13.127200    5.486370    3.629640
69     opls_146    12.635390    7.950350    3.565020
70     opls_146     7.730110   12.936400    1.382800
71     opls_146     5.244050   13.383210    1.371750
72     opls_146     4.615800    9.986080    4.098740
73     opls_146     7.114250    9.563120    4.144050
74     opls_146    16.068690   11.013460    3.754530
75     opls_146    18.554620   10.564240    3.759390
76     opls_146    19.179230   13.960410    1.030680
77     opls_146    16.680940   14.384330    0.989840
78     opls_146    10.645430   18.470960    1.589900
79     opls_146    11.170810   16.013000    1.584220
80     opls_144     2.631750   10.387820    3.778220
81     opls_144    21.162470   13.507810    1.285250
82     opls_144    13.457330   21.175710    4.128190
83     opls_144    10.175080    2.760900    1.291910
84     opls_146    13.804870   23.612460    4.247280
85     opls_146    10.479050   22.067160    1.801940
86     opls_146    22.293980   10.558930    3.567600
87     opls_146    23.590420   13.933660    1.046760
88     opls_146     9.836700    0.327040    1.167570
89     opls_146    13.166300    1.873050    3.607540
90     opls_146     1.501190   13.361760    1.525450
91     opls_146     0.204590    9.982940    4.041640
92     opls_146    14.375300   16.678890    4.538000
93     opls_146    13.906070   19.170100    4.470800
