0      opls_700    39.322550   18.110450    0.046910
1      opls_700     1.227450   20.969550    0.046910
2      opls_700     1.227450   18.110450    3.553090
3      opls_700    39.322550   20.969550    3.553090
4      opls_700    19.047960   37.651630    0.051480
5      opls_700    21.502040    1.427980    0.051480
6      opls_700    21.502040   37.651630    3.548520
7      opls_700    19.047960    1.427980    3.548520
8      opls_145    38.137680   20.228200    0.029520
9      opls_145     2.412320   18.851800    0.029520
10     opls_145     2.412320   20.228200    3.570480
11     opls_145    38.137680   18.851800    3.570480
12     opls_145    17.861060    0.688590    0.029340
13     opls_145    22.688940   38.391410    0.029340
14     opls_145    22.688940    0.688590    3.570660
15     opls_145    17.861060   38.391410    3.570660
16     opls_700    39.316060   22.476470    3.476230
17     opls_700     1.233940   16.603530    3.476230
18     opls_700     1.233940   22.476470    0.123770
19     opls_700    39.316060   16.603530    0.123770
20     opls_700    19.044710    2.934520    3.460000
21     opls_700    21.505290   36.145480    3.460000
22     opls_700    21.505290    2.934520    0.140000
23     opls_700    19.044710   36.145480    0.140000
24     opls_700    38.147820   23.278000    3.249720
25     opls_700     2.402180   15.802000    3.249720
26     opls_700     2.402180   23.278000    0.350280
27     opls_700    38.147820   15.802000    0.350280
28     opls_700    17.882550    3.739960    3.228440
29     opls_700    22.667450   35.340430    3.228440
30     opls_700    22.667450    3.739960    0.371560
31     opls_700    17.882550   35.340430    0.371560
32     opls_145    36.974300   22.774650    2.484360
33     opls_145     3.575700   16.305350    2.484360
34     opls_145     3.575700   22.774650    1.115640
35     opls_145    36.974300   16.305350    1.115640
36     opls_145    16.770670    3.274900    2.501030
37     opls_145    23.779330   35.805100    2.501030
38     opls_145    23.779330    3.274900    1.098970
39     opls_145    16.770670   35.805100    1.098970
40     opls_145    35.885530   23.523820    2.302200
41     opls_145     4.664470   15.556180    2.302200
42     opls_145     4.664470   23.523820    1.297800
43     opls_145    35.885530   15.556180    1.297800
44     opls_145    15.647030    4.069790    2.279410
45     opls_145    24.902970   35.010210    2.279410
46     opls_145    24.902970    4.069790    1.320590
47     opls_145    15.647030   35.010210    1.320590
48     opls_145    35.862830   24.920930    2.745830
49     opls_145     4.687170   14.159070    2.745830
50     opls_145     4.687170   24.920930    0.854170
51     opls_145    35.862830   14.159070    0.854170
52     opls_145    15.627560    5.403200    2.668390
53     opls_145    24.922440   33.676800    2.668390
54     opls_145    24.922440    5.403200    0.931610
55     opls_145    15.627560   33.676800    0.931610
56     opls_145    36.971060   25.430530    3.431880
57     opls_145     3.578940   13.649470    3.431880
58     opls_145     3.578940   25.430530    0.168120
59     opls_145    36.971060   13.649470    0.168120
60     opls_145    16.786480    5.947980    3.408910
61     opls_145    23.763520   33.132020    3.408910
62     opls_145    23.763520    5.947980    0.191090
63     opls_145    16.786480   33.132020    0.191090
64     opls_145    38.069960   24.618840    0.106310
65     opls_145     2.480040   14.461160    0.106310
66     opls_145     2.480040   24.618840    3.493690
67     opls_145    38.069960   14.461160    3.493690
68     opls_145    17.821730    5.160900    0.103320
69     opls_145    22.728280   33.919490    0.103320
70     opls_145    22.728280    5.160900    3.496680
71     opls_145    17.821730   33.919490    3.496680
72     opls_142    34.635380   27.007410    2.572160
73     opls_142     5.914620   12.072590    2.572160
74     opls_142     5.914620   27.007410    1.027840
75     opls_142    34.635380   12.072590    1.027840
76     opls_142    14.443500    7.498280    2.453180
77     opls_142    26.106900   31.581720    2.453180
78     opls_142    26.106900    7.498280    1.146820
79     opls_142    14.443500   31.581720    1.146820
80     opls_145     0.000000   23.129890    0.000000
81     opls_145     0.000000   15.950110    0.000000
82     opls_145    20.275000    3.588720    0.000000
83     opls_145    20.275000   35.491280    0.000000
84     opls_700     0.000000   18.820540    0.000000
85     opls_700     0.000000   20.259460    0.000000
86     opls_700    20.275000   38.361710    0.000000
87     opls_700    20.275000    0.718290    0.000000
88     opls_521     7.114500   11.448880    2.262020
89     opls_521    33.435500   27.631120    2.262020
90     opls_521    33.435500   11.448880    1.337980
91     opls_521     7.114500   27.631120    1.337980
92     opls_521     8.326940    9.392880    2.217170
93     opls_521    32.223060   29.687510    2.217170
94     opls_521    32.223060    9.392880    1.382830
95     opls_521     8.326940   29.687510    1.382830
96     opls_700     9.567370   10.139700    1.868080
97     opls_700    30.982630   28.940300    1.868080
98     opls_700    30.982630   10.139700    1.731920
99     opls_700     9.567370   28.940300    1.731920
100    opls_523     9.453830   11.526260    1.659170
101    opls_523    31.096170   27.553740    1.659170
102    opls_523    31.096170   11.526260    1.940830
103    opls_523     9.453830   27.553740    1.940830
104    opls_522     8.237730   12.174200    1.848380
105    opls_522    32.312270   26.905800    1.848380
106    opls_522    32.312270   12.174200    1.751620
107    opls_522     8.237730   26.905800    1.751620
108    opls_521    27.298260   30.941980    2.153050
109    opls_521    13.252150    8.138020    2.153050
110    opls_521    13.252150   30.941980    1.446950
111    opls_521    27.298260    8.138020    1.446950
112    opls_521    28.536250   28.915290    2.122450
113    opls_521    12.013750   10.164710    2.122450
114    opls_521    12.013750   28.915290    1.477550
115    opls_521    28.536250   10.164710    1.477550
116    opls_700    29.737340   29.596850    1.834200
117    opls_700    10.812660    9.483150    1.834200
118    opls_700    10.812660   29.596850    1.765800
119    opls_700    29.737340    9.483150    1.765800
120    opls_523    29.656650   31.061570    1.594220
121    opls_523    10.893350    8.018430    1.594220
122    opls_523    10.893350   31.061570    2.005780
123    opls_523    29.656650    8.018430    2.005780
124    opls_522    28.497320   31.700130    1.741360
125    opls_522    12.052680    7.379870    1.741360
126    opls_522    12.052680   31.700130    1.858640
127    opls_522    28.497320    7.379870    1.858640
128    opls_750    34.779330   25.666960    2.423410
129    opls_750     5.770670   13.413040    2.423410
130    opls_750     5.770670   25.666960    1.176590
131    opls_750    34.779330   13.413040    1.176590
132    opls_750    14.556230    6.154320    2.322360
133    opls_750    25.993770   32.925680    2.322360
134    opls_750    25.993770    6.154320    1.277640
135    opls_750    14.556230   32.925680    1.277640
136    opls_520     7.211010   10.026360    2.412070
137    opls_520    33.338990   29.053640    2.412070
138    opls_520    33.338990   10.026360    1.187930
139    opls_520     7.211010   29.053640    1.187930
140    opls_520    27.376930   29.596070    2.295470
141    opls_520    13.173480    9.484330    2.295470
142    opls_520    13.173480   29.596070    1.304530
143    opls_520    27.376930    9.484330    1.304530
144    opls_146    37.173000   20.680750    0.144180
145    opls_146    16.896780    1.145430    0.146340
146    opls_146    37.011200   21.833610    1.976400
147    opls_146    16.793780    2.328780    1.999370
148    opls_146    35.057910   23.145130    1.716800
149    opls_146    14.820620    3.676650    1.701360
150    opls_146    36.975110   26.431370    3.832520
151    opls_146    16.766210    6.942950    3.825290
152    opls_146    38.815270   25.042850    0.763160
153    opls_146    18.559330    5.560300    0.785120
154    opls_144    35.444760   27.633080    2.917150
155    opls_144    15.269910    8.108710    2.786180
156    opls_524     8.342760    8.327560    2.391950
157    opls_526    10.294020   12.119100    1.324480
158    opls_525     8.179750   13.244210    1.693510
159    opls_524    28.524090   27.855050    2.325100
160    opls_526    30.514280   31.620410    1.245710
161    opls_525    28.436900   32.763500    1.549010
162    opls_146     3.377000   18.399250    0.144180
163    opls_146    23.653220   37.934570    0.146340
164    opls_146     3.538800   17.246390    1.976400
165    opls_146    23.756220   36.751220    1.999370
166    opls_146     5.492090   15.934870    1.716800
167    opls_146    25.729380   35.403350    1.701360
168    opls_146     3.574890   12.648630    3.832520
169    opls_146    23.783790   32.137050    3.825290
170    opls_146     1.734730   14.037150    0.763160
171    opls_146    21.990670   33.519700    0.785120
172    opls_144     5.105250   11.446920    2.917150
173    opls_144    25.280090   30.971290    2.786180
174    opls_524    32.207240   30.752830    2.391950
175    opls_526    30.255980   26.960900    1.324480
176    opls_525    32.370250   25.835790    1.693510
177    opls_524    12.025910   11.224950    2.325100
178    opls_526    10.035720    7.459590    1.245710
179    opls_525    12.113100    6.316500    1.549010
180    opls_146     3.377000   20.680750    3.455820
181    opls_146    23.653220    1.145430    3.453660
182    opls_146     3.538800   21.833610    1.623600
183    opls_146    23.756220    2.328780    1.600630
184    opls_146     5.492090   23.145130    1.883200
185    opls_146    25.729380    3.676650    1.898640
186    opls_146     3.574890   26.431370   -0.232520
187    opls_146    23.783790    6.942950   -0.225290
188    opls_146     1.734730   25.042850    2.836840
189    opls_146    21.990670    5.560300    2.814880
190    opls_144     5.105250   27.633080    0.682850
191    opls_144    25.280090    8.108710    0.813820
192    opls_524    32.207240    8.327560    1.208050
193    opls_526    30.255980   12.119100    2.275520
194    opls_525    32.370250   13.244210    1.906490
195    opls_524    12.025910   27.855050    1.274900
196    opls_526    10.035720   31.620410    2.354290
197    opls_525    12.113100   32.763500    2.050990
198    opls_146    37.173000   18.399250    3.455820
199    opls_146    16.896780   37.934570    3.453660
200    opls_146    37.011200   17.246390    1.623600
201    opls_146    16.793780   36.751220    1.600630
202    opls_146    35.057910   15.934870    1.883200
203    opls_146    14.820620   35.403350    1.898640
204    opls_146    36.975110   12.648630   -0.232520
205    opls_146    16.766210   32.137050   -0.225290
206    opls_146    38.815270   14.037150    2.836840
207    opls_146    18.559330   33.519700    2.814880
208    opls_144    35.444760   11.446920    0.682850
209    opls_144    15.269910   30.971290    0.813820
210    opls_524     8.342760   30.752830    1.208050
211    opls_526    10.294020   26.960900    2.275520
212    opls_525     8.179750   25.835790    1.906490
213    opls_524    28.524090   11.224950    1.274900
214    opls_526    30.514280    7.459590    2.354290
215    opls_525    28.436900    6.316500    2.050990
216    opls_146    20.275000   34.423230    0.000000
217    opls_146    20.275000    4.656770    0.000000
218    opls_146     0.000000   14.881660    0.000000
219    opls_146     0.000000   24.198340    0.000000
