0      opls_145     9.792430   26.090660    3.373150
1      opls_145    29.768830    9.610960    3.373150
2      opls_145    30.160370    6.868740    3.373150
3      opls_145    10.183970   23.348440    3.373150
4      opls_145    30.160370   26.090660    3.373150
5      opls_145    10.183970    9.610960    3.373150
6      opls_145     9.792430    6.868740    3.373150
7      opls_145    29.768830   23.348440    3.373150
8      opls_166    11.298650   24.186270    3.373150
9      opls_166    31.275050    7.706570    3.373150
10     opls_166    28.654150    8.773130    3.373150
11     opls_166     8.677750   25.252830    3.373150
12     opls_166    28.654150   24.186270    3.373150
13     opls_166     8.677750    7.706570    3.373150
14     opls_166    11.298650    8.773130    3.373150
15     opls_166    31.275050   25.252830    3.373150
16     opls_142     7.794390   22.801310    3.373150
17     opls_142    27.770790    6.321610    3.373150
18     opls_142    32.158410   10.158090    3.373150
19     opls_142    12.182010   26.637790    3.373150
20     opls_142    32.158410   22.801310    3.373150
21     opls_142    12.182010    6.321610    3.373150
22     opls_142     7.794390   10.158090    3.373150
23     opls_142    27.770790   26.637790    3.373150
24     opls_700    11.110470   25.600550    3.373150
25     opls_700    31.086870    9.120850    3.373150
26     opls_700    28.842330    7.358850    3.373150
27     opls_700     8.865930   23.838550    3.373150
28     opls_700    28.842330   25.600550    3.373150
29     opls_700     8.865930    9.120850    3.373150
30     opls_700    11.110470    7.358850    3.373150
31     opls_700    31.086870   23.838550    3.373150
32     opls_543     3.028820   15.357430    3.373150
33     opls_543    23.005220   31.837130    3.373150
34     opls_543    36.923980   17.601970    3.373150
35     opls_543    16.947580    1.122270    3.373150
36     opls_543    36.923980   15.357430    3.373150
37     opls_543    16.947580   31.837130    3.373150
38     opls_543     3.028820   17.601970    3.373150
39     opls_543    23.005220    1.122270    3.373150
40     opls_716     4.354460   15.777010    3.373150
41     opls_716    24.330860   32.256710    3.373150
42     opls_716    35.598340   17.182390    3.373150
43     opls_716    15.621940    0.702690    3.373150
44     opls_716    35.598340   15.777010    3.373150
45     opls_716    15.621940   32.256710    3.373150
46     opls_716     4.354460   17.182390    3.373150
47     opls_716    24.330860    0.702690    3.373150
48     opls_543    21.153410   29.945590    3.373150
49     opls_543     1.177010   13.465890    3.373150
50     opls_543    18.799390    3.013810    3.373150
51     opls_543    38.775790   19.493510    3.373150
52     opls_543    18.799390   29.945590    3.373150
53     opls_543    38.775790   13.465890    3.373150
54     opls_543    21.153410    3.013810    3.373150
55     opls_543     1.177010   19.493510    3.373150
56     opls_716    20.651600   28.557670    3.373150
57     opls_716     0.675200   12.077970    3.373150
58     opls_716    19.301200    4.401730    3.373150
59     opls_716    39.277600   20.881430    3.373150
60     opls_716    19.301200   28.557670    3.373150
61     opls_716    39.277600   12.077970    3.373150
62     opls_716    20.651600    4.401730    3.373150
63     opls_716     0.675200   20.881430    3.373150
64     opls_700     2.496250   13.907880    3.373150
65     opls_700    22.472650   30.387580    3.373150
66     opls_700    37.456550   19.051520    3.373150
67     opls_700    17.480150    2.571820    3.373150
68     opls_700    37.456550   13.907880    3.373150
69     opls_700    17.480150   30.387580    3.373150
70     opls_700     2.496250   19.051520    3.373150
71     opls_700    22.472650    2.571820    3.373150
72     opls_700     3.537820   12.865700    3.373150
73     opls_700    23.514220   29.345400    3.373150
74     opls_700    36.414980   20.093700    3.373150
75     opls_700    16.438580    3.614000    3.373150
76     opls_700    36.414980   12.865700    3.373150
77     opls_700    16.438580   29.345400    3.373150
78     opls_700     3.537820   20.093700    3.373150
79     opls_700    23.514220    3.614000    3.373150
80     opls_145    24.012430   28.849030    4.585930
81     opls_145     4.036030   12.369330    4.585930
82     opls_145    15.940370    4.110370    4.585930
83     opls_145    35.916770   20.590070    4.585930
84     opls_145    15.940370   28.849030    2.160440
85     opls_145    35.916770   12.369330    2.160440
86     opls_145    24.012430    4.110370    2.160440
87     opls_145     4.036030   20.590070    2.160440
88     opls_145    15.940370    4.110370    2.160440
89     opls_145    35.916770   20.590070    2.160440
90     opls_145    24.012430   28.849030    2.160440
91     opls_145     4.036030   12.369330    2.160440
92     opls_145    24.012430    4.110370    4.585930
93     opls_145     4.036030   20.590070    4.585930
94     opls_145    15.940370   28.849030    4.585930
95     opls_145    35.916770   12.369330    4.585930
96     opls_145     5.026460   11.380550    4.583370
97     opls_145    25.002860   27.860250    4.583370
98     opls_145    34.926340   21.578850    4.583370
99     opls_145    14.949940    5.099150    4.583370
100    opls_145    34.926340   11.380550    2.162930
101    opls_145    14.949940   27.860250    2.162930
102    opls_145     5.026460   21.578850    2.162930
103    opls_145    25.002860    5.099150    2.162930
104    opls_145    34.926340   21.578850    2.162930
105    opls_145    14.949940    5.099150    2.162930
106    opls_145     5.026460   11.380550    2.162930
107    opls_145    25.002860   27.860250    2.162930
108    opls_145     5.026460   21.578850    4.583370
109    opls_145    25.002860    5.099150    4.583370
110    opls_145    34.926340   11.380550    4.583370
111    opls_145    14.949940   27.860250    4.583370
112    opls_145     5.526270   10.890440    3.373150
113    opls_145    25.502670   27.370140    3.373150
114    opls_145    34.426530   22.068960    3.373150
115    opls_145    14.450130    5.589260    3.373150
116    opls_145    34.426530   10.890440    3.373150
117    opls_145    14.450130   27.370140    3.373150
118    opls_145     5.526270   22.068960    3.373150
119    opls_145    25.502670    5.589260    3.373150
120    opls_750    13.445320   26.355980    3.373150
121    opls_750    33.421720    9.876280    3.373150
122    opls_750    26.507480    6.603420    3.373150
123    opls_750     6.531080   23.083120    3.373150
124    opls_750    26.507480   26.355980    3.373150
125    opls_750     6.531080    9.876280    3.373150
126    opls_750    13.445320    6.603420    3.373150
127    opls_750    33.421720   23.083120    3.373150
128    opls_542     2.298090   16.479700    3.373150
129    opls_542    22.274490    0.000000    3.373150
130    opls_542    37.654710   16.479700    3.373150
131    opls_542    17.678310    0.000000    3.373150
132    opls_542    19.976400   30.731340    3.373150
133    opls_542     0.000000   14.251640    3.373150
134    opls_542    19.976400    2.228390    3.373150
135    opls_542     0.000000   18.707760    3.373150
136    opls_545     1.339220   16.479700    3.373150
137    opls_545    21.315620    0.000000    3.373150
138    opls_545    38.613580   16.479700    3.373150
139    opls_545    18.637180    0.000000    3.373150
140    opls_547     5.228220   15.139900    3.373150
141    opls_547    25.204620   31.619600    3.373150
142    opls_547    34.724580   17.819500    3.373150
143    opls_547    14.748180    1.339800    3.373150
144    opls_547    34.724580   15.139900    3.373150
145    opls_547    14.748180   31.619600    3.373150
146    opls_547     5.228220   17.819500    3.373150
147    opls_547    25.204620    1.339800    3.373150
148    opls_547    21.264080   27.666120    3.373150
149    opls_547     1.287680   11.186420    3.373150
150    opls_547    18.688720    5.293280    3.373150
151    opls_547    38.665120   21.772980    3.373150
152    opls_547    18.688720   27.666120    3.373150
153    opls_547    38.665120   11.186420    3.373150
154    opls_547    21.264080    5.293280    3.373150
155    opls_547     1.287680   21.772980    3.373150
156    opls_146     3.653680   12.747050    5.525560
157    opls_146    23.630080   29.226750    5.525560
158    opls_146    36.299120   20.212350    5.525560
159    opls_146    16.322720    3.732650    5.525560
160    opls_146    36.299120   12.747050    1.220740
161    opls_146    16.322720   29.226750    1.220740
162    opls_146     3.653680   20.212350    1.220740
163    opls_146    23.630080    3.732650    1.220740
164    opls_146    36.299120   20.212350    1.220740
165    opls_146    16.322720    3.732650    1.220740
166    opls_146     3.653680   12.747050    1.220740
167    opls_146    23.630080   29.226750    1.220740
168    opls_146     3.653680   20.212350    5.525560
169    opls_146    23.630080    3.732650    5.525560
170    opls_146    36.299120   12.747050    5.525560
171    opls_146    16.322720   29.226750    5.525560
172    opls_146     5.410810   10.988330    5.514360
173    opls_146    25.387210   27.468030    5.514360
174    opls_146    34.541990   21.971070    5.514360
175    opls_146    14.565590    5.491370    5.514360
176    opls_146    34.541990   10.988330    1.231940
177    opls_146    14.565590   27.468030    1.231940
178    opls_146     5.410810   21.971070    1.231940
179    opls_146    25.387210    5.491370    1.231940
180    opls_146    34.541990   21.971070    1.231940
181    opls_146    14.565590    5.491370    1.231940
182    opls_146     5.410810   10.988330    1.231940
183    opls_146    25.387210   27.468030    1.231940
184    opls_146     5.410810   21.971070    5.514360
185    opls_146    25.387210    5.491370    5.514360
186    opls_146    34.541990   10.988330    5.514360
187    opls_146    14.565590   27.468030    5.514360
188    opls_146     9.603450   27.156900    3.373150
189    opls_144     8.094040   21.756170    3.373150
190    opls_168    13.351430   24.109470    3.373150
191    opls_146    29.579850   10.677200    3.373150
192    opls_144    28.070440    5.276470    3.373150
193    opls_168    33.327830    7.629770    3.373150
194    opls_146    30.349350    5.802500    3.373150
195    opls_144    31.858760   11.203230    3.373150
196    opls_168    26.601370    8.849930    3.373150
197    opls_146    10.372950   22.282200    3.373150
198    opls_144    11.882360   27.682930    3.373150
199    opls_168     6.624970   25.329630    3.373150
200    opls_146    30.349350   27.156900    3.373150
201    opls_144    31.858760   21.756170    3.373150
202    opls_168    26.601370   24.109470    3.373150
203    opls_146    10.372950   10.677200    3.373150
204    opls_144    11.882360    5.276470    3.373150
205    opls_168     6.624970    7.629770    3.373150
206    opls_146     9.603450    5.802500    3.373150
207    opls_144     8.094040   11.203230    3.373150
208    opls_168    13.351430    8.849930    3.373150
209    opls_146    29.579850   22.282200    3.373150
210    opls_144    28.070440   27.682930    3.373150
211    opls_168    33.327830   25.329630    3.373150
212    opls_545    19.976400   31.694420    3.373150
213    opls_545     0.000000   15.214720    3.373150
214    opls_545    19.976400    1.264980    3.373150
215    opls_545     0.000000   17.744680    3.373150
216    opls_167    12.531600   23.527740    3.373150
217    opls_167    32.508000    7.048040    3.373150
218    opls_167    27.421200    9.431660    3.373150
219    opls_167     7.444800   25.911360    3.373150
220    opls_167    27.421200   23.527740    3.373150
221    opls_167     7.444800    7.048040    3.373150
222    opls_167    12.531600    9.431660    3.373150
223    opls_167    32.508000   25.911360    3.373150
