0      opls_700     4.508940   17.538930    3.165450
1      opls_145     4.623020   18.922100    3.375390
2      opls_523     3.527480   19.759520    3.169220
3      opls_700     2.288880   19.232600    2.765020
4      opls_523     2.185660   17.849440    2.527630
5      opls_145     3.288450   17.012010    2.720980
6      opls_531     1.100980   20.104530    2.662990
7      opls_142     0.892730   27.929930    3.454830
8      opls_145    -0.019920   29.981160    0.639630
9      opls_145     7.862580   14.979600    0.715190
10     opls_700     9.057720   14.283310    1.102980
11     opls_567     9.075830   18.586500    0.878940
12     opls_567     8.565180   10.463140    0.446090
13     opls_716     9.765750   10.623100    1.100870
14     opls_716    10.017460   11.943530    1.368880
15     opls_135    10.071780   22.237300    0.041780
16     opls_700     0.664570   26.499720    3.165450
17     opls_145    -0.590330   25.906930    3.375390
18     opls_523    -0.767790   24.539450    3.169220
19     opls_700     0.307840   23.730250    2.765020
20     opls_523     1.557310   24.332440    2.527630
21     opls_145     1.731140   25.706200    2.720980
22     opls_531     0.146680   22.265530    2.662990
23     opls_142    -6.526200   18.172490    3.454830
24     opls_145    -7.846280   16.356490    0.639630
25     opls_145     1.204200   30.683720    0.715190
26     opls_700    19.317830    0.702560    1.102980
27     opls_567    -2.526090   29.930970    0.878940
28     opls_567    22.872470    2.186090    0.446090
29     opls_716    22.133650    3.145840    1.100870
30     opls_716    20.864270    2.703600    1.368880
31     opls_135    -6.185760   28.968090    0.041780
32     opls_700    -5.173510   18.690000    3.165450
33     opls_145    -4.032700   17.899620    3.375390
34     opls_523    -2.759690   18.429680    3.169220
35     opls_700    -2.596720   19.765800    2.765020
36     opls_523    -3.742960   20.546770    2.527630
37     opls_145    -5.019590   20.010440    2.720980
38     opls_531    -1.247650   20.358580    2.662990
39     opls_142     5.633460   16.626230    3.454830
40     opls_145     7.866200   16.390990    0.639630
41     opls_145    -9.066780   17.065330    0.715190
42     opls_700    25.949050   16.378450    1.102980
43     opls_567    -6.549740   14.211170    0.878940
44     opls_567    22.886950   18.715090    0.446090
45     opls_716    22.425190   17.595380    1.100870
46     opls_716    23.442880   16.717180    1.368880
47     opls_135    -3.886020   11.523250    0.041780
48     opls_700    13.599260   13.825390    3.165450
49     opls_145    13.485180   12.442230    3.375390
50     opls_523    14.580720   11.604800    3.169220
51     opls_700    15.819320   12.131720    2.765020
52     opls_523    15.922540   13.514890    2.527630
53     opls_145    14.819750   14.352310    2.720980
54     opls_531    17.007220   11.259790    2.662990
55     opls_142    17.215470    3.434390    3.454830
56     opls_145    18.128120    1.383170    0.639630
57     opls_145    10.245620   16.384720    0.715190
58     opls_700     9.050480   17.081010    1.102980
59     opls_567     9.032370   12.777820    0.878940
60     opls_567     9.543020   20.901180    0.446090
61     opls_716     8.342450   20.741230    1.100870
62     opls_716     8.090740   19.420790    1.368880
63     opls_135     8.036420    9.127020    0.041780
64     opls_700    17.443630    4.864610    3.165450
65     opls_145    18.698530    5.457390    3.375390
66     opls_523    18.875990    6.824880    3.169220
67     opls_700    17.800360    7.634080    2.765020
68     opls_523    16.550890    7.031880    2.527630
69     opls_145    16.377060    5.658120    2.720980
70     opls_531    17.961520    9.098790    2.662990
71     opls_142    24.634400   13.191830    3.454830
72     opls_145    25.954480   15.007830    0.639630
73     opls_145    16.904000    0.680610    0.715190
74     opls_700    -1.209630   30.661760    1.102980
75     opls_567    20.634290    1.433350    0.878940
76     opls_567    -4.764270   29.178230    0.446090
77     opls_716    -4.025450   28.218480    1.100870
78     opls_716    -2.756070   28.660720    1.368880
79     opls_135    24.293960    2.396230    0.041780
80     opls_700    23.281710   12.674320    3.165450
81     opls_145    22.140900   13.464700    3.375390
82     opls_523    20.867890   12.934650    3.169220
83     opls_700    20.704920   11.598530    2.765020
84     opls_523    21.851160   10.817550    2.527630
85     opls_145    23.127790   11.353880    2.720980
86     opls_531    19.355850   11.005740    2.662990
87     opls_142    12.474740   14.738100    3.454830
88     opls_145    10.242000   14.973330    0.639630
89     opls_145    27.174980   14.298990    0.715190
90     opls_700    -7.840850   14.985870    1.102980
91     opls_567    24.657940   17.153150    0.878940
92     opls_567    -4.778750   12.649230    0.446090
93     opls_716    -4.316990   13.768940    1.100870
94     opls_716    -5.334680   14.647140    1.368880
95     opls_135    21.994220   19.841070    0.041780
96     opls_520     1.236790   21.456330    2.666270
97     opls_750    -0.092350   28.688950    0.212690
98     opls_520    -1.091920   21.707250    2.666270
99     opls_750    -6.690980   16.939870    0.212690
100    opls_520    -0.144870   19.565060    2.666270
101    opls_750     6.783330   17.099830    0.212690
102    opls_520    16.871410    9.907990    2.666270
103    opls_750    18.200550    2.675380    0.212690
104    opls_520    19.200120    9.657070    2.666270
105    opls_750    24.799180   14.424450    0.212690
106    opls_520    18.253070   11.799260    2.666270
107    opls_750    11.324870   14.264490    0.212690
108    opls_633     7.737630   11.921580    0.133590
109    opls_633    22.023190    0.740200    0.133590
110    opls_633    24.563770   18.702550    0.133590
111    opls_633    10.370570   19.442740    0.133590
112    opls_633    -3.914990   30.624120    0.133590
113    opls_633    -6.455570   12.661780    0.133590
114    opls_146     5.548350   19.358060    3.722950
115    opls_526     3.639750   20.819640    3.368110
116    opls_526     1.249470   17.413470    2.205290
117    opls_146     3.177990   15.948760    2.547650
118    opls_144     1.872390   28.340800    3.249230
119    opls_146     6.940870   14.437000    0.602830
120    opls_570    10.421270    9.813900    1.392630
121    opls_570    10.888460   12.279130    1.915070
122    opls_140     9.325720   22.757950   -0.595020
123    opls_140    11.018840   22.121260   -0.524210
124    opls_140    10.267350   22.858320    0.937720
125    opls_146    -1.430550   26.490310    3.722950
126    opls_526    -1.742010   24.106620    3.368110
127    opls_526     2.402960   23.739660    2.205290
128    opls_146     2.707180   26.142160    2.547650
129    opls_144    -7.371850   18.815460    3.249230
130    opls_146     2.134960   30.156800    0.602830
131    opls_570    22.506680    4.118140    1.392630
132    opls_570    20.138130    3.290120    1.915070
133    opls_140    -6.263630   28.061660   -0.595020
134    opls_140    -6.558790   29.846290   -0.524210
135    opls_140    -6.821360   28.826950    0.937720
136    opls_146    -4.117800   16.880280    3.722950
137    opls_526    -1.897740   17.802390    3.368110
138    opls_526    -3.652420   21.575520    2.205290
139    opls_146    -5.885160   20.637720    2.547650
140    opls_144     5.499460   15.572390    3.249230
141    opls_146    -9.075830   18.134850    0.602830
142    opls_570    21.396650   17.432290    1.392630
143    opls_570    23.298010   15.795070    1.915070
144    opls_140    -3.062100   11.909030   -0.595020
145    opls_140    -4.460050   10.761100   -0.524210
146    opls_140    -3.445990   11.043380    0.937720
147    opls_146    12.559850   12.006260    3.722950
148    opls_526    14.468450   10.544690    3.368110
149    opls_526    16.858730   13.950850    2.205290
150    opls_146    14.930210   15.415560    2.547650
151    opls_144    16.235810    3.023520    3.249230
152    opls_146    11.167330   16.927320    0.602830
153    opls_570     7.686930   21.550430    1.392630
154    opls_570     7.219740   19.085190    1.915070
155    opls_140     8.782480    8.606370   -0.595020
156    opls_140     7.089360    9.243070   -0.524210
157    opls_140     7.840850    8.506000    0.937720
158    opls_146    19.538750    4.874020    3.722950
159    opls_526    19.850210    7.257700    3.368110
160    opls_526    15.705240    7.624670    2.205290
161    opls_146    15.401020    5.222160    2.547650
162    opls_144    25.480050   12.548870    3.249230
163    opls_146    15.973240    1.207530    0.602830
164    opls_570    -4.398480   27.246190    1.392630
165    opls_570    -2.029930   28.074210    1.915070
166    opls_140    24.371830    3.302660   -0.595020
167    opls_140    24.666990    1.518030   -0.524210
168    opls_140    24.929560    2.537370    0.937720
169    opls_146    22.226000   14.484040    3.722950
170    opls_526    20.005940   13.561930    3.368110
171    opls_526    21.760620    9.788810    2.205290
172    opls_146    23.993370   10.726600    2.547650
173    opls_144    12.608740   15.791940    3.249230
174    opls_146    27.184030   13.229470    0.602830
175    opls_570    -3.288450   13.932030    1.392630
176    opls_570    -5.189810   15.569250    1.915070
177    opls_140    21.170300   19.455290   -0.595020
178    opls_140    22.568250   20.603220   -0.524210
179    opls_140    21.554190   20.320940    0.937720
