0      opls_700     6.284920    1.785860    7.006760
1      opls_280     7.714120    2.152120    7.006970
2      opls_700     8.059570    3.587360    7.006270
3      opls_280     7.025360    4.640090    7.004940
4      opls_700     5.609930    4.222060    7.004520
5      opls_280     5.215000    2.801330    7.005640
6      opls_142     9.413710    3.920480    7.007040
7      opls_142     5.891030    0.448510    0.000070
8      opls_142     4.643660    5.227680    7.003470
9      opls_141    11.550420    6.857160    0.000910
10     opls_700    13.013980    7.198800    0.001120
11     opls_145    13.331480    8.570950    0.001890
12     opls_145    14.058960    6.258790    0.000490
13     opls_700    14.667860    9.004290    0.002170
14     opls_700    15.405350    6.670440    0.000560
15     opls_145    15.697210    8.044320    0.001610
16     opls_141    16.438820    5.581230    0.000140
17     opls_141    15.105970   10.440190    0.002590
18     opls_700     6.285370    1.784030    3.502960
19     opls_280     7.714110    2.151620    3.503170
20     opls_700     8.058170    3.587390    3.502470
21     opls_280     7.022660    4.638930    3.501140
22     opls_700     5.607680    4.219300    3.500720
23     opls_280     5.214290    2.798300    3.501840
24     opls_142     9.411710    3.922110    3.503240
25     opls_142     5.892880    0.446350    3.503870
26     opls_142     4.640330    5.223860    3.499670
27     opls_141    11.548360    6.859120    3.504710
28     opls_700    13.012370    7.198900    3.504920
29     opls_145    13.331640    8.570650    3.505690
30     opls_145    14.056340    6.257690    3.504290
31     opls_700    14.668630    9.002390    3.505970
32     opls_700    15.403190    6.667740    3.504360
33     opls_145    15.696750    8.041360    3.505410
34     opls_141    16.435500    5.577340    3.503940
35     opls_141    15.107970   10.438030    3.506390
36     opls_144    10.203120    3.097990    7.008020
37     opls_144     4.782980    0.180600   -0.000140
38     opls_144     4.960690    6.322740    7.002900
39     opls_146    12.498090    9.348860    0.002310
40     opls_146    13.822510    5.143630   -0.000070
41     opls_146    16.787380    8.377570    0.002030
42     opls_144    10.202120    3.100550    3.504220
43     opls_144     4.785140    0.177380    3.503660
44     opls_144     4.956210    6.319310    3.499100
45     opls_146    12.499330    9.349620    3.506110
46     opls_146    13.818660    5.142800    3.503730
47     opls_146    16.787290    8.373410    3.505830
48     opls_750     9.839580    5.195880    7.006690
49     opls_750    14.527540   12.749820    0.001190
50     opls_750    11.186440    5.517820    7.007600
51     opls_750    14.128770   11.424120    0.001820
52     opls_750     3.328760    4.951920    7.003050
53     opls_750    17.776460    5.950490    7.002760
54     opls_750     9.836650    5.198040    3.502890
55     opls_750    14.529850   12.748190    3.504990
56     opls_750    11.183280    5.520110    3.503730
57     opls_750    14.131160   11.422360    3.505620
58     opls_750     3.325660    4.947160    3.499250
59     opls_750    17.773280    5.945600    3.498960
60     opls_272    10.684550    7.732490    0.001610
61     opls_272    16.127780    4.390080    0.003780
62     opls_272    16.297440   10.752420    0.003290
63     opls_281     7.328230    5.851070    7.004310
64     opls_281     8.609580    1.282450    0.000210
65     opls_281     4.015180    2.455170    7.005710
66     opls_272    10.683560    7.735520    3.505480
67     opls_272    16.123230    4.386460    3.507650
68     opls_272    16.299510   10.749320    3.507090
69     opls_281     7.324370    5.850310    3.500510
70     opls_281     8.610360    1.282680    3.504010
71     opls_281     4.014780    2.450810    3.501910
