0      opls_186     6.845460    5.817560    2.765720
1      opls_186     7.482480    5.817420    4.993570
2      opls_171     7.994140    9.272480    2.818950
3      opls_171     6.333920    9.272340    4.940490
4      opls_236    -2.005260    9.091440   12.864750
5      opls_236    11.029200    9.091170   10.413280
6      opls_236    13.731430    5.522830    2.072510
7      opls_236     0.596510    5.522970    5.686780
8      opls_186     4.830420    5.817560   12.752860
9      opls_186     4.193400    5.817420   10.525010
10     opls_171     3.681740    9.272480   12.699630
11     opls_171     5.341960    9.272340   10.578080
12     opls_236    13.681140    9.091440    2.653830
13     opls_236     0.646680    9.091170    5.105300
14     opls_236    -2.055550    5.522830   13.446070
15     opls_236    11.079370    5.522970    9.831800
16     opls_175     7.698040    8.047650    2.181450
17     opls_174     6.880510    7.157280    3.175880
18     opls_197     7.163970    5.017440    3.879640
19     opls_135     5.957660    4.111450    4.151530
20     opls_135     8.370210    4.111450    3.607450
21     opls_174     7.447430    7.157150    4.583410
22     opls_175     6.630070    8.047650    5.577840
23     opls_916    -1.548370   11.676470   11.559790
24     opls_234    -1.260400    9.905030   13.380580
25     opls_700    -0.385260    9.464960   14.530670
26     opls_145    -0.609120    8.249840   15.199050
27     opls_145     5.641070    7.701070    0.568910
28     opls_700     6.804970    8.412820    0.905970
29     opls_145     6.961650    9.681970    0.326820
30     opls_145     0.773020   10.175370   14.881700
31     opls_145    -2.424660   11.028700   10.665920
32     opls_145    -2.716340   11.604270    9.413880
33     opls_700    -2.147360   12.819800    8.990690
34     opls_145    -1.290480   13.452490    9.909540
35     opls_145    -0.985660   12.891460   11.152430
36     opls_916    10.572360   11.676330   11.718080
37     opls_234    10.284390    9.904900    9.897280
38     opls_700     9.409250    9.464700    8.747200
39     opls_145     9.633110    8.249700    8.078820
40     opls_145     8.686870    7.700800    7.190380
41     opls_700     7.523090    8.412690    6.853470
42     opls_145     7.366400    9.681700    7.432620
43     opls_145     8.250920   10.175240    8.396330
44     opls_145    10.009640   12.891330   12.125440
45     opls_145    10.314350   13.452350   13.368170
46     opls_700    11.171350   12.819670   14.287180
47     opls_145    11.740270   11.604140   13.864140
48     opls_145    11.448430   11.028560   12.612100
49     opls_916    13.765710    2.671770    1.657230
50     opls_234    12.677610    4.912240    2.078090
51     opls_700    11.415870    5.694440    2.107270
52     opls_145    11.332970    6.889100    2.833690
53     opls_145    10.204750    7.716290    2.727080
54     opls_700     9.075830    7.328350    1.977690
55     opls_145     9.140910    6.072680    1.358030
56     opls_145    10.309000    5.302730    1.349500
57     opls_145    15.115930    3.045970    1.801400
58     opls_145    16.136250    2.242750    1.282770
59     opls_700    15.827300    1.055110    0.605380
60     opls_145    14.511530    0.580420    0.645110
61     opls_145    13.486500    1.401010    1.128820
62     opls_916     0.562110    2.671640    6.101910
63     opls_234     1.650330    4.912370    5.681200
64     opls_700     2.912070    5.694440    5.652020
65     opls_145     2.994970    6.889100    4.925600
66     opls_145     4.123360    7.716150    5.032210
67     opls_700     5.252060    7.328220    5.781760
68     opls_145     5.187200    6.072680    6.401260
69     opls_145     4.018940    5.302600    6.409790
70     opls_145     0.841380    1.400880    6.630160
71     opls_145    -0.183700    0.580420    7.114030
72     opls_700    -1.499360    1.055110    7.153910
73     opls_145    -1.808310    2.242890    6.476520
74     opls_145    -0.787990    3.046110    5.957890
75     opls_175     3.977830    8.047650   13.337130
76     opls_174     4.795370    7.157280   12.342700
77     opls_197     4.511910    5.017440   11.638930
78     opls_135     5.718220    4.111450   11.367050
79     opls_135     3.305670    4.111450   11.911130
80     opls_174     4.228450    7.157150   10.935170
81     opls_175     5.045810    8.047650    9.940740
82     opls_916    13.224250   11.676470    3.958790
83     opls_234    12.936280    9.905030    2.137990
84     opls_700    12.061140    9.464960    0.987910
85     opls_145    12.285000    8.249840    0.319530
86     opls_145     6.034810    7.701070   14.949670
87     opls_700     4.870910    8.412820   14.612600
88     opls_145     4.714230    9.681970   15.191760
89     opls_145    10.902860   10.175370    0.636880
90     opls_145    14.100540   11.028700    4.852660
91     opls_145    14.392220   11.604270    6.104700
92     opls_700    13.823240   12.819800    6.527890
93     opls_145    12.966360   13.452490    5.609040
94     opls_145    12.661530   12.891460    4.366150
95     opls_916     1.103520   11.676330    3.800500
96     opls_234     1.391490    9.904900    5.621290
97     opls_700     2.266630    9.464700    6.771380
98     opls_145     2.042770    8.249700    7.439760
99     opls_145     2.989010    7.700800    8.328200
100    opls_700     4.152790    8.412690    8.665110
101    opls_145     4.309480    9.681700    8.085960
102    opls_145     3.424960   10.175240    7.122250
103    opls_145     1.666240   12.891330    3.393140
104    opls_145     1.361530   13.452350    2.150410
105    opls_700     0.504530   12.819670    1.231400
106    opls_145    -0.064390   11.604140    1.654440
107    opls_145     0.227450   11.028560    2.906470
108    opls_916    -2.089830    2.671770   13.861350
109    opls_234    -1.001730    4.912240   13.440490
110    opls_700     0.260010    5.694440   13.411310
111    opls_145     0.342910    6.889100   12.684890
112    opls_145     1.471130    7.716290   12.791500
113    opls_700     2.600050    7.328350   13.540890
114    opls_145     2.534970    6.072680   14.160550
115    opls_145     1.366880    5.302730   14.169080
116    opls_145    -3.440050    3.045970   13.717180
117    opls_145    -4.460370    2.242750   14.235810
118    opls_700    -4.151420    1.055110   14.913200
119    opls_145    -2.835650    0.580420   14.873470
120    opls_145    -1.810620    1.401010   14.389760
121    opls_916    11.113770    2.671640    9.416670
122    opls_234    10.025550    4.912370    9.837380
123    opls_700     8.763810    5.694440    9.866560
124    opls_145     8.680910    6.889100   10.592980
125    opls_145     7.552520    7.716150   10.486370
126    opls_700     6.423820    7.328220    9.736820
127    opls_145     6.488680    6.072680    9.117320
128    opls_145     7.656940    5.302600    9.108790
129    opls_145    10.834500    1.400880    8.888420
130    opls_145    11.859580    0.580420    8.404550
131    opls_700    13.175240    1.055110    8.364670
132    opls_145    13.484190    2.242890    9.042060
133    opls_145    12.463870    3.046110    9.560690
134    opls_701    -2.652060    0.161770    7.759290
135    opls_701     0.000000    0.161770    0.000000
136    opls_238    -1.204430   11.194780   12.891900
137    opls_238    10.228420   11.194650   10.385960
138    opls_238    12.657560    3.533990    2.020980
139    opls_238     1.670260    3.533990    5.738150
140    opls_238    12.880310   11.194780    2.626670
141    opls_238     1.447460   11.194650    5.132610
142    opls_238    -0.981680    3.533990   13.497590
143    opls_238    10.005620    3.533990    9.780430
144    opls_172     7.185620    9.847920    2.817240
145    opls_172     7.142430    9.847920    4.942200
146    opls_176     5.839270    7.522460    3.179910
147    opls_140     6.031900    3.641210    5.154960
148    opls_140     5.896780    3.304190    3.389720
149    opls_140     5.018350    4.689580    4.058570
150    opls_140     8.295980    3.641350    2.604020
151    opls_140     8.431100    3.304060    4.369260
152    opls_140     9.309470    4.689450    3.700560
153    opls_176     8.488830    7.522320    4.579380
154    opls_241    -0.760410   11.907480   13.510940
155    opls_146    -1.500190    7.676150   14.981330
156    opls_146     5.414190    6.739580    1.002190
157    opls_146     7.705660   10.369210    0.689650
158    opls_146     1.017670   11.122040   14.423740
159    opls_146    -2.923610   10.111660   10.933930
160    opls_146    -3.456010   11.121640    8.788480
161    opls_146    -0.854650   14.422460    9.700040
162    opls_146    -0.319320   13.429720   11.815540
163    opls_241     9.784400   11.907210    9.766930
164    opls_146    10.524170    7.676010    8.296540
165    opls_146     8.913750    6.739450    6.757100
166    opls_146     6.622400   10.369070    7.069800
167    opls_146     8.006270   11.121910    8.854280
168    opls_146     9.343360   13.429590   11.462180
169    opls_146     9.878690   14.422460   13.577670
170    opls_146    12.479830   11.121510   14.489390
171    opls_146    11.947550   10.111520   12.344100
172    opls_241    11.726900    3.068060    2.120300
173    opls_146    12.157080    7.199580    3.461420
174    opls_146    10.213570    8.632520    3.301890
175    opls_146     8.248040    5.607430    1.000020
176    opls_146    10.315450    4.369260    0.801530
177    opls_146    15.408340    3.945900    2.318010
178    opls_146    17.156280    2.584220    1.393410
179    opls_146    14.249240   -0.394400    0.254970
180    opls_146    12.463050    1.052950    1.064420
181    opls_241     2.601090    3.068060    5.638830
182    opls_146     2.170860    7.199580    4.297870
183    opls_146     4.114310    8.632520    4.457560
184    opls_146     6.080060    5.607290    6.759270
185    opls_146     4.012540    4.369130    6.957600
186    opls_146     1.864710    1.052680    6.694400
187    opls_146     0.078640   -0.394400    7.504010
188    opls_146    -2.828230    2.584350    6.366030
189    opls_146    -1.080510    3.946040    5.441590
190    opls_172     4.490260    9.847920   12.701340
191    opls_172     4.533440    9.847920   10.576380
192    opls_176     5.836600    7.522460   12.338670
193    opls_140     5.643980    3.641210   10.363620
194    opls_140     5.779100    3.304190   12.128860
195    opls_140     6.657530    4.689580   11.460010
196    opls_140     3.379900    3.641350   12.914560
197    opls_140     3.244780    3.304060   11.149320
198    opls_140     2.366400    4.689450   11.818020
199    opls_176     3.187040    7.522320   10.939200
200    opls_241    12.436290   11.907480    2.007640
201    opls_146    13.176070    7.676150    0.537250
202    opls_146     6.261690    6.739580   14.516390
203    opls_146     3.970220   10.369210   14.828930
204    opls_146    10.658210   11.122040    1.094840
205    opls_146    14.599490   10.111660    4.584650
206    opls_146    15.131890   11.121640    6.730100
207    opls_146    12.530530   14.422460    5.818540
208    opls_146    11.995200   13.429720    3.703040
209    opls_241     1.891480   11.907210    5.751650
210    opls_146     1.151700    7.676010    7.222040
211    opls_146     2.762130    6.739450    8.761480
212    opls_146     5.053480   10.369070    8.448780
213    opls_146     3.669610   11.121910    6.664300
214    opls_146     2.332520   13.429590    4.056400
215    opls_146     1.797190   14.422460    1.940910
216    opls_146    -0.803950   11.121510    1.029190
217    opls_146    -0.271670   10.111520    3.174480
218    opls_241    -0.051020    3.068060   13.398280
219    opls_146    -0.481200    7.199580   12.057160
220    opls_146     1.462310    8.632520   12.216690
221    opls_146     3.427830    5.607430   14.518560
222    opls_146     1.360430    4.369260   14.717040
223    opls_146    -3.732460    3.945900   13.200570
224    opls_146    -5.480410    2.584220   14.125170
225    opls_146    -2.573360   -0.394400   15.263610
226    opls_146    -0.787170    1.052950   14.454160
227    opls_241     9.074790    3.068060    9.879750
228    opls_146     9.505020    7.199580   11.220710
229    opls_146     7.561570    8.632520   11.061020
230    opls_146     5.595810    5.607290    8.759310
231    opls_146     7.663340    4.369130    8.560980
232    opls_146     9.811170    1.052680    8.824170
233    opls_146    11.597240   -0.394400    8.014570
234    opls_146    14.504110    2.584350    9.152550
235    opls_146    12.756390    3.946040   10.076990
