0      opls_145     6.330730    5.558470    1.109380
1      opls_145     7.488470    6.200360    1.264180
2      opls_145     8.579530    5.535840    1.709880
3      opls_145     8.465080    4.219290    2.014760
4      opls_145     7.308470    3.584810    1.873470
5      opls_145     9.988010    7.455650    2.282450
6      opls_145    11.244880    8.049150    2.345850
7      opls_145    12.367470    7.370580    1.938810
8      opls_145    12.177780    6.119590    1.512010
9      opls_145    10.954260    5.540130    1.453720
10     opls_145    16.086930    9.078900    1.993990
11     opls_916     1.225550    0.611060    1.299950
12     opls_145     2.323590    0.021850    0.758000
13     opls_145     3.517600    0.603260    0.819240
14     opls_145     3.659980    1.835520    1.361810
15     opls_145     2.568920    2.432930    1.901360
16     opls_145     1.387760    1.823040    1.890370
17     opls_142     4.998400    3.599640    1.241070
18     opls_145     6.222370    4.247770    1.406530
19     opls_145     9.833460    6.168750    1.816640
20     opls_145    13.640330    7.962910    1.965930
21     opls_142    17.358210    9.650550    2.043490
22     opls_145    18.787420   11.340920    1.802440
23     opls_916    23.634200   12.199370    1.790360
24     opls_145    14.708860    7.246110    2.377940
25     opls_145    15.919090    7.799420    2.392940
26     opls_145    15.019300    9.790250    1.560850
27     opls_145    13.812000    9.243570    1.555010
28     opls_145    19.836570   10.689670    1.240740
29     opls_145    21.045220   11.245710    1.214060
30     opls_145    20.218880   13.096840    2.349940
31     opls_145    18.998510   12.571240    2.323770
32     opls_145    37.077860    2.703340    1.109380
33     opls_145    35.943100    3.385030    1.264180
34     opls_145    35.973060    4.662170    1.709880
35     opls_145    37.170450    5.221330    2.014760
36     opls_145    38.298220    4.536910    1.873470
37     opls_145    33.606210    4.922050    2.282450
38     opls_145    32.463790    5.713770    2.345850
39     opls_145    32.490150    7.025250    1.938810
40     opls_145    33.668390    7.486470    1.512010
41     opls_145    34.781980    6.716600    1.453720
42     opls_145    29.150980    9.392240    1.993990
43     opls_916    43.915030    0.755830    1.299950
44     opls_145    43.876280    2.001360    0.758000
45     opls_145    42.775760    2.744700    0.819240
46     opls_145    41.637400    2.251870    1.361810
47     opls_145    41.665560    1.008290    1.901360
48     opls_145    42.784320    0.290310    1.890370
49     opls_142    39.440420    2.528920    1.241070
50     opls_145    38.267140    3.264850    1.406530
51     opls_145    34.797970    5.431650    1.816640
52     opls_145    31.340750    7.831420    1.965930
53     opls_142    28.020270   10.207370    2.043490
54     opls_145    25.841770   10.599920    1.802440
55     opls_916    22.674940   14.368130    1.790360
56     opls_145    31.427260    9.115190    2.377940
57     opls_145    30.342960    9.886630    2.392940
58     opls_145    29.068750    8.111970    1.560850
59     opls_145    30.145840    7.339760    1.555010
60     opls_145    25.881190   11.834140    1.240740
61     opls_145    24.795320   12.602840    1.214060
62     opls_145    23.605360   10.961640    2.349940
63     opls_145    24.670740   10.167570    2.323770
64     opls_145    24.176910   30.758690    1.109380
65     opls_145    24.153930   29.435120    1.264180
66     opls_145    23.032910   28.822500    1.709880
67     opls_145    21.949970   29.579890    2.014760
68     opls_145    21.978800   30.898780    1.873470
69     opls_145    23.991280   26.642810    2.282450
70     opls_145    23.876830   25.257580    2.345850
71     opls_145    22.727880   24.624670    1.938810
72     opls_145    21.739330   25.414450    1.512010
73     opls_145    21.849270   26.763780    1.453720
74     opls_145    22.347600   20.549370    1.993990
75     opls_916    22.444920   37.653620    1.299950
76     opls_145    21.385630   36.997290    0.758000
77     opls_145    21.292140   35.672550    0.819240
78     opls_145    22.288120   34.933110    1.361810
79     opls_145    23.351020   35.579290    1.901360
80     opls_145    23.413420   36.907160    1.890370
81     opls_142    23.146680   32.891950    1.241070
82     opls_145    23.095990   31.507890    1.406530
83     opls_145    22.954060   27.420100    1.816640
84     opls_145    22.604420   23.226180    1.965930
85     opls_142    22.207020   19.162580    2.043490
86     opls_145    22.956320   17.079670    1.802440
87     opls_916    21.276370   12.453000    1.790360
88     opls_145    21.449380   22.659210    2.377940
89     opls_145    21.323450   21.334460    2.392940
90     opls_145    23.497450   21.118290    1.560850
91     opls_145    23.627670   22.437180    1.555010
92     opls_145    21.867740   16.496700    1.240740
93     opls_145    21.744960   15.171950    1.214060
94     opls_145    23.761260   14.962020    2.349940
95     opls_145    23.916260   16.281700    2.323770
96     opls_750     4.879450    2.394690    1.417440
97     opls_750    17.495860   10.892570    1.800870
98     opls_750    40.543420    3.028380    1.417440
99     opls_750    26.875820    9.705570    1.800870
100    opls_750    22.162640   33.597440    1.417440
101    opls_750    23.213820   18.422360    1.800870
102    opls_239     0.000000    0.000000    1.240960
103    opls_239    22.528730   13.006710    1.804300
104    opls_146     9.141840    7.983210    2.552850
105    opls_146    11.289480    9.000470    2.673770
106    opls_146    16.723130    7.288640    2.766700
107    opls_146    15.074270   10.798530    1.274070
108    opls_146    12.909060    9.766440    1.236800
109    opls_146    14.569410    6.255380    2.742280
110    opls_146    13.018990    5.517890    1.197780
111    opls_146    10.874510    4.502190    1.075800
112    opls_146     9.286470    3.717480    2.455980
113    opls_146     7.179830    2.597990    2.199200
114    opls_146     7.588730    7.219180    0.977840
115    opls_146     5.491320    6.096950    0.730440
116    opls_146     2.662420    3.358100    2.409770
117    opls_146     0.564110    2.294410    2.332530
118    opls_146     2.258030   -0.917370    0.278420
119    opls_146     4.375490    0.138130    0.392160
120    opls_144    18.108180    9.054710    2.347970
121    opls_144     4.165970    4.216560    0.942430
122    opls_146    18.165180   13.134300    2.739290
123    opls_146    20.338500   14.062600    2.793050
124    opls_146    19.643500    9.784780    0.748620
125    opls_146    21.797000   10.731810    0.748870
126    opls_146    33.572420    3.925460    2.552850
127    opls_146    31.617620    5.276740    2.673770
128    opls_146    30.383290   10.838340    2.766700
129    opls_146    28.168060    7.655430    1.274070
130    opls_146    30.144480    6.296350    1.236800
131    opls_146    32.354980    9.489790    2.742280
132    opls_146    33.768870    8.515840    1.197780
133    opls_146    35.720740    7.166510    1.075800
134    opls_146    37.194330    6.183580    2.455980
135    opls_146    39.217160    4.918930    2.199200
136    opls_146    35.010640    2.962440    0.977840
137    opls_146    37.031220    1.707150    0.730440
138    opls_146    40.817590    0.626670    2.409770
139    opls_146    42.787930   -0.658670    2.332530
140    opls_146    44.722450    2.414200    0.278420
141    opls_146    42.749630    3.720220    0.392160
142    opls_144    28.161300   11.154790    2.347970
143    opls_144    39.322370    1.499560    0.942430
144    opls_146    24.599770    9.164360    2.739290
145    opls_146    22.709180   10.582360    2.793050
146    opls_146    26.761380   12.119380    0.748620
147    opls_146    24.864480   13.510850    0.748870
148    opls_146    24.871240   27.111840    2.552850
149    opls_146    24.678390   24.743290    2.673770
150    opls_146    20.479080   20.893530    2.766700
151    opls_146    24.343170   20.566540    1.274070
152    opls_146    24.531960   22.957720    1.236800
153    opls_146    20.661110   23.275340    2.742280
154    opls_146    20.797640   24.986780    1.197780
155    opls_146    20.990250   27.351810    1.075800
156    opls_146    21.104700   29.119440    2.455980
157    opls_146    21.188500   31.503600    2.199200
158    opls_146    24.986130   28.838890    0.977840
159    opls_146    25.062960   31.216410    0.730440
160    opls_146    24.105500   35.035730    2.409770
161    opls_146    24.233460   37.384770    2.332530
162    opls_146    20.605020   37.523680    0.278420
163    opls_146    20.460380   35.162160    0.392160
164    opls_144    21.316020   18.811010    2.347970
165    opls_144    24.097160   33.304390    0.942430
166    opls_146    24.820550   16.721850    2.739290
167    opls_146    24.537820   14.375540    2.793050
168    opls_146    21.180620   17.116350    0.748620
169    opls_146    20.924020   14.777850    0.748870
