0      opls_700    -1.162310   16.477330    4.453820
1      opls_145    -1.310050   17.881770    4.440160
2      opls_142    -2.310040   15.576110    4.567890
3      opls_234    -5.688290   15.268000    5.586460
4      opls_700    -6.587360   14.052950    5.697000
5      opls_166    -6.157730   12.700990    5.757930
6      opls_145    22.933560   11.668050    5.735350
7      opls_182    19.216620   14.865840    5.977580
8      opls_142     6.627280   17.943860    6.365860
9      opls_143     6.423620   18.991080    5.562830
10     opls_700     1.267150   16.754010    4.455300
11     opls_145     0.125440   15.922670    4.443910
12     opls_142     2.623200   16.215720    4.569020
13     opls_234     4.586970   13.451270    5.586040
14     opls_700     6.089020   13.279550    5.696150
15     opls_166     7.047280   14.325210    5.756160
16     opls_145     8.411880   14.024890    5.734930
17     opls_182     7.488450    9.212240    5.978280
18     opls_142    -3.897970   22.739110    6.359840
19     opls_143    -4.694260   22.036630    5.549810
20     opls_700    -0.185920   18.719600    4.451980
21     opls_145     1.104120   18.145980    4.442070
22     opls_142    -0.396200   20.163530    4.564700
23     opls_234     1.011790   23.246220    5.592200
24     opls_700     0.402820   24.630400    5.696790
25     opls_166    -0.984160   24.929420    5.755170
26     opls_145    13.653240    0.279540    5.734430
27     opls_182    18.277370    1.909470    5.982110
28     opls_142    -2.802590   11.273170    6.348240
29     opls_143    -1.800290   10.955960    5.524400
30     opls_700    16.128380    9.501910    4.453820
31     opls_145    16.276110    8.097470    4.440160
32     opls_142    17.275960   10.403390    4.567890
33     opls_234    20.654200   10.711500    5.586460
34     opls_700    21.553570   11.926550    5.697000
35     opls_166    21.123800   13.278250    5.757930
36     opls_145    -7.967490   14.311180    5.735350
37     opls_182    -4.250550   11.113400    5.977580
38     opls_142     8.338630    8.035640    6.365860
39     opls_143     8.542450    6.988150    5.562830
40     opls_700    13.698770    9.225490    4.455300
41     opls_145    14.840470   10.056820    4.443910
42     opls_142    12.342870    9.763520    4.569020
43     opls_234    10.379090   12.527970    5.586040
44     opls_700     8.877190   12.699950    5.696150
45     opls_166     7.918790   11.654030    5.756160
46     opls_145     6.554190   11.954350    5.734930
47     opls_182     7.477920   16.767000    5.978280
48     opls_142    18.864040    3.240130    6.359840
49     opls_143    19.660330    3.942610    5.549810
50     opls_700    15.151840    7.259900    4.451980
51     opls_145    13.861940    7.833260    4.442070
52     opls_142    15.362260    5.815710    4.564700
53     opls_234    13.954120    2.733280    5.592200
54     opls_700    14.563250    1.348840    5.696790
55     opls_166    15.950520    1.049820    5.755170
56     opls_145     1.313130   25.699700    5.734430
57     opls_182    -3.311300   24.069760    5.982110
58     opls_142    17.768660   14.706070    6.348240
59     opls_143    16.766360   15.023270    5.524400
60     opls_700     0.128960   18.718820    0.915690
61     opls_145    -1.160090   18.142080    0.901960
62     opls_142     0.333120   20.163780    1.029690
63     opls_234    -1.095050   23.240770    2.048260
64     opls_700    -0.494970   24.628060    2.158870
65     opls_166     0.889790   24.934610    2.219730
66     opls_145    16.377080    0.286810    2.197150
67     opls_182    11.746160    1.898040    2.439380
68     opls_142     2.768280   11.244590    2.827660
69     opls_143     1.759900   10.895430    2.024630
70     opls_700     1.108660   16.478370    0.917100
71     opls_145     1.255080   17.883070    0.905710
72     opls_142     2.254280   15.575330    1.030890
73     opls_234     5.630710   15.263580    2.047840
74     opls_700     6.533070   14.050350    2.158020
75     opls_166     6.109060   12.696570    2.217960
76     opls_145     7.053410   11.666760    2.196730
77     opls_182    10.753450   14.879870    2.440080
78     opls_142    -6.660260   17.944120    2.821640
79     opls_143    -6.452030   18.985370    2.011610
80     opls_700    -1.320650   16.749330    0.913780
81     opls_145    -0.177570   15.921120    0.903870
82     opls_142    -2.675530   16.206890    1.026500
83     opls_234    -4.635650   13.442440    2.054000
84     opls_700    -6.138850   13.274870    2.158590
85     opls_166    -7.093150   14.324950    2.216970
86     opls_145    21.573280   14.028270    2.196230
87     opls_182    22.483130    9.210160    2.443910
88     opls_142     3.808070   22.748460    2.810040
89     opls_143     4.585280   22.040520    1.986200
90     opls_700    14.837110    7.260420    0.915690
91     opls_145    16.126150    7.837160    0.901960
92     opls_142    14.633250    5.815450    1.029690
93     opls_234    16.061420    2.738470    2.048260
94     opls_700    15.461340    1.351180    2.158870
95     opls_166    14.076570    1.044630    2.219730
96     opls_145    -1.411010   25.692430    2.197150
97     opls_182     3.219910   24.081190    2.439380
98     opls_142    12.198080   14.734640    2.827660
99     opls_143    13.206170   15.083800    2.024630
100    opls_700    13.857710    9.500870    0.917100
101    opls_145    13.711290    8.096170    0.905710
102    opls_142    12.711790   10.403910    1.030890
103    opls_234     9.335210   10.715920    2.047840
104    opls_700     8.433150   11.929150    2.158020
105    opls_166     8.857010   13.282660    2.217960
106    opls_145     7.912660   14.312480    2.196730
107    opls_182     4.212620   11.099370    2.440080
108    opls_142    21.626630    8.035120    2.821640
109    opls_143    21.418100    6.993870    2.011610
110    opls_700    16.287010    9.229900    0.913780
111    opls_145    15.143640   10.058120    0.903870
112    opls_142    17.641600    9.772350    1.026500
113    opls_234    19.602020   12.536800    2.054000
114    opls_700    21.104920   12.704370    2.158590
115    opls_166    22.059370   11.654550    2.216970
116    opls_145    -6.607370   11.951230    2.196230
117    opls_182    -7.517060   16.769080    2.443910
118    opls_142    11.158000    3.230780    2.810040
119    opls_143    10.380790    3.938710    1.986200
120    opls_750    -3.482840   16.005550    4.917110
121    opls_238    -4.434600   15.017040    5.059560
122    opls_750     2.843270   14.986900    4.919870
123    opls_238     4.176680   14.662680    5.061960
124    opls_750     0.558470   20.966800    4.918880
125    opls_238     0.173350   22.283950    5.060190
126    opls_750    18.448910    9.973690    4.917110
127    opls_238    19.400810   10.962460    5.059560
128    opls_750    12.123100   10.992330    4.919870
129    opls_238    10.789380   11.316560    5.061960
130    opls_750    14.407600    5.012430    4.918880
131    opls_238    14.792710    3.695290    5.060190
132    opls_750    -0.627010   20.962910    1.378910
133    opls_238    -0.249190   22.282390    1.521360
134    opls_750     3.427550   16.001650    1.381670
135    opls_238     4.377080   15.010540    1.523760
136    opls_750    -2.891510   14.978070    1.380680
137    opls_238    -4.224130   14.650470    1.521990
138    opls_750    15.593080    5.016330    1.378910
139    opls_238    15.215400    3.697110    1.521360
140    opls_750    11.538370    9.977850    1.381670
141    opls_238    10.588990   10.968690    1.523760
142    opls_750    17.857580   11.001170    1.380680
143    opls_238    19.190190   11.328770    1.521990
144    opls_236    -6.089720   16.403030    5.898250
145    opls_179    19.755600   13.496210    5.854450
146    opls_236     3.803400   12.536280    5.895630
147    opls_179     8.410630   10.358440    5.847020
148    opls_236     2.193790   23.030330    5.912900
149    opls_179    16.821030    2.128220    5.846660
150    opls_236    21.055790    9.576210    5.898250
151    opls_179    -4.789680   12.483280    5.854450
152    opls_236    11.162520   13.443220    5.895630
153    opls_179     6.555740   15.620800    5.847020
154    opls_236    12.772280    2.948900    5.912900
155    opls_179    -1.855110   23.851280    5.846660
156    opls_236    -2.278610   23.018640    2.360050
157    opls_179    13.201660    2.118870    2.316250
158    opls_236     6.029610   16.400170    2.357430
159    opls_179    10.224360   13.507380    2.308820
160    opls_236    -3.856240   12.528230    2.374700
161    opls_179    21.563620   10.360260    2.308460
162    opls_236    17.244680    2.960590    2.360050
163    opls_179     1.764710   23.860370    2.316250
164    opls_236     8.936760    9.579060    2.357430
165    opls_179     4.741560   12.472110    2.308820
166    opls_236    18.822310   13.451010    2.374700
167    opls_179    -6.597260   15.618980    2.308460
168    opls_146    -2.308500   18.307830    4.456790
169    opls_144    -2.117750   14.508620    4.403930
170    opls_910    -4.146990   14.042560    4.958860
171    opls_146    23.239610   10.630700    5.737900
172    opls_185    19.347620   15.382050    5.020490
173    opls_185    19.774960   15.385160    6.764680
174    opls_144     6.172720   17.885150    7.352100
175    opls_144     6.861240   19.040180    4.570430
176    opls_144     5.811180   19.830730    5.870940
177    opls_146     0.256190   14.845320    4.463650
178    opls_144     3.448320   16.919240    4.403430
179    opls_910     4.874860   15.400750    4.959350
180    opls_146     9.159520   14.806610    5.736910
181    opls_185     6.976850    9.060780    5.021770
182    opls_185     6.758680    9.448910    6.760860
183    opls_144    -3.620980   22.370720    7.344670
184    opls_144    -4.955470   22.394360    4.558400
185    opls_144    -5.109120   21.081370    5.851480
186    opls_146     1.972140   18.797280    4.459330
187    opls_144    -1.416610   20.528530    4.396500
188    opls_910    -0.814980   22.518540    4.956520
189    opls_146    12.601210    0.530760    5.737120
190    opls_185    18.666980    1.536930    5.028490
191    opls_185    18.439010    1.165170    6.770060
192    opls_144    -2.617040   11.685460    7.337450
193    opls_144    -1.984240   10.566790    4.527830
194    opls_144    -0.764290   11.079370    5.819840
195    opls_146    17.274570    7.671410    4.456790
196    opls_144    17.083670   11.470870    4.403930
197    opls_910    19.112900   11.936940    4.958860
198    opls_146    -8.273240   15.348530    5.737900
199    opls_185    -4.381260   10.597190    5.020490
200    opls_185    -4.808900   10.594070    6.764680
201    opls_144     8.793350    8.094090    7.352100
202    opls_144     8.105130    6.939050    4.570430
203    opls_144     9.154890    6.148510    5.870940
204    opls_146    14.709880   11.133920    4.463650
205    opls_144    11.517600    9.060260    4.403430
206    opls_910    10.091210   10.578490    4.959350
207    opls_146     5.806550   11.172630    5.736910
208    opls_185     7.989220   16.918460    5.021770
209    opls_185     8.207380   16.530330    6.760860
210    opls_144    18.587200    3.608780    7.344670
211    opls_144    19.921840    3.584870    4.558400
212    opls_144    20.075190    4.897870    5.851480
213    opls_146    12.994230    7.181960    4.459330
214    opls_144    16.382980    5.450700    4.396500
215    opls_910    15.781050    3.460690    4.956520
216    opls_146     2.364860   25.448480    5.737120
217    opls_185    -3.700920   24.442310    5.028490
218    opls_185    -3.472940   24.814070    6.770060
219    opls_144    17.583110   14.293780    7.337450
220    opls_144    16.950310   15.412440    4.527830
221    opls_144    15.730360   14.899870    5.819840
222    opls_146    -2.029540   18.792080    0.918590
223    opls_144     1.352730   20.532950    0.865730
224    opls_910     0.738240   22.522180    1.420660
225    opls_146    17.427840    0.542710    2.199700
226    opls_185    11.365170    1.526020    1.482290
227    opls_185    11.577000    1.154520    3.226480
228    opls_144     2.590740   11.667280    3.813900
229    opls_144     1.936800   10.492490    1.032230
230    opls_144     0.726310   11.004030    2.332740
231    opls_146     2.252360   18.310430    0.925450
232    opls_144     2.059910   14.508620    0.865230
233    opls_910     4.088840   14.036320    1.421150
234    opls_146     6.752230   10.627850    2.198710
235    opls_185    10.627830   15.398410    1.483570
236    opls_185    10.182620   15.392440    3.222660
237    opls_144    -6.202480   17.889560    3.806470
238    opls_144    -6.892680   19.032130    1.020280
239    opls_144    -5.833780   19.823460    2.313280
240    opls_146    -0.305700   14.843760    0.921130
241    opls_144    -3.503330   16.906770    0.858300
242    opls_910    -4.922860   15.387760    1.418320
243    opls_146    20.828210   14.812320    2.198920
244    opls_185    23.000860    9.060000    1.490290
245    opls_185    23.208090    9.443710    3.231930
246    opls_144     3.544490   22.381110    3.799250
247    opls_144     4.829660   22.394880    0.989630
248    opls_144     4.998240   21.082410    2.281640
249    opls_146    16.995600    7.187160    0.918590
250    opls_144    13.613340    5.446290    0.865730
251    opls_910    14.228130    3.457060    1.420660
252    opls_146    -2.461770   25.436530    2.199700
253    opls_185     3.600750   24.453480    1.482290
254    opls_185     3.389070   24.824720    3.226480
255    opls_144    12.375330   14.311960    3.813900
256    opls_144    13.029120   15.487000    1.032230
257    opls_144    14.239760   14.975210    2.332740
258    opls_146    12.713710    7.668810    0.925450
259    opls_144    12.906450   11.470610    0.865230
260    opls_910    10.877230   11.942920    1.421150
261    opls_146     8.213840   15.351390    2.198710
262    opls_185     4.338240   10.580820    1.483570
263    opls_185     4.783450   10.586800    3.222660
264    opls_144    21.168690    8.089930    3.806470
265    opls_144    21.858600    6.947370    1.020280
266    opls_144    20.799850    6.155780    2.313280
267    opls_146    15.271620   11.135740    0.921130
268    opls_144    18.469250    9.072730    0.858300
269    opls_910    19.888930   10.591480    1.418320
270    opls_146    -5.862290   11.167180    2.198920
271    opls_185    -8.034790   16.919240    1.490290
272    opls_185    -8.242020   16.535520    3.231930
273    opls_144    11.421580    3.598120    3.799250
274    opls_144    10.136410    3.584360    0.989630
275    opls_144     9.967830    4.896830    2.281640
