0      opls_145    16.644180   26.757500   11.881350
1      opls_145    16.646340   27.843510   12.760980
2      opls_145     1.212880    7.168940   37.247160
3      opls_145     1.209180   11.322500   42.026350
4      opls_145     1.211340   12.408510   42.905980
5      opls_145    16.647880   22.603940    7.102160
6      opls_145    29.660820   19.547500   42.026350
7      opls_145    29.658660   18.461490   42.905980
8      opls_145    14.222120    8.266060    7.102160
9      opls_145    14.225820    4.112500   11.881350
10     opls_145    14.223660    3.026490   12.760980
11     opls_145    29.657120   23.701060   37.247160
12     opls_145     4.112500    1.209180   26.953850
13     opls_145     3.026490    1.211340   27.833480
14     opls_145    23.701060   16.647880   52.319660
15     opls_145    19.547500   16.644180   57.098850
16     opls_145    18.461490   16.646340   57.978480
17     opls_145     8.266060    1.212880   22.174660
18     opls_145    11.322500   14.225820   57.098850
19     opls_145    12.408510   14.223660   57.978480
20     opls_145    22.603940   29.657120   22.174660
21     opls_145    26.757500   29.660820   26.953850
22     opls_145    27.843510   29.658660   27.833480
23     opls_145     7.168940   14.222120   52.319660
24     opls_145    29.660820   26.757500   33.336150
25     opls_145    29.658660   27.843510   32.456520
26     opls_145    14.222120    7.168940    7.970340
27     opls_145    14.225820   11.322500    3.191150
28     opls_145    14.223660   12.408510    2.311520
29     opls_145    29.657120   22.603940   38.115340
30     opls_145    16.644180   19.547500    3.191150
31     opls_145    16.646340   18.461490    2.311520
32     opls_145     1.212880    8.266060   38.115340
33     opls_145     1.209180    4.112500   33.336150
34     opls_145     1.211340    3.026490   32.456520
35     opls_145    16.647880   23.701060    7.970340
36     opls_145    11.322500    1.209180   18.263650
37     opls_145    12.408510    1.211340   17.384020
38     opls_145    22.603940   16.647880   53.187840
39     opls_145    26.757500   16.644180   48.408650
40     opls_145    27.843510   16.646340   47.529020
41     opls_145     7.168940    1.212880   23.042840
42     opls_145     4.112500   14.225820   48.408650
43     opls_145     3.026490   14.223660   47.529020
44     opls_145    23.701060   29.657120   23.042840
45     opls_145    19.547500   29.660820   18.263650
46     opls_145    18.461490   29.658660   17.384020
47     opls_145     8.266060   14.222120   53.187840
48     opls_145    14.225820   19.547500    3.191150
49     opls_145    14.223660   18.461490    2.311520
50     opls_145    29.657120    8.266060   38.115340
51     opls_145    29.660820    4.112500   33.336150
52     opls_145    29.658660    3.026490   32.456520
53     opls_145    14.222120   23.701060    7.970340
54     opls_145     1.209180   26.757500   33.336150
55     opls_145     1.211340   27.843510   32.456520
56     opls_145    16.647880    7.168940    7.970340
57     opls_145    16.644180   11.322500    3.191150
58     opls_145    16.646340   12.408510    2.311520
59     opls_145     1.212880   22.603940   38.115340
60     opls_145    26.757500   14.225820   48.408650
61     opls_145    27.843510   14.223660   47.529020
62     opls_145     7.168940   29.657120   23.042840
63     opls_145    11.322500   29.660820   18.263650
64     opls_145    12.408510   29.658660   17.384020
65     opls_145    22.603940   14.222120   53.187840
66     opls_145    19.547500    1.209180   18.263650
67     opls_145    18.461490    1.211340   17.384020
68     opls_145     8.266060   16.647880   53.187840
69     opls_145     4.112500   16.644180   48.408650
70     opls_145     3.026490   16.646340   47.529020
71     opls_145    23.701060    1.212880   23.042840
72     opls_145     1.209180   19.547500   42.026350
73     opls_145     1.211340   18.461490   42.905980
74     opls_145    16.647880    8.266060    7.102160
75     opls_145    16.644180    4.112500   11.881350
76     opls_145    16.646340    3.026490   12.760980
77     opls_145     1.212880   23.701060   37.247160
78     opls_145    14.225820   26.757500   11.881350
79     opls_145    14.223660   27.843510   12.760980
80     opls_145    29.657120    7.168940   37.247160
81     opls_145    29.660820   11.322500   42.026350
82     opls_145    29.658660   12.408510   42.905980
83     opls_145    14.222120   22.603940    7.102160
84     opls_145    19.547500   14.225820   57.098850
85     opls_145    18.461490   14.223660   57.978480
86     opls_145     8.266060   29.657120   22.174660
87     opls_145     4.112500   29.660820   26.953850
88     opls_145     3.026490   29.658660   27.833480
89     opls_145    23.701060   14.222120   52.319660
90     opls_145    26.757500    1.209180   26.953850
91     opls_145    27.843510    1.211340   27.833480
92     opls_145     7.168940   16.647880   52.319660
93     opls_145    11.322500   16.644180   57.098850
94     opls_145    12.408510   16.646340   57.978480
95     opls_145    22.603940    1.212880   22.174660
96     opls_700    15.435000   28.388980   13.239680
97     opls_261    15.435000   25.340870    9.262350
98     opls_145    15.435000    4.657670   11.438220
99     opls_700    30.870000   12.953980   43.384680
100    opls_261    30.870000    9.905870   39.407350
101    opls_145    30.870000   20.092670   41.583220
102    opls_700    30.870000   17.916020   43.384680
103    opls_261    30.870000   20.964130   39.407350
104    opls_145    30.870000   10.777330   41.583220
105    opls_700    15.435000    2.481020   13.239680
106    opls_261    15.435000    5.529130    9.262350
107    opls_145    15.435000   26.212330   11.438220
108    opls_700     2.481020   30.870000   28.312180
109    opls_261     5.529130   30.870000   24.334850
110    opls_145    26.212330   30.870000   26.510720
111    opls_700    17.916020   15.435000   58.457180
112    opls_261    20.964130   15.435000   54.479850
113    opls_145    10.777330   15.435000   56.655720
114    opls_700    12.953980   15.435000   58.457180
115    opls_261     9.905870   15.435000   54.479850
116    opls_145    20.092670   15.435000   56.655720
117    opls_700    30.870000   28.388980   31.977820
118    opls_261    30.870000   25.340870   35.955150
119    opls_145    30.870000    4.657670   33.779280
120    opls_700    15.435000   12.953980    1.832820
121    opls_261    15.435000    9.905870    5.810150
122    opls_145    15.435000   20.092670    3.634280
123    opls_700    15.435000   17.916020    1.832820
124    opls_261    15.435000   20.964130    5.810150
125    opls_145    15.435000   10.777330    3.634280
126    opls_700    30.870000    2.481020   31.977820
127    opls_261    30.870000    5.529130   35.955150
128    opls_145    30.870000   26.212330   33.779280
129    opls_700    12.953980   30.870000   16.905320
130    opls_261     9.905870   30.870000   20.882650
131    opls_145    20.092670   30.870000   18.706780
132    opls_700     2.481020   15.435000   47.050320
133    opls_261     5.529130   15.435000   51.027650
134    opls_145    26.212330   15.435000   48.851780
135    opls_700    28.388980   15.435000   47.050320
136    opls_261    25.340870   15.435000   51.027650
137    opls_145     4.657670   15.435000   48.851780
138    opls_700    17.916020   30.870000   16.905320
139    opls_261    20.964130   30.870000   20.882650
140    opls_145    10.777330   30.870000   18.706780
141    opls_700    28.388980   30.870000   28.312180
142    opls_261    25.340870   30.870000   24.334850
143    opls_145     4.657670   30.870000   26.510720
144    opls_701    30.870000   29.604640   31.056580
145    opls_700    30.870000   24.250550   36.808850
146    opls_701    15.435000   14.169640    0.911580
147    opls_700    15.435000    8.815550    6.663850
148    opls_701    15.435000   16.700360    0.911580
149    opls_700    15.435000   22.054450    6.663850
150    opls_701    30.870000    1.265360   31.056580
151    opls_700    30.870000    6.619450   36.808850
152    opls_701     1.265360   15.435000   46.129080
153    opls_700     6.619450   15.435000   51.881350
154    opls_701    14.169640   30.870000   15.984080
155    opls_700     8.815550   30.870000   21.736350
156    opls_701    15.435000   29.604640   14.160920
157    opls_700    15.435000   24.250550    8.408650
158    opls_701    30.870000   14.169640   44.305920
159    opls_700    30.870000    8.815550   38.553650
160    opls_701    30.870000   16.700360   44.305920
161    opls_700    30.870000   22.054450   38.553650
162    opls_701    15.435000    1.265360   14.160920
163    opls_700    15.435000    6.619450    8.408650
164    opls_701    14.169640   15.435000   59.378420
165    opls_700     8.815550   15.435000   53.626150
166    opls_701     1.265360   30.870000   29.233420
167    opls_700     6.619450   30.870000   23.481150
168    opls_701    16.700360   15.435000   59.378420
169    opls_700    22.054450   15.435000   53.626150
170    opls_701    29.604640   30.870000   29.233420
171    opls_700    24.250550   30.870000   23.481150
172    opls_701    16.700360   30.870000   15.984080
173    opls_700    22.054450   30.870000   21.736350
174    opls_701    29.604640   15.435000   46.129080
175    opls_700    24.250550   15.435000   51.881350
176    opls_261     1.245600   29.624400   30.145000
177    opls_261    16.680600   14.189400    0.000000
178    opls_261    14.189400   16.680600    0.000000
179    opls_261    29.624400    1.245600   30.145000
180    opls_261     1.245600   16.680600   45.217500
181    opls_261    16.680600    1.245600   15.072500
182    opls_261    14.189400   29.624400   15.072500
183    opls_261    29.624400   14.189400   45.217500
184    opls_261    29.624400   16.680600   45.217500
185    opls_261    14.189400    1.245600   15.072500
186    opls_261    16.680600   29.624400   15.072500
187    opls_261     1.245600   14.189400   45.217500
188    opls_261    29.624400   29.624400   30.145000
189    opls_261    14.189400   14.189400    0.000000
190    opls_261    16.680600   16.680600    0.000000
191    opls_261     1.245600    1.245600   30.145000
192    opls_261    30.870000   30.870000   31.925970
193    opls_261    15.435000   15.435000    1.780970
194    opls_261    30.870000   15.435000   46.998470
195    opls_261    15.435000   30.870000   16.853470
196    opls_261    15.435000   30.870000   13.291530
197    opls_261    30.870000   15.435000   43.436530
198    opls_261    15.435000   15.435000   58.509030
199    opls_261    30.870000   30.870000   28.364030
200    opls_146    17.630470   26.312660   11.522020
201    opls_146    17.634180   28.300070   13.100410
202    opls_146     2.200100    6.720400   36.895670
203    opls_146     2.195470   10.877660   41.667020
204    opls_146     2.199180   12.865070   43.245410
205    opls_146    17.635100   22.155400    6.750670
206    opls_146    28.674530   19.992340   41.667020
207    opls_146    28.670820   18.004930   43.245410
208    opls_146    13.234900    8.714600    6.750670
209    opls_146    13.239530    4.557340   11.522020
210    opls_146    13.235820    2.569930   13.100410
211    opls_146    28.669900   24.149600   36.895670
212    opls_146     4.557340    2.195470   26.594520
213    opls_146     2.569930    2.199180   28.172910
214    opls_146    24.149600   17.635100   51.968170
215    opls_146    19.992340   17.630470   56.739520
216    opls_146    18.004930   17.634180   58.317910
217    opls_146     8.714600    2.200100   21.823170
218    opls_146    10.877660   13.239530   56.739520
219    opls_146    12.865070   13.235820   58.317910
220    opls_146    22.155400   28.669900   21.823170
221    opls_146    26.312660   28.674530   26.594520
222    opls_146    28.300070   28.670820   28.172910
223    opls_146     6.720400   13.234900   51.968170
224    opls_146    28.674530   26.312660   33.695480
225    opls_146    28.670820   28.300070   32.117090
226    opls_146    13.234900    6.720400    8.321830
227    opls_146    13.239530   10.877660    3.550480
228    opls_146    13.235820   12.865070    1.972090
229    opls_146    28.669900   22.155400   38.466830
230    opls_146    17.630470   19.992340    3.550480
231    opls_146    17.634180   18.004930    1.972090
232    opls_146     2.200100    8.714600   38.466830
233    opls_146     2.195470    4.557340   33.695480
234    opls_146     2.199180    2.569930   32.117090
235    opls_146    17.635100   24.149600    8.321830
236    opls_146    10.877660    2.195470   18.622980
237    opls_146    12.865070    2.199180   17.044590
238    opls_146    22.155400   17.635100   53.539330
239    opls_146    26.312660   17.630470   48.767980
240    opls_146    28.300070   17.634180   47.189590
241    opls_146     6.720400    2.200100   23.394330
242    opls_146     4.557340   13.239530   48.767980
243    opls_146     2.569930   13.235820   47.189590
244    opls_146    24.149600   28.669900   23.394330
245    opls_146    19.992340   28.674530   18.622980
246    opls_146    18.004930   28.670820   17.044590
247    opls_146     8.714600   13.234900   53.539330
248    opls_146    13.239530   19.992340    3.550480
249    opls_146    13.235820   18.004930    1.972090
250    opls_146    28.669900    8.714600   38.466830
251    opls_146    28.674530    4.557340   33.695480
252    opls_146    28.670820    2.569930   32.117090
253    opls_146    13.234900   24.149600    8.321830
254    opls_146     2.195470   26.312660   33.695480
255    opls_146     2.199180   28.300070   32.117090
256    opls_146    17.635100    6.720400    8.321830
257    opls_146    17.630470   10.877660    3.550480
258    opls_146    17.634180   12.865070    1.972090
259    opls_146     2.200100   22.155400   38.466830
260    opls_146    26.312660   13.239530   48.767980
261    opls_146    28.300070   13.235820   47.189590
262    opls_146     6.720400   28.669900   23.394330
263    opls_146    10.877660   28.674530   18.622980
264    opls_146    12.865070   28.670820   17.044590
265    opls_146    22.155400   13.234900   53.539330
266    opls_146    19.992340    2.195470   18.622980
267    opls_146    18.004930    2.199180   17.044590
268    opls_146     8.714600   17.635100   53.539330
269    opls_146     4.557340   17.630470   48.767980
270    opls_146     2.569930   17.634180   47.189590
271    opls_146    24.149600    2.200100   23.394330
272    opls_146     2.195470   19.992340   41.667020
273    opls_146     2.199180   18.004930   43.245410
274    opls_146    17.635100    8.714600    6.750670
275    opls_146    17.630470    4.557340   11.522020
276    opls_146    17.634180    2.569930   13.100410
277    opls_146     2.200100   24.149600   36.895670
278    opls_146    13.239530   26.312660   11.522020
279    opls_146    13.235820   28.300070   13.100410
280    opls_146    28.669900    6.720400   36.895670
281    opls_146    28.674530   10.877660   41.667020
282    opls_146    28.670820   12.865070   43.245410
283    opls_146    13.234900   22.155400    6.750670
284    opls_146    19.992340   13.239530   56.739520
285    opls_146    18.004930   13.235820   58.317910
286    opls_146     8.714600   28.669900   21.823170
287    opls_146     4.557340   28.674530   26.594520
288    opls_146     2.569930   28.670820   28.172910
289    opls_146    24.149600   13.234900   51.968170
290    opls_146    26.312660    2.195470   26.594520
291    opls_146    28.300070    2.199180   28.172910
292    opls_146     6.720400   17.635100   51.968170
293    opls_146    10.877660   17.630470   56.739520
294    opls_146    12.865070   17.634180   58.317910
295    opls_146    22.155400    2.200100   21.823170
296    opls_750    15.435000   25.156890   10.598380
297    opls_750    30.870000    9.721890   40.743380
298    opls_750    30.870000   21.148110   40.743380
299    opls_750    15.435000    5.713110   10.598380
300    opls_750     5.713110   30.870000   25.670880
301    opls_750    21.148110   15.435000   55.815880
302    opls_750     9.721890   15.435000   55.815880
303    opls_750    30.870000   25.156890   34.619120
304    opls_750    15.435000    9.721890    4.474120
305    opls_750    15.435000   21.148110    4.474120
306    opls_750    30.870000    5.713110   34.619120
307    opls_750     9.721890   30.870000   19.546620
308    opls_750     5.713110   15.435000   49.691620
309    opls_750    25.156890   15.435000   49.691620
310    opls_750    21.148110   30.870000   19.546620
311    opls_750    25.156890   30.870000   25.670880
