0      opls_916    10.483780    7.431210    2.022390
1      opls_916    11.932490    5.363620    2.022390
2      opls_916    12.998720    7.652030    2.022390
3      opls_145    12.966970    8.960840    2.538210
4      opls_145     9.366210    6.749300    2.538210
5      opls_145    13.081830    4.736720    2.538210
6      opls_145    14.106980    9.767460    2.529630
7      opls_145     8.097640    7.333270    2.529630
8      opls_145    13.210390    3.346130    2.529630
9      opls_700    15.311200    9.274490    2.024030
10     opls_700     7.922450    8.622650    2.024030
11     opls_700    12.181340    2.549720    2.024030
12     opls_145    15.364560    7.971620    1.515110
13     opls_145     9.024100    9.320290    1.515110
14     opls_145    11.026340    3.154950    1.515110
15     opls_145    14.217710    7.175210    1.506100
16     opls_145    10.287230    8.725290    1.506100
17     opls_145    10.910060    4.546360    1.506100
18     opls_142     6.583410    9.217040    2.034840
19     opls_142    12.336110    1.092880    2.034840
20     opls_142    16.495480   10.136940    2.034840
21     opls_145     5.098230   11.066860    1.684730
22     opls_145     3.926460   10.318100    1.879090
23     opls_145     2.679030   10.945200    1.857920
24     opls_700     2.579860   12.329460    1.647250
25     opls_145     3.755410   13.071680    1.452300
26     opls_145     5.003430   12.443960    1.467370
27     opls_700     1.258530   12.996230    1.637430
28     opls_145     0.078270   12.239690    1.637760
29     opls_145    -0.328300   19.328620    1.684730
30     opls_145     0.906030   18.688230    1.879090
31     opls_145     0.986660   17.294360    1.857920
32     opls_700    -0.162550   16.516360    1.647250
33     opls_145    -1.393110   17.163300    1.452300
34     opls_145    -1.473500   18.557980    1.467370
35     opls_700    -0.079330   15.038670    1.637430
36     opls_145     1.165980   14.394790    1.637760
37     opls_145    -4.769930   10.498240    1.684730
38     opls_145    -4.832490   11.887400    1.879090
39     opls_145    -3.665690   12.654150    1.857920
40     opls_700    -2.417310   12.047900    1.647250
41     opls_145    -2.362300   10.658740    1.452300
42     opls_145    -3.529930    9.891780    1.467370
43     opls_700    -1.179200   12.858830    1.637430
44     opls_145    -1.244250   14.259230    1.637760
45     opls_750     6.391700   10.454480    1.699990
46     opls_750    11.360310    0.308130    1.699990
47     opls_750    17.663000    9.684250    1.699990
48     opls_239    11.805120    6.815550    2.022500
49     opls_146    11.989390    9.360160    2.968140
50     opls_146     9.509160    5.703040    2.968140
51     opls_146    13.916440    5.383660    2.968140
52     opls_146    14.054440   10.831320    2.936460
53     opls_146     7.202580    6.755850    2.936460
54     opls_146    14.157970    2.859700    2.936460
55     opls_146    16.346270    7.559410    1.107080
56     opls_146     8.890230   10.376580    1.107080
57     opls_146    10.178510    2.510870    1.107080
58     opls_146    14.259500    6.120150    1.075620
59     opls_146    11.180040    9.289010    1.075620
60     opls_146     9.975460    5.037700    1.075620
61     opls_144     5.694380    8.574390    2.344910
62     opls_144    13.337170    0.644280    2.344910
63     opls_144    16.383450   11.228190    2.344910
64     opls_146     3.994810    9.193730    2.054880
65     opls_146     1.730020   10.332410    2.012500
66     opls_146     3.689300   14.196660    1.280270
67     opls_146     5.949960   13.057360    1.301590
68     opls_146     0.138710   11.101210    1.638270
69     opls_146     1.845590   19.309610    2.054880
70     opls_146     1.991860   16.778900    2.012500
71     opls_146    -2.334320   16.543550    1.280270
72     opls_146    -2.477990   19.070990    1.301590
73     opls_146     2.121710   15.016380    1.638270
74     opls_146    -5.840410   12.390390    2.054880
75     opls_146    -3.721880   13.782410    2.012500
76     opls_146    -1.354980   10.153500    1.280270
77     opls_146    -3.471970    8.765360    1.301590
78     opls_146    -2.260420   14.776130    1.638270
