0      opls_700    17.331810    9.267050    2.878600
1      opls_700    16.795180   10.551540    3.229470
2      opls_145    17.573600   11.749950    3.064770
3      opls_145    16.997320   12.989840    3.111170
4      opls_700    15.597030   13.148620    3.338950
5      opls_145    14.848740   11.959570    3.618220
6      opls_145    15.417040   10.717450    3.555720
7      opls_700    14.946330   14.417500    3.113910
8      opls_145    15.423740   15.352320    2.145380
9      opls_145    14.726680   16.499880    1.859850
10     opls_700    13.523130   16.835280    2.504020
11     opls_145    13.054480   15.931680    3.475580
12     opls_145    13.733760   14.777420    3.771310
13     opls_142    12.854660   18.067140    2.126070
14     opls_145    11.215670   19.760610    2.584350
15     opls_142   -12.080610   31.122540    1.779170
16     opls_700   -11.189150   32.273230    1.860120
17     opls_142    -6.173560   39.274590    2.588940
18     opls_700    -7.060390   38.127470    2.426850
19     opls_142    27.510270    5.514380    1.958360
20     opls_700    28.374440    6.677560    2.097810
21     opls_142    35.592940   17.383860    1.841980
22     opls_700    34.750660   16.214890    2.061720
23     opls_145    29.724000    6.719040    1.693170
24     opls_145    30.487230    7.855450    1.830960
25     opls_700    29.954460    9.062780    2.381710
26     opls_145    28.595890    9.002130    2.811240
27     opls_145    27.847850    7.854560    2.669990
28     opls_145    33.621000   16.212660    2.908260
29     opls_145    11.792470   20.756980    1.773850
30     opls_145    11.177560   21.982600    1.620500
31     opls_700     9.940270   22.267600    2.233530
32     opls_145     9.365020   21.263200    3.034220
33     opls_145     9.994350   20.046500    3.213670
34     opls_700     9.242710   23.614970    2.105100
35     opls_700     7.727060   23.563230    2.044710
36     opls_700     9.938210   24.809810    2.122700
37     opls_700     9.296270   26.175030    2.041380
38     opls_700    11.433000   24.867350    2.271290
39     opls_145    12.113320   24.069890    3.197520
40     opls_145    13.494290   24.088180    3.265470
41     opls_145    14.242580   24.962350    2.460960
42     opls_145    13.551190   25.796820    1.572520
43     opls_145    12.173570   25.758460    1.485140
44     opls_145     9.808950   27.209310    2.838330
45     opls_145     9.247080   28.469710    2.803010
46     opls_145     8.140350   28.758720    1.989360
47     opls_145     7.636420   27.722660    1.177790
48     opls_145     8.217080   26.465380    1.192810
49     opls_145     6.938600   24.496270    2.737260
50     opls_145     5.559940   24.444540    2.706030
51     opls_145     4.901250   23.450840    1.965600
52     opls_145     5.681220   22.504870    1.277370
53     opls_145     7.064000   22.552150    1.323230
54     opls_142     2.670530   22.535200    1.523970
55     opls_700     1.251710   22.717170    1.773670
56     opls_142     6.280430   30.263090    1.876860
57     opls_700     5.704910   31.592630    2.030360
58     opls_142    16.434170   25.939540    2.167430
59     opls_700    17.865610   25.713420    2.084350
60     opls_700    26.396840   24.827210    2.020230
61     opls_145    32.811420   15.106570    3.050590
62     opls_700    33.115530   13.866240    2.394810
63     opls_145    34.289470   13.871140    1.571800
64     opls_145    35.045750   15.005330    1.398060
65     opls_145    -9.789380   32.187600    1.714810
66     opls_145    -8.977990   33.298590    1.797660
67     opls_700    -9.521830   34.602700    2.029860
68     opls_145   -10.940140   34.679420    2.187270
69     opls_145   -11.727320   33.552370    2.117480
70     opls_145    -8.370810   38.199270    1.912680
71     opls_145    -9.158500   37.077570    1.758960
72     opls_700    -8.694490   35.778810    2.139570
73     opls_145    -7.370680   35.715930    2.671780
74     opls_145    -6.599980   36.847440    2.799990
75     opls_700    30.728250   10.279930    2.474010
76     opls_700    32.302090   12.688340    2.510320
77     opls_145    32.144240   10.249150    2.657430
78     opls_145    32.892790   11.391360    2.672860
79     opls_145    30.872190   12.722680    2.359670
80     opls_145    30.127760   11.574230    2.335500
81     opls_700    24.967460   24.966810    1.986430
82     opls_145    24.332980   26.173690    2.403450
83     opls_145    22.973890   26.303030    2.388370
84     opls_700    22.127750   25.232620    1.967540
85     opls_145    22.764030   24.013700    1.567080
86     opls_145    24.128260   23.893280    1.554710
87     opls_145    18.465580   24.453900    2.286050
88     opls_145    19.826990   24.285760    2.226820
89     opls_700    20.696560   25.384270    1.954530
90     opls_145    20.078560   26.650020    1.711040
91     opls_145    18.713040   26.796760    1.779030
92     opls_145     0.736450   23.702390    2.644790
93     opls_145    -0.616970   23.881680    2.809980
94     opls_700    -1.554270   23.060140    2.127190
95     opls_145    -1.033090   22.035230    1.284970
96     opls_145     0.323930   21.884480    1.120990
97     opls_145     6.453460   32.779440    2.151540
98     opls_145     5.848600   34.011750    2.298960
99     opls_700     4.421790   34.148670    2.340720
100    opls_145     3.674010   32.940000    2.198660
101    opls_145     4.301540   31.725540    2.063300
102    opls_700    -2.958670   23.342910    2.191450
103    opls_700     3.757700   35.397030    2.587320
104    opls_145    -3.418570   24.680030    2.393320
105    opls_145    -4.741600   24.998470    2.240690
106    opls_700    -5.689460   24.023960    1.898460
107    opls_145    -5.260720   22.691740    1.769000
108    opls_145    -3.939750   22.347430    1.915610
109    opls_145     4.261630   36.338550    3.542630
110    opls_145     3.593930   37.515550    3.800030
111    opls_700     2.406080   37.871910    3.127770
112    opls_145     1.900350   36.946900    2.195690
113    opls_145     2.526080   35.750720    1.939050
114    opls_145    16.628060    8.352300    2.030800
115    opls_145    17.259190    7.270740    1.467540
116    opls_700    18.601030    6.958990    1.762420
117    opls_145    19.281860    7.809960    2.660670
118    opls_145    18.677510    8.920950    3.196760
119    opls_145    27.000680   23.558330    2.267100
120    opls_145    28.363110   23.424080    2.302560
121    opls_700    29.220070   24.523930    2.134710
122    opls_145    28.638120   25.786110    1.893290
123    opls_145    27.271570   25.942660    1.830550
124    opls_142    -7.062200   24.404400    1.686370
125    opls_142     1.739160   39.138550    3.385570
126    opls_145    -9.278240   23.663140    1.329080
127    opls_145     0.045320   40.696000    2.547270
128    opls_142    19.210530    5.790900    1.154250
129    opls_145    21.122210    4.312850    1.240870
130    opls_142    30.641470   24.263460    2.219540
131    opls_145    32.858800   25.043520    2.431890
132    opls_145    -9.890830   24.584140    2.187990
133    opls_145   -11.260470   24.594390    2.322130
134    opls_700   -12.088080   23.733610    1.585890
135    opls_145   -11.474460   22.966930    0.571460
136    opls_145   -10.093480   22.887990    0.497480
137    opls_145     0.337580   41.795390    3.362670
138    opls_145    -0.253380   43.025030    3.133440
139    opls_700    -1.088970   43.237770    2.020000
140    opls_145    -1.503030   42.093320    1.311970
141    opls_145    -0.943740   40.856110    1.568210
142    opls_145    20.702230    3.303540    0.364450
143    opls_145    21.310190    2.057860    0.356350
144    opls_700    22.309280    1.737630    1.295820
145    opls_145    22.828150    2.802240    2.050830
146    opls_145    22.269370    4.062640    1.998720
147    opls_145    33.486590   24.071230    1.633500
148    opls_145    34.863700   24.001660    1.558930
149    opls_700    35.684870   24.855750    2.311610
150    opls_145    35.043170   25.698700    3.244100
151    opls_145    33.666580   25.821790    3.266600
152    opls_700    22.834070    0.322910    1.506110
153    opls_700    24.188010    0.038360    1.638500
154    opls_700    25.287270    1.095830    1.415110
155    opls_700   -13.579520   23.680980    1.890850
156    opls_700    37.329770   22.277850    2.119140
157    opls_145    26.540010    1.024920    2.057270
158    opls_145    27.425290    2.084620    2.012620
159    opls_145    27.132520    3.265190    1.326150
160    opls_145    25.986130    3.263400    0.512730
161    opls_145    25.105220    2.190770    0.542250
162    opls_145    36.290760   22.058870    3.042500
163    opls_145    35.673020   20.823880    3.173810
164    opls_145    36.087600   19.711550    2.426670
165    opls_145    37.221630   19.887280    1.628510
166    opls_145    37.824690   21.121810    1.481890
167    opls_700   -14.308240   24.853080    2.081830
168    opls_700   -13.666560   26.226770    1.861970
169    opls_700    -3.965500   43.843890    1.771970
170    opls_145   -12.751920   26.436390    0.819680
171    opls_145   -12.064390   27.632570    0.668070
172    opls_145   -12.340940   28.734190    1.494360
173    opls_145   -13.302710   28.552670    2.485800
174    opls_145   -13.928950   27.336870    2.677140
175    opls_145    -5.131720   43.694480    1.003370
176    opls_145    -5.973490   42.611130    1.175990
177    opls_145    -5.702080   41.612090    2.115770
178    opls_145    -4.609510   41.817700    2.974010
179    opls_145    -3.797870   42.932700    2.824700
180    opls_750    11.840370   18.513590    2.803950
181    opls_750    27.964500    4.397590    1.471950
182    opls_750    35.392340   18.480580    2.515590
183    opls_750     3.498390   23.424970    1.972760
184    opls_750     7.555820   30.043210    2.038640
185    opls_750    15.647500   24.963240    2.502180
186    opls_750    -7.896750   23.504810    1.284120
187    opls_750     0.713790   39.468600    2.658240
188    opls_750    20.455030    5.531780    1.404400
189    opls_750    31.469590   25.232180    2.441480
190    opls_750   -11.641830   29.954010    1.396300
191    opls_750    -6.513720   40.456050    2.150870
192    opls_146    18.632440   11.642020    2.778340
193    opls_146    17.586990   13.890770    2.871590
194    opls_146    13.757970   12.022010    3.737120
195    opls_146    14.776640    9.833030    3.687790
196    opls_146    16.329620   15.147160    1.555560
197    opls_146    15.150270   17.161310    1.089360
198    opls_146    12.121300   16.131490    4.020880
199    opls_146    13.321760   14.117340    4.543690
200    opls_144    13.287770   18.598770    1.265890
201    opls_146    12.760930   20.606680    1.268150
202    opls_146    11.724230   22.714490    1.023930
203    opls_146     8.411750   21.422870    3.545460
204    opls_146     9.522350   19.296770    3.863200
205    opls_146    11.527500   23.397770    3.825360
206    opls_146    14.010570   23.405350    3.952670
207    opls_146    14.104310   26.480990    0.916650
208    opls_146    11.679430   26.415420    0.764370
209    opls_146    10.634490   27.037150    3.539970
210    opls_146     9.672730   29.236390    3.460900
211    opls_146     6.774570   27.898830    0.515290
212    opls_146     7.799160   25.680860    0.563040
213    opls_146     7.396940   25.285700    3.330450
214    opls_146     4.989580   25.212110    3.255080
215    opls_146     5.192750   21.699830    0.709610
216    opls_146     7.614280   21.766730    0.799780
217    opls_144     2.981590   21.625350    0.987750
218    opls_144     5.560200   29.458950    1.665950
219    opls_144    16.078560   26.948840    1.911870
220    opls_146    24.936560   27.019310    2.764570
221    opls_146    22.551080   27.257480    2.731770
222    opls_146    22.142170   23.167630    1.232050
223    opls_146    24.598460   22.970050    1.182780
224    opls_146    17.841920   23.568140    2.488360
225    opls_146    20.254950   23.299200    2.457410
226    opls_146    20.709950   27.517940    1.469880
227    opls_146    18.280180   27.792680    1.592510
228    opls_146     1.402860   24.363360    3.220740
229    opls_146    -0.963310   24.684040    3.481240
230    opls_146    -1.701560   21.409040    0.680040
231    opls_146     0.649670   21.096390    0.425070
232    opls_146     7.552990   32.717000    2.124050
233    opls_146     6.489000   34.898850    2.412720
234    opls_146     2.577570   32.966760    2.290090
235    opls_146     3.660360   30.837990    1.984460
236    opls_146    -2.713530   25.505130    2.566030
237    opls_146    -5.025110   26.051490    2.362590
238    opls_146    -5.992800   21.903660    1.532430
239    opls_146    -3.657270   21.297990    1.745100
240    opls_146     5.161590   36.103500    4.131810
241    opls_146     4.022150   38.186780    4.560480
242    opls_146     0.981850   37.181050    1.631480
243    opls_146     2.062060   35.088850    1.186470
244    opls_146    15.598580    8.574410    1.723950
245    opls_146    16.680330    6.659720    0.756400
246    opls_146    20.318810    7.606140    2.973560
247    opls_146    19.224430    9.592630    3.875670
248    opls_146    26.372890   22.677920    2.467440
249    opls_146    28.791850   22.428160    2.499070
250    opls_146    29.282640   26.666970    1.737990
251    opls_146    26.832270   26.934570    1.629630
252    opls_144    -7.348540   25.431990    1.950390
253    opls_144     2.195960   39.808450    4.130370
254    opls_144    18.539480    5.114760    0.601790
255    opls_144    30.956390   23.216690    2.090750
256    opls_146    -9.303480   25.253590    2.832160
257    opls_146   -11.661400   25.280790    3.060270
258    opls_146   -12.044820   22.416110   -0.187200
259    opls_146    -9.620460   22.200700   -0.217530
260    opls_146     1.069660   41.710210    4.175820
261    opls_146    -0.006440   43.823820    3.844530
262    opls_146    -2.234330   42.132570    0.504270
263    opls_146    -1.245530   40.006030    0.935910
264    opls_146    19.858910    3.486850   -0.312660
265    opls_146    20.962040    1.370120   -0.418140
266    opls_146    23.687940    2.676910    2.705940
267    opls_146    22.710470    4.849840    2.623990
268    opls_146    32.903090   23.379040    1.007910
269    opls_146    35.295010   23.272440    0.875520
270    opls_146    35.566930   26.270470    4.011260
271    opls_146    33.209520   26.544770    3.956890
272    opls_146    26.887890    0.211850    2.693560
273    opls_146    28.331180    2.001660    2.625880
274    opls_146    25.757210    4.142480   -0.111510
275    opls_146    24.206290    2.250090   -0.071820
276    opls_146    35.921770   22.871930    3.668850
277    opls_146    34.831250   20.728890    3.870720
278    opls_146    37.657570   19.048350    1.076130
279    opls_146    38.665430   21.075880    0.796320
280    opls_146   -12.599990   25.617530    0.116280
281    opls_146   -11.308890   27.719090   -0.121770
282    opls_146   -13.530590   29.365730    3.184160
283    opls_146   -14.568060   27.316350    3.549910
284    opls_146    -5.405950   44.350550    0.182610
285    opls_146    -6.838430   42.493840    0.512230
286    opls_146    -4.391660   41.097850    3.773610
287    opls_146    -2.988030   43.093710    3.537220
288    opls_144   -13.117050   31.303170    2.107490
289    opls_144    -5.188370   39.058720    3.029580
290    opls_144    26.468420    5.634800    2.296350
291    opls_144    36.381140   17.279050    1.080760
292    opls_146    30.197030    5.833720    1.237100
293    opls_146    31.523920    7.844750    1.469970
294    opls_146    28.150160    9.896360    3.274520
295    opls_146    26.796740    7.867940    3.004690
296    opls_146    33.362470   17.127860    3.465580
297    opls_146    31.927680   15.169010    3.706830
298    opls_146    34.559330   12.963970    1.014890
299    opls_146    35.894210   14.924600    0.697410
300    opls_146    -9.336430   31.197920    1.548760
301    opls_146    -7.890570   33.173260    1.664140
302    opls_146   -11.405700   35.651700    2.407090
303    opls_146   -12.812170   33.670560    2.262690
304    opls_146    -8.781520   39.177360    1.620500
305    opls_146   -10.163780   37.201560    1.322280
306    opls_146    -6.964090   34.745870    3.002400
307    opls_146    -5.585950   36.735040    3.212730
308    opls_146    32.651770    9.279090    2.766470
309    opls_146    33.985620   11.305730    2.779340
310    opls_146    30.402250   13.708800    2.214050
311    opls_146    29.044200   11.618830    2.136730
