0      opls_750     3.427230   15.048570    2.197660
1      opls_750    11.318830   10.492350    1.287540
2      opls_750    -0.527100   20.071740    2.197630
3      opls_750    13.692140    4.556220    1.287540
4      opls_750    -2.899990   14.135850    2.197700
5      opls_750    17.646330    9.579630    1.287570
6      opls_145     0.599900   15.152990    1.773130
7      opls_145    14.818860    9.475460    1.712070
8      opls_145     0.796270   17.571240    1.773100
9      opls_145    12.822640    8.096030    1.712030
10     opls_145    -1.396460   16.532170    1.773100
11     opls_145    15.015370    7.056970    1.712030
12     opls_142     2.823340   16.218660    1.891100
13     opls_142    12.633810   10.554420    1.594100
14     opls_142    -1.238340   18.963960    1.891100
15     opls_142    12.980900    5.663990    1.594030
16     opls_142    -1.585290   14.073790    1.891140
17     opls_142    17.042590    8.409790    1.594100
18     opls_145     4.713210   14.749090    2.485230
19     opls_145    10.416490   11.456300    0.999970
20     opls_145    -0.910880   21.335410    2.485230
21     opls_145    13.308510    3.292790    0.999940
22     opls_145    -3.802610   13.171900    2.485300
23     opls_145    18.932310    9.879110    1.000010
24     opls_145     5.761010   15.699490    2.603060
25     opls_145     9.101500   11.007080    0.755490
26     opls_145    -2.257570   21.767640    2.603060
27     opls_145    14.355030    2.378590    0.755420
28     opls_145    -3.503440   11.789270    2.603200
29     opls_145    19.200760   11.242530    0.755490
30     opls_145     7.059070   15.302240    2.989260
31     opls_700     8.115120   11.927930    0.365070
32     opls_145    -2.562570   23.090420    2.989290
33     opls_700    14.050750    1.063940    0.365040
34     opls_145    -4.496510   10.863750    2.989400
35     opls_700    20.491430   11.636330    0.365070
36     opls_700     7.288710   13.942030    3.265490
37     opls_700     8.429790   13.283220    0.219710
38     opls_700    -1.499550   23.969150    3.265460
39     opls_700    12.719550    0.659050    0.219710
40     opls_700    -5.789020   11.344980    3.265560
41     opls_700    21.507530   10.686180    0.219780
42     opls_700     6.272190   12.992120    3.120130
43     opls_145     9.722590   13.764460    0.495910
44     opls_700    -0.168500   23.564020    3.120090
45     opls_145    11.656530    1.537790    0.495910
46     opls_700    -6.103690   12.700270    3.120130
47     opls_145    21.278170    9.325960    0.496050
48     opls_145     4.981660   13.385670    2.729710
49     opls_145    10.715660   12.838930    0.882100
50     opls_145     0.135930   22.249610    2.729680
51     opls_145    11.961530    2.860570    0.882100
52     opls_145    -5.117600   13.621120    2.729710
53     opls_145    19.980110    8.928710    0.882240
54     opls_700     1.420350   16.304610    1.789650
55     opls_700    13.409750    9.382360    1.695510
56     opls_700    -0.611420   17.706200    1.789620
57     opls_700    13.607960    6.922000    1.695480
58     opls_700    -0.809350   15.245840    1.789650
59     opls_700    15.639590    8.323840    1.695510
60     opls_701    14.998880    0.000000    3.485170
61     opls_701    20.938760   12.989410    3.485170
62     opls_701     6.719660   11.638800    0.000030
63     opls_146     1.039980   14.228700    1.776480
64     opls_146    15.258800   10.399510    1.708690
65     opls_146     1.376690   18.414510    1.776440
66     opls_146    11.802420    8.015000    1.708650
67     opls_146    -2.416540   16.612950    1.776480
68     opls_146    15.595790    6.213700    1.708650
69     opls_144     3.385140   17.065620    1.781810
70     opls_144    13.086410   11.464430    1.703430
71     opls_144    -2.252730   19.027010    1.781770
72     opls_144    11.966370    5.601190    1.703320
73     opls_144    -1.132410   13.163770    1.781840
74     opls_144    17.604100    7.562830    1.703390
75     opls_146    18.459660   11.940490    0.839170
76     opls_146    -2.560580   11.447190    2.421240
77     opls_146     8.867600   10.016290    0.839200
78     opls_146     5.585970   16.686840    2.421060
79     opls_146    15.329750    2.671420    0.839130
80     opls_146    -3.024970   21.122130    2.421100
81     opls_146    19.805070    7.941360    1.064280
82     opls_146    -5.351500   14.611910    2.645890
83     opls_146    11.658240   13.181010    1.064100
84     opls_146     4.240560   12.687710    2.645960
85     opls_146    11.193990    3.505820    1.064100
86     opls_146     1.110940   21.956780    2.645890
87     opls_702    15.641720   -0.366220    4.266860
88     opls_702    20.934500   13.729240    4.266900
89     opls_702     6.081080   11.265190    0.781770
90     opls_702    15.641860    0.365980    2.703430
91     opls_702    20.300470   13.363020    2.703430
92     opls_702     6.715110   10.898970   -0.781700
93     opls_146     7.809410   15.989610    3.079980
94     opls_146     9.942710   14.757960    0.405220
95     opls_146    -3.533020   23.396550    3.079980
96     opls_146    10.686080    1.231660    0.405220
97     opls_146    -4.276390    9.870250    3.080150
98     opls_146    22.028510    8.638590    0.405400
