0      opls_280    11.209450    8.022300    0.000000
1      opls_280    10.239760    5.696520    0.000000
2      opls_280    12.738790    6.019640    0.000000
3      opls_280     0.186550   11.716150    0.000000
4      opls_280     1.156240   14.041930    0.000000
5      opls_280    -1.342790   13.718820    0.000000
6      opls_145    10.036000    7.141370    0.000000
7      opls_145    11.589390    5.120750    0.000000
8      opls_145    12.562610    7.476330    0.000000
9      opls_145     1.360000   12.597080    0.000000
10     opls_145    -0.193390   14.617700    0.000000
11     opls_145    -1.166610   12.262120    0.000000
12     opls_142     8.771270    7.566930    0.000000
13     opls_142    11.853210    3.812680    0.000000
14     opls_142    13.563520    8.358840    0.000000
15     opls_142     2.624730   12.171520    0.000000
16     opls_142    -0.457210   15.925770    0.000000
17     opls_142    -2.167520   11.379610    0.000000
18     opls_280     4.648430    8.935990    0.000000
19     opls_280     1.332990   19.296110    0.000000
20     opls_280    -5.981420   11.244800    0.000000
21     opls_280     6.747800   10.802460    0.000000
22     opls_280    10.063010    0.442340    0.000000
23     opls_280    17.377420    8.493650    0.000000
24     opls_145     6.004550    8.472530    0.000000
25     opls_145    12.452300    0.963830    0.000000
26     opls_145    15.731150   10.302090    0.000000
27     opls_145     5.391450   11.265920    0.000000
28     opls_145    -1.056300   18.774620    0.000000
29     opls_145    -4.335150    9.436360    0.000000
30     opls_145     7.020730    9.350700    0.000000
31     opls_145    11.183460    1.404790    0.000000
32     opls_145    15.983570    8.982970    0.000000
33     opls_145     4.375150   10.387560    0.000000
34     opls_145     0.212310   18.333670    0.000000
35     opls_145    -4.587570   10.755480    0.000000
36     opls_238     8.373890    8.935000    0.000000
37     opls_238    10.867000    2.784310    0.000000
38     opls_238    14.947220    8.018940    0.000000
39     opls_238     3.022110   10.803450    0.000000
40     opls_238     0.528770   16.954150    0.000000
41     opls_238    -3.551220   11.719510    0.000000
42     opls_281     7.647860   11.619240    0.000000
43     opls_281     8.905520    0.813620    0.000000
44     opls_281    17.634850    7.305600    0.000000
45     opls_281     3.748140    8.119210    0.000000
46     opls_281     2.490480   18.924830    0.000000
47     opls_281    -6.238850   12.432860    0.000000
48     opls_281    11.089560    9.227530    0.000000
49     opls_281     9.255950    4.990080    0.000000
50     opls_281    13.842380    5.521040    0.000000
51     opls_281     0.306440   10.510920    0.000000
52     opls_281     2.140050   14.748370    0.000000
53     opls_281    -2.446380   14.217410    0.000000
54     opls_144     3.384950   12.935200    0.000000
55     opls_144    -1.498800   16.202500    0.000000
56     opls_144    -1.886270   10.339400    0.000000
57     opls_144     8.011050    6.803250    0.000000
58     opls_144    12.894690    3.536140    0.000000
59     opls_144    13.282270    9.399060    0.000000
60     opls_910     9.047630    9.735990    0.000000
61     opls_910     9.836690    2.967280    0.000000
62     opls_910    15.304030    7.034980    0.000000
63     opls_910     2.348370   10.002460    0.000000
64     opls_910     1.559310   16.771170    0.000000
65     opls_910    -3.908030   12.703470    0.000000
66     opls_146     5.301650   12.333770    0.000000
67     opls_146    -1.936180   18.162930    0.000000
68     opls_146    -3.365690    8.980210    0.000000
69     opls_146     6.094350    7.404680    0.000000
70     opls_146    13.332180    1.575520    0.000000
71     opls_146    14.761690   10.758250    0.000000
