0      opls_916    18.567420    3.535300    1.700000
1      opls_916    25.054630   14.312210    1.700000
2      opls_916    12.477950   14.541850    1.700000
3      opls_916     0.132580   28.854050    1.700000
4      opls_916    -6.354630   18.077140    1.700000
5      opls_916     6.222050   17.847500    1.700000
6      opls_142    -4.980560   20.192170    1.700000
7      opls_142     3.703350   17.979980    1.700000
8      opls_142     1.277210   26.606560    1.700000
9      opls_142    23.680560   12.197180    1.700000
10     opls_142    14.996650   14.409370    1.700000
11     opls_142    17.422790    5.782790    1.700000
12     opls_142    -3.801340   20.800440    1.700000
13     opls_142     2.586960   18.697080    1.700000
14     opls_142     1.214380   25.281180    1.700000
15     opls_142    22.501340   11.588910    1.700000
16     opls_142    16.113040   13.692270    1.700000
17     opls_142    17.485620    7.108170    1.700000
18     opls_700    -1.219610   20.906680    1.700000
19     opls_700     1.204090   20.879790    1.700000
20     opls_700     0.015520   22.992230    1.700000
21     opls_700    19.919610   11.482670    1.700000
22     opls_700    17.495910   11.509560    1.700000
23     opls_700    18.684480    9.397120    1.700000
24     opls_280    -2.469520   20.139050    1.700000
25     opls_280     2.493830   20.181160    1.700000
26     opls_280    -0.024500   24.458820    1.700000
27     opls_280    21.169900   12.250300    1.700000
28     opls_280    16.206170   12.208190    1.700000
29     opls_280    18.724310    7.930860    1.700000
30     opls_145    -0.013840   20.207070    1.700000
31     opls_145     1.207270   22.273510    1.700000
32     opls_145    -1.193060   22.298120    1.700000
33     opls_145    18.714210   12.182280    1.700000
34     opls_145    17.492730   10.115840    1.700000
35     opls_145    19.892870   10.091550    1.700000
36     opls_145    -7.583600   18.734650    1.700000
37     opls_145     6.267120   16.454440    1.700000
38     opls_145     1.316480   29.589610    1.700000
39     opls_145    26.283600   13.654700    1.700000
40     opls_145    12.432880   15.934910    1.700000
41     opls_145    17.383520    2.799740    1.700000
42     opls_145    25.006580   15.702680    1.700000
43     opls_145    11.297610   13.805310    1.700000
44     opls_145    19.795260    2.881680    1.700000
45     opls_145    -6.306570   16.686670    1.700000
46     opls_145     7.402400   18.584040    1.700000
47     opls_145    -1.095450   29.507990    1.700000
48     opls_145    26.167660   16.439540    1.700000
49     opls_145    10.079490   14.442090    1.700000
50     opls_145    19.853230    1.507720    1.700000
51     opls_145    -7.467840   15.950140    1.700000
52     opls_145     8.620510   17.947260    1.700000
53     opls_145    -1.153230   30.881630    1.700000
54     opls_700    27.423180   15.798880    1.700000
55     opls_700    10.006370   15.849400    1.700000
56     opls_700    18.671020    0.740740    1.700000
57     opls_700    -8.723180   16.590470    1.700000
58     opls_700     8.693630   16.539950    1.700000
59     opls_700     0.028990   31.648610    1.700000
60     opls_145    27.452350   14.386700    1.700000
61     opls_145    11.214390   16.581400    1.700000
62     opls_145    17.432700    1.421570    1.700000
63     opls_145    -8.752350   18.002650    1.700000
64     opls_145     7.485610   15.807950    1.700000
65     opls_145     1.267300   30.967780    1.700000
66     opls_281    -1.127800   24.971220    1.700000
67     opls_281    -2.361620   18.927360    1.700000
68     opls_281     3.489230   20.880440    1.700000
69     opls_281    19.827610    7.418460    1.700000
70     opls_281    21.062000   13.461990    1.700000
71     opls_281    15.210770   11.508910    1.700000
72     opls_144    -5.846740   20.836070    1.700000
73     opls_144     3.578620   16.908210    1.700000
74     opls_144     2.267940   27.034740    1.700000
75     opls_144    24.546560   11.553610    1.700000
76     opls_144    15.121190   15.481460    1.700000
77     opls_144    16.432440    5.354610    1.700000
78     opls_144    -3.871650   21.871880    1.700000
79     opls_144     1.694220   18.100460    1.700000
80     opls_144     2.177430   24.806360    1.700000
81     opls_144    22.571650   10.517470    1.700000
82     opls_144    17.005780   14.288890    1.700000
83     opls_144    16.522570    7.582990    1.700000
84     opls_910     5.147360   19.587780    1.700000
85     opls_910    -0.837390   27.053530    1.700000
86     opls_910    -4.310160   18.137710    1.700000
87     opls_910    13.552640   12.801570    1.700000
88     opls_910    19.537390    5.335820    1.700000
89     opls_910    23.010540   14.251640    1.700000
90     opls_146    18.760590   13.255020    1.700000
91     opls_146    16.540340    9.619960    1.700000
92     opls_146    20.798890    9.514700    1.700000
93     opls_146    -0.060590   19.134330    1.700000
94     opls_146     2.159480   22.769710    1.700000
95     opls_146    -2.098510   22.874650    1.700000
96     opls_146    -7.668500   19.806740    1.700000
97     opls_146     5.381110   15.844870    1.700000
98     opls_146     2.287200   29.127420    1.700000
99     opls_146    26.368870   12.582610    1.700000
100    opls_146    13.318890   16.544480    1.700000
101    opls_146    16.412620    3.262260    1.700000
102    opls_146    24.057180   16.223180    1.700000
103    opls_146    11.321540   12.722860    1.700000
104    opls_146    20.721100    3.443640    1.700000
105    opls_146    -5.357180   16.166170    1.700000
106    opls_146     7.378270   19.666810    1.700000
107    opls_146    -2.020720   28.945710    1.700000
108    opls_146    26.032080   17.503530    1.700000
109    opls_146     9.225460   13.792680    1.700000
110    opls_146    20.842460    1.093140    1.700000
111    opls_146    -7.332080   14.885820    1.700000
112    opls_146     9.474540   18.596670    1.700000
113    opls_146    -2.142460   31.296210    1.700000
114    opls_146    28.353690   13.804340    1.700000
115    opls_146    11.268250   17.652840    1.700000
116    opls_146    16.478070    0.932170    1.700000
117    opls_146    -9.653690   18.585010    1.700000
118    opls_146     7.431750   14.736510    1.700000
119    opls_146     2.221930   31.457180    1.700000
120    opls_238    -5.125300   18.771570    1.700000
121    opls_238     5.005990   18.564930    1.700000
122    opls_238     0.119310   27.442200    1.700000
123    opls_238    23.825300   13.617780    1.700000
124    opls_238    13.694010   13.824420    1.700000
125    opls_238    18.580690    4.947150    1.700000
