0      opls_145     4.547740    2.343090    2.489020
1      opls_145     5.821420    1.794770    2.749340
2      opls_145     6.897900    2.638360    3.083190
3      opls_700     6.714970    4.043710    3.153810
4      opls_145     5.438930    4.592330    2.890190
5      opls_145     4.361550    3.750310    2.558160
6      opls_145     7.832440    4.911380    3.600800
7      opls_700     8.232260    6.121240    2.985400
8      opls_700     9.292490    6.887250    3.450480
9      opls_700     9.996420    6.493140    4.568130
10     opls_145     9.619350    5.279530    5.161640
11     opls_145     8.553530    4.501310    4.685890
12     opls_700    11.152720    7.248520    5.100090
13     opls_145    12.341170    6.554450    5.423050
14     opls_145    13.460270    7.257900    0.389450
15     opls_145    13.399770    8.667010    0.554180
16     opls_145    12.200670    9.353890    0.269440
17     opls_145    11.081390    8.647610    5.301940
18     opls_701     9.564280    8.043000    2.559860
19     opls_701     7.716500    6.734300    1.772760
20     opls_135     6.341330    7.397720    2.013550
21     opls_135     7.589190    5.683020    0.723080
22     opls_135     9.127250    9.372970    3.183510
23     opls_135    11.051590    8.113060    2.195100
24     opls_142     2.210570    1.861390    2.089830
25     opls_700     1.093280    0.902700    1.945460
26     opls_142    15.745240    8.880330    1.085760
27     opls_145    16.956080    9.703270    1.288430
28     opls_145    18.216940    9.065180    1.279850
29     opls_145    -0.145370    1.543600    1.951680
30     opls_145    31.814460    2.766910    2.489020
31     opls_145    31.652470    4.144110    2.749340
32     opls_145    30.383670    4.654580    3.083190
33     opls_700    29.258060    3.793480    3.153810
34     opls_145    29.420950    2.414090    2.890190
35     opls_145    30.688860    1.902060    2.558160
36     opls_145    27.947900    4.327400    3.600800
37     opls_700    26.700220    4.068730    2.985400
38     opls_700    25.506720    4.603910    3.450480
39     opls_700    25.496070    5.410580    4.568130
40     opls_145    26.735620    5.690840    5.161640
41     opls_145    27.942480    5.156910    4.685890
42     opls_700    24.263740    6.034280    5.100090
43     opls_145    24.270600    7.410540    5.423050
44     opls_145    23.101840    8.027980    0.389450
45     opls_145    21.911760    7.271040    0.554180
46     opls_145    21.916460    5.889150    0.269440
47     opls_145    23.087750    5.272960    5.301940
48     opls_701    24.369920    4.261410    2.559860
49     opls_701    26.427170    3.315540    1.772760
50     opls_135    26.540220    1.792890    2.013550
51     opls_135    27.401260    3.730920    0.723080
52     opls_135    23.436650    3.217950    3.183510
53     opls_135    23.565590    5.514430    2.195100
54     opls_142    33.400200    0.983710    2.089830
55     opls_700    34.789100    0.495450    1.945460
56     opls_142    20.554290    9.195620    1.085760
57     opls_145    19.236180    9.832760    1.288430
58     opls_145    19.158350   11.243740    1.279850
59     opls_145    16.794640   30.380970    1.951680
60     opls_145    17.814050   26.168680    2.489020
61     opls_145    16.702360   25.339790    2.749340
62     opls_145    16.894680   23.985740    3.083190
63     opls_700    18.203220   23.441490    3.153810
64     opls_145    19.316360   24.272250    2.890190
65     opls_145    19.125840   25.626300    2.558160
66     opls_145    18.395910   22.039890    3.600800
67     opls_700    19.243770   21.088710    2.985400
68     opls_700    19.377040   19.787510    3.450480
69     opls_700    18.683760   19.374950    4.568130
70     opls_145    17.821280   20.308300    5.161640
71     opls_145    17.680240   21.620440    4.685890
72     opls_700    18.759790   17.995870    5.100090
73     opls_145    17.564480   17.313680    5.423050
74     opls_145    17.614140   15.992790    0.389450
75     opls_145    18.864710   15.340620    0.554180
76     opls_145    20.059120   16.035640    0.269440
77     opls_145    20.007110   17.358100    5.301940
78     opls_701    20.242050   18.974270    2.559860
79     opls_701    20.032570   21.228840    1.772760
80     opls_135    21.294700   22.088060    2.013550
81     opls_135    19.220830   21.873490    0.805530
82     opls_135    21.612350   18.687760    3.183510
83     opls_135    19.559070   17.651180    2.195100
84     opls_142    18.565480   28.433560    2.089830
85     opls_700    18.293870   29.880520    1.945460
86     opls_142    17.876720   13.202730    1.085760
87     opls_145    17.983990   11.742640    1.288430
88     opls_145    16.800960   10.969740    1.279850
89     opls_145   -16.649260   30.632770    1.951680
90     opls_901     8.767700    7.725520    1.401950
91     opls_750     3.441280    1.445070    2.253520
92     opls_750    14.575220    9.433650    0.886650
93     opls_901    25.043150    3.730290    1.401950
94     opls_750    33.145390    2.257690    2.253520
95     opls_750    20.660110    7.905680    0.886650
96     opls_901    20.365390   19.822860    1.401950
97     opls_750    17.589580   27.575900    2.253520
98     opls_750    18.940920   13.939340    0.886650
99     opls_272     8.221970    8.855930    0.866860
100    opls_272    24.337060    2.692470    0.866860
101    opls_272    21.617230   19.730270    0.866860
102    opls_146     5.979250    0.667490    2.689450
103    opls_146     7.925080    2.193570    3.298950
104    opls_146     5.280920    5.719930    2.946240
105    opls_146     3.336170    4.200730    2.344320
106    opls_146    10.186940    4.888230    6.069580
107    opls_146     8.290050    3.523230    5.208830
108    opls_146    12.389930    5.421530    5.304310
109    opls_146    14.422260    6.698950    0.637500
110    opls_146    12.141080   10.482420    0.419210
111    opls_146    10.111640    9.206250    5.084580
112    opls_140     5.695550    6.711460    2.654850
113    opls_140     5.826290    7.578510    1.012770
114    opls_140     6.488150    8.392690    2.550570
115    opls_140     8.381790    4.880720    0.890670
116    opls_140     7.735830    6.152830   -0.305140
117    opls_140     9.259800   10.211240    2.422470
118    opls_140     9.766170    9.589420    4.102620
119    opls_140     8.031270    9.306970    3.489530
120    opls_140    11.159950    8.294480    1.074860
121    opls_140    11.557060    7.129350    2.471480
122    opls_140    11.543510    8.966970    2.767760
123    opls_144     1.986460    2.978360    2.056670
124    opls_144    15.842760    7.744910    1.105010
125    opls_146    18.279610    7.926950    1.265940
126    opls_146    -0.197740    2.682150    1.960090
127    opls_146    32.549810    4.844440    2.689450
128    opls_146    30.255270    5.766540    3.298950
129    opls_146    28.523430    1.713450    2.946240
130    opls_146    30.811480    0.788850    2.344320
131    opls_146    26.790700    6.378030    6.069580
132    opls_146    28.921270    5.417780    5.208830
133    opls_146    25.227350    8.019230    5.304310
134    opls_146    23.104910    9.140570    0.637500
135    opls_146    20.968920    5.273270    0.419210
136    opls_146    23.088830    4.153810    5.084580
137    opls_140    27.457430    1.576760    2.654850
138    opls_140    26.641170    1.256460    1.012770
139    opls_140    25.605140    1.422550    2.550570
140    opls_140    26.847940    3.919840   -0.255530
141    opls_140    28.171470    2.904220    0.570850
142    opls_140    22.644410    2.913610    2.422470
143    opls_140    22.929740    3.663050    4.102620
144    opls_140    24.041790    2.301800    3.489530
145    opls_140    23.354300    5.517560    1.074860
146    opls_140    24.164770    6.444030    2.471480
147    opls_140    22.580120    5.513490    2.767760
148    opls_144    32.544940    0.231150    2.056670
149    opls_144    21.488830    9.847780    1.105010
150    opls_146    20.112750   11.867130    1.265940
151    opls_146    15.834810   29.766350    1.960090
152    opls_146    15.647180   25.766740    2.689450
153    opls_146    15.995900   23.318560    3.298950
154    opls_146    20.371900   23.845300    2.946240
155    opls_146    20.028600   26.289100    2.344320
156    opls_146    17.198610   20.012410    6.069580
157    opls_146    16.964930   22.337660    5.208830
158    opls_146    16.558970   17.837910    5.304310
159    opls_146    16.649080   15.439150    0.637500
160    opls_146    21.066250   15.522980    0.419210
161    opls_146    20.975780   17.918610    5.084580
162    opls_140    21.023270   22.990450    2.654850
163    opls_140    21.708780   22.443700    1.012770
164    opls_140    22.082960   21.463430    2.550570
165    opls_140    18.796090   20.995810    0.262130
166    opls_140    19.887380   22.416170    0.056870
167    opls_140    22.272040   18.153830    2.422470
168    opls_140    21.480340   18.026210    4.102620
169    opls_140    22.103190   19.669910    3.489530
170    opls_140    19.662010   17.466640    1.074860
171    opls_140    18.454420   17.705290    2.471480
172    opls_140    20.052620   16.798210    2.767760
173    opls_144    19.644850   28.069170    2.056670
174    opls_144    16.844660   13.685980    1.105010
175    opls_146    15.783890   11.484590    1.265940
176    opls_146   -15.637070   30.108850    1.960090
177    opls_140    18.509320   22.619800    1.291840
178    opls_140    27.929120    4.686480    1.051430
179    opls_140     6.552800    5.211650    0.781220
