0      opls_521    18.421830    2.447040    9.277980
1      opls_522    17.169550    2.288200    9.894960
2      opls_700    18.539830    2.641590    7.810910
3      opls_145    14.793510    0.966300   11.203330
4      opls_145    13.585860    0.635690   11.822220
5      opls_917    13.353910    1.001270   13.151980
6      opls_145    14.330550    1.709610   13.858060
7      opls_145    15.532490    2.059710   13.236290
8      opls_701    10.873330    1.270110   13.535200
9      opls_700    10.013220    1.354000   14.791830
10     opls_145     8.608840    1.425910   14.712950
11     opls_145     7.827270    1.428330   15.870580
12     opls_423    10.189670    0.567100   12.436640
13     opls_145    -8.694020    1.734480   17.260060
14     opls_700    17.092850    1.980130   11.263040
15     opls_522    18.282440    1.878130   11.999460
16     opls_700    15.784530    1.681080   11.903650
17     opls_523    20.927480    2.342550   13.414170
18     opls_145    22.106190    2.112290   14.127910
19     opls_917    23.163030    1.387000   13.544780
20     opls_145    23.021060    0.922630   12.228430
21     opls_523    21.848810    1.168810   11.507980
22     opls_701    24.739250    1.689250   15.552510
23     opls_700    26.249470    1.673860   15.769350
24     opls_145    26.797800    1.730540   17.065900
25     opls_423    24.013920    1.014890   16.643400
26     opls_521    19.518120    2.049700   11.361400
27     opls_700    20.783860    1.862490   12.101970
28     opls_523    19.647370    2.109910    7.126540
29     opls_145    19.713930    2.164580    5.732600
30     opls_917    18.681060    2.761770    4.999380
31     opls_145    17.597670    3.334090    5.673840
32     opls_523    17.532220    3.289310    7.069700
33     opls_701    19.572510    3.414160    2.709340
34     opls_700    18.992840    3.581750    1.305490
35     opls_145    19.821970    3.669130    0.169570
36     opls_423    20.878620    2.732130    2.687620
37     opls_145     0.836140    3.677010   30.819210
38     opls_521     0.015670    2.447040   22.656700
39     opls_522     1.267950    2.288200   22.039720
40     opls_700    -0.102330    2.641590   24.123780
41     opls_145     3.643990    0.966300   20.731360
42     opls_145     4.851640    0.635690   20.112470
43     opls_917     5.083590    1.001270   18.782710
44     opls_145     4.106950    1.709610   18.076630
45     opls_145     2.905010    2.059710   18.698400
46     opls_701     7.564170    1.270110   18.399490
47     opls_700     8.424280    1.354000   17.142860
48     opls_145     9.828660    1.425910   17.221740
49     opls_145    10.610230    1.428330   16.064110
50     opls_423     8.247830    0.567100   19.498040
51     opls_145    27.131520    1.734480   14.674630
52     opls_700     1.344650    1.980130   20.671640
53     opls_522     0.155060    1.878130   19.935230
54     opls_700     2.652970    1.681080   20.031030
55     opls_523    -2.489980    2.342550   18.520520
56     opls_145    -3.668690    2.112290   17.806780
57     opls_917    -4.725530    1.387000   18.389910
58     opls_145    -4.583560    0.922630   19.706260
59     opls_523    -3.411310    1.168810   20.426700
60     opls_701    -6.301750    1.689250   16.382170
61     opls_700    -7.811970    1.673860   16.165340
62     opls_145    -8.360300    1.730540   14.868790
63     opls_423    -5.576420    1.014890   15.291290
64     opls_521    -1.080620    2.049700   20.573280
65     opls_700    -2.346360    1.862490   19.832720
66     opls_523    -1.209870    2.109910   24.808140
67     opls_145    -1.276430    2.164580   26.202090
68     opls_917    -0.243560    2.761770   26.935310
69     opls_145     0.839830    3.334090   26.260850
70     opls_523     0.905280    3.289310   24.864990
71     opls_701    -1.135010    3.414160   29.225350
72     opls_700    -0.555340    3.581750   30.629200
73     opls_145    -1.384470    3.669130   31.765110
74     opls_423    -2.441120    2.732130   29.247060
75     opls_145    17.601360    3.677010    1.115480
76     opls_900    12.148280    0.601950   13.805050
77     opls_753     9.652400    0.017690   11.571210
78     opls_900    24.362390    1.066900   14.276400
79     opls_753    23.441250    0.487110   17.499890
80     opls_520    19.551120    2.308480   10.026210
81     opls_900    18.654690    2.663760    3.572210
82     opls_753    21.905230    2.198030    2.669740
83     opls_900     6.289220    0.601950   18.129640
84     opls_753     8.785100    0.017690   20.363470
85     opls_900    -5.924890    1.066900   17.658290
86     opls_753    -5.003750    0.487110   14.434800
87     opls_520    -1.113630    2.308480   21.908470
88     opls_900    -0.217190    2.663760   28.362470
89     opls_753    -3.467730    2.198030   29.264950
90     opls_525    16.261690    2.356130    9.311200
91     opls_146    14.964980    0.626370   10.190360
92     opls_146    12.846330    0.062960   11.277730
93     opls_146    14.156310    1.994410   14.887950
94     opls_146    16.263350    2.628500   13.797060
95     opls_146     6.751080    1.472000   15.764240
96     opls_910    12.193640   -0.199020   14.475040
97     opls_702    11.073010    2.296860   13.186150
98     opls_146    -8.318260    1.793700   18.273030
99     opls_525    18.252390    1.593820   13.044040
100    opls_526    20.129690    2.901890   13.886480
101    opls_146    22.171280    2.484800   15.139920
102    opls_146    23.817750    0.356260   11.762500
103    opls_526    21.758460    0.781770   10.500130
104    opls_910    24.947600    0.277740   13.916820
105    opls_702    24.431160    2.746870   15.544530
106    opls_526    20.435020    1.597150    7.664960
107    opls_146    20.542510    1.688060    5.226110
108    opls_146    16.794900    3.797840    5.114340
109    opls_526    16.685940    3.749740    7.562770
110    opls_910    18.019710    1.943430    3.158980
111    opls_702    19.732180    4.415190    3.144290
112    opls_146     1.508930    3.716990   29.971980
113    opls_146     8.108070    1.463460   13.754270
114    opls_146    26.157830    1.780120   17.937390
115    opls_146    20.899090    3.699460    0.267930
116    opls_525     2.175810    2.356130   22.623490
117    opls_146     3.472520    0.626370   21.744330
118    opls_146     5.591170    0.062960   20.656950
119    opls_146     4.281190    1.994410   17.046740
120    opls_146     2.174150    2.628500   18.137620
121    opls_146    11.686420    1.472000   16.170450
122    opls_910     6.243860   -0.199020   17.459650
123    opls_702     7.364490    2.296860   18.748540
124    opls_146    26.755760    1.793700   13.661660
125    opls_525     0.185110    1.593820   18.890640
126    opls_526    -1.692190    2.901890   18.048210
127    opls_146    -3.733780    2.484800   16.794770
128    opls_146    -5.380250    0.356260   20.172180
129    opls_526    -3.320960    0.781770   21.434560
130    opls_910    -6.510100    0.277740   18.017870
131    opls_702    -5.993660    2.746870   16.390160
132    opls_526    -1.997520    1.597150   24.269720
133    opls_146    -2.105010    1.688060   26.708580
134    opls_146     1.642600    3.797840   26.820350
135    opls_526     1.751560    3.749740   24.371910
136    opls_910     0.417790    1.943430   28.775710
137    opls_702    -1.294680    4.415190   28.790400
138    opls_146    16.928570    3.716990    1.962710
139    opls_146    10.329430    1.463460   18.180420
140    opls_146    -7.720330    1.780120   13.997290
141    opls_146    -2.461590    3.699460   31.666750
