0      opls_280    15.262970   10.386820    3.220380
1      opls_280    14.527420    8.024440    3.220380
2      opls_280    16.941080    8.568630    3.220380
3      opls_280     0.314030   16.593340    0.179620
4      opls_280     1.049890   18.955720    0.179620
5      opls_280    -1.364080   18.411530    0.179620
6      opls_700    14.120550    9.445210    3.236290
7      opls_700    15.913930    7.506150    3.236290
8      opls_700    16.696520   10.028790    3.236290
9      opls_700     1.456450   17.534940    0.163710
10     opls_700    -0.336930   19.474010    0.163710
11     opls_700    -1.119520   16.951360    0.163710
12     opls_142    12.802420    9.816460    3.241120
13     opls_142    16.251480    6.179000    3.241120
14     opls_142    17.677250   10.984970    3.241120
15     opls_142     2.774890   17.163700    0.158880
16     opls_142    -0.674640   20.801430    0.158880
17     opls_142    -2.099940   15.995190    0.158880
18     opls_145     6.869610   12.474270    0.040490
19     opls_145     1.339150   26.692280    0.040490
20     opls_145    -8.208770   14.793760    0.040490
21     opls_145     8.707390   14.505880    3.359510
22     opls_145    14.237850    0.287880    3.359510
23     opls_145    23.785770   12.186400    3.359510
24     opls_166     8.217020   12.149970    3.386470
25     opls_166    16.523300    1.041160    3.386470
26     opls_166    21.990670   13.789020    3.386470
27     opls_166     7.359980   14.830180    0.013530
28     opls_166    -0.946300   25.938990    0.013530
29     opls_166    -6.413670   13.191140    0.013530
30     opls_700     9.152730   13.187360    3.336280
31     opls_700    15.157040    1.332820    3.336280
32     opls_700    22.421220   12.459980    3.336280
33     opls_700     6.424270   13.792800    0.063720
34     opls_700     0.419960   25.647340    0.063720
35     opls_700    -6.844220   14.520180    0.063720
36     opls_234    10.633330   12.894630    3.268420
37     opls_234    14.670260    2.761420    3.268420
38     opls_234    21.427410   11.324110    3.268420
39     opls_234     4.943670   14.085530    0.131580
40     opls_234     0.906740   24.218740    0.131580
41     opls_234    -5.850410   15.656040    0.131580
42     opls_181    -3.061820   25.059170    2.650640
43     opls_181    -4.593970   11.798960    2.650640
44     opls_181     7.655780   17.102180    2.650640
45     opls_181    18.638820    1.920990    0.749360
46     opls_181    20.170970   15.181190    0.749360
47     opls_181     7.921220    9.877970    0.749360
48     opls_238    12.376080   11.120950    3.241730
49     opls_238    15.334780    5.157800    3.241730
50     opls_238    19.019670   10.701680    3.241730
51     opls_238     3.200920   15.859210    0.158270
52     opls_238     0.242220   21.822360    0.158270
53     opls_238    -3.442670   16.278480    0.158270
54     opls_238    11.011850   11.571520    3.269130
55     opls_238    15.627000    3.751050    3.269130
56     opls_238    20.091990   11.657860    3.269130
57     opls_238     4.565000   15.408910    0.130870
58     opls_238    -0.049690   23.229100    0.130870
59     opls_238    -4.514990   15.322300    0.130870
60     opls_281    15.007970   11.577450    3.197840
61     opls_281    13.623490    7.208830    3.197840
62     opls_281    18.099070    8.194140    3.197840
63     opls_281     0.569030   15.402700    0.202160
64     opls_281     1.953510   19.771330    0.202160
65     opls_281    -2.522070   18.786010    0.202160
66     opls_236     4.107340   13.202470    0.185710
67     opls_236     2.089650   23.935980    0.185710
68     opls_236    -6.197000   16.821860    0.185710
69     opls_236    11.469660   13.777690    3.214290
70     opls_236    13.487350    3.044170    3.214290
71     opls_236    21.774000   10.158300    3.214290
72     opls_179    -1.888870   24.916170    0.054130
73     opls_179    -5.056610   12.886260    0.054130
74     opls_179     6.945470   16.157880    0.054130
75     opls_179    17.465870    2.063980    3.345870
76     opls_179    20.633610   14.093890    3.345870
77     opls_179     8.631530   10.822280    3.345870
78     opls_144     3.581780   17.899710    0.154050
79     opls_144    -1.715500   21.132210    0.154050
80     opls_144    -1.866280   14.928390    0.154050
81     opls_144    11.995220    9.080440    3.245950
82     opls_144    17.292500    5.847950    3.245950
83     opls_144    17.443280   12.051770    3.245950
84     opls_910    13.067550   11.870190    3.228500
85     opls_910    14.340340    5.381730    3.228500
86     opls_910    19.323420    9.728230    3.228500
87     opls_910     2.509450   15.109970    0.171500
88     opls_910     1.236660   21.598420    0.171500
89     opls_910    -3.746110   17.251920    0.171500
90     opls_910    -1.026060   23.483800    0.099650
91     opls_146     2.415840   26.467800    0.044740
92     opls_185    19.529980    1.784200    0.119510
93     opls_185    18.574480    1.074080    1.450640
94     opls_185    18.776520    2.827520    1.364050
95     opls_910    -4.247690   14.349940    0.099650
96     opls_146    -8.552710   15.838430    0.044740
97     opls_185    19.843850   16.021360    0.119510
98     opls_185    20.936580   15.548930    1.450640
99     opls_185    19.317040   14.847180    1.364050
100    opls_910     5.273440   16.126580    0.099650
101    opls_146     6.136870   11.654080    0.044740
102    opls_185     7.357170    9.174600    0.119510
103    opls_185     7.219940   10.357140    1.450640
104    opls_185     8.637450    9.305460    1.364050
105    opls_910    16.603060    3.496360    3.300350
106    opls_146    13.161160    0.512350    3.355260
107    opls_185    -3.952980   25.195960    3.280490
108    opls_185    -2.997480   25.906080    1.949360
109    opls_185    -3.199520   24.152640    2.035950
110    opls_910    19.824690   12.630220    3.300350
111    opls_146    24.129710   11.141720    3.355260
112    opls_185    -4.266850   10.958800    3.280490
113    opls_185    -5.359580   11.431220    1.949360
114    opls_185    -3.740040   12.132980    2.035950
115    opls_910    10.303560   10.853580    3.300350
116    opls_146     9.440130   15.326080    3.355260
117    opls_185     8.219830   17.805550    3.280490
118    opls_185     8.357060   16.623010    1.949360
119    opls_185     6.939550   17.674700    2.035950
