0      opls_145    18.986630   21.130390    0.060860
1      opls_700    19.783530   22.312660    0.037400
2      opls_700    21.227990   22.201060    0.042230
3      opls_145    21.834680   20.911810    0.054330
4      opls_700    19.173920   23.610330    0.000950
5      opls_700    22.029960   23.390930    0.024680
6      opls_700    21.406510   24.715480    0.012720
7      opls_700    19.993790   24.825730    6.795920
8      opls_145    22.209910   25.892320    0.018220
9      opls_145    23.434150   23.290460    0.016120
10     opls_166    23.987630   22.020220    0.026320
11     opls_166    23.204260   20.853700    0.045700
12     opls_166    17.624940   21.278920    0.038830
13     opls_166    17.028380   22.549980    6.792660
14     opls_145    50.869970   23.721660    6.774570
15     opls_145    52.486160   26.114170    6.781710
16     opls_166    21.583940   27.127000    0.004560
17     opls_166    32.838560    0.083090    6.785650
18     opls_145    33.831150    3.625550    6.792040
19     opls_145    35.094010    4.206370    0.022440
20     opls_145    35.232880    5.597720    0.023660
21     opls_145    34.103190    6.407710    6.793740
22     opls_145    32.840450    5.826620    6.761720
23     opls_145    32.701210    4.436080    6.760700
24     opls_145    26.533010   19.414560    0.016250
25     opls_145    26.404800   18.014520    0.021620
26     opls_145    27.528560   17.211590    0.010270
27     opls_145    28.782810   17.813040    6.793470
28     opls_145    28.911960   19.213890    6.788370
29     opls_145    27.787870   20.016820    6.799660
30     opls_145    36.302010   16.056740    6.749820
31     opls_700    35.508220   14.874200    6.771030
32     opls_700    34.065220   14.989060    6.768180
33     opls_145    33.466290   16.281570    6.762400
34     opls_700    36.117500   13.576530    0.001220
35     opls_700    33.260130   13.801640    6.779330
36     opls_700    33.882070   12.474640    6.786060
37     opls_700    35.295540   12.362770    0.002110
38     opls_145    33.079510   11.296720    6.777490
39     opls_145    31.856200   13.910790    6.786130
40     opls_166    31.308020   15.184570    6.780350
41     opls_166    32.097720   16.346740    6.768520
42     opls_166    37.662880   15.907130    6.769400
43     opls_166    38.261000   14.637700    0.012240
44     opls_145    37.520840   13.464390    0.026110
45     opls_145    35.901900   11.073510    0.012650
46     opls_166    33.704370   10.060140    6.788440
47     opls_166    35.088240    9.950710    0.006530
48     opls_145    41.155810   16.861030    0.007750
49     opls_145    42.332670   16.136030    0.097040
50     opls_700    43.557510   16.811340    0.104720
51     opls_700    43.572770   18.249940    0.012720
52     opls_700    42.358800   18.984990    6.719420
53     opls_145    41.165100   18.257000    6.723980
54     opls_145    44.793640   16.102630    0.204070
55     opls_700    44.805550   18.955120    0.012850
56     opls_700    46.019190   18.220070    0.111110
57     opls_145    12.874460   16.777940    0.208620
58     opls_145    47.212350   18.947790    0.106220
59     opls_145    47.224710   20.342120    0.009450
60     opls_145    46.048390   21.067400    6.713710
61     opls_700    44.822510   20.392900    6.713570
62     opls_145    43.586300   21.101070    6.615650
63     opls_145    42.404520   20.427120    6.621230
64     opls_145    19.885070   22.028360    3.450050
65     opls_700    20.677360   23.211990    3.428830
66     opls_700    22.120390   23.098490    3.431760
67     opls_145    22.721470   21.807060    3.437810
68     opls_700    20.066480   24.508850    3.398440
69     opls_700    22.923980   24.287000    3.420400
70     opls_700    22.300440   25.613180    3.413940
71     opls_700    20.886610   25.723700    3.397690
72     opls_145    23.102090   26.791650    3.422920
73     opls_145    24.328100   24.180290    3.413260
74     opls_166    24.877890   22.907330    3.419240
75     opls_166    24.090020   21.744070    3.431550
76     opls_166    18.524090   22.176080    3.430400
77     opls_166    17.924030   23.444700    3.387350
78     opls_145    18.662700   24.619090    3.373340
79     opls_145    53.379380   27.012680    3.387150
80     opls_166     2.014560    0.873800    3.412040
81     opls_166    33.730740    0.982420    3.393470
82     opls_145    34.715540    4.525960    3.406800
83     opls_145    35.978610    5.107050    3.438760
84     opls_145    36.117530    6.497590    3.439780
85     opls_145    34.987910    7.308120    3.408360
86     opls_145    33.724720    6.727310    3.378040
87     opls_145    33.585850    5.335960    3.376880
88     opls_145    27.407770   20.283740    3.406600
89     opls_145    27.278950   18.882890    3.411760
90     opls_145    28.402710   18.079960    3.400480
91     opls_145    29.657570   18.682220    3.383950
92     opls_145    29.785780   20.082260    3.378580
93     opls_145    28.662020   20.885200    3.389870
94     opls_145    37.200580   16.954440    3.339070
95     opls_700    36.401850   15.773260    3.362530
96     opls_700    34.957620   15.886490    3.357840
97     opls_145    34.353080   17.176830    3.346140
98     opls_700    37.009850   14.474770    3.398640
99     opls_700    34.154160   14.697700    3.375110
100    opls_700    34.776000   13.372340    3.387150
101    opls_700    36.188680   13.260740    3.403670
102    opls_145    33.971690   12.196040    3.381980
103    opls_145    32.749950   14.800350    3.383410
104    opls_166    32.198610   16.071680    3.373480
105    opls_166    32.983610   17.236840    3.354640
106    opls_166    38.562030   16.804280    3.360970
107    opls_166    39.156650   15.532410    3.406940
108    opls_145    38.413700   14.361540    3.424890
109    opls_145    36.795240   11.971750    3.417750
110    opls_166    34.596910   10.960830    3.395650
111    opls_166    35.980630   10.850310    3.414080
112    opls_145    42.063800   17.735650    3.390480
113    opls_145    43.239910   17.010110    3.486220
114    opls_700    44.465660   17.684870    3.486360
115    opls_700    44.482420   19.122380    3.387080
116    opls_700    43.268990   19.857700    3.288820
117    opls_145    42.075950   19.129720    3.293780
118    opls_145    45.701880   16.976710    3.584350
119    opls_700    45.715410   19.827840    3.387220
120    opls_700    46.929380   19.092790    3.480580
121    opls_145    13.783860   17.650930    3.578770
122    opls_145    15.023080   19.820780    3.476020
123    opls_145    48.132570   21.217010    3.392180
124    opls_145    46.955510   21.941740    3.302830
125    opls_700    45.730340   21.266430    3.295210
126    opls_145    44.494200   21.975140    3.195800
127    opls_145    43.313390   21.299830    3.191310
128    opls_146    24.086550   24.171600   -0.003540
129    opls_146    23.293100   25.857840    0.036450
130    opls_146    51.410030   26.249390    6.770490
131    opls_146    21.263890   19.973380    0.066640
132    opls_146    19.408260   20.117840    0.096760
133    opls_146    50.360400   24.691320    6.738660
134    opls_146    35.924420    3.498200    0.046240
135    opls_146    36.189700    6.122050    0.048890
136    opls_146    32.011480    6.536690    6.737370
137    opls_146    31.745390    3.909580    6.735260
138    opls_146    25.384910   17.631380    0.034820
139    opls_146    27.508030   16.108610    0.013800
140    opls_146    29.929530   19.602730    6.774910
141    opls_146    27.813500   21.119530    6.796190
142    opls_146    31.199810   13.031830    6.798640
143    opls_146    31.995880   11.332830    6.760290
144    opls_146    36.977870   10.937200    0.023120
145    opls_146    34.040530   17.217560    6.756820
146    opls_146    35.881580   17.069570    6.717990
147    opls_146    38.030740   12.494730    0.058480
148    opls_146    48.207610   18.511970    0.177000
149    opls_146    41.468700   20.984850    6.543640
150    opls_146    43.604190   22.204050    6.533980
151    opls_146    44.776670   14.999110    0.281860
152    opls_146    42.241010   15.037940    0.165440
153    opls_146    40.170770   18.695800    6.657400
154    opls_146    13.810970   16.221570    0.289750
155    opls_146    46.137200   22.165220    6.636600
156    opls_146    24.983120   25.060060    3.400200
157    opls_146    24.185660   26.756350    3.440600
158    opls_146    52.303790   27.148180    3.376400
159    opls_146    22.148400   20.869990    3.443720
160    opls_146    20.306570   21.016080    3.482080
161    opls_146    18.151730   25.588200    3.340840
162    opls_146    36.807790    4.397260    3.463100
163    opls_146    37.073800    7.023820    3.465080
164    opls_146    32.894520    7.435740    3.354170
165    opls_146    32.629150    4.811350    3.351650
166    opls_146    26.261000   18.494870    3.425160
167    opls_146    28.378080   16.977250    3.403940
168    opls_146    30.805370   20.466760    3.365460
169    opls_146    28.683220   21.988180    3.386330
170    opls_146    32.096380   13.920300    3.402580
171    opls_146    32.888440   12.231340    3.364230
172    opls_146    37.871090   11.835710    3.428630
173    opls_146    34.925030   18.114170    3.334180
174    opls_146    36.780220   17.967810    3.303300
175    opls_146    38.922400   13.391620    3.460660
176    opls_146    16.016720   19.380620    3.542730
177    opls_146    42.377210   21.856210    3.110180
178    opls_146    44.511510   23.078670    3.118000
179    opls_146    45.683990   15.873730    3.666020
180    opls_146    43.151440   15.912290    3.563340
181    opls_146    41.079800   19.563900    3.223130
182    opls_146    14.719480   17.092920    3.656430
183    opls_146    47.046960   23.039560    3.234420
184    opls_167    25.312430   21.655820    0.015160
185    opls_167    24.027370   19.738770    0.046990
186    opls_167    16.643100   20.300580    0.052770
187    opls_167    48.763930   22.388690    6.774230
188    opls_167    32.500250    1.435070    6.777760
189    opls_167     1.673370    1.253410    0.009380
190    opls_167    29.985420   15.558470    6.788920
191    opls_167    31.282800   17.466830    6.769740
192    opls_167    38.641550   16.888730    6.758520
193    opls_167    39.626200   14.803060    0.032030
194    opls_167    35.427040    8.599820    0.011970
195    opls_167    33.154420    8.780390    6.781570
196    opls_167    26.201210   22.536140    3.410470
197    opls_167    24.906750   20.625070    3.430600
198    opls_167    17.546710   21.193120    3.441340
199    opls_167    49.658850   23.277160    3.367500
200    opls_167    33.391280    2.333310    3.388170
201    opls_167     2.564060    2.153820    3.419180
202    opls_167    30.874000   16.438520    3.384560
203    opls_167    32.162710   18.353390    3.353620
204    opls_167    39.545290   17.781000    3.347100
205    opls_167    40.521450   15.691530    3.425360
206    opls_167    36.318070    9.498060    3.422030
207    opls_167    34.045440    9.680800    3.391090
208    MOF2_B_2    25.310790   20.255500    0.026790
209    MOF2_B_2    48.553130   21.004670    0.012040
210    MOF2_B_2    33.699900    2.129660    6.793000
211    MOF2_B_2    29.996000   16.958790    6.783070
212    MOF2_B_2    39.832650   16.187890    6.798980
213    MOF2_B_2    34.227570    7.904140    6.796190
214    MOF2_B_2    26.192950   21.135820    3.416860
215    MOF2_B_2    49.454520   21.892050    3.400750
216    MOF2_B_2    34.590500    3.029530    3.404350
217    MOF2_B_2    30.878160   17.839110    3.373410
218    MOF2_B_2    40.734030   17.075270    3.387760
219    MOF2_B_2    35.118170    8.804010    3.407280
