0      opls_142     6.946000    6.144790    0.000000
1      opls_145    10.243040    4.221030    0.000000
2      opls_280     8.784620    4.474750    0.000000
3      opls_142    10.658850    2.942840    0.000000
4      opls_145    10.676260    6.760220    0.000000
5      opls_280    11.185740    5.370330    0.000000
6      opls_142    11.575390    7.759250    0.000000
7      opls_145     8.260650    5.865810    0.000000
8      opls_280     9.209580    7.001970    0.000000
9      opls_142     1.848550    9.087810    0.000000
10     opls_145    -1.466000   10.981250    0.000000
11     opls_280    -0.517070    9.845080    0.000000
12     opls_142    -2.780850   10.702260    0.000000
13     opls_145     0.516390   12.626020    0.000000
14     opls_280    -0.942030   12.372310    0.000000
15     opls_142     0.932010   13.904210    0.000000
16     opls_145     0.949610   10.086840    0.000000
17     opls_280     1.459090   11.476720    0.000000
18     opls_141    -5.876650   10.178650    0.000000
19     opls_141     3.850000    6.668400    0.000000
20     opls_141    11.753290    0.000000    0.000000
21     opls_238     5.923630    5.146940    0.000000
22     opls_238    12.135550   10.217060    0.000000
23     opls_238    12.034100    2.556540    0.000000
24     opls_238     4.537290    5.401160    0.000000
25     opls_238    11.222220    9.143570    0.000000
26     opls_238    12.507110    1.228820    0.000000
27     opls_238     1.495570    7.703480    0.000000
28     opls_238     2.780460   15.618230    0.000000
29     opls_238    -3.803020   11.700110    0.000000
30     opls_238     2.408900    6.629990    0.000000
31     opls_238     2.307450   14.290510    0.000000
32     opls_238    -5.189360   11.445890    0.000000
33     opls_281     8.771400    8.142690    0.000000
34     opls_281     8.015830    3.524910    0.000000
35     opls_281    12.392720    5.179460    0.000000
36     opls_281     2.666070   11.667590    0.000000
37     opls_281    -0.955250    8.704370    0.000000
38     opls_281    -1.710820   13.322140    0.000000
39     opls_474    -5.157070    8.932310    0.000000
40     opls_474     4.569580    7.914750    0.000000
41     opls_474    10.314140    0.000000    0.000000
42     opls_144     6.593400    7.228900    0.000000
43     opls_910     6.198020    4.071260    0.000000
44     opls_910    11.763120   11.262760    0.000000
45     opls_144     9.896280    2.095440    0.000000
46     opls_910    12.828580    3.331840    0.000000
47     opls_910     3.817900    4.555780    0.000000
48     opls_144    12.690550    7.522550    0.000000
49     opls_910    10.153650    9.443780    0.000000
50     opls_910    13.598930    1.028510    0.000000
51     opls_144     2.963710    9.324510    0.000000
52     opls_910     0.426810    7.403270    0.000000
53     opls_910     3.872280   15.818540    0.000000
54     opls_144    -3.133440    9.618150    0.000000
55     opls_910    -3.528830   12.775790    0.000000
56     opls_910     2.036470    5.584290    0.000000
57     opls_144     0.169440   14.751620    0.000000
58     opls_910     3.101730   13.515210    0.000000
59     opls_910    -5.908750   12.291270    0.000000
