0      opls_145     0.056320   20.353930    1.549220
1      opls_700    -1.197530   20.991710    1.550630
2      opls_145    -3.634970   20.701040    2.158700
3      opls_700    -2.462860   20.191790    1.563250
4      opls_145    -2.513530   18.904800    0.990380
5      opls_145    -3.689400   18.152190    1.025180
6      opls_145    -4.854910   18.672850    1.594850
7      opls_145    -4.818180   19.957880    2.166570
8      opls_142    -7.243940   18.227870    1.878600
9      opls_145    -8.124670   15.912930    1.519390
10     opls_700    -8.361230   17.254400    1.868910
11     opls_729    -9.672710   17.646860    2.207120
12     opls_145     1.179820   22.494990    1.549220
13     opls_700     1.254410   21.090230    1.550630
14     opls_145     2.724860   19.124690    2.158700
15     opls_700     2.579830   20.394380    1.563250
16     opls_145     3.719720   20.993990    0.990380
17     opls_145     4.959440   20.351970    1.025180
18     opls_145     5.091290   19.082270    1.594850
19     opls_145     3.960060   18.471570    2.166570
20     opls_142     6.671170   17.235800    1.878600
21     opls_145     9.116330   17.630540    1.519390
22     opls_700     8.072870   16.754940    1.868910
23     opls_729     8.388730   15.422930    2.207120
24     opls_145    -1.236140   22.397440    1.549220
25     opls_700    -0.056880   23.164410    1.550630
26     opls_145     0.910110   25.420630    2.158700
27     opls_700    -0.116970   24.660190    1.563250
28     opls_145    -1.206190   25.347560    0.990380
29     opls_145    -1.270040   26.742200    1.025180
30     opls_145    -0.236380   27.491220    1.594850
31     opls_145     0.858120   26.816900    2.166570
32     opls_142     0.572770   29.782680    1.878600
33     opls_145    -0.991660   31.702880    1.519390
34     opls_700     0.288360   31.237020    1.868910
35     opls_729     1.283980   32.176570    2.207120
36     opls_145    18.778680   12.269250    2.160780
37     opls_700    20.032530   11.631470    2.159370
38     opls_145    22.469970   11.922140    1.551300
39     opls_700    21.297860   12.431390    2.146750
40     opls_145    21.348530   13.718370    2.719620
41     opls_145    22.524400   14.470990    2.684820
42     opls_145    23.689910   13.950320    2.115150
43     opls_145    23.653180   12.665300    1.543430
44     opls_142    26.078940   14.395300    1.831400
45     opls_145    26.959670   16.710240    2.190610
46     opls_700    27.196230   15.368780    1.841090
47     opls_729    28.507710   14.976320    1.502880
48     opls_145    17.655180   10.128190    2.160780
49     opls_700    17.580590   11.532950    2.159370
50     opls_145    16.110140   13.498490    1.551300
51     opls_700    16.255170   12.228800    2.146750
52     opls_145    15.115280   11.629180    2.719620
53     opls_145    13.875560   12.271210    2.684820
54     opls_145    13.743710   13.540900    2.115150
55     opls_145    14.874940   14.151610    1.543430
56     opls_142    12.163830   15.387370    1.831400
57     opls_145     9.718670   14.992630    2.190610
58     opls_700    10.762130   15.868240    1.841090
59     opls_729    10.446270   17.200240    1.502880
60     opls_145    20.071140   10.225730    2.160780
61     opls_700    18.891880    9.458760    2.159370
62     opls_145    17.924890    7.202550    1.551300
63     opls_700    18.951970    7.962990    2.146750
64     opls_145    20.041190    7.275620    2.719620
65     opls_145    20.105040    5.880980    2.684820
66     opls_145    19.071380    5.131950    2.115150
67     opls_145    17.976880    5.806270    1.543430
68     opls_142    18.262230    2.840500    1.831400
69     opls_145    19.826660    0.920300    2.190610
70     opls_700    18.546640    1.386160    1.841090
71     opls_729    17.551020    0.446610    1.502880
72     opls_750    -6.031720   17.847490    1.603800
73     opls_750     6.394480   18.475810    1.603800
74     opls_750    -0.362760   28.923060    1.603800
75     opls_750    24.866720   14.775690    2.106200
76     opls_750    12.440520   14.147370    2.106200
77     opls_750    19.197760    3.700120    2.106200
78     opls_730   -10.119290   19.447980    2.700950
79     opls_730     7.052200   14.135620    2.700950
80     opls_730     3.067090   31.662750    2.700950
81     opls_730    28.954290   13.175200    1.009050
82     opls_730    11.782800   18.487550    1.009050
83     opls_730    15.767910    0.960430    1.009050
84     opls_146    -3.626110   21.732910    2.643000
85     opls_146    -1.587230   18.466350    0.490830
86     opls_146    -3.706350   17.100420    0.585810
87     opls_146    -5.760870   20.392100    2.638030
88     opls_144    -7.455650   19.319450    2.130170
89     opls_146     0.116970   19.215380    1.546880
90     opls_146    -7.072170   15.573000    1.243070
91     opls_146     1.826810   18.616420    2.643000
92     opls_146     3.636290   22.015420    0.490830
93     opls_146     5.878590   20.863500    0.585810
94     opls_146     4.055360   17.438070    2.638030
95     opls_144     5.831690   16.506680    2.130170
96     opls_146     2.135700   23.116460    1.546880
97     opls_146     8.884470   18.712000    1.243070
98     opls_146     1.799310   24.897030    2.643000
99     opls_146    -2.049060   24.764580    0.490830
100    opls_146    -2.172810   27.282760    0.585810
101    opls_146     1.705510   27.416190    2.638030
102    opls_144     1.623950   29.420230    2.130170
103    opls_146    -2.252100   22.914190    1.546880
104    opls_146    -1.812300   30.961350    1.243070
105    opls_146    22.461110   10.890270    1.067000
106    opls_146    20.422230   14.156830    3.219170
107    opls_146    22.541350   15.522760    3.124190
108    opls_146    24.595870   12.231080    1.071970
109    opls_144    26.290650   13.303730    1.579830
110    opls_146    18.718030   13.407800    2.163120
111    opls_146    25.907170   17.050180    2.466930
112    opls_146    17.008190   14.006760    1.067000
113    opls_146    15.198710   10.607750    3.219170
114    opls_146    12.956410   11.759680    3.124190
115    opls_146    14.779640   15.185110    1.071970
116    opls_144    13.003310   16.116500    1.579830
117    opls_146    16.699300    9.506720    2.163120
118    opls_146     9.950530   13.911180    2.466930
119    opls_146    17.035690    7.726150    1.067000
120    opls_146    20.884060    7.858600    3.219170
121    opls_146    21.007810    5.340410    3.124190
122    opls_146    17.129490    5.206990    1.071970
123    opls_144    17.211050    3.202940    1.579830
124    opls_146    21.087100    9.708980    2.163120
125    opls_146    20.647300    1.661820    2.466930
