0      opls_141     9.921020   17.270770    2.338560
1      opls_700     8.461330   17.291470    2.393460
2      opls_145     7.742400   16.462980    1.530470
3      opls_145     6.373750   16.504370    1.495180
4      opls_145     5.683660   17.370680    2.346760
5      opls_145     6.395790   18.168120    3.249620
6      opls_145     7.762580   18.124230    3.265930
7      opls_700    10.484010   15.925290    2.303590
8      opls_145     9.889090   14.900570    3.046510
9      opls_145    10.405110   13.627870    3.042980
10     opls_145    11.537480   13.342790    2.279990
11     opls_145    12.103560   14.348250    1.488220
12     opls_145    11.592690   15.612020    1.519150
13     opls_142     3.573640   16.487600    2.077570
14     opls_142    13.303900   11.905250    2.101860
15     opls_567    13.848970   10.611510    2.042100
16     opls_716    15.174360   10.249720    2.032150
17     opls_567    15.301460    8.866410    2.034080
18     opls_567    14.069800    8.198130    2.026290
19     opls_567     2.176560   16.663860    2.028990
20     opls_716     1.196020   15.701930    2.010980
21     opls_141     0.682260   35.636200    2.338560
22     opls_700     1.394190   34.361720    2.393460
23     opls_145     2.471140   34.153350    1.530470
24     opls_145     3.119620   32.947370    1.495180
25     opls_145     2.714420   31.916590    2.346760
26     opls_145     1.667750   32.134590    3.249620
27     opls_145     1.022360   33.340210    3.265930
28     opls_700    22.165690    1.116780    2.303590
29     opls_145    23.350580    1.113920    3.046510
30     opls_145    24.194760    2.197160    3.042980
31     opls_145    23.875460    3.320360    2.279990
32     opls_145    22.721680    3.307870    1.488220
33     opls_145    21.882650    2.233550    1.519150
34     opls_142     4.534200   30.530790    2.077570
35     opls_142    24.237200    5.568890    2.101860
36     opls_567    25.085080    6.687810    2.042100
37     opls_716    24.735710    8.016520    2.032150
38     opls_567    25.870130    8.818240    2.034080
39     opls_567    27.064710    8.085740    2.026290
40     opls_567     5.080090   29.232760    2.028990
41     opls_716     6.403420   28.864540    2.010980
42     opls_141   -10.603280   18.452480    2.338560
43     opls_700    -9.855510   19.706270    2.393460
44     opls_145   -10.213540   20.743120    1.530470
45     opls_145    -9.493370   21.907710    1.495180
46     opls_145    -8.398090   22.072190    2.346760
47     opls_145    -8.063550   21.056750    3.249620
48     opls_145    -8.784950   19.895020    3.265930
49     opls_700    29.149400   18.637660    2.303590
50     opls_145    28.559420   19.665240    3.046510
51     opls_145    27.199230   19.854700    3.042980
52     opls_145    26.386160   19.016580    2.279990
53     opls_145    26.973870   18.023610    1.488220
54     opls_145    28.323760   17.834150    1.519150
55     opls_142    -8.107840   24.341070    2.077570
56     opls_142    24.258000   18.205580    2.101860
57     opls_567    22.865050   18.380410    2.042100
58     opls_716    21.889040   17.413490    2.032150
59     opls_567    20.627510   17.995070    2.034080
60     opls_567    20.664590   19.395860    2.026290
61     opls_567    -7.256660   25.462840    2.028990
62     opls_716    -7.599440   26.792980    2.010980
63     opls_141    10.678680   18.408960    2.338560
64     opls_700    12.138370   18.388260    2.393460
65     opls_145    12.857300   19.216740    1.530470
66     opls_145    14.225950   19.175360    1.495180
67     opls_145    14.916040   18.309050    2.346760
68     opls_145    14.203910   17.511610    3.249620
69     opls_145    12.837120   17.555500    3.265930
70     opls_700    10.115690   19.754440    2.303590
71     opls_145    10.710610   20.779160    3.046510
72     opls_145    10.194590   22.051860    3.042980
73     opls_145     9.062220   22.336940    2.279990
74     opls_145     8.496140   21.331480    1.488220
75     opls_145     9.007010   20.067710    1.519150
76     opls_142    17.026060   19.192130    2.077570
77     opls_142     7.295800   23.774470    2.101860
78     opls_567     6.750730   25.068220    2.042100
79     opls_716     5.425340   25.430010    2.032150
80     opls_567     5.298240   26.813310    2.034080
81     opls_567     6.529900   27.481600    2.026290
82     opls_567    18.423140   19.015870    2.028990
83     opls_716    19.403680   19.977790    2.010980
84     opls_141    19.917440    0.043530    2.338560
85     opls_700    19.205510    1.318010    2.393460
86     opls_145    18.128560    1.526380    1.530470
87     opls_145    17.480080    2.732350    1.495180
88     opls_145    17.885280    3.763140    2.346760
89     opls_145    18.931950    3.545140    3.249620
90     opls_145    19.577340    2.339520    3.265930
91     opls_700    -1.565990   34.562950    2.303590
92     opls_145    -2.750880   34.565810    3.046510
93     opls_145    -3.595060   33.482570    3.042980
94     opls_145    -3.275760   32.359370    2.279990
95     opls_145    -2.121980   32.371860    1.488220
96     opls_145    -1.282950   33.446180    1.519150
97     opls_142    16.065500    5.148940    2.077570
98     opls_142    -3.637500   30.110840    2.101860
99     opls_567    -4.485380   28.991920    2.042100
100    opls_716    -4.136010   27.663210    2.032150
101    opls_567    -5.270430   26.861480    2.034080
102    opls_567    -6.465010   27.593990    2.026290
103    opls_567    15.519610    6.446970    2.028990
104    opls_716    14.196280    6.815180    2.010980
105    opls_141    31.202980   17.227240    2.338560
106    opls_700    30.455210   15.973460    2.393460
107    opls_145    30.813240   14.936600    1.530470
108    opls_145    30.093070   13.772020    1.495180
109    opls_145    28.997790   13.607530    2.346760
110    opls_145    28.663250   14.622980    3.249620
111    opls_145    29.384650   15.784710    3.265930
112    opls_700    -8.549700   17.042060    2.303590
113    opls_145    -7.959720   16.014490    3.046510
114    opls_145    -6.599530   15.825030    3.042980
115    opls_145    -5.786460   16.663150    2.279990
116    opls_145    -6.374170   17.656110    1.488220
117    opls_145    -7.724060   17.845570    1.519150
118    opls_142    28.707540   11.338660    2.077570
119    opls_142    -3.658300   17.474150    2.101860
120    opls_567    -2.265350   17.299320    2.042100
121    opls_716    -1.289340   18.266240    2.032150
122    opls_567    -0.027810   17.684660    2.034080
123    opls_567    -0.064890   16.283870    2.026290
124    opls_567    27.856360   10.216890    2.028990
125    opls_716    28.199140    8.886750    2.010980
126    opls_146     8.334430   18.775030    3.929340
127    opls_146     8.292820   15.806480    0.849190
128    opls_146     5.818800   15.925650    0.749060
129    opls_146     5.825600   18.815350    3.921000
130    opls_146     8.998360   15.123210    3.638700
131    opls_146     9.961190   12.822580    3.629440
132    opls_146    12.915810   14.101700    0.795990
133    opls_146    12.048150   16.398760    0.920230
134    opls_144     3.974710   15.464660    1.957630
135    opls_144    14.010060   12.751580    2.027710
136    opls_570    15.979390   10.980440    2.039350
137    opls_570     1.410460   14.636890    2.003420
138    opls_146     0.172830   33.510040    3.929340
139    opls_146     2.764480   34.958280    0.849190
140    opls_146     3.898290   32.756130    0.749060
141    opls_146     1.392330   31.317170    3.921000
142    opls_146    23.603140    0.231200    3.638700
143    opls_146    25.114120    2.215350    3.629440
144    opls_146    22.529070    4.134570    0.795990
145    opls_146    20.973580    2.234620    0.920230
146    opls_144     5.219550   31.389600    1.957630
147    opls_144    23.151180    5.757280    2.027710
148    opls_570    23.700370    8.348340    2.039350
149    opls_570     7.218550   29.582780    2.003420
150    opls_146    -8.507260   19.074380    3.929340
151    opls_146   -11.057300   20.594700    0.849190
152    opls_146    -9.717080   22.677680    0.749060
153    opls_146    -7.217930   21.226940    3.921000
154    opls_146    29.197600   20.325310    3.638700
155    opls_146    26.723780   20.641790    3.629440
156    opls_146    26.354230   17.443460    0.795990
157    opls_146    28.777370   17.046350    0.920230
158    opls_144    -9.194260   24.505190    1.957630
159    opls_144    24.637860   17.170870    2.027710
160    opls_570    22.119340   16.350950    2.039350
161    opls_570    -8.629010   27.139780    2.003420
162    opls_146    12.265270   16.904700    3.929340
163    opls_146    12.306880   19.873250    0.849190
164    opls_146    14.780900   19.754080    0.749060
165    opls_146    14.774100   16.864380    3.921000
166    opls_146    11.601340   20.556520    3.638700
167    opls_146    10.638510   22.857150    3.629440
168    opls_146     7.683890   21.578030    0.795990
169    opls_146     8.551550   19.280970    0.920230
170    opls_144    16.624990   20.215060    1.957630
171    opls_144     6.589640   22.928150    2.027710
172    opls_570     4.620310   24.699290    2.039350
173    opls_570    19.189240   21.042830    2.003420
174    opls_146    20.426870    2.169680    3.929340
175    opls_146    17.835220    0.721440    0.849190
176    opls_146    16.701410    2.923600    0.749060
177    opls_146    19.207370    4.362560    3.921000
178    opls_146    -3.003440   35.448520    3.638700
179    opls_146    -4.514420   33.464370    3.629440
180    opls_146    -1.929370   31.545160    0.795990
181    opls_146    -0.373880   33.445110    0.920230
182    opls_144    15.380150    4.290130    1.957630
183    opls_144    -2.551480   29.922450    2.027710
184    opls_570    -3.100670   27.331380    2.039350
185    opls_570    13.381150    6.096950    2.003420
186    opls_146    29.106960   16.605340    3.929340
187    opls_146    31.657000   15.085030    0.849190
188    opls_146    30.316780   13.002050    0.749060
189    opls_146    27.817630   14.452790    3.921000
190    opls_146    -8.597900   15.354410    3.638700
191    opls_146    -6.124080   15.037930    3.629440
192    opls_146    -5.754530   18.236270    0.795990
193    opls_146    -8.177670   18.633380    0.920230
194    opls_144    29.793960   11.174530    1.957630
195    opls_144    -4.038160   18.508860    2.027710
196    opls_570    -1.519640   19.328780    2.039350
197    opls_570    29.228710    8.539940    2.003420
198    opls_750     4.324700   17.492340    2.326780
199    opls_750    12.049590   12.075450    2.297540
200    opls_750     3.288540   30.678860    2.326780
201    opls_750    24.716960    4.397530    2.297540
202    opls_750    -7.613240   23.188250    2.326780
203    opls_750    25.032550   19.206750    2.297540
204    opls_750    16.275000   18.187380    2.326780
205    opls_750     8.550110   23.604280    2.297540
206    opls_750    17.311160    5.000870    2.326780
207    opls_750    -4.117260   31.282200    2.297540
208    opls_750    28.212940   12.491470    2.326780
209    opls_750    -4.432850   16.472970    2.297540
210    opls_633    12.761100    9.283150    2.039940
211    opls_633     1.570730   18.271230    2.062810
212    opls_633    26.779400    6.409860    2.039940
213    opls_633     3.990990   27.904400    2.062810
214    opls_633    22.258590   19.986710    2.039940
215    opls_633    -5.561710   25.183820    2.062810
216    opls_633     7.838600   26.396580    2.039940
217    opls_633    19.028970   17.408500    2.062810
218    opls_633    -6.179700   29.269860    2.039940
219    opls_633    16.608710    7.775330    2.062810
220    opls_633    -1.658890   15.693010    2.039940
221    opls_633    26.161410   10.495910    2.062810
