0      opls_181     9.123380   29.017340    2.563800
1      opls_700     1.477170   22.000550    6.230230
2      opls_700     2.801980   22.650550    6.227210
3      opls_145     3.726930   22.352070    0.509790
4      opls_145     4.957510   23.014620    0.530130
5      opls_145     5.279870   23.971800    6.264530
6      opls_145     4.362190   24.251830    5.252460
7      opls_145     3.134030   23.592820    5.238160
8      opls_142     6.911320   25.566940    5.481040
9      opls_700     8.180400   26.299960    5.614840
10     opls_166     9.021380   26.152060    0.013160
11     opls_145    10.207360   26.905990    0.053840
12     opls_145     1.416200   20.610440    6.230490
13     opls_181     9.211550    7.444760    4.627340
14     opls_700     1.515590    0.592590    1.701030
15     opls_700     2.862320    1.216860    1.672570
16     opls_145     3.876780    0.735720    2.503180
17     opls_145     5.138200    1.341000    2.490690
18     opls_145     5.406910    2.425800    1.638800
19     opls_145     4.400070    2.896320    0.793560
20     opls_145     3.142920    2.293290    0.810940
21     opls_142     7.040040    4.024490    0.879280
22     opls_700     8.331610    4.725650    0.977430
23     opls_166     9.216960    4.545360    2.050580
24     opls_145    10.395870    5.313460    2.074010
25     opls_145   -17.159510   31.386380    1.784740
26     opls_181    -9.654380   18.414390    0.531140
27     opls_700    19.978950   11.157560    3.994290
28     opls_700    21.337750   11.739670    3.914740
29     opls_145    22.374870   11.252110    4.711720
30     opls_145    23.625690   11.880880    4.681110
31     opls_145    23.850730   12.990450    3.847340
32     opls_145    22.826430   13.450030    3.025460
33     opls_145    21.586380   12.826410    3.060840
34     opls_142    25.351390   14.766430    3.233100
35     opls_700    26.595020   15.522930    3.413010
36     opls_166    27.456960   15.287940    4.490390
37     opls_145    -8.543530   16.055070    4.594510
38     opls_145    19.836760    9.770990    4.009670
39     opls_181   -10.716930   25.494780    2.467670
40     opls_700    -0.974670   22.084210    6.277820
41     opls_700    -2.266000   22.819810    6.313270
42     opls_145    -2.488930   23.842570    0.528990
43     opls_145    -3.673030   24.573980    0.533960
44     opls_145    -4.663020   24.295830    6.321790
45     opls_145    -4.471650   23.251710    5.403840
46     opls_145    -3.280110   22.516430    5.406260
47     opls_142    -6.792260   25.018950    5.478160
48     opls_700    -7.979870   25.888400    5.556100
49     opls_166    -8.200750   26.822140    6.593270
50     opls_145    -9.365910   27.605680    6.568370
51     opls_700     0.278210   22.742900    6.284200
52     opls_181    26.403500    4.011960    4.695810
53     opls_700    36.231080    0.714870    1.720570
54     opls_700    34.949970    1.472030    1.739160
55     opls_145    34.753570    2.540930    2.620660
56     opls_145    33.563150    3.267190    2.628780
57     opls_145    32.539390    2.936790    1.754540
58     opls_145    32.713110    1.853090    0.880420
59     opls_145    33.909290    1.124570    0.879550
60     opls_142    30.354410    3.571090    0.973470
61     opls_700    29.143560    4.409330    1.068320
62     opls_166    28.911530    5.328900    2.115160
63     opls_145    27.729840    6.088320    2.107110
64     opls_700     0.324790    1.349750    1.683710
65     opls_181     7.895450   14.855470    0.281210
66     opls_700    17.538090   11.383770    4.089750
67     opls_700    16.289500   12.184360    4.119160
68     opls_145    16.124710   13.246180    5.016700
69     opls_145    14.954180   14.004300    5.029920
70     opls_145    13.924650   13.712190    4.147820
71     opls_145    14.069740   12.634930    3.261290
72     opls_145    15.243060   11.875200    3.253770
73     opls_142    11.781480   14.416320    3.337150
74     opls_700    10.592190   15.283520    3.399580
75     opls_166    10.361450   16.228520    4.422860
76     opls_145     9.192390   17.008530    4.378550
77     opls_700    18.823860   11.971990    4.056790
78     opls_181     4.035640   10.120490    3.496650
79     opls_700     0.188610   19.944020    6.256270
80     opls_700     0.148620   18.473800    6.203980
81     opls_145    -1.081590   17.804810    6.160280
82     opls_145    -1.122340   16.422760    6.021520
83     opls_145     0.058950   15.685230    5.927530
84     opls_145     1.294740   16.345850    5.962840
85     opls_145     1.336410   17.732090    6.094080
86     opls_142     0.991670   13.503880    5.582140
87     opls_700     0.838270   12.058770    5.383640
88     opls_166    -0.346490   11.358220    5.714320
89     opls_145    -0.428740   10.001600    5.377060
90     opls_145    -0.997360   20.688950    6.261310
91     opls_181    22.990930   21.016850    6.334280
92     opls_700    18.774850   30.740240    1.837580
93     opls_700    18.723920   29.270970    1.859260
94     opls_145    17.495220   28.595540    1.917400
95     opls_145    17.455040   27.208010    1.805090
96     opls_145    18.637600   26.481760    1.623630
97     opls_145    19.867980   27.151720    1.584290
98     opls_145    19.907050   28.534740    1.694250
99     opls_142    19.614370   24.337420    1.269180
100    opls_700    19.538120   22.886820    1.105850
101    opls_166    18.359090   22.144130    1.346180
102    opls_145    18.385960   20.772380    1.106920
103    opls_145    17.600030   31.499330    1.790320
104    opls_181     3.696860   31.408900    1.843820
105    opls_700    18.572940    9.175680    4.072030
106    opls_700    18.438900    7.708670    3.998720
107    opls_145    17.182350    7.098240    4.163060
108    opls_145    17.043280    5.719720    4.011010
109    opls_145    18.152390    4.935240    3.669310
110    opls_145    19.412290    5.541170    3.504840
111    opls_145    19.553220    6.915180    3.672540
112    opls_142    18.993110    2.735550    3.313380
113    opls_700    18.847900    1.287850    3.159250
114    opls_166    17.616430    0.608240    3.296600
115    opls_145    -0.987750   31.403330    3.087090
116    opls_145    17.436050    9.990120    4.096130
117    opls_181     9.866710    3.452100    4.088140
118    opls_700    17.513010   10.435410    0.729510
119    opls_700    16.103830    9.929560    0.767910
120    opls_145    15.182240   10.331660    6.513650
121    opls_145    13.922280    9.719310    6.439680
122    opls_145    13.560680    8.696170    0.623780
123    opls_145    14.459950    8.328940    1.625580
124    opls_145    15.710240    8.940000    1.693310
125    opls_142    11.969130    6.994530    1.219570
126    opls_700    10.707110    6.246720    1.072080
127    opls_166     9.824510    6.424220    6.710480
128    opls_145     8.646150    5.653230    6.684840
129    opls_145    17.772260   11.811690    0.629150
130    opls_181    27.481580   14.548510    0.032090
131    opls_700    -1.201760   20.858790    2.996660
132    opls_700    -2.584170   20.318190    3.033990
133    opls_145    -3.460780   20.604980    1.989020
134    opls_145    -4.744880   20.049900    1.980830
135    opls_145    -5.176360   19.207710    3.020560
136    opls_145    -4.313680   18.945700    4.089150
137    opls_145    -3.027720   19.497560    4.092440
138    opls_142    -6.919880   17.725510    3.798940
139    opls_700    -8.227630   17.056860    3.660720
140    opls_166    -9.115020   17.319840    2.600250
141    opls_145    26.885280   16.547240    2.503520
142    opls_145    -1.025200   22.244400    2.933150
143    opls_181     9.535670   25.183960    2.147720
144    opls_700    17.493330   31.694390    5.156670
145    opls_700    16.103300   31.179850    5.191910
146    opls_145    15.229480   31.486920    4.149570
147    opls_145    13.953920   30.916390    4.117210
148    opls_145    13.533590   30.037520    5.130290
149    opls_145    14.387340   29.767140    6.201630
150    opls_145    15.660680   30.335090    6.230290
151    opls_142    11.845070   28.500620    5.877250
152    opls_700    10.560740   27.799140    5.744270
153    opls_166     9.708280   27.964300    4.640770
154    opls_145     8.526200   27.202320    4.597060
155    opls_145    36.290150    0.897060    5.013880
156    opls_181    29.537320    6.406720    4.159100
157    opls_700    19.940680   10.028680    0.673120
158    opls_700    21.125520    9.145380    0.658420
159    opls_145    21.220770    8.099770    6.449010
160    opls_145    22.357830    7.294030    6.386370
161    opls_145    23.421020    7.525850    0.531270
162    opls_145    23.341920    8.584770    1.448820
163    opls_145    22.203740    9.393730    1.505480
164    opls_142    25.590550    6.804360    1.217890
165    opls_700    26.786330    5.954210    1.103160
166    opls_166    27.014460    5.038820    0.053840
167    opls_145    28.198750    4.275540    0.059480
168    opls_700    18.616640    9.547280    0.765630
169    opls_181    10.972930   17.322750    6.462840
170    opls_700     1.237250   20.590750    2.925900
171    opls_700     2.473200   19.779210    2.893410
172    opls_145     2.547320   18.613770    2.124960
173    opls_145     3.722490   17.868840    2.062530
174    opls_145     4.843230   18.279060    2.770290
175    opls_145     4.781920   19.451260    3.536190
176    opls_145     3.606010   20.199410    3.590030
177    opls_142     7.056800   17.698830    3.440800
178    opls_700     8.261700   16.861240    3.361720
179    opls_166     8.492810   15.918810    2.338840
180    opls_145     9.663730   15.142020    2.379320
181    opls_700    -0.056310   20.024400    3.007600
182    opls_181    -7.579570   27.893080    1.929410
183    opls_700   -17.249110   31.368420    5.131290
184    opls_700   -16.031560   30.528890    5.119410
185    opls_145   -15.996080   29.338340    4.389900
186    opls_145   -14.837270   28.568320    4.326190
187    opls_145   -13.692750   28.975970    4.995220
188    opls_145   -13.712810   30.175840    5.720970
189    opls_145   -14.873850   30.951020    5.774000
190    opls_142   -11.489960   28.337820    5.654510
191    opls_700   -10.304400   27.475760    5.559320
192    opls_166   -10.087230   26.545240    4.521940
193    opls_145    -8.917620   25.763630    4.541140
194    opls_700    18.616490   30.831680    5.231520
195    opls_181    16.040100   21.935560    1.949420
196    opls_700    19.094820   12.294370    0.574710
197    opls_700    19.405370   13.729860    0.465020
198    opls_145    20.742420   14.166200    0.387210
199    opls_145    21.051870   15.523170    0.324240
200    opls_145    20.023890   16.462460    0.320750
201    opls_145    18.686820   16.023550    0.326660
202    opls_145    18.377930   14.671400    0.398960
203    opls_142    19.371400   18.703030    0.493410
204    opls_700    19.528870   20.133350    0.646610
205    opls_166    20.714400   20.857710    0.407620
206    opls_145    20.697190   22.241680    0.649900
207    opls_145    20.154030   11.393050    0.586790
208    opls_181    15.245730    0.547710    3.706770
209    opls_700     0.256480   22.810100    2.903550
210    opls_700     0.446230   24.268750    2.847560
211    opls_145     1.740350   24.816760    2.774050
212    opls_145     1.924140   26.193680    2.666040
213    opls_145     0.815670   27.036760    2.595690
214    opls_145    -0.478830   26.491980    2.644420
215    opls_145    -0.661130   25.120840    2.776810
216    opls_142     0.011840   29.262540    2.579910
217    opls_700     0.164290   30.703480    2.725790
218    opls_166     1.390730   31.377630    2.568770
219    opls_145    20.005700    0.580600    2.807690
220    opls_145     1.369580   21.974430    2.890460
221    opls_181    -2.559070   11.226210    6.671210
222    opls_700     0.415640    1.433160    4.964870
223    opls_700     0.658890    2.884100    4.796910
224    opls_145     1.972530    3.386090    4.732600
225    opls_145     2.211690    4.751430    4.550810
226    opls_145     1.143710    5.638280    4.402590
227    opls_145    -0.169760    5.134690    4.424740
228    opls_145    -0.409650    3.774490    4.631170
229    opls_142     0.431170    7.898480    4.542350
230    opls_700     0.623790    9.336200    4.738110
231    opls_166     1.811900   10.027100    4.418290
232    opls_145     1.895820   11.391760    4.748380
233    opls_145     1.503300    0.566910    5.017500
234    opls_182    18.468640   29.389410    5.605910
235    opls_158    17.370180   27.519210    5.500040
236    opls_245    15.963160   27.016600    5.259110
237    opls_246    17.523730   25.428990    4.293700
238    opls_136    18.334480   26.415200    5.084300
239    opls_465    17.799850   24.028870    4.751670
240    opls_468    16.909520   21.905380    5.269580
241    opls_465    15.081790   25.215360    3.855940
242    opls_468    12.787770   24.413140    4.015570
243    opls_135    13.233220   23.042940    4.508790
244    opls_135    11.496810   24.742910    4.739650
245    opls_135    12.506540   24.357590    2.525270
246    opls_182     0.339660   24.165160    6.680880
247    opls_158     0.419670   26.255820    6.264800
248    opls_245     1.700410   27.050310    6.205390
249    opls_246    -0.051710   28.454640    5.397330
250    opls_136    -0.651430   27.079640    5.615370
251    opls_465    -0.982340   29.500400    5.940690
252    opls_468    -1.504710   31.636220    0.041290
253    opls_465     2.249160   29.388110    5.807500
254    opls_468     4.620190   29.474390    5.225540
255    opls_135     4.677190   30.977470    4.983340
256    opls_135     5.949420   29.055060    5.801530
257    opls_135     4.447160   28.746940    3.906490
258    opls_182    18.997710   13.432550    4.282820
259    opls_158    18.345790   15.471730    3.845670
260    opls_245    19.670240   16.204110    3.881980
261    opls_246    17.987100   17.767070    3.174960
262    opls_136    17.411820   16.363140    3.056610
263    opls_465    17.129620   18.539600    4.126010
264    opls_468    16.013370   18.777240    6.229150
265    opls_465    20.239360   18.597540    3.915890
266    opls_468    22.609170   18.115850    3.633530
267    opls_135    23.852610   18.023430    4.479380
268    opls_135    22.497060   16.821700    2.858100
269    opls_135    22.791610   19.279820    2.668190
270    opls_182    18.395010    8.134300    1.136800
271    opls_158    18.539090    6.051100    0.646670
272    opls_245    17.181430    5.406560    0.823970
273    opls_246    18.606440    3.836770    6.406920
274    opls_136    19.380390    5.136130    6.503790
275    opls_465    19.463390    2.689140    0.126610
276    opls_468    21.670550    1.905570    0.469850
277    opls_465    16.339970    3.137030    0.575580
278    opls_468    13.932650    2.921080    1.003340
279    opls_135    13.910140    1.401300    0.958830
280    opls_135    12.911640    3.340930    2.044940
281    opls_135    13.507010    3.485070    6.374160
282    opls_182    -0.184690   18.560590    3.238400
283    opls_158    -1.425950   16.811390    2.928790
284    opls_245    -2.838410   16.495110    2.505870
285    opls_246    -1.440380   14.647800    1.841000
286    opls_136    -0.535060   15.651720    2.497070
287    opls_465    -1.598860   13.470640    2.753110
288    opls_468    -3.120400   11.967180    3.808810
289    opls_465    -3.760490   14.763710    1.032000
290    opls_468    -6.099510   14.123670    1.110010
291    opls_135    -5.750370   12.693630    1.508430
292    opls_135    -7.347340   14.493980    1.879600
293    opls_135    -6.383570   14.198560    6.335560
294    opls_182     0.420210    2.796150    1.931430
295    opls_158     0.333630    4.826980    1.301400
296    opls_245     1.692040    5.476680    1.190770
297    opls_246     0.006530    7.086930    0.615460
298    opls_136    -0.619660    5.710020    0.555240
299    opls_465    -0.713960    7.935720    1.611680
300    opls_468    -1.309410   10.047530    2.410470
301    opls_465     2.404370    7.799660    0.883180
302    opls_468     4.797540    7.857300    0.377070
303    opls_135     4.890260    9.371950    0.258590
304    opls_135     6.081620    7.368140    0.993400
305    opls_135     4.688400    7.243880    5.707280
306    opls_750     6.523660   24.670710    6.343610
307    opls_750     6.686570    3.065190    1.686930
308    opls_750    25.086350   13.697090    3.926420
309    opls_750    -5.842470   25.101580    6.340860
310    opls_750    31.340420    3.716470    1.788170
311    opls_750    12.752260   14.531450    4.173330
312    opls_750    -0.033660   14.270680    5.776690
313    opls_750    18.563770   25.066240    1.468420
314    opls_750    17.987110    3.524230    3.527600
315    opls_750    12.314080    8.003380    0.467100
316    opls_750    -6.465320   18.588290    2.933360
317    opls_750    12.265070   29.387850    5.021400
318    opls_750    24.579640    6.691790    0.430110
319    opls_750     6.024710   17.481370    2.704240
320    opls_750   -12.530970   28.149310    4.923860
321    opls_750    20.337640   17.854500    0.383250
322    opls_750     1.016400   28.448110    2.573130
323    opls_750     1.400760    7.048660    4.405470
324    opls_239    16.126310   25.811580    4.482140
325    opls_239     1.293320   28.414700    5.956940
326    opls_239    19.339360   17.591660    3.685960
327    opls_239    17.381690    4.021620    0.485090
328    opls_239    -2.711690   15.322920    1.684120
329    opls_239     1.399640    6.874200    0.974610
330    opls_179     8.653470   25.261600    1.047910
331    opls_179     8.885850    3.636240    3.083260
332    opls_179    27.158710   14.258160    5.403240
333    opls_179    -7.268730   26.941970    0.915730
334    opls_179    29.851520    5.458180    3.144010
335    opls_179    11.283600   16.352010    5.468490
336    opls_179    -1.403470   12.017820    6.381470
337    opls_179    17.189980   22.774470    1.816560
338    opls_179    16.445060    1.317100    3.640110
339    opls_179    10.133700    7.363590    5.699620
340    opls_179    -8.807110   18.333530    1.663840
341    opls_179    10.060400   28.873100    3.615270
342    opls_179    26.072780    4.921560    5.740510
343    opls_179     7.559330   15.785350    1.305160
344    opls_179   -11.028510   26.433020    3.492360
345    opls_179    21.863960   20.192410    6.639120
346    opls_179     2.539790   30.650110    2.193240
347    opls_179     2.867030    9.347540    3.772560
348    opls_180    17.632970   28.679940    4.764760
349    opls_467    16.795090   23.307060    5.425460
350    opls_466    18.901370   23.531730    4.523560
351    opls_467    13.760830   25.425770    4.315850
352    opls_466    15.304380   24.478230    2.908850
353    opls_180     0.557210   25.035340    5.626790
354    opls_467    -0.482240   30.703830    6.435650
355    opls_466    -2.190820   29.317630    5.849190
356    opls_467     3.580560   29.103300    6.161480
357    opls_466     1.952040   30.491860    5.386730
358    opls_180    18.485760   14.216180    3.257460
359    opls_467    17.003780   18.100910    5.457820
360    opls_466    16.523060   19.514960    3.709730
361    opls_467    21.477710   18.305960    4.507980
362    opls_466    19.933020   19.757910    3.718990
363    opls_180    18.427420    7.296460    0.047800
364    opls_467    20.726450    2.946850    0.673060
365    opls_466    19.088980    1.546300    6.644160
366    opls_467    15.212020    3.452960    1.376050
367    opls_466    16.399620    2.086250    6.688600
368    opls_180    -0.992690   17.972440    2.292930
369    opls_467    -2.792250   13.312270    3.495440
370    opls_466    -0.671220   12.687090    2.854480
371    opls_467    -5.071050   15.053920    1.461840
372    opls_466    -3.544400   13.977980    0.127350
373    opls_180     0.346860    3.549540    0.780260
374    opls_467    -0.366190    9.285600    1.681560
375    opls_466    -1.612400    7.462320    2.316290
376    opls_467     3.710870    7.426690    1.226680
377    opls_466     2.155610    8.948460    0.548530
378    opls_185     8.930510   28.000220    2.093680
379    opls_185     9.544140   29.731450    1.771990
380    opls_185     8.145690   29.435950    2.984040
381    opls_146     3.478640   21.567170    1.305560
382    opls_146     5.707110   22.776430    1.347120
383    opls_146     4.620880   25.018060    4.441660
384    opls_146     2.397060   23.828430    4.409230
385    opls_144     6.262430   25.810280    4.582700
386    opls_146    10.909220   26.795550    0.937220
387    opls_146     2.377640   19.998090    6.209420
388    opls_185     9.091720    6.415090    4.159170
389    opls_185     9.604240    8.179130    3.840090
390    opls_185     8.201330    7.804480    5.024960
391    opls_146     3.675860   -0.154390    3.194030
392    opls_146     5.954120    0.951270    3.176840
393    opls_146     4.608610    3.774520    0.089820
394    opls_146     2.338150    2.685600    0.113180
395    opls_144     6.339320    4.357600    0.050890
396    opls_146    11.129880    5.184040    2.927850
397    opls_146   -16.210880   30.755040    1.811600
398    opls_185    -9.670520   17.406600    0.003290
399    opls_185    -9.258880   19.214080   -0.187900
400    opls_185   -10.711080   18.687240    0.871900
401    opls_146    22.199410   10.343660    5.384640
402    opls_146    24.466320   11.490180    5.336310
403    opls_146    23.009500   14.336920    2.326290
404    opls_146    20.764520   13.212280    2.380060
405    opls_144    24.610160   15.141370    2.460080
406    opls_146    -7.826810   15.866760    5.453120
407    opls_146    20.759910    9.103290    3.971000
408    opls_185    -9.811530   24.877250    2.771770
409    opls_185   -10.482080   26.052510    1.495750
410    opls_185   -11.609100   24.804240    2.315350
411    opls_146    -1.692870   24.086420    1.296640
412    opls_146    -3.834330   25.403810    1.296770
413    opls_146    -5.286660   23.003350    4.657480
414    opls_146    -3.137770   21.665370    4.663460
415    opls_144    -6.721680   24.260570    4.632910
416    opls_146    -9.562500   28.371790    7.387830
417    opls_185    27.315770    3.399900    4.991260
418    opls_185    26.636680    4.595110    3.738530
419    opls_185    25.522480    3.313060    4.521540
420    opls_146    35.573780    2.829190    3.346410
421    opls_146    33.423220    4.135310    3.351920
422    opls_146    31.879150    1.565470    0.169980
423    opls_146    34.032690    0.241970    0.171320
424    opls_144    30.409560    2.779560    0.157890
425    opls_146    27.522100    6.839620    2.937650
426    opls_185     8.805500   14.248560    0.594440
427    opls_185     8.135690   15.419320   -0.685940
428    opls_185     7.015360   14.153680    0.115260
429    opls_146    16.953100   13.498400    5.746880
430    opls_146    14.835060   14.866630    5.763260
431    opls_146    13.229280   12.379170    2.546140
432    opls_146    15.344530   10.997750    2.536010
433    opls_144    11.831060   13.625440    2.520970
434    opls_146     8.986500   17.784930    5.186470
435    opls_185     4.030320   10.467130    2.408930
436    opls_185     4.961820    9.484300    3.679720
437    opls_185     4.049580   11.029150    4.180520
438    opls_146    -2.054910   18.393990    6.238680
439    opls_146    -2.126180   15.884410    5.983790
440    opls_146     2.263780   15.749270    5.884230
441    opls_146     2.344520   18.263680    6.111870
442    opls_144     2.041950   13.947630    5.562270
443    opls_146    -1.375440    9.410140    5.624770
444    opls_146    -2.005090   20.156080    6.251780
445    opls_185    22.947700   21.354480    5.245010
446    opls_185    23.949080   20.425720    6.502110
447    opls_185    22.976620   21.930660    7.011770
448    opls_146    16.526750   29.182140    2.056830
449    opls_146    16.455130   26.660970    1.861140
450    opls_146    20.836460   26.561250    1.461980
451    opls_146    20.912730   29.071150    1.649270
452    opls_144    20.645690   24.822350    1.215610
453    opls_146    17.449090   20.144560    1.290260
454    opls_146    16.585430   30.979650    1.808580
455    opls_185     3.640990   31.729810    0.750460
456    opls_185     4.628420   30.771760    1.997080
457    opls_185     3.748530   32.333340    2.503990
458    opls_146    16.267260    7.730200    4.422520
459    opls_146    16.023320    5.229310    4.165340
460    opls_146    20.322550    4.907280    3.233360
461    opls_146    20.581360    7.395290    3.543510
462    opls_144    20.048580    3.161920    3.237190
463    opls_146    -1.962180   30.821860    3.211750
464    opls_146    16.397290    9.519340    4.121570
465    opls_185    10.816750    4.016540    3.791760
466    opls_185    10.101290    2.341300    4.195550
467    opls_185     9.467200    3.851360    5.081410
468    opls_146    15.451720   11.164820    5.776020
469    opls_146    13.183460   10.054030    5.646050
470    opls_146    14.170210    7.526990    2.390060
471    opls_146    16.418960    8.621370    2.520500
472    opls_144    12.657780    6.641790    2.049910
473    opls_146     7.915870    5.777500    5.826770
474    opls_146    16.907080   12.552760    0.590820
475    opls_185    27.820790   15.633880    0.106670
476    opls_185    28.322300   13.860190    0.369760
477    opls_185    26.563610   14.384990    0.700180
478    opls_146    -3.130180   21.295600    1.136800
479    opls_146    -5.448410   20.282940    1.122300
480    opls_146    -4.661010   18.282110    4.956350
481    opls_146    -2.338320   19.274810    4.965140
482    opls_144    -6.302400   17.455460    4.712060
483    opls_146    26.147940   16.752610    1.667130
484    opls_146    -1.932200   22.933660    2.904560
485    opls_185    10.401910   25.909600    1.981980
486    opls_185     9.940490   24.122070    2.238150
487    opls_185     8.972400   25.458050    3.105950
488    opls_146    15.556930   32.206170    3.320300
489    opls_146    13.251510   31.167450    3.262570
490    opls_146    14.040760   29.081670    7.051840
491    opls_146    16.342830   30.108160    7.107360
492    opls_144    12.479280   28.235080    6.779960
493    opls_146     7.822490   27.313410    3.715100
494    opls_146    35.400060    1.604030    4.935540
495    opls_185    29.608020    7.460600    3.723960
496    opls_185    30.274490    6.297570    5.013280
497    opls_185    28.478030    6.220700    4.552290
498    opls_146    20.361900    7.899680    5.738360
499    opls_146    22.419510    6.443610    5.633030
500    opls_146    24.208400    8.785830    2.150210
501    opls_146    22.153200   10.258310    2.243380
502    opls_144    25.577210    7.587190    2.042590
503    opls_146    28.405570    3.525850   -0.773010
504    opls_185    11.049760   18.367300    6.005940
505    opls_185    11.708050   17.228080    7.320170
506    opls_185     9.912340   17.149920    6.858040
507    opls_146     1.639430   18.266290    1.542330
508    opls_146     3.770260   16.922200    1.432640
509    opls_146     5.694280   19.792310    4.115260
510    opls_146     3.567710   21.156670    4.203940
511    opls_144     7.049570   18.563090    4.180110
512    opls_146     9.873520   14.373020    1.565560
513    opls_185    -7.507570   28.945990    1.492050
514    opls_185    -6.841480   27.784250    2.782780
515    opls_185    -8.638490   27.709630    2.324340
516    opls_146   -16.923110   28.988610    3.838950
517    opls_146   -14.822200   27.601720    3.726040
518    opls_146   -12.780390   30.517530    6.267620
519    opls_146   -14.877960   31.930800    6.352400
520    opls_144   -11.473770   29.194990    6.401410
521    opls_146    -8.717310   25.005890    3.714630
522    opls_185    16.364320   20.885880    2.254930
523    opls_185    15.501020   21.890910    0.952860
524    opls_185    15.337030   22.360260    2.746530
525    opls_146    21.590490   13.404540    0.375130
526    opls_146    22.140430   15.859440    0.275910
527    opls_146    17.838730   16.782000    0.271540
528    opls_146    17.290650   14.329020    0.404460
529    opls_144    18.290250   18.342310    0.473740
530    opls_146    21.640380   22.861770    0.474950
531    opls_146    21.227910   11.774050    0.524760
532    opls_185    15.494480   -0.526430    3.999060
533    opls_185    14.745860    0.558730    2.688330
534    opls_185    14.537450    0.995570    4.486230
535    opls_146     2.651060   24.132000    2.802650
536    opls_146     2.978140   26.628410    2.635430
537    opls_146    -1.387320   27.176740    2.575080
538    opls_146    -1.715870   24.689320    2.827960
539    opls_144    -1.047590   28.860320    2.468740
540    opls_146    20.989430    1.152420    2.716930
541    opls_146     2.418000   22.421390    2.849910
542    opls_185    -2.237080   10.183600    7.002030
543    opls_185    -3.195150   11.146800    5.736950
544    opls_185    -3.168640   11.715580    7.506190
545    opls_146     2.857980    2.675580    4.829340
546    opls_146     3.281670    5.145620    4.522880
547    opls_146    -1.050950    5.840370    4.273160
548    opls_146    -1.482420    3.388340    4.664730
549    opls_144    -0.650350    7.540340    4.513820
550    opls_146     2.843450   11.980320    4.497580
551    opls_146     2.565100    0.981700    4.967220
552    opls_185    19.499410   28.902230    5.588190
553    opls_185    18.051120   29.348140    6.671280
554    opls_185    17.493330   27.734390    6.610120
555    opls_140    15.373080   27.791500    4.670240
556    opls_140    15.445250   26.803500    6.259630
557    opls_140    17.803890   25.526580    3.188990
558    opls_140    18.760350   25.905420    6.008020
559    opls_140    19.178670   26.860280    4.447830
560    opls_469    17.783230   21.521120    5.884300
561    opls_469    17.091920   21.663160    4.169570
562    opls_469    15.946130   21.402720    5.629270
563    opls_140    14.035970   23.169020    5.297710
564    opls_140    13.657290   22.444820    3.633260
565    opls_140    12.340100   22.488800    4.964610
566    opls_140    11.180470   23.857630    5.392970
567    opls_140    10.685140   24.961140    3.978650
568    opls_140    11.650140   25.659300    5.394040
569    opls_140    13.234960   23.635540    2.022460
570    opls_140    12.635590   25.397310    2.068780
571    opls_140    11.438170   23.998490    2.367910
572    opls_185    -0.641900   24.443140    7.200740
573    opls_185     1.185710   24.263890    7.427710
574    opls_185     0.130210   26.072000    7.356620
575    opls_140     2.366660   26.679680    5.351280
576    opls_140     2.241530   26.948550    7.197380
577    opls_140     0.054670   28.625920    4.273090
578    opls_140    -1.564730   27.148130    6.305280
579    opls_140    -0.939040   26.603480    4.626270
580    opls_469    -2.160190   31.217840    0.885320
581    opls_469    -2.142080   31.824220   -0.877940
582    opls_469    -1.033090   32.616030    0.372910
583    opls_140     4.650680   31.188970    3.862720
584    opls_140     5.641730   31.394790    5.411770
585    opls_140     3.782610   31.474260    5.494140
586    opls_140     6.759730   29.126240    4.992060
587    opls_140     5.877030   27.980270    6.181090
588    opls_140     6.213020   29.742650    6.665100
589    opls_140     5.218820   27.911600    3.822770
590    opls_140     4.594130   29.481960    3.041910
591    opls_140     3.398720   28.301920    3.866280
592    opls_185    18.474040   13.713390    5.260850
593    opls_185    20.114370   13.633980    4.379090
594    opls_185    17.938120   15.346470    4.908620
595    opls_140    20.355450   15.843130    3.038680
596    opls_140    20.160250   16.026080    4.890760
597    opls_140    18.020650   18.280720    2.154640
598    opls_140    16.361290   16.325450    3.511420
599    opls_140    17.393690   16.019560    1.971640
600    opls_469    15.615850   18.080190    7.047680
601    opls_469    15.157120   19.092640    5.554820
602    opls_469    16.472580   19.701360    6.703900
603    opls_140    24.737140   18.475260    3.906220
604    opls_140    24.070680   16.929670    4.718170
605    opls_140    23.685420   18.595810    5.450230
606    opls_140    23.308800   16.098620    3.194560
607    opls_140    22.625930   17.038340    1.743590
608    opls_140    21.472290   16.355740    3.053250
609    opls_140    22.133980   19.123180    1.759300
610    opls_140    23.884000   19.340340    2.333340
611    opls_140    22.494010   20.249640    3.186980
612    opls_185    19.200720    7.810520    1.866850
613    opls_185    17.376640    8.058320    1.656730
614    opls_185    19.024270    6.164610    1.665450
615    opls_140    16.433900    5.885100    0.115470
616    opls_140    16.826740    5.525530    1.904640
617    opls_140    18.320850    3.679510    5.318860
618    opls_140    20.385650    4.948820    6.995920
619    opls_140    19.539390    5.609560    5.474670
620    opls_469    21.564330    1.491190   -0.583440
621    opls_469    21.480620    1.073050    1.231790
622    opls_469    22.724410    2.316160    0.598000
623    opls_140    14.800560    0.988080    1.529510
624    opls_140    13.970990    1.057390   -0.125470
625    opls_140    12.942500    1.018660    1.439020
626    opls_140    12.699770    2.468510    2.754650
627    opls_140    11.947270    3.649240    1.531590
628    opls_140    13.316800    4.222250    2.634820
629    opls_140    14.156360    3.037530    5.544820
630    opls_140    13.630060    4.618390    6.374160
631    opls_140    12.414300    3.222180    6.196530
632    opls_185     0.850350   18.084670    3.187920
633    opls_185    -0.635110   18.389640    4.278060
634    opls_185    -1.389210   16.938730    4.060020
635    opls_140    -3.264550   17.360760    1.899870
636    opls_140    -3.488480   16.297790    3.430660
637    opls_140    -1.013740   14.329640    0.829270
638    opls_140    -0.043220   15.181520    3.407840
639    opls_140     0.263000   16.030510    1.764670
640    opls_469    -2.208460   11.443280    4.239320
641    opls_469    -3.444610   11.431490    2.862800
642    opls_469    -3.972720   11.944920    4.576450
643    opls_140    -4.888520   12.705800    2.243790
644    opls_140    -5.442100   12.107410    0.579880
645    opls_140    -6.659830   12.198690    1.999770
646    opls_140    -7.660710   13.623500    2.554270
647    opls_140    -8.183900   14.727010    1.150290
648    opls_140    -7.142900   15.411980    2.517080
649    opls_140    -5.646980   13.534440    5.767490
650    opls_140    -6.270470   15.276240    5.974190
651    opls_140    -7.447480   13.841390    6.149130
652    opls_185    -0.427110    3.103720    2.638320
653    opls_185     1.415630    2.992080    2.437800
654    opls_185     0.014060    4.777670    2.398860
655    opls_140     2.275210    5.054890    0.301490
656    opls_140     2.262710    5.301230    2.155640
657    opls_140    -0.038360    7.580630   -0.412920
658    opls_140    -1.641180    5.711590    1.073890
659    opls_140    -0.710830    5.340370   -0.516370
660    opls_469    -1.739440    9.417080    3.265990
661    opls_469    -2.150600   10.370330    1.720970
662    opls_469    -0.800220   10.970690    2.833400
663    opls_140     4.898700    9.673550   -0.842430
664    opls_140     5.849430    9.731670    0.744950
665    opls_140     3.991410    9.845900    0.784360
666    opls_140     6.917400    7.388800    0.207570
667    opls_140     5.938230    6.301070    1.376250
668    opls_140     6.358050    8.045110    1.861140
669    opls_140     5.492940    6.446830    5.572340
670    opls_140     4.829440    8.056770    4.914660
671    opls_140     3.659270    6.768620    5.598120
