0      opls_145     9.821800   25.274420    4.679150
1      opls_145     9.789330   24.391520    3.744010
2      opls_145     9.165260   23.074950    3.819120
3      opls_145     8.552680   22.634530    4.824850
4      opls_145     8.644510   23.481990    0.685000
5      opls_145     9.224900   24.802960    0.605620
6      opls_700     7.733470   21.329080    4.890760
7      opls_145     8.560520   20.057010    0.043100
8      opls_145    10.488420   26.672400    4.629800
9      opls_145     8.646190   19.562710    1.134510
10     opls_145     9.244490   18.269270    1.351410
11     opls_145     9.845600   17.470420    0.489350
12     opls_145     9.866320   18.031780    4.486340
13     opls_145     9.234420   19.320540    4.269130
14     opls_145    10.458190   16.075070    0.733130
15     opls_145     9.901320   15.263920    1.612670
16     opls_145    10.515860   13.988050    1.880390
17     opls_145    11.673560   13.473250    1.257690
18     opls_145    12.188430   14.241350    0.346490
19     opls_145    11.608320   15.539480    0.099760
20     opls_145    11.204880   27.195690    0.490060
21     opls_145    11.773790   28.525450    0.493820
22     opls_145    11.618680    0.104830    4.638490
23     opls_145    10.943660   28.859570    3.679160
24     opls_145    10.380630   27.512830    3.673630
25     opls_142    12.330660   12.141730    1.573230
26     opls_142    12.153990    1.578660    4.643680
27     opls_145    14.191650   10.405820    1.279950
28     opls_145    14.060900    9.710340    2.310230
29     opls_145    14.735640    8.433880    2.468940
30     opls_145    15.556810    7.847630    1.610890
31     opls_145    15.758950    8.573270    0.611820
32     opls_145    15.069090    9.840650    0.445340
33     opls_142    16.144480    6.529590    1.748410
34     opls_145    15.172130    5.471290    1.481150
35     opls_145    14.598740    5.338050    0.399040
36     opls_145    13.698060    4.226460    0.137010
37     opls_145    13.379730    3.224090    0.947490
38     opls_145    13.923720    3.374020    2.030310
39     opls_145    14.819640    4.487960    2.293300
40     opls_145    18.175700    4.008880    4.679150
41     opls_145    18.208170    4.891780    3.744010
42     opls_145    18.832240    6.208350    3.819120
43     opls_145    19.444820    6.648770    4.824850
44     opls_145    19.352990    5.801310    0.685000
45     opls_145    18.772600    4.480340    0.605620
46     opls_700    20.264030    7.954220    4.890760
47     opls_145    19.436980    9.226290    0.043100
48     opls_145    17.509080    2.610900    4.629800
49     opls_145    19.351310    9.720590    1.134510
50     opls_145    18.753010   11.014030    1.351410
51     opls_145    18.151900   11.812880    0.489350
52     opls_145    18.131180   11.251520    4.486340
53     opls_145    18.763080    9.962760    4.269130
54     opls_145    17.539310   13.208230    0.733130
55     opls_145    18.096180   14.019380    1.612670
56     opls_145    17.481640   15.295250    1.880390
57     opls_145    16.323940   15.810050    1.257690
58     opls_145    15.809070   15.041950    0.346490
59     opls_145    16.389180   13.743820    0.099760
60     opls_145    16.792620    2.087610    0.490060
61     opls_145    16.223710    0.757850    0.493820
62     opls_145    16.378820   29.178470    4.638490
63     opls_145    17.053840    0.423730    3.679160
64     opls_145    17.616870    1.770470    3.673630
65     opls_142    15.666840   17.141570    1.573230
66     opls_142    15.843510   27.704640    4.643680
67     opls_145    13.805850   18.877480    1.279950
68     opls_145    13.936600   19.572960    2.310230
69     opls_145    13.261860   20.849420    2.468940
70     opls_145    12.440690   21.435670    1.610890
71     opls_145    12.238550   20.710030    0.611820
72     opls_145    12.928410   19.442650    0.445340
73     opls_142    11.853020   22.753710    1.748410
74     opls_145    12.825370   23.812010    1.481150
75     opls_145    13.398760   23.945250    0.399040
76     opls_145    14.299440   25.056840    0.137010
77     opls_145    14.617770   26.059210    0.947490
78     opls_145    14.073780   25.909280    2.030310
79     opls_145    13.177860   24.795340    2.293300
80     opls_145    23.820550    4.008880    4.679150
81     opls_145    23.788080    4.891780    3.744010
82     opls_145    23.164010    6.208350    3.819120
83     opls_145    22.551430    6.648770    4.824850
84     opls_145    22.643260    5.801310    0.685000
85     opls_145    23.223650    4.480340    0.605620
86     opls_700    21.732220    7.954220    4.890760
87     opls_145    22.559270    9.226290    0.043100
88     opls_145    24.487170    2.610900    4.629800
89     opls_145    22.644940    9.720590    1.134510
90     opls_145    23.243240   11.014030    1.351410
91     opls_145    23.844350   11.812880    0.489350
92     opls_145    23.865070   11.251520    4.486340
93     opls_145    23.233170    9.962760    4.269130
94     opls_145    24.456940   13.208230    0.733130
95     opls_145    23.900070   14.019380    1.612670
96     opls_145    24.514610   15.295250    1.880390
97     opls_145    25.672310   15.810050    1.257690
98     opls_145    26.187180   15.041950    0.346490
99     opls_145    25.607070   13.743820    0.099760
100    opls_145    25.203630    2.087610    0.490060
101    opls_145    25.772540    0.757850    0.493820
102    opls_145    25.617430   29.178470    4.638490
103    opls_145    24.942410    0.423730    3.679160
104    opls_145    24.379380    1.770470    3.673630
105    opls_142    26.329410   17.141570    1.573230
106    opls_142    26.152740   27.704640    4.643680
107    opls_145     0.192900   18.877480    1.279950
108    opls_145     0.062150   19.572960    2.310230
109    opls_145     0.736890   20.849420    2.468940
110    opls_145     1.558060   21.435670    1.610890
111    opls_145     1.760200   20.710030    0.611820
112    opls_145     1.070340   19.442650    0.445340
113    opls_142     2.145730   22.753710    1.748410
114    opls_145     1.173380   23.812010    1.481150
115    opls_145     0.599990   23.945250    0.399040
116    opls_145    27.696810   25.056840    0.137010
117    opls_145    27.378480   26.059210    0.947490
118    opls_145    27.922470   25.909280    2.030310
119    opls_145     0.820890   24.795340    2.293300
120    opls_145     4.176950   25.274420    4.679150
121    opls_145     4.209420   24.391520    3.744010
122    opls_145     4.833490   23.074950    3.819120
123    opls_145     5.446070   22.634530    4.824850
124    opls_145     5.354240   23.481990    0.685000
125    opls_145     4.773850   24.802960    0.605620
126    opls_700     6.265280   21.329080    4.890760
127    opls_145     5.438230   20.057010    0.043100
128    opls_145     3.510330   26.672400    4.629800
129    opls_145     5.352560   19.562710    1.134510
130    opls_145     4.754260   18.269270    1.351410
131    opls_145     4.153150   17.470420    0.489350
132    opls_145     4.132430   18.031780    4.486340
133    opls_145     4.764330   19.320540    4.269130
134    opls_145     3.540560   16.075070    0.733130
135    opls_145     4.097430   15.263920    1.612670
136    opls_145     3.482890   13.988050    1.880390
137    opls_145     2.325190   13.473250    1.257690
138    opls_145     1.810320   14.241350    0.346490
139    opls_145     2.390430   15.539480    0.099760
140    opls_145     2.793870   27.195690    0.490060
141    opls_145     2.224960   28.525450    0.493820
142    opls_145     2.380070    0.104830    4.638490
143    opls_145     3.055090   28.859570    3.679160
144    opls_145     3.618120   27.512830    3.673630
145    opls_142     1.668090   12.141730    1.573230
146    opls_142     1.844760    1.578660    4.643680
147    opls_145    27.804600   10.405820    1.279950
148    opls_145    27.935350    9.710340    2.310230
149    opls_145    27.260610    8.433880    2.468940
150    opls_145    26.439440    7.847630    1.610890
151    opls_145    26.237300    8.573270    0.611820
152    opls_145    26.927160    9.840650    0.445340
153    opls_142    25.851770    6.529590    1.748410
154    opls_145    26.824120    5.471290    1.481150
155    opls_145    27.397510    5.338050    0.399040
156    opls_145     0.300690    4.226460    0.137010
157    opls_145     0.619020    3.224090    0.947490
158    opls_145     0.075030    3.374020    2.030310
159    opls_145    27.176610    4.487960    2.293300
160    opls_750    13.455600   11.679350    1.047200
161    opls_750    12.574520    2.007960    0.683830
162    opls_750    14.541900   17.603950    1.047200
163    opls_750    15.422980   27.275340    0.683830
164    opls_750    27.454350   17.603950    1.047200
165    opls_750    26.573270   27.275340    0.683830
166    opls_750     0.543150   11.679350    1.047200
167    opls_750     1.424230    2.007960    0.683830
168    opls_146    10.280960   24.607930    2.738490
169    opls_146     9.215100   22.368630    2.925610
170    opls_146     8.244140   23.227510    1.721630
171    opls_146     9.162180   25.507800    1.499490
172    opls_146     8.246380   20.119380    2.045400
173    opls_146     9.235540   17.804540    2.392300
174    opls_146    10.394630   17.543630    3.601970
175    opls_146     9.380000   19.681310    3.197590
176    opls_146     8.945480   15.575490    2.150300
177    opls_146    10.063700   13.289930    2.660070
178    opls_146    13.092470   13.888780   -0.252070
179    opls_146    12.163510   16.151500   -0.685560
180    opls_146    11.439780   26.593340    1.429010
181    opls_146    12.411570   28.870110    1.373660
182    opls_146    10.740960   29.455780    2.728880
183    opls_146     9.794090   27.143860    2.768370
184    opls_144    11.851620   11.434250    2.327960
185    opls_144    12.148680    2.190390    3.681760
186    opls_146    13.395680   10.072870    3.162020
187    opls_146    14.580260    7.821280    3.417640
188    opls_146    16.497530    8.244130   -0.191690
189    opls_146    15.350190   10.365120   -0.527050
190    opls_146    14.767280    6.099130   -0.432880
191    opls_146    13.168060    4.147390   -0.869170
192    opls_146    13.734730    2.627880    2.871280
193    opls_146    15.319110    4.589280    3.313060
194    opls_144    17.242820    6.422120    2.034320
195    opls_146    17.716540    4.675370    2.738490
196    opls_146    18.782400    6.914670    2.925610
197    opls_146    19.753360    6.055790    1.721630
198    opls_146    18.835320    3.775500    1.499490
199    opls_146    19.751120    9.163920    2.045400
200    opls_146    18.761960   11.478760    2.392300
201    opls_146    17.602870   11.739670    3.601970
202    opls_146    18.617500    9.601990    3.197590
203    opls_146    19.052020   13.707810    2.150300
204    opls_146    17.933800   15.993370    2.660070
205    opls_146    14.905030   15.394520   -0.252070
206    opls_146    15.833990   13.131800   -0.685560
207    opls_146    16.557720    2.689960    1.429010
208    opls_146    15.585930    0.413190    1.373660
209    opls_146    17.256540   -0.172480    2.728880
210    opls_146    18.203410    2.139440    2.768370
211    opls_144    16.145880   17.849050    2.327960
212    opls_144    15.848820   27.092910    3.681760
213    opls_146    14.601820   19.210430    3.162020
214    opls_146    13.417240   21.462020    3.417640
215    opls_146    11.499970   21.039170   -0.191690
216    opls_146    12.647310   18.918180   -0.527050
217    opls_146    13.230220   23.184170   -0.432880
218    opls_146    14.829440   25.135910   -0.869170
219    opls_146    14.262770   26.655420    2.871280
220    opls_146    12.678390   24.694020    3.313060
221    opls_144    10.754680   22.861180    2.034320
222    opls_146    24.279710    4.675370    2.738490
223    opls_146    23.213850    6.914670    2.925610
224    opls_146    22.242890    6.055790    1.721630
225    opls_146    23.160930    3.775500    1.499490
226    opls_146    22.245130    9.163920    2.045400
227    opls_146    23.234290   11.478760    2.392300
228    opls_146    24.393380   11.739670    3.601970
229    opls_146    23.378750    9.601990    3.197590
230    opls_146    22.944230   13.707810    2.150300
231    opls_146    24.062450   15.993370    2.660070
232    opls_146    27.091220   15.394520   -0.252070
233    opls_146    26.162260   13.131800   -0.685560
234    opls_146    25.438530    2.689960    1.429010
235    opls_146    26.410320    0.413190    1.373660
236    opls_146    24.739710   -0.172480    2.728880
237    opls_146    23.792840    2.139440    2.768370
238    opls_144    25.850370   17.849050    2.327960
239    opls_144    26.147430   27.092910    3.681760
240    opls_146    -0.603070   19.210430    3.162020
241    opls_146     0.581510   21.462020    3.417640
242    opls_146     2.498780   21.039170   -0.191690
243    opls_146     1.351440   18.918180   -0.527050
244    opls_146     0.768530   23.184170   -0.432880
245    opls_146    27.166810   25.135910   -0.869170
246    opls_146    27.733480   26.655420    2.871280
247    opls_146     1.320360   24.694020    3.313060
248    opls_144     3.244070   22.861180    2.034320
249    opls_146     3.717790   24.607930    2.738490
250    opls_146     4.783650   22.368630    2.925610
251    opls_146     5.754610   23.227510    1.721630
252    opls_146     4.836570   25.507800    1.499490
253    opls_146     5.752370   20.119380    2.045400
254    opls_146     4.763210   17.804540    2.392300
255    opls_146     3.604120   17.543630    3.601970
256    opls_146     4.618750   19.681310    3.197590
257    opls_146     5.053270   15.575490    2.150300
258    opls_146     3.935050   13.289930    2.660070
259    opls_146     0.906280   13.888780   -0.252070
260    opls_146     1.835240   16.151500   -0.685560
261    opls_146     2.558970   26.593340    1.429010
262    opls_146     1.587180   28.870110    1.373660
263    opls_146     3.257790   29.455780    2.728880
264    opls_146     4.204660   27.143860    2.768370
265    opls_144     2.147130   11.434250    2.327960
266    opls_144     1.850070    2.190390    3.681760
267    opls_146    28.600570   10.072870    3.162020
268    opls_146    27.415990    7.821280    3.417640
269    opls_146    25.498720    8.244130   -0.191690
270    opls_146    26.646060   10.365120   -0.527050
271    opls_146    27.228970    6.099130   -0.432880
272    opls_146     0.830690    4.147390   -0.869170
273    opls_146     0.264020    2.627880    2.871280
274    opls_146    26.677140    4.589280    3.313060
275    opls_144    24.753430    6.422120    2.034320
