0      opls_521     8.480340   23.083160   27.013710
1      opls_142     8.587700   19.133960   22.815760
2      opls_521     8.504890   21.983100   25.996130
3      opls_142     6.312960   29.668440   24.472550
4      opls_141    15.701890   16.518180   24.610340
5      opls_521     5.374270   24.366500   25.448880
6      opls_700     3.983570   24.368140   25.272470
7      opls_523     3.470030   24.313150   23.968180
8      opls_522     4.330510   24.243770   22.869110
9      opls_521     9.061300   24.343260   21.468590
10     opls_700     8.802410   24.163900   20.102440
11     opls_523     7.473900   23.993710   19.687750
12     opls_522     6.431450   24.034620   20.623500
13     opls_145    14.014000   20.466720   24.691510
14     opls_145    20.313870   18.979150   24.738320
15     opls_145    17.753730   20.148920    9.015480
16     opls_145    17.166890   18.875720    9.033480
17     opls_700    17.520700   17.919680    8.064670
18     opls_145    18.457100   18.260720    7.077210
19     opls_145    19.055410   19.516570    7.074260
20     opls_145    12.499590   18.006740    9.001400
21     opls_145    13.600620   17.154450    9.067190
22     opls_700    14.638490   17.253290    8.126530
23     opls_145    14.569100   18.247300    7.134810
24     opls_145    13.475600   19.120210    7.086370
25     opls_521    24.249660    9.646840   27.013710
26     opls_142    24.142300   13.596040   22.815760
27     opls_521    24.225110   10.746900   25.996130
28     opls_142    26.417040    3.061560   24.472550
29     opls_141    17.028110   16.211820   24.610340
30     opls_521    27.355730    8.363500   25.448880
31     opls_700    28.746430    8.361860   25.272470
32     opls_523    29.259970    8.416850   23.968180
33     opls_522    28.399490    8.486230   22.869110
34     opls_521    23.668700    8.386740   21.468590
35     opls_700    23.927590    8.566100   20.102440
36     opls_523    25.256100    8.736290   19.687750
37     opls_522    26.298560    8.695380   20.623500
38     opls_145    18.716000   12.263280   24.691510
39     opls_145    12.416130   13.750850   24.738320
40     opls_145    14.976270   12.581080    9.015480
41     opls_145    15.563110   13.854280    9.033480
42     opls_700    15.209300   14.810330    8.064670
43     opls_145    14.272900   14.469280    7.077210
44     opls_145    13.674590   13.213430    7.074260
45     opls_145    20.230410   14.723260    9.001400
46     opls_145    19.129380   15.575550    9.067190
47     opls_700    18.091510   15.476710    8.126530
48     opls_145    18.160900   14.482700    7.134810
49     opls_145    19.254400   13.609790    7.086370
50     opls_521    24.249660   23.083160    5.716290
51     opls_142    24.142300   19.133960    9.914240
52     opls_521    24.225110   21.983100    6.733870
53     opls_142    26.417040   29.668440    8.257450
54     opls_141    17.028110   16.518180    8.119660
55     opls_521    27.355730   24.366500    7.281120
56     opls_700    28.746430   24.368140    7.457530
57     opls_523    29.259970   24.313150    8.761820
58     opls_522    28.399490   24.243770    9.860890
59     opls_521    23.668700   24.343260   11.261410
60     opls_700    23.927590   24.163900   12.627560
61     opls_523    25.256100   23.993710   13.042250
62     opls_522    26.298560   24.034620   12.106500
63     opls_145    18.716000   20.466720    8.038490
64     opls_145    12.416130   18.979150    7.991680
65     opls_145    14.976270   20.148920   23.714520
66     opls_145    15.563110   18.875720   23.696520
67     opls_700    15.209300   17.919680   24.665330
68     opls_145    14.272900   18.260720   25.652790
69     opls_145    13.674590   19.516570   25.655740
70     opls_145    20.230410   18.006740   23.728600
71     opls_145    19.129380   17.154450   23.662810
72     opls_700    18.091510   17.253290   24.603470
73     opls_145    18.160900   18.247300   25.595190
74     opls_145    19.254400   19.120210   25.643630
75     opls_521     8.480340    9.646840    5.716290
76     opls_142     8.587700   13.596040    9.914240
77     opls_521     8.504890   10.746900    6.733870
78     opls_142     6.312960    3.061560    8.257450
79     opls_141    15.701890   16.211820    8.119660
80     opls_521     5.374270    8.363500    7.281120
81     opls_700     3.983570    8.361860    7.457530
82     opls_523     3.470030    8.416850    8.761820
83     opls_522     4.330510    8.486230    9.860890
84     opls_521     9.061300    8.386740   11.261410
85     opls_700     8.802410    8.566100   12.627560
86     opls_523     7.473900    8.736290   13.042250
87     opls_522     6.431450    8.695380   12.106500
88     opls_145    14.014000   12.263280    8.038490
89     opls_145    20.313870   13.750850    7.991680
90     opls_145    17.753730   12.581080   23.714520
91     opls_145    17.166890   13.854280   23.696520
92     opls_700    17.520700   14.810330   24.665330
93     opls_145    18.457100   14.469280   25.652790
94     opls_145    19.055410   13.213430   25.655740
95     opls_145    12.499590   14.723260   23.728600
96     opls_145    13.600620   15.575550   23.662810
97     opls_700    14.638490   15.476710   24.603470
98     opls_145    14.569100   14.482700   25.595190
99     opls_145    13.475600   13.609790   25.643630
100    opls_521    27.013710    8.480340   23.083160
101    opls_142    22.815760    8.587700   19.133960
102    opls_521    25.996130    8.504890   21.983100
103    opls_142    24.472550    6.312960   29.668440
104    opls_141    24.610340   15.701890   16.518180
105    opls_521    25.448880    5.374270   24.366500
106    opls_700    25.272470    3.983570   24.368140
107    opls_523    23.968180    3.470030   24.313150
108    opls_522    22.869110    4.330510   24.243770
109    opls_521    21.468590    9.061300   24.343260
110    opls_700    20.102440    8.802410   24.163900
111    opls_523    19.687750    7.473900   23.993710
112    opls_522    20.623500    6.431450   24.034620
113    opls_145    24.691510   14.014000   20.466720
114    opls_145    24.738320   20.313870   18.979150
115    opls_145     9.015480   17.753730   20.148920
116    opls_145     9.033480   17.166890   18.875720
117    opls_700     8.064670   17.520700   17.919680
118    opls_145     7.077210   18.457100   18.260720
119    opls_145     7.074260   19.055410   19.516570
120    opls_145     9.001400   12.499590   18.006740
121    opls_145     9.067190   13.600620   17.154450
122    opls_700     8.126530   14.638490   17.253290
123    opls_145     7.134810   14.569100   18.247300
124    opls_145     7.086370   13.475600   19.120210
125    opls_521    27.013710   24.249660    9.646840
126    opls_142    22.815760   24.142300   13.596040
127    opls_521    25.996130   24.225110   10.746900
128    opls_142    24.472550   26.417040    3.061560
129    opls_141    24.610340   17.028110   16.211820
130    opls_521    25.448880   27.355730    8.363500
131    opls_700    25.272470   28.746430    8.361860
132    opls_523    23.968180   29.259970    8.416850
133    opls_522    22.869110   28.399490    8.486230
134    opls_521    21.468590   23.668700    8.386740
135    opls_700    20.102440   23.927590    8.566100
136    opls_523    19.687750   25.256100    8.736290
137    opls_522    20.623500   26.298560    8.695380
138    opls_145    24.691510   18.716000   12.263280
139    opls_145    24.738320   12.416130   13.750850
140    opls_145     9.015480   14.976270   12.581080
141    opls_145     9.033480   15.563110   13.854280
142    opls_700     8.064670   15.209300   14.810330
143    opls_145     7.077210   14.272900   14.469280
144    opls_145     7.074260   13.674590   13.213430
145    opls_145     9.001400   20.230410   14.723260
146    opls_145     9.067190   19.129380   15.575550
147    opls_700     8.126530   18.091510   15.476710
148    opls_145     7.134810   18.160900   14.482700
149    opls_145     7.086370   19.254400   13.609790
150    opls_521     5.716290   24.249660   23.083160
151    opls_142     9.914240   24.142300   19.133960
152    opls_521     6.733870   24.225110   21.983100
153    opls_142     8.257450   26.417040   29.668440
154    opls_141     8.119660   17.028110   16.518180
155    opls_521     7.281120   27.355730   24.366500
156    opls_700     7.457530   28.746430   24.368140
157    opls_523     8.761820   29.259970   24.313150
158    opls_522     9.860890   28.399490   24.243770
159    opls_521    11.261410   23.668700   24.343260
160    opls_700    12.627560   23.927590   24.163900
161    opls_523    13.042250   25.256100   23.993710
162    opls_522    12.106500   26.298560   24.034620
163    opls_145     8.038490   18.716000   20.466720
164    opls_145     7.991680   12.416130   18.979150
165    opls_145    23.714520   14.976270   20.148920
166    opls_145    23.696520   15.563110   18.875720
167    opls_700    24.665330   15.209300   17.919680
168    opls_145    25.652790   14.272900   18.260720
169    opls_145    25.655740   13.674590   19.516570
170    opls_145    23.728600   20.230410   18.006740
171    opls_145    23.662810   19.129380   17.154450
172    opls_700    24.603470   18.091510   17.253290
173    opls_145    25.595190   18.160900   18.247300
174    opls_145    25.643630   19.254400   19.120210
175    opls_521     5.716290    8.480340    9.646840
176    opls_142     9.914240    8.587700   13.596040
177    opls_521     6.733870    8.504890   10.746900
178    opls_142     8.257450    6.312960    3.061560
179    opls_141     8.119660   15.701890   16.211820
180    opls_521     7.281120    5.374270    8.363500
181    opls_700     7.457530    3.983570    8.361860
182    opls_523     8.761820    3.470030    8.416850
183    opls_522     9.860890    4.330510    8.486230
184    opls_521    11.261410    9.061300    8.386740
185    opls_700    12.627560    8.802410    8.566100
186    opls_523    13.042250    7.473900    8.736290
187    opls_522    12.106500    6.431450    8.695380
188    opls_145     8.038490   14.014000   12.263280
189    opls_145     7.991680   20.313870   13.750850
190    opls_145    23.714520   17.753730   12.581080
191    opls_145    23.696520   17.166890   13.854280
192    opls_700    24.665330   17.520700   14.810330
193    opls_145    25.652790   18.457100   14.469280
194    opls_145    25.655740   19.055410   13.213430
195    opls_145    23.728600   12.499590   14.723260
196    opls_145    23.662810   13.600620   15.575550
197    opls_700    24.603470   14.638490   15.476710
198    opls_145    25.595190   14.569100   14.482700
199    opls_145    25.643630   13.475600   13.609790
200    opls_521    23.083160    5.716290   24.249660
201    opls_142    19.133960    9.914240   24.142300
202    opls_521    21.983100    6.733870   24.225110
203    opls_142    29.668440    8.257450   26.417040
204    opls_141    16.518180    8.119660   17.028110
205    opls_521    24.366500    7.281120   27.355730
206    opls_700    24.368140    7.457530   28.746430
207    opls_523    24.313150    8.761820   29.259970
208    opls_522    24.243770    9.860890   28.399490
209    opls_521    24.343260   11.261410   23.668700
210    opls_700    24.163900   12.627560   23.927590
211    opls_523    23.993710   13.042250   25.256100
212    opls_522    24.034620   12.106500   26.298560
213    opls_145    20.466720    8.038490   18.716000
214    opls_145    18.979150    7.991680   12.416130
215    opls_145    20.148920   23.714520   14.976270
216    opls_145    18.875720   23.696520   15.563110
217    opls_700    17.919680   24.665330   15.209300
218    opls_145    18.260720   25.652790   14.272900
219    opls_145    19.516570   25.655740   13.674590
220    opls_145    18.006740   23.728600   20.230410
221    opls_145    17.154450   23.662810   19.129380
222    opls_700    17.253290   24.603470   18.091510
223    opls_145    18.247300   25.595190   18.160900
224    opls_145    19.120210   25.643630   19.254400
225    opls_521     9.646840    5.716290    8.480340
226    opls_142    13.596040    9.914240    8.587700
227    opls_521    10.746900    6.733870    8.504890
228    opls_142     3.061560    8.257450    6.312960
229    opls_141    16.211820    8.119660   15.701890
230    opls_521     8.363500    7.281120    5.374270
231    opls_700     8.361860    7.457530    3.983570
232    opls_523     8.416850    8.761820    3.470030
233    opls_522     8.486230    9.860890    4.330510
234    opls_521     8.386740   11.261410    9.061300
235    opls_700     8.566100   12.627560    8.802410
236    opls_523     8.736290   13.042250    7.473900
237    opls_522     8.695380   12.106500    6.431450
238    opls_145    12.263280    8.038490   14.014000
239    opls_145    13.750850    7.991680   20.313870
240    opls_145    12.581080   23.714520   17.753730
241    opls_145    13.854280   23.696520   17.166890
242    opls_700    14.810330   24.665330   17.520700
243    opls_145    14.469280   25.652790   18.457100
244    opls_145    13.213430   25.655740   19.055410
245    opls_145    14.723260   23.728600   12.499590
246    opls_145    15.575550   23.662810   13.600620
247    opls_700    15.476710   24.603470   14.638490
248    opls_145    14.482700   25.595190   14.569100
249    opls_145    13.609790   25.643630   13.475600
250    opls_521    23.083160   27.013710    8.480340
251    opls_142    19.133960   22.815760    8.587700
252    opls_521    21.983100   25.996130    8.504890
253    opls_142    29.668440   24.472550    6.312960
254    opls_141    16.518180   24.610340   15.701890
255    opls_521    24.366500   25.448880    5.374270
256    opls_700    24.368140   25.272470    3.983570
257    opls_523    24.313150   23.968180    3.470030
258    opls_522    24.243770   22.869110    4.330510
259    opls_521    24.343260   21.468590    9.061300
260    opls_700    24.163900   20.102440    8.802410
261    opls_523    23.993710   19.687750    7.473900
262    opls_522    24.034620   20.623500    6.431450
263    opls_145    20.466720   24.691510   14.014000
264    opls_145    18.979150   24.738320   20.313870
265    opls_145    20.148920    9.015480   17.753730
266    opls_145    18.875720    9.033480   17.166890
267    opls_700    17.919680    8.064670   17.520700
268    opls_145    18.260720    7.077210   18.457100
269    opls_145    19.516570    7.074260   19.055410
270    opls_145    18.006740    9.001400   12.499590
271    opls_145    17.154450    9.067190   13.600620
272    opls_700    17.253290    8.126530   14.638490
273    opls_145    18.247300    7.134810   14.569100
274    opls_145    19.120210    7.086370   13.475600
275    opls_521     9.646840   27.013710   24.249660
276    opls_142    13.596040   22.815760   24.142300
277    opls_521    10.746900   25.996130   24.225110
278    opls_142     3.061560   24.472550   26.417040
279    opls_141    16.211820   24.610340   17.028110
280    opls_521     8.363500   25.448880   27.355730
281    opls_700     8.361860   25.272470   28.746430
282    opls_523     8.416850   23.968180   29.259970
283    opls_522     8.486230   22.869110   28.399490
284    opls_521     8.386740   21.468590   23.668700
285    opls_700     8.566100   20.102440   23.927590
286    opls_523     8.736290   19.687750   25.256100
287    opls_522     8.695380   20.623500   26.298560
288    opls_145    12.263280   24.691510   18.716000
289    opls_145    13.750850   24.738320   12.416130
290    opls_145    12.581080    9.015480   14.976270
291    opls_145    13.854280    9.033480   15.563110
292    opls_700    14.810330    8.064670   15.209300
293    opls_145    14.469280    7.077210   14.272900
294    opls_145    13.213430    7.074260   13.674590
295    opls_145    14.723260    9.001400   20.230410
296    opls_145    15.575550    9.067190   19.129380
297    opls_700    15.476710    8.126530   18.091510
298    opls_145    14.482700    7.134810   18.160900
299    opls_145    13.609790    7.086370   19.254400
300    opls_521    24.845340    6.718160   10.648710
301    opls_142    24.952700    2.768960    6.450760
302    opls_521    24.869890    5.618100    9.631130
303    opls_142    22.677960   13.303440    8.107550
304    opls_141    32.066890    0.153180    8.245340
305    opls_521    21.739270    8.001500    9.083880
306    opls_700    20.348570    8.003140    8.907470
307    opls_523    19.835030    7.948150    7.603180
308    opls_522    20.695510    7.878770    6.504110
309    opls_521    25.426300    7.978260    5.103590
310    opls_700    25.167410    7.798900    3.737440
311    opls_523    23.838900    7.628710    3.322750
312    opls_522    22.796440    7.669620    4.258500
313    opls_145    30.379000    4.101720    8.326510
314    opls_145     3.948870    2.614150    8.373320
315    opls_145     1.388730    3.783920   25.380480
316    opls_145     0.801880    2.510720   25.398480
317    opls_700     1.155700    1.554680   24.429670
318    opls_145     2.092100    1.895720   23.442210
319    opls_145     2.690410    3.151570   23.439260
320    opls_145    28.864590    1.641740   25.366400
321    opls_145    29.965620    0.789450   25.432190
322    opls_700    31.003490    0.888290   24.491530
323    opls_145    30.934100    1.882300   23.499810
324    opls_145    29.840600    2.755210   23.451370
325    opls_521     7.884660   26.011840   10.648710
326    opls_142     7.777300   29.961040    6.450760
327    opls_521     7.860110   27.111900    9.631130
328    opls_142    10.052040   19.426560    8.107550
329    opls_141     0.663110   32.576820    8.245340
330    opls_521    10.990730   24.728500    9.083880
331    opls_700    12.381430   24.726860    8.907470
332    opls_523    12.894970   24.781850    7.603180
333    opls_522    12.034490   24.851230    6.504110
334    opls_521     7.303700   24.751740    5.103590
335    opls_700     7.562590   24.931100    3.737440
336    opls_523     8.891100   25.101290    3.322750
337    opls_522     9.933560   25.060380    4.258500
338    opls_145     2.351000   28.628280    8.326510
339    opls_145    28.781130   30.115850    8.373320
340    opls_145    31.341270   28.946080   25.380480
341    opls_145    31.928110   30.219280   25.398480
342    opls_700    31.574300   31.175330   24.429670
343    opls_145    30.637900   30.834280   23.442210
344    opls_145    30.039590   29.578430   23.439260
345    opls_145     3.865410   31.088260   25.366400
346    opls_145     2.764380   31.940550   25.432190
347    opls_700     1.726510   31.841710   24.491530
348    opls_145     1.795900   30.847700   23.499810
349    opls_145     2.889400   29.974790   23.451370
350    opls_521     7.884660    6.718160   22.081290
351    opls_142     7.777300    2.768960   26.279240
352    opls_521     7.860110    5.618100   23.098870
353    opls_142    10.052040   13.303440   24.622450
354    opls_141     0.663110    0.153180   24.484660
355    opls_521    10.990730    8.001500   23.646120
356    opls_700    12.381430    8.003140   23.822530
357    opls_523    12.894970    7.948150   25.126820
358    opls_522    12.034490    7.878770   26.225890
359    opls_521     7.303700    7.978260   27.626410
360    opls_700     7.562590    7.798900   28.992560
361    opls_523     8.891100    7.628710   29.407250
362    opls_522     9.933560    7.669620   28.471500
363    opls_145     2.351000    4.101720   24.403490
364    opls_145    28.781130    2.614150   24.356680
365    opls_145    31.341270    3.783920    7.349520
366    opls_145    31.928110    2.510720    7.331520
367    opls_700    31.574300    1.554680    8.300330
368    opls_145    30.637900    1.895720    9.287790
369    opls_145    30.039590    3.151570    9.290740
370    opls_145     3.865410    1.641740    7.363600
371    opls_145     2.764380    0.789450    7.297810
372    opls_700     1.726510    0.888290    8.238470
373    opls_145     1.795900    1.882300    9.230190
374    opls_145     2.889400    2.755210    9.278630
375    opls_521    24.845340   26.011840   22.081290
376    opls_142    24.952700   29.961040   26.279240
377    opls_521    24.869890   27.111900   23.098870
378    opls_142    22.677960   19.426560   24.622450
379    opls_141    32.066890   32.576820   24.484660
380    opls_521    21.739270   24.728500   23.646120
381    opls_700    20.348570   24.726860   23.822530
382    opls_523    19.835030   24.781850   25.126820
383    opls_522    20.695510   24.851230   26.225890
384    opls_521    25.426300   24.751740   27.626410
385    opls_700    25.167410   24.931100   28.992560
386    opls_523    23.838900   25.101290   29.407250
387    opls_522    22.796440   25.060380   28.471500
388    opls_145    30.379000   28.628280   24.403490
389    opls_145     3.948870   30.115850   24.356680
390    opls_145     1.388730   28.946080    7.349520
391    opls_145     0.801880   30.219280    7.331520
392    opls_700     1.155700   31.175330    8.300330
393    opls_145     2.092100   30.834280    9.287790
394    opls_145     2.690410   29.578430    9.290740
395    opls_145    28.864590   31.088260    7.363600
396    opls_145    29.965620   31.940550    7.297810
397    opls_700    31.003490   31.841710    8.238470
398    opls_145    30.934100   30.847700    9.230190
399    opls_145    29.840600   29.974790    9.278630
400    opls_521    10.648710   24.845340    6.718160
401    opls_142     6.450760   24.952700    2.768960
402    opls_521     9.631130   24.869890    5.618100
403    opls_142     8.107550   22.677960   13.303440
404    opls_141     8.245340   32.066890    0.153180
405    opls_521     9.083880   21.739270    8.001500
406    opls_700     8.907470   20.348570    8.003140
407    opls_523     7.603180   19.835030    7.948150
408    opls_522     6.504110   20.695510    7.878770
409    opls_521     5.103590   25.426300    7.978260
410    opls_700     3.737440   25.167410    7.798900
411    opls_523     3.322750   23.838900    7.628710
412    opls_522     4.258500   22.796440    7.669620
413    opls_145     8.326510   30.379000    4.101720
414    opls_145     8.373320    3.948870    2.614150
415    opls_145    25.380480    1.388730    3.783920
416    opls_145    25.398480    0.801880    2.510720
417    opls_700    24.429670    1.155700    1.554680
418    opls_145    23.442210    2.092100    1.895720
419    opls_145    23.439260    2.690410    3.151570
420    opls_145    25.366400   28.864590    1.641740
421    opls_145    25.432190   29.965620    0.789450
422    opls_700    24.491530   31.003490    0.888290
423    opls_145    23.499810   30.934100    1.882300
424    opls_145    23.451370   29.840600    2.755210
425    opls_521    10.648710    7.884660   26.011840
426    opls_142     6.450760    7.777300   29.961040
427    opls_521     9.631130    7.860110   27.111900
428    opls_142     8.107550   10.052040   19.426560
429    opls_141     8.245340    0.663110   32.576820
430    opls_521     9.083880   10.990730   24.728500
431    opls_700     8.907470   12.381430   24.726860
432    opls_523     7.603180   12.894970   24.781850
433    opls_522     6.504110   12.034490   24.851230
434    opls_521     5.103590    7.303700   24.751740
435    opls_700     3.737440    7.562590   24.931100
436    opls_523     3.322750    8.891100   25.101290
437    opls_522     4.258500    9.933560   25.060380
438    opls_145     8.326510    2.351000   28.628280
439    opls_145     8.373320   28.781130   30.115850
440    opls_145    25.380480   31.341270   28.946080
441    opls_145    25.398480   31.928110   30.219280
442    opls_700    24.429670   31.574300   31.175330
443    opls_145    23.442210   30.637900   30.834280
444    opls_145    23.439260   30.039590   29.578430
445    opls_145    25.366400    3.865410   31.088260
446    opls_145    25.432190    2.764380   31.940550
447    opls_700    24.491530    1.726510   31.841710
448    opls_145    23.499810    1.795900   30.847700
449    opls_145    23.451370    2.889400   29.974790
450    opls_521    22.081290    7.884660    6.718160
451    opls_142    26.279240    7.777300    2.768960
452    opls_521    23.098870    7.860110    5.618100
453    opls_142    24.622450   10.052040   13.303440
454    opls_141    24.484660    0.663110    0.153180
455    opls_521    23.646120   10.990730    8.001500
456    opls_700    23.822530   12.381430    8.003140
457    opls_523    25.126820   12.894970    7.948150
458    opls_522    26.225890   12.034490    7.878770
459    opls_521    27.626410    7.303700    7.978260
460    opls_700    28.992560    7.562590    7.798900
461    opls_523    29.407250    8.891100    7.628710
462    opls_522    28.471500    9.933560    7.669620
463    opls_145    24.403490    2.351000    4.101720
464    opls_145    24.356680   28.781130    2.614150
465    opls_145     7.349520   31.341270    3.783920
466    opls_145     7.331520   31.928110    2.510720
467    opls_700     8.300330   31.574300    1.554680
468    opls_145     9.287790   30.637900    1.895720
469    opls_145     9.290740   30.039590    3.151570
470    opls_145     7.363600    3.865410    1.641740
471    opls_145     7.297810    2.764380    0.789450
472    opls_700     8.238470    1.726510    0.888290
473    opls_145     9.230190    1.795900    1.882300
474    opls_145     9.278630    2.889400    2.755210
475    opls_521    22.081290   24.845340   26.011840
476    opls_142    26.279240   24.952700   29.961040
477    opls_521    23.098870   24.869890   27.111900
478    opls_142    24.622450   22.677960   19.426560
479    opls_141    24.484660   32.066890   32.576820
480    opls_521    23.646120   21.739270   24.728500
481    opls_700    23.822530   20.348570   24.726860
482    opls_523    25.126820   19.835030   24.781850
483    opls_522    26.225890   20.695510   24.851230
484    opls_521    27.626410   25.426300   24.751740
485    opls_700    28.992560   25.167410   24.931100
486    opls_523    29.407250   23.838900   25.101290
487    opls_522    28.471500   22.796440   25.060380
488    opls_145    24.403490   30.379000   28.628280
489    opls_145    24.356680    3.948870   30.115850
490    opls_145     7.349520    1.388730   28.946080
491    opls_145     7.331520    0.801880   30.219280
492    opls_700     8.300330    1.155700   31.175330
493    opls_145     9.287790    2.092100   30.834280
494    opls_145     9.290740    2.690410   29.578430
495    opls_145     7.363600   28.864590   31.088260
496    opls_145     7.297810   29.965620   31.940550
497    opls_700     8.238470   31.003490   31.841710
498    opls_145     9.230190   30.934100   30.847700
499    opls_145     9.278630   29.840600   29.974790
500    opls_521     6.718160   22.081290    7.884660
501    opls_142     2.768960   26.279240    7.777300
502    opls_521     5.618100   23.098870    7.860110
503    opls_142    13.303440   24.622450   10.052040
504    opls_141     0.153180   24.484660    0.663110
505    opls_521     8.001500   23.646120   10.990730
506    opls_700     8.003140   23.822530   12.381430
507    opls_523     7.948150   25.126820   12.894970
508    opls_522     7.878770   26.225890   12.034490
509    opls_521     7.978260   27.626410    7.303700
510    opls_700     7.798900   28.992560    7.562590
511    opls_523     7.628710   29.407250    8.891100
512    opls_522     7.669620   28.471500    9.933560
513    opls_145     4.101720   24.403490    2.351000
514    opls_145     2.614150   24.356680   28.781130
515    opls_145     3.783920    7.349520   31.341270
516    opls_145     2.510720    7.331520   31.928110
517    opls_700     1.554680    8.300330   31.574300
518    opls_145     1.895720    9.287790   30.637900
519    opls_145     3.151570    9.290740   30.039590
520    opls_145     1.641740    7.363600    3.865410
521    opls_145     0.789450    7.297810    2.764380
522    opls_700     0.888290    8.238470    1.726510
523    opls_145     1.882300    9.230190    1.795900
524    opls_145     2.755210    9.278630    2.889400
525    opls_521    26.011840   22.081290   24.845340
526    opls_142    29.961040   26.279240   24.952700
527    opls_521    27.111900   23.098870   24.869890
528    opls_142    19.426560   24.622450   22.677960
529    opls_141    32.576820   24.484660   32.066890
530    opls_521    24.728500   23.646120   21.739270
531    opls_700    24.726860   23.822530   20.348570
532    opls_523    24.781850   25.126820   19.835030
533    opls_522    24.851230   26.225890   20.695510
534    opls_521    24.751740   27.626410   25.426300
535    opls_700    24.931100   28.992560   25.167410
536    opls_523    25.101290   29.407250   23.838900
537    opls_522    25.060380   28.471500   22.796440
538    opls_145    28.628280   24.403490   30.379000
539    opls_145    30.115850   24.356680    3.948870
540    opls_145    28.946080    7.349520    1.388730
541    opls_145    30.219280    7.331520    0.801880
542    opls_700    31.175330    8.300330    1.155700
543    opls_145    30.834280    9.287790    2.092100
544    opls_145    29.578430    9.290740    2.690410
545    opls_145    31.088260    7.363600   28.864590
546    opls_145    31.940550    7.297810   29.965620
547    opls_700    31.841710    8.238470   31.003490
548    opls_145    30.847700    9.230190   30.934100
549    opls_145    29.974790    9.278630   29.840600
550    opls_521     6.718160   10.648710   24.845340
551    opls_142     2.768960    6.450760   24.952700
552    opls_521     5.618100    9.631130   24.869890
553    opls_142    13.303440    8.107550   22.677960
554    opls_141     0.153180    8.245340   32.066890
555    opls_521     8.001500    9.083880   21.739270
556    opls_700     8.003140    8.907470   20.348570
557    opls_523     7.948150    7.603180   19.835030
558    opls_522     7.878770    6.504110   20.695510
559    opls_521     7.978260    5.103590   25.426300
560    opls_700     7.798900    3.737440   25.167410
561    opls_523     7.628710    3.322750   23.838900
562    opls_522     7.669620    4.258500   22.796440
563    opls_145     4.101720    8.326510   30.379000
564    opls_145     2.614150    8.373320    3.948870
565    opls_145     3.783920   25.380480    1.388730
566    opls_145     2.510720   25.398480    0.801880
567    opls_700     1.554680   24.429670    1.155700
568    opls_145     1.895720   23.442210    2.092100
569    opls_145     3.151570   23.439260    2.690410
570    opls_145     1.641740   25.366400   28.864590
571    opls_145     0.789450   25.432190   29.965620
572    opls_700     0.888290   24.491530   31.003490
573    opls_145     1.882300   23.499810   30.934100
574    opls_145     2.755210   23.451370   29.840600
575    opls_521    26.011840   10.648710    7.884660
576    opls_142    29.961040    6.450760    7.777300
577    opls_521    27.111900    9.631130    7.860110
578    opls_142    19.426560    8.107550   10.052040
579    opls_141    32.576820    8.245340    0.663110
580    opls_521    24.728500    9.083880   10.990730
581    opls_700    24.726860    8.907470   12.381430
582    opls_523    24.781850    7.603180   12.894970
583    opls_522    24.851230    6.504110   12.034490
584    opls_521    24.751740    5.103590    7.303700
585    opls_700    24.931100    3.737440    7.562590
586    opls_523    25.101290    3.322750    8.891100
587    opls_522    25.060380    4.258500    9.933560
588    opls_145    28.628280    8.326510    2.351000
589    opls_145    30.115850    8.373320   28.781130
590    opls_145    28.946080   25.380480   31.341270
591    opls_145    30.219280   25.398480   31.928110
592    opls_700    31.175330   24.429670   31.574300
593    opls_145    30.834280   23.442210   30.637900
594    opls_145    29.578430   23.439260   30.039590
595    opls_145    31.088260   25.366400    3.865410
596    opls_145    31.940550   25.432190    2.764380
597    opls_700    31.841710   24.491530    1.726510
598    opls_145    30.847700   23.499810    1.795900
599    opls_145    29.974790   23.451370    2.889400
600    opls_750    13.253360   21.678060   24.662050
601    opls_750     3.462830   24.233950   27.630340
602    opls_239     8.407680   24.362250   26.541740
603    opls_239    10.374430   24.692820   24.356030
604    opls_750    19.476640   11.051940   24.662050
605    opls_750    29.267170    8.496050   27.630340
606    opls_239    24.322320    8.367750   26.541740
607    opls_239    22.355570    8.037180   24.356030
608    opls_750    19.476640   21.678060    8.067940
609    opls_750    29.267170   24.233950    5.099660
610    opls_239    24.322320   24.362250    6.188260
611    opls_239    22.355570   24.692820    8.373970
612    opls_750    13.253360   11.051940    8.067940
613    opls_750     3.462830    8.496050    5.099660
614    opls_239     8.407680    8.367750    6.188260
615    opls_239    10.374430    8.037180    8.373970
616    opls_750    24.662050   13.253360   21.678060
617    opls_750    27.630340    3.462830   24.233950
618    opls_239    26.541740    8.407680   24.362250
619    opls_239    24.356030   10.374430   24.692820
620    opls_750    24.662050   19.476640   11.051940
621    opls_750    27.630340   29.267170    8.496050
622    opls_239    26.541740   24.322320    8.367750
623    opls_239    24.356030   22.355570    8.037180
624    opls_750     8.067940   19.476640   21.678060
625    opls_750     5.099660   29.267170   24.233950
626    opls_239     6.188260   24.322320   24.362250
627    opls_239     8.373970   22.355570   24.692820
628    opls_750     8.067940   13.253360   11.051940
629    opls_750     5.099660    3.462830    8.496050
630    opls_239     6.188260    8.407680    8.367750
631    opls_239     8.373970   10.374430    8.037180
632    opls_750    21.678060    8.067940   19.476640
633    opls_750    24.233950    5.099660   29.267170
634    opls_239    24.362250    6.188260   24.322320
635    opls_239    24.692820    8.373970   22.355570
636    opls_750    11.051940    8.067940   13.253360
637    opls_750     8.496050    5.099660    3.462830
638    opls_239     8.367750    6.188260    8.407680
639    opls_239     8.037180    8.373970   10.374430
640    opls_750    21.678060   24.662050   13.253360
641    opls_750    24.233950   27.630340    3.462830
642    opls_239    24.362250   26.541740    8.407680
643    opls_239    24.692820   24.356030   10.374430
644    opls_750    11.051940   24.662050   19.476640
645    opls_750     8.496050   27.630340   29.267170
646    opls_239     8.367750   26.541740   24.322320
647    opls_239     8.037180   24.356030   22.355570
648    opls_750    29.618360    5.313060    8.297060
649    opls_750    19.827830    7.868950   11.265340
650    opls_239    24.772680    7.997250   10.176740
651    opls_239    26.739430    8.327820    7.991030
652    opls_750     3.111640   27.416940    8.297060
653    opls_750    12.902170   24.861050   11.265340
654    opls_239     7.957320   24.732750   10.176740
655    opls_239     5.990570   24.402180    7.991030
656    opls_750     3.111640    5.313060   24.432950
657    opls_750    12.902170    7.868950   21.464660
658    opls_239     7.957320    7.997250   22.553260
659    opls_239     5.990570    8.327820   24.738970
660    opls_750    29.618360   27.416940   24.432950
661    opls_750    19.827830   24.861050   21.464660
662    opls_239    24.772680   24.732750   22.553260
663    opls_239    26.739430   24.402180   24.738970
664    opls_750     8.297060   29.618360    5.313060
665    opls_750    11.265340   19.827830    7.868950
666    opls_239    10.176740   24.772680    7.997250
667    opls_239     7.991030   26.739430    8.327820
668    opls_750     8.297060    3.111640   27.416940
669    opls_750    11.265340   12.902170   24.861050
670    opls_239    10.176740    7.957320   24.732750
671    opls_239     7.991030    5.990570   24.402180
672    opls_750    24.432950    3.111640    5.313060
673    opls_750    21.464660   12.902170    7.868950
674    opls_239    22.553260    7.957320    7.997250
675    opls_239    24.738970    5.990570    8.327820
676    opls_750    24.432950   29.618360   27.416940
677    opls_750    21.464660   19.827830   24.861050
678    opls_239    22.553260   24.772680   24.732750
679    opls_239    24.738970   26.739430   24.402180
680    opls_750     5.313060   24.432950    3.111640
681    opls_750     7.868950   21.464660   12.902170
682    opls_239     7.997250   22.553260    7.957320
683    opls_239     8.327820   24.738970    5.990570
684    opls_750    27.416940   24.432950   29.618360
685    opls_750    24.861050   21.464660   19.827830
686    opls_239    24.732750   22.553260   24.772680
687    opls_239    24.402180   24.738970   26.739430
688    opls_750     5.313060    8.297060   29.618360
689    opls_750     7.868950   11.265340   19.827830
690    opls_239     7.997250   10.176740   24.772680
691    opls_239     8.327820    7.991030   26.739430
692    opls_750    27.416940    8.297060    3.111640
693    opls_750    24.861050   11.265340   12.902170
694    opls_239    24.732750   10.176740    7.957320
695    opls_239    24.402180    7.991030    5.990570
696    opls_144     9.000750   18.143880   22.965330
697    opls_144     6.507380   30.708270   24.710170
698    opls_524     5.801390   24.436220   26.437980
699    opls_526     2.400090   24.323630   23.800270
700    opls_525     3.906980   24.209730   21.876730
701    opls_524    10.075280   24.438180   21.824690
702    opls_526     7.243480   23.841190   18.640720
703    opls_525     5.416810   23.899770   20.279180
704    opls_146    17.502370   20.854250    9.796090
705    opls_146    16.471370   18.623040    9.823580
706    opls_146    18.752000   17.538040    6.326050
707    opls_146    19.808850   19.743720    6.330310
708    opls_146    11.711780   17.902660    9.736190
709    opls_146    13.631390   16.394460    9.838310
710    opls_146    15.339570   18.323890    6.378420
711    opls_146    13.427160   19.872350    6.309030
712    opls_144    23.729250   14.586120   22.965330
713    opls_144    26.222620    2.021730   24.710170
714    opls_524    26.928610    8.293780   26.437980
715    opls_526    30.329910    8.406370   23.800270
716    opls_525    28.823020    8.520270   21.876730
717    opls_524    22.654720    8.291820   21.824690
718    opls_526    25.486520    8.888810   18.640720
719    opls_525    27.313190    8.830230   20.279180
720    opls_146    15.227630   11.875750    9.796090
721    opls_146    16.258630   14.106960    9.823580
722    opls_146    13.978000   15.191960    6.326050
723    opls_146    12.921150   12.986280    6.330310
724    opls_146    21.018220   14.827340    9.736190
725    opls_146    19.098610   16.335540    9.838310
726    opls_146    17.390430   14.406110    6.378420
727    opls_146    19.302840   12.857650    6.309030
728    opls_144    23.729250   18.143880    9.764670
729    opls_144    26.222620   30.708270    8.019830
730    opls_524    26.928610   24.436220    6.292020
731    opls_526    30.329910   24.323630    8.929730
732    opls_525    28.823020   24.209730   10.853270
733    opls_524    22.654720   24.438180   10.905310
734    opls_526    25.486520   23.841190   14.089280
735    opls_525    27.313190   23.899770   12.450820
736    opls_146    15.227630   20.854250   22.933910
737    opls_146    16.258630   18.623040   22.906420
738    opls_146    13.978000   17.538040   26.403950
739    opls_146    12.921150   19.743720   26.399690
740    opls_146    21.018220   17.902660   22.993810
741    opls_146    19.098610   16.394460   22.891690
742    opls_146    17.390430   18.323890   26.351580
743    opls_146    19.302840   19.872350   26.420970
744    opls_144     9.000750   14.586120    9.764670
745    opls_144     6.507380    2.021730    8.019830
746    opls_524     5.801390    8.293780    6.292020
747    opls_526     2.400090    8.406370    8.929730
748    opls_525     3.906980    8.520270   10.853270
749    opls_524    10.075280    8.291820   10.905310
750    opls_526     7.243480    8.888810   14.089280
751    opls_525     5.416810    8.830230   12.450820
752    opls_146    17.502370   11.875750   22.933910
753    opls_146    16.471370   14.106960   22.906420
754    opls_146    18.752000   15.191960   26.403950
755    opls_146    19.808850   12.986280   26.399690
756    opls_146    11.711780   14.827340   22.993810
757    opls_146    13.631390   16.335540   22.891690
758    opls_146    15.339570   14.406110   26.351580
759    opls_146    13.427160   12.857650   26.420970
760    opls_144    22.965330    9.000750   18.143880
761    opls_144    24.710170    6.507380   30.708270
762    opls_524    26.437980    5.801390   24.436220
763    opls_526    23.800270    2.400090   24.323630
764    opls_525    21.876730    3.906980   24.209730
765    opls_524    21.824690   10.075280   24.438180
766    opls_526    18.640720    7.243480   23.841190
767    opls_525    20.279180    5.416810   23.899770
768    opls_146     9.796090   17.502370   20.854250
769    opls_146     9.823580   16.471370   18.623040
770    opls_146     6.326050   18.752000   17.538040
771    opls_146     6.330310   19.808850   19.743720
772    opls_146     9.736190   11.711780   17.902660
773    opls_146     9.838310   13.631390   16.394460
774    opls_146     6.378420   15.339570   18.323890
775    opls_146     6.309030   13.427160   19.872350
776    opls_144    22.965330   23.729250   14.586120
777    opls_144    24.710170   26.222620    2.021730
778    opls_524    26.437980   26.928610    8.293780
779    opls_526    23.800270   30.329910    8.406370
780    opls_525    21.876730   28.823020    8.520270
781    opls_524    21.824690   22.654720    8.291820
782    opls_526    18.640720   25.486520    8.888810
783    opls_525    20.279180   27.313190    8.830230
784    opls_146     9.796090   15.227630   11.875750
785    opls_146     9.823580   16.258630   14.106960
786    opls_146     6.326050   13.978000   15.191960
787    opls_146     6.330310   12.921150   12.986280
788    opls_146     9.736190   21.018220   14.827340
789    opls_146     9.838310   19.098610   16.335540
790    opls_146     6.378420   17.390430   14.406110
791    opls_146     6.309030   19.302840   12.857650
792    opls_144     9.764670   23.729250   18.143880
793    opls_144     8.019830   26.222620   30.708270
794    opls_524     6.292020   26.928610   24.436220
795    opls_526     8.929730   30.329910   24.323630
796    opls_525    10.853270   28.823020   24.209730
797    opls_524    10.905310   22.654720   24.438180
798    opls_526    14.089280   25.486520   23.841190
799    opls_525    12.450820   27.313190   23.899770
800    opls_146    22.933910   15.227630   20.854250
801    opls_146    22.906420   16.258630   18.623040
802    opls_146    26.403950   13.978000   17.538040
803    opls_146    26.399690   12.921150   19.743720
804    opls_146    22.993810   21.018220   17.902660
805    opls_146    22.891690   19.098610   16.394460
806    opls_146    26.351580   17.390430   18.323890
807    opls_146    26.420970   19.302840   19.872350
808    opls_144     9.764670    9.000750   14.586120
809    opls_144     8.019830    6.507380    2.021730
810    opls_524     6.292020    5.801390    8.293780
811    opls_526     8.929730    2.400090    8.406370
812    opls_525    10.853270    3.906980    8.520270
813    opls_524    10.905310   10.075280    8.291820
814    opls_526    14.089280    7.243480    8.888810
815    opls_525    12.450820    5.416810    8.830230
816    opls_146    22.933910   17.502370   11.875750
817    opls_146    22.906420   16.471370   14.106960
818    opls_146    26.403950   18.752000   15.191960
819    opls_146    26.399690   19.808850   12.986280
820    opls_146    22.993810   11.711780   14.827340
821    opls_146    22.891690   13.631390   16.335540
822    opls_146    26.351580   15.339570   14.406110
823    opls_146    26.420970   13.427160   12.857650
824    opls_144    18.143880    9.764670   23.729250
825    opls_144    30.708270    8.019830   26.222620
826    opls_524    24.436220    6.292020   26.928610
827    opls_526    24.323630    8.929730   30.329910
828    opls_525    24.209730   10.853270   28.823020
829    opls_524    24.438180   10.905310   22.654720
830    opls_526    23.841190   14.089280   25.486520
831    opls_525    23.899770   12.450820   27.313190
832    opls_146    20.854250   22.933910   15.227630
833    opls_146    18.623040   22.906420   16.258630
834    opls_146    17.538040   26.403950   13.978000
835    opls_146    19.743720   26.399690   12.921150
836    opls_146    17.902660   22.993810   21.018220
837    opls_146    16.394460   22.891690   19.098610
838    opls_146    18.323890   26.351580   17.390430
839    opls_146    19.872350   26.420970   19.302840
840    opls_144    14.586120    9.764670    9.000750
841    opls_144     2.021730    8.019830    6.507380
842    opls_524     8.293780    6.292020    5.801390
843    opls_526     8.406370    8.929730    2.400090
844    opls_525     8.520270   10.853270    3.906980
845    opls_524     8.291820   10.905310   10.075280
846    opls_526     8.888810   14.089280    7.243480
847    opls_525     8.830230   12.450820    5.416810
848    opls_146    11.875750   22.933910   17.502370
849    opls_146    14.106960   22.906420   16.471370
850    opls_146    15.191960   26.403950   18.752000
851    opls_146    12.986280   26.399690   19.808850
852    opls_146    14.827340   22.993810   11.711780
853    opls_146    16.335540   22.891690   13.631390
854    opls_146    14.406110   26.351580   15.339570
855    opls_146    12.857650   26.420970   13.427160
856    opls_144    18.143880   22.965330    9.000750
857    opls_144    30.708270   24.710170    6.507380
858    opls_524    24.436220   26.437980    5.801390
859    opls_526    24.323630   23.800270    2.400090
860    opls_525    24.209730   21.876730    3.906980
861    opls_524    24.438180   21.824690   10.075280
862    opls_526    23.841190   18.640720    7.243480
863    opls_525    23.899770   20.279180    5.416810
864    opls_146    20.854250    9.796090   17.502370
865    opls_146    18.623040    9.823580   16.471370
866    opls_146    17.538040    6.326050   18.752000
867    opls_146    19.743720    6.330310   19.808850
868    opls_146    17.902660    9.736190   11.711780
869    opls_146    16.394460    9.838310   13.631390
870    opls_146    18.323890    6.378420   15.339570
871    opls_146    19.872350    6.309030   13.427160
872    opls_144    14.586120   22.965330   23.729250
873    opls_144     2.021730   24.710170   26.222620
874    opls_524     8.293780   26.437980   26.928610
875    opls_526     8.406370   23.800270   30.329910
876    opls_525     8.520270   21.876730   28.823020
877    opls_524     8.291820   21.824690   22.654720
878    opls_526     8.888810   18.640720   25.486520
879    opls_525     8.830230   20.279180   27.313190
880    opls_146    11.875750    9.796090   15.227630
881    opls_146    14.106960    9.823580   16.258630
882    opls_146    15.191960    6.326050   13.978000
883    opls_146    12.986280    6.330310   12.921150
884    opls_146    14.827340    9.736190   21.018220
885    opls_146    16.335540    9.838310   19.098610
886    opls_146    14.406110    6.378420   17.390430
887    opls_146    12.857650    6.309030   19.302840
888    opls_144    25.365750    1.778880    6.600330
889    opls_144    22.872380   14.343270    8.345170
890    opls_524    22.166390    8.071220   10.072980
891    opls_526    18.765090    7.958630    7.435270
892    opls_525    20.271980    7.844730    5.511730
893    opls_524    26.440280    8.073180    5.459690
894    opls_526    23.608480    7.476190    2.275720
895    opls_525    21.781820    7.534770    3.914180
896    opls_146     1.137370    4.489250   26.161090
897    opls_146     0.106370    2.258040   26.188580
898    opls_146     2.387000    1.173040   22.691050
899    opls_146     3.443850    3.378720   22.695310
900    opls_146    28.076780    1.537660   26.101190
901    opls_146    29.996390    0.029460   26.203310
902    opls_146    31.704570    1.958890   22.743420
903    opls_146    29.792160    3.507350   22.674030
904    opls_144     7.364250   30.951120    6.600330
905    opls_144     9.857620   18.386730    8.345170
906    opls_524    10.563610   24.658780   10.072980
907    opls_526    13.964910   24.771370    7.435270
908    opls_525    12.458020   24.885270    5.511730
909    opls_524     6.289720   24.656820    5.459690
910    opls_526     9.121520   25.253810    2.275720
911    opls_525    10.948190   25.195230    3.914180
912    opls_146    31.592630   28.240750   26.161090
913    opls_146    32.623630   30.471960   26.188580
914    opls_146    30.343000   31.556960   22.691050
915    opls_146    29.286150   29.351280   22.695310
916    opls_146     4.653220   31.192340   26.101190
917    opls_146     2.733610   32.700540   26.203310
918    opls_146     1.025430   30.771110   22.743420
919    opls_146     2.937840   29.222650   22.674030
920    opls_144     7.364250    1.778880   26.129670
921    opls_144     9.857620   14.343270   24.384830
922    opls_524    10.563610    8.071220   22.657020
923    opls_526    13.964910    7.958630   25.294730
924    opls_525    12.458020    7.844730   27.218270
925    opls_524     6.289720    8.073180   27.270310
926    opls_526     9.121520    7.476190   30.454280
927    opls_525    10.948190    7.534770   28.815820
928    opls_146    31.592630    4.489250    6.568910
929    opls_146    32.623630    2.258040    6.541420
930    opls_146    30.343000    1.173040   10.038950
931    opls_146    29.286150    3.378720   10.034690
932    opls_146     4.653220    1.537660    6.628810
933    opls_146     2.733610    0.029460    6.526690
934    opls_146     1.025430    1.958890    9.986580
935    opls_146     2.937840    3.507350   10.055970
936    opls_144    25.365750   30.951120   26.129670
937    opls_144    22.872380   18.386730   24.384830
938    opls_524    22.166390   24.658780   22.657020
939    opls_526    18.765090   24.771370   25.294730
940    opls_525    20.271980   24.885270   27.218270
941    opls_524    26.440280   24.656820   27.270310
942    opls_526    23.608480   25.253810   30.454280
943    opls_525    21.781820   25.195230   28.815820
944    opls_146     1.137370   28.240750    6.568910
945    opls_146     0.106370   30.471960    6.541420
946    opls_146     2.387000   31.556960   10.038950
947    opls_146     3.443850   29.351280   10.034690
948    opls_146    28.076780   31.192340    6.628810
949    opls_146    29.996390   32.700540    6.526690
950    opls_146    31.704570   30.771110    9.986580
951    opls_146    29.792160   29.222650   10.055970
952    opls_144     6.600330   25.365750    1.778880
953    opls_144     8.345170   22.872380   14.343270
954    opls_524    10.072980   22.166390    8.071220
955    opls_526     7.435270   18.765090    7.958630
956    opls_525     5.511730   20.271980    7.844730
957    opls_524     5.459690   26.440280    8.073180
958    opls_526     2.275720   23.608480    7.476190
959    opls_525     3.914180   21.781820    7.534770
960    opls_146    26.161090    1.137370    4.489250
961    opls_146    26.188580    0.106370    2.258040
962    opls_146    22.691050    2.387000    1.173040
963    opls_146    22.695310    3.443850    3.378720
964    opls_146    26.101190   28.076780    1.537660
965    opls_146    26.203310   29.996390    0.029460
966    opls_146    22.743420   31.704570    1.958890
967    opls_146    22.674030   29.792160    3.507350
968    opls_144     6.600330    7.364250   30.951120
969    opls_144     8.345170    9.857620   18.386730
970    opls_524    10.072980   10.563610   24.658780
971    opls_526     7.435270   13.964910   24.771370
972    opls_525     5.511730   12.458020   24.885270
973    opls_524     5.459690    6.289720   24.656820
974    opls_526     2.275720    9.121520   25.253810
975    opls_525     3.914180   10.948190   25.195230
976    opls_146    26.161090   31.592630   28.240750
977    opls_146    26.188580   32.623630   30.471960
978    opls_146    22.691050   30.343000   31.556960
979    opls_146    22.695310   29.286150   29.351280
980    opls_146    26.101190    4.653220   31.192340
981    opls_146    26.203310    2.733610   32.700540
982    opls_146    22.743420    1.025430   30.771110
983    opls_146    22.674030    2.937840   29.222650
984    opls_144    26.129670    7.364250    1.778880
985    opls_144    24.384830    9.857620   14.343270
986    opls_524    22.657020   10.563610    8.071220
987    opls_526    25.294730   13.964910    7.958630
988    opls_525    27.218270   12.458020    7.844730
989    opls_524    27.270310    6.289720    8.073180
990    opls_526    30.454280    9.121520    7.476190
991    opls_525    28.815820   10.948190    7.534770
992    opls_146     6.568910   31.592630    4.489250
993    opls_146     6.541420   32.623630    2.258040
994    opls_146    10.038950   30.343000    1.173040
995    opls_146    10.034690   29.286150    3.378720
996    opls_146     6.628810    4.653220    1.537660
997    opls_146     6.526690    2.733610    0.029460
998    opls_146     9.986580    1.025430    1.958890
999    opls_146    10.055970    2.937840    3.507350
1000   opls_144    26.129670   25.365750   30.951120
1001   opls_144    24.384830   22.872380   18.386730
1002   opls_524    22.657020   22.166390   24.658780
1003   opls_526    25.294730   18.765090   24.771370
1004   opls_525    27.218270   20.271980   24.885270
1005   opls_524    27.270310   26.440280   24.656820
1006   opls_526    30.454280   23.608480   25.253810
1007   opls_525    28.815820   21.781820   25.195230
1008   opls_146     6.568910    1.137370   28.240750
1009   opls_146     6.541420    0.106370   30.471960
1010   opls_146    10.038950    2.387000   31.556960
1011   opls_146    10.034690    3.443850   29.351280
1012   opls_146     6.628810   28.076780   31.192340
1013   opls_146     6.526690   29.996390   32.700540
1014   opls_146     9.986580   31.704570   30.771110
1015   opls_146    10.055970   29.792160   29.222650
1016   opls_144     1.778880   26.129670    7.364250
1017   opls_144    14.343270   24.384830    9.857620
1018   opls_524     8.071220   22.657020   10.563610
1019   opls_526     7.958630   25.294730   13.964910
1020   opls_525     7.844730   27.218270   12.458020
1021   opls_524     8.073180   27.270310    6.289720
1022   opls_526     7.476190   30.454280    9.121520
1023   opls_525     7.534770   28.815820   10.948190
1024   opls_146     4.489250    6.568910   31.592630
1025   opls_146     2.258040    6.541420   32.623630
1026   opls_146     1.173040   10.038950   30.343000
1027   opls_146     3.378720   10.034690   29.286150
1028   opls_146     1.537660    6.628810    4.653220
1029   opls_146     0.029460    6.526690    2.733610
1030   opls_146     1.958890    9.986580    1.025430
1031   opls_146     3.507350   10.055970    2.937840
1032   opls_144    30.951120   26.129670   25.365750
1033   opls_144    18.386730   24.384830   22.872380
1034   opls_524    24.658780   22.657020   22.166390
1035   opls_526    24.771370   25.294730   18.765090
1036   opls_525    24.885270   27.218270   20.271980
1037   opls_524    24.656820   27.270310   26.440280
1038   opls_526    25.253810   30.454280   23.608480
1039   opls_525    25.195230   28.815820   21.781820
1040   opls_146    28.240750    6.568910    1.137370
1041   opls_146    30.471960    6.541420    0.106370
1042   opls_146    31.556960   10.038950    2.387000
1043   opls_146    29.351280   10.034690    3.443850
1044   opls_146    31.192340    6.628810   28.076780
1045   opls_146    32.700540    6.526690   29.996390
1046   opls_146    30.771110    9.986580   31.704570
1047   opls_146    29.222650   10.055970   29.792160
1048   opls_144     1.778880    6.600330   25.365750
1049   opls_144    14.343270    8.345170   22.872380
1050   opls_524     8.071220   10.072980   22.166390
1051   opls_526     7.958630    7.435270   18.765090
1052   opls_525     7.844730    5.511730   20.271980
1053   opls_524     8.073180    5.459690   26.440280
1054   opls_526     7.476190    2.275720   23.608480
1055   opls_525     7.534770    3.914180   21.781820
1056   opls_146     4.489250   26.161090    1.137370
1057   opls_146     2.258040   26.188580    0.106370
1058   opls_146     1.173040   22.691050    2.387000
1059   opls_146     3.378720   22.695310    3.443850
1060   opls_146     1.537660   26.101190   28.076780
1061   opls_146     0.029460   26.203310   29.996390
1062   opls_146     1.958890   22.743420   31.704570
1063   opls_146     3.507350   22.674030   29.792160
1064   opls_144    30.951120    6.600330    7.364250
1065   opls_144    18.386730    8.345170    9.857620
1066   opls_524    24.658780   10.072980   10.563610
1067   opls_526    24.771370    7.435270   13.964910
1068   opls_525    24.885270    5.511730   12.458020
1069   opls_524    24.656820    5.459690    6.289720
1070   opls_526    25.253810    2.275720    9.121520
1071   opls_525    25.195230    3.914180   10.948190
1072   opls_146    28.240750   26.161090   31.592630
1073   opls_146    30.471960   26.188580   32.623630
1074   opls_146    31.556960   22.691050   30.343000
1075   opls_146    29.351280   22.695310   29.286150
1076   opls_146    31.192340   26.101190    4.653220
1077   opls_146    32.700540   26.203310    2.733610
1078   opls_146    30.771110   22.743420    1.025430
1079   opls_146    29.222650   22.674030    2.937840
1080   F2_Ru6+2     8.288220   24.441780   24.441780
1081   F2_Ru6+2    24.441780    8.288220   24.441780
1082   F2_Ru6+2    24.441780   24.441780    8.288220
1083   F2_Ru6+2     8.288220    8.288220    8.288220
1084   F2_Ru6+2    24.653220    8.076780    8.076780
1085   F2_Ru6+2     8.076780   24.653220    8.076780
1086   F2_Ru6+2     8.076780    8.076780   24.653220
1087   F2_Ru6+2    24.653220   24.653220   24.653220
