0      opls_281     0.533680   17.398130    0.000000
1      opls_281    17.133650   12.706580    0.000000
2      opls_281     2.021390   21.823640    0.000000
3      opls_281    15.139850    8.484880    0.000000
4      opls_281    -2.555070   20.899280    0.000000
5      opls_281    19.792850    8.869060    0.000000
6      opls_238     3.325650   17.892620    0.000000
7      opls_238    14.321370   12.547260    0.000000
8      opls_750     8.707060   15.940190    0.000000
9      opls_262     5.792550   20.957590    0.000000
10     opls_750     8.988560   14.567030    0.000000
11     opls_238     0.197160   23.994310    0.000000
12     opls_238    16.683970    6.129040    0.000000
13     opls_750    -0.802690   29.630960    0.000000
14     opls_262    -3.690640   24.598220    0.000000
15     opls_750    17.601200    0.500810    0.000000
16     opls_238    -3.522810   18.234110    0.000000
17     opls_238    21.061010   11.384220    0.000000
18     opls_750    -7.904370   14.549890    0.000000
19     opls_262    -2.101920   14.565220    0.000000
20     opls_750    25.476590   14.992680    0.000000
21     opls_280     0.304070   18.592430    0.000000
22     opls_142     2.768540   19.227910    0.000000
23     opls_916     4.726760   17.488910    0.000000
24     opls_700     5.863020   18.361570    0.000000
25     opls_145     7.158780   17.818670    0.000000
26     opls_145     7.367910   16.441600    0.000000
27     opls_145     6.268960   15.581870    0.000000
28     opls_145     4.975460   16.098610    0.000000
29     opls_700     1.437730   19.568800    0.000000
30     opls_261     5.807830   19.799660    0.000000
31     opls_280    17.223030   11.493640    0.000000
32     opls_142    14.707880   11.153360    0.000000
33     opls_916    12.955150   13.024620    0.000000
34     opls_145    11.835380   12.163690    0.000000
35     opls_145    10.538580   12.686140    0.000000
36     opls_145    10.328230   14.066520    0.000000
37     opls_145    11.431170   14.930760    0.000000
38     opls_145    12.728490   14.413420    0.000000
39     opls_700    15.985060   10.655850    0.000000
40     opls_280     1.101900   21.027640    0.000000
41     opls_142    -0.680680   22.844190    0.000000
42     opls_916    -0.153770   25.409560    0.000000
43     opls_700    -1.477640   25.957260    0.000000
44     opls_145    -1.655360   27.350870    0.000000
45     opls_145    -0.567350   28.220520    0.000000
46     opls_145     0.726670   27.698670    0.000000
47     opls_145     0.925910   26.320090    0.000000
48     opls_700    -0.310490   21.521230    0.000000
49     opls_261    -2.695470   25.190420    0.000000
50     opls_280    16.145600    9.168760    0.000000
51     opls_142    17.697870    7.160720    0.000000
52     opls_916    16.953670    4.707180    0.000000
53     opls_145    18.259150    4.167890    0.000000
54     opls_145    18.455090    2.783600    0.000000
55     opls_145    17.364820    1.911250    0.000000
56     opls_145    16.064900    2.434300    0.000000
57     opls_145    15.864270    3.816480    0.000000
58     opls_700    17.490130    8.515540    0.000000
59     opls_280    -1.405960   20.500970    0.000000
60     opls_142    -2.087860   18.048940    0.000000
61     opls_916    -4.572990   17.222570    0.000000
62     opls_700    -4.385380   15.802210    0.000000
63     opls_145    -5.503410   14.951500    0.000000
64     opls_145    -6.800560   15.458920    0.000000
65     opls_145    -6.995630   16.840510    0.000000
66     opls_145    -5.901370   17.702340    0.000000
67     opls_700    -1.127240   19.031020    0.000000
68     opls_261    -3.112350   15.130960    0.000000
69     opls_280    18.697720    9.398120    0.000000
70     opls_142    19.660600   11.746450    0.000000
71     opls_916    22.157530   12.328720    0.000000
72     opls_145    21.971830   13.728940    0.000000
73     opls_145    23.072680   14.590780    0.000000
74     opls_145    24.373300   14.082750    0.000000
75     opls_145    24.570280   12.695460    0.000000
76     opls_145    23.473590   11.830620    0.000000
77     opls_700    18.591160   10.889120    0.000000
78     opls_144     3.453910   20.037440    0.000000
79     opls_910     2.682810   17.083390    0.000000
80     opls_146     4.152290   15.395500    0.000000
81     opls_146     8.023080   18.474600    0.000000
82     opls_146     6.406240   14.508410    0.000000
83     opls_144    13.908310   10.436410    0.000000
84     opls_146    11.926490   11.091430    0.000000
85     opls_910    15.029130   13.302980    0.000000
86     opls_146    13.562940   15.103010    0.000000
87     opls_146     9.691980   12.010980    0.000000
88     opls_146    11.293360   16.003920    0.000000
89     opls_144    -1.724440   23.032970    0.000000
90     opls_910     1.219390   23.842200    0.000000
91     opls_146     1.946410   25.958760    0.000000
92     opls_146    -2.655560   27.771410    0.000000
93     opls_146     1.587680   28.354290    0.000000
94     opls_144    18.718550    6.826740    0.000000
95     opls_146    19.142190    4.782930    0.000000
96     opls_910    15.675620    6.364110    0.000000
97     opls_146    14.849840    4.194340    0.000000
98     opls_146    19.463100    2.388010    0.000000
99     opls_146    15.204420    1.778380    0.000000
100    opls_144    -1.729470   17.050630    0.000000
101    opls_910    -3.902200   19.195450    0.000000
102    opls_146    -6.098710   18.766780    0.000000
103    opls_146    -5.367520   13.875030    0.000000
104    opls_146    -7.993920   17.258350    0.000000
105    opls_144    19.439490   12.797370    0.000000
106    opls_146    20.997660   14.186160    0.000000
107    opls_910    21.361610   10.393430    0.000000
108    opls_146    23.653570   10.763170    0.000000
109    opls_146    22.911280   15.661530    0.000000
110    opls_146    25.568570   12.278220    0.000000
