0      opls_700    14.832100    7.135420    1.437610
1      opls_142     8.207230   12.939850    1.523660
2      opls_916     4.265650   14.389230    1.197310
3      opls_145     4.528440   13.053900    1.002330
4      opls_145     5.805930   12.572390    1.106390
5      opls_700     6.846910   13.420590    1.420730
6      opls_145     6.582940   14.751830    1.641720
7      opls_145     5.304560   15.233340    1.537520
8      opls_280    -1.349250   17.535520    0.218650
9      opls_145    -1.111110   16.108900    0.392990
10     opls_145    13.614400    7.782370    1.438690
11     opls_145     9.751950   11.111240    1.376130
12     opls_145    10.855820   11.741060    1.924200
13     opls_145    12.067180   11.103570    1.960890
14     opls_700    12.219240    9.831140    1.426710
15     opls_145    11.102820    9.211810    0.881210
16     opls_145     9.886150    9.838050    0.878030
17     opls_142     2.601640   16.164130    0.690630
18     opls_700    15.931700    9.277270    1.437610
19     opls_142    14.217350    0.637750    1.523660
20     opls_916     0.169340   22.070850    1.197310
21     opls_145     1.194380   22.966100    1.002330
22     opls_145     0.972630   24.313200    1.106390
23     opls_700    -0.282430   24.790610    1.420730
24     opls_145    -1.303330   23.896380    1.641720
25     opls_145    -1.081140   22.548520    1.537520
26     opls_280     0.252010   15.635060    0.218650
27     opls_145     1.368440   16.554610    0.392990
28     opls_145    15.980270    7.899230    1.438690
29     opls_145    15.028610    2.889810    1.376130
30     opls_145    13.931230    3.530890    1.924200
31     opls_145    13.877640    4.898690    1.960890
32     opls_700    14.903560    5.666600    1.426710
33     opls_145    15.998130    5.009420    0.881210
34     opls_145    16.064130    3.642630    0.878030
35     opls_142    -0.535770   19.742330    0.690630
36     opls_700    13.527000    9.158620    1.437610
37     opls_142    21.866220   11.993710    1.523660
38     opls_916    -4.434990   14.682530    1.197310
39     opls_145    -5.722810   15.122610    1.002330
40     opls_145    -6.778560   14.257030    1.106390
41     opls_700    -6.564490   12.931410    1.420730
42     opls_145    -5.279610   12.494400    1.641720
43     opls_145    -4.223420   13.360750    1.537520
44     opls_280     1.097230   17.972020    0.218650
45     opls_145    -0.257330   18.479100    0.392990
46     opls_145    14.696130    9.889700    1.438690
47     opls_145    19.510250   11.570250    1.376130
48     opls_145    19.503750   10.299350    1.924200
49     opls_145    18.345990    9.569040    1.960890
50     opls_700    17.168000   10.073560    1.426710
51     opls_145    17.189850   11.350080    0.881210
52     opls_145    18.340530   12.090620    0.878030
53     opls_142    -2.065870   15.236150    0.690630
54     opls_146    12.870170   11.604000    2.449580
55     opls_146    11.163350    8.257490    0.413810
56     opls_146     9.047130    9.341200    0.447770
57     opls_146    10.789530   12.704850    2.367240
58     opls_144     3.366690   16.896500    0.692390
59     opls_910     2.204500   14.171620    1.309560
60     opls_144     8.971840   13.640760    1.743900
61     opls_146     3.740650   12.385970    0.751600
62     opls_146     5.977490   11.538800    0.934890
63     opls_146     7.366890   15.420260    1.905000
64     opls_146     5.137140   16.256700    1.755740
65     opls_146    12.727260    7.210340    1.437540
66     opls_146    13.042750    5.343890    2.449580
67     opls_146    16.794330    5.539000    0.413810
68     opls_146    16.913920    3.164450    0.447770
69     opls_146    13.129710    2.991590    2.367240
70     opls_144    -1.552540   20.038700    0.692390
71     opls_910     1.388370   20.394650    1.309560
72     opls_144    13.228040    0.949460    1.743900
73     opls_146     2.166710   22.617820    0.751600
74     opls_146     1.781970   24.978560    0.934890
75     opls_146    -2.274180   24.241090    1.905000
76     opls_146    -1.883690   21.891850    1.755740
77     opls_146    16.919230    7.416960    1.437540
78     opls_146    18.377880    8.623410    2.449580
79     opls_146    16.333120   11.774820    0.413810
80     opls_146    18.329750   13.065660    0.447770
81     opls_146    20.371550    9.874870    2.367240
82     opls_144    -1.814150   14.207420    0.692390
83     opls_910    -3.592870   16.576340    1.309560
84     opls_144    22.090920   10.981090    1.743900
85     opls_146    -5.907360   16.138820    0.751600
86     opls_146    -7.759450   14.625250    0.934890
87     opls_146    -5.092700   11.481260    1.905000
88     opls_146    -3.253450   12.994060    1.755740
89     opls_146    14.644310   10.944010    1.437540
90     opls_750     8.478740   11.712170    1.316920
91     opls_238     2.937660   14.847210    1.080880
92     opls_750    15.144800    1.486720    1.316920
93     opls_238     0.436710   20.691790    1.080880
94     opls_750    20.667270   12.372420    1.316920
95     opls_238    -3.374370   15.603610    1.080880
96     opls_281     0.444680   14.508650    3.465040
97     opls_281     1.976400   18.702090    3.465040
98     opls_281    -2.421080   17.931880    3.465040
