0      opls_145     7.194750    1.801400   13.089860
1      opls_145     6.124450    1.801400   12.246280
2      opls_145     4.813020    1.801400   12.725320
3      opls_145     4.551040    1.801400   14.062830
4      opls_145     5.609460    1.801400   14.909490
5      opls_145     6.917570    1.801400   14.424550
6      opls_142     3.165230    1.801400   14.549830
7      opls_142     2.850220    1.801400   15.736380
8      opls_700     1.473140    1.801400   16.305270
9      opls_260     1.317310    1.801400   17.687960
10     opls_521     0.049660    1.801400   18.289970
11     opls_521    -0.934040    1.801400   16.150220
12     opls_700     0.332840    1.801400   15.531520
13     opls_142    -0.169320    1.801400   19.757120
14     opls_142    -2.157620    1.801400   15.334620
15     opls_142     0.730910    1.801400   20.647680
16     opls_145     0.598190    1.801400   22.103790
17     opls_142    -3.361230    1.801400   15.842150
18     opls_145    -4.550820    1.801400   14.970330
19     opls_145     1.734160    1.801400   22.842120
20     opls_145     1.681370    1.801400   24.235590
21     opls_145     0.498480    1.801400   24.925650
22     opls_145    -0.643690    1.801400   24.174750
23     opls_145    -0.597130    1.801400   22.775630
24     opls_145    -5.818110    1.801400   15.461440
25     opls_145    -6.942070    1.801400   14.628640
26     opls_145    -6.821240    1.801400   13.289080
27     opls_145    -5.559290    1.801400   12.815690
28     opls_145    -4.438720    1.801400   13.646950
29     opls_423    13.346110    1.801400    7.219980
30     opls_423    15.333230    1.801400   11.539020
31     opls_145     8.591650    1.801400   12.582070
32     opls_145     9.661950    1.801400   13.425650
33     opls_145    10.973380    1.801400   12.946610
34     opls_145    11.235360    1.801400   11.609110
35     opls_145    10.176940    1.801400   10.762450
36     opls_145     8.868830    1.801400   11.247390
37     opls_142    12.621170    1.801400   11.122110
38     opls_142    12.936180    1.801400    9.935550
39     opls_700    14.313260    1.801400    9.366660
40     opls_260    14.469090    1.801400    7.983970
41     opls_521    15.736740    1.801400    7.381970
42     opls_521    16.720440    1.801400    9.521720
43     opls_700    15.453560    1.801400   10.140420
44     opls_142    15.955720    1.801400    5.914810
45     opls_142    17.944020    1.801400   10.337320
46     opls_142    15.055490    1.801400    5.024250
47     opls_145    15.188210    1.801400    3.568140
48     opls_142    19.147630    1.801400    9.829780
49     opls_145    20.337220    1.801400   10.701600
50     opls_145    14.052240    1.801400    2.829820
51     opls_145    14.105030    1.801400    1.436340
52     opls_145    15.287920    1.801400    0.746280
53     opls_145    16.430090    1.801400    1.497190
54     opls_145    16.383530    1.801400    2.896310
55     opls_145    21.604510    1.801400   10.210500
56     opls_145    22.728470    1.801400   11.043300
57     opls_145    22.607640    1.801400   12.382860
58     opls_145    21.345690    1.801400   12.856250
59     opls_145    20.225120    1.801400   12.024990
60     opls_423     2.440290    1.801400   18.451960
61     opls_423     0.453170    1.801400   14.132920
62     opls_520    -1.029590    1.801400   17.499530
63     opls_262    15.244990    1.801400   12.658320
64     opls_262    12.446030    1.801400    6.614370
65     opls_520    16.815990    1.801400    8.172400
66     opls_262     0.541410    1.801400   13.013620
67     opls_262     3.340370    1.801400   19.057560
68     opls_146     6.300960    1.801400   11.222740
69     opls_146     4.002780    1.801400   12.063240
70     opls_146     5.419420    1.801400   15.937400
71     opls_146     7.707680    1.801400   15.090220
72     opls_144     2.404360    1.801400   13.900840
73     opls_144     3.645760    1.801400   16.357130
74     opls_144    -1.107430    1.801400   20.100610
75     opls_144    -2.069030    1.801400   14.266670
76     opls_144     1.647070    1.801400   20.308810
77     opls_144    -3.487510    1.801400   16.916520
78     opls_146     2.663960    1.801400   22.333300
79     opls_146     2.568480    1.801400   24.769830
80     opls_146    -1.562180    1.801400   24.666620
81     opls_146    -1.474490    1.801400   22.222910
82     opls_146    -5.930340    1.801400   16.476510
83     opls_146    -7.898120    1.801400   15.019620
84     opls_146    -5.441760    1.801400   11.805240
85     opls_146    -3.488380    1.801400   13.253650
86     opls_146     9.485440    1.801400   14.449190
87     opls_146    11.783620    1.801400   13.608690
88     opls_146    10.366980    1.801400    9.734540
89     opls_146     8.078720    1.801400   10.581720
90     opls_144    13.382040    1.801400   11.771100
91     opls_144    12.140640    1.801400    9.314810
92     opls_144    16.893830    1.801400    5.571320
93     opls_144    17.855430    1.801400   11.405270
94     opls_144    14.139330    1.801400    5.363120
95     opls_144    19.273910    1.801400    8.755410
96     opls_146    13.122440    1.801400    3.338640
97     opls_146    13.217920    1.801400    0.902110
98     opls_146    17.348580    1.801400    1.005310
99     opls_146    17.260890    1.801400    3.449020
100    opls_146    21.716740    1.801400    9.195430
101    opls_146    23.684520    1.801400   10.652310
102    opls_146    21.228160    1.801400   13.866700
103    opls_146    19.274780    1.801400   12.418290
