0      opls_916    11.606840   18.362620    0.065310
1      opls_145   -10.106670   19.258310    0.056710
2      opls_145     1.319850    0.891960    0.034100
3      opls_916     0.003520    1.430360    0.021310
4      opls_145    21.734480    0.536450    0.030870
5      opls_145    10.287520   18.913900    0.058360
6      opls_142     0.649300    3.869330    6.820650
7      opls_142    10.821950   16.030250    0.053690
8      opls_700    11.075400   14.654520    0.051760
9      opls_280    12.454470   14.094210    0.069710
10     opls_280     9.878510   13.780530    0.015050
11     opls_700    12.617420   12.611800    0.031690
12     opls_700    10.104040   12.345010    6.835770
13     opls_280    11.469500   11.736010    6.838180
14     opls_700     0.247820    5.210270    6.782220
15     opls_280    -1.188990    5.603060    6.772390
16     opls_280     1.338720    6.226400    6.753900
17     opls_700    -1.528040    7.051110    6.775140
18     opls_700     0.953600    7.663630    6.766000
19     opls_280    -0.469590    8.091760    6.790330
20     opls_142     1.912070    8.685010    6.760430
21     opls_142    13.931670   12.128690    0.037950
22     opls_142     9.020820   11.468540    6.776790
23     opls_142    -2.890370    7.392690    6.761050
24     opls_916    15.561490   10.280060    6.835700
25     opls_145    15.750090    8.855920    6.795210
26     opls_145    -6.122300   11.120870    6.838860
27     opls_145    17.063710    8.327720    6.755960
28     opls_145    -4.829080   10.583630    6.808890
29     opls_916    -4.634600    9.173540    6.771500
30     opls_916     4.307730    9.345800    6.722550
31     opls_145     5.628070    8.810490    6.720830
32     opls_145     4.140630   10.755550    6.693270
33     opls_145     6.734310    9.657450    6.727430
34     opls_145     5.252260   11.632260    6.681440
35     opls_916     6.580120   11.075050    6.727430
36     opls_916    10.837830   19.327790    3.484360
37     opls_145    21.188200    0.106380    3.379800
38     opls_145    20.948940    1.502410    3.332300
39     opls_916    -0.769120    2.403270    3.407230
40     opls_145     0.545940    1.847160    3.514190
41     opls_145     0.763720    0.465680    3.544650
42     opls_142     0.031820    4.735050    3.341920
43     opls_142    10.204460   16.928620    3.470750
44     opls_700    10.596790   15.583630    3.489720
45     opls_280    12.036870   15.192930    3.560110
46     opls_280     9.515540   14.564880    3.431430
47     opls_700    12.389190   13.749010    3.514950
48     opls_700     9.909690   13.130310    3.398640
49     opls_280    11.339130   12.705890    3.442560
50     opls_700    -0.228730    6.110740    3.338690
51     opls_280    -1.610850    6.654300    3.366810
52     opls_280     0.951580    7.009600    3.292710
53     opls_700    -1.795190    8.132060    3.344540
54     opls_700     0.727160    8.481830    3.346870
55     opls_280    -0.643580    9.062450    3.397060
56     opls_142     1.803150    9.375450    3.358900
57     opls_142    13.757050   13.422060    3.531100
58     opls_142     8.963840   12.102260    3.336700
59     opls_142    -3.124910    8.575340    3.316900
60     opls_916    15.499150   11.631040    3.463740
61     opls_145    -6.178210   12.451290    3.503540
62     opls_145    15.653320   10.217950    3.381040
63     opls_145    -4.879900   11.888380    3.437340
64     opls_145    16.931540    9.646170    3.319860
65     opls_916    -4.740880   10.464680    3.328180
66     opls_916     4.249060    9.771400    3.311200
67     opls_145     4.115360   11.189280    3.324880
68     opls_145     5.567620    9.192150    3.295660
69     opls_145     5.240700   12.011080    3.320200
70     opls_145     6.697190   10.043270    3.266030
71     opls_916     6.552350   11.455190    3.274970
72     opls_146     2.189860    1.573180    0.012510
73     opls_146    20.699280    0.933190    0.021520
74     opls_146     9.398660   18.259500    0.071490
75     opls_910    12.782920   16.556630    0.086890
76     opls_910    -1.258690    3.157940    6.854470
77     opls_144     1.738640    3.635390    6.823810
78     opls_144     9.757090   16.356780    0.033130
79     opls_144     1.559710    9.742060    6.774450
80     opls_144    14.755600   12.872110    0.084000
81     opls_144     9.244900   10.379710    6.731760
82     opls_144    -3.645610    6.578890    6.747850
83     opls_910     3.491420    7.393130    6.731900
84     opls_910    13.408050   10.215200    6.826900
85     opls_146    -6.229550   12.220470    6.865540
86     opls_146    17.204300    7.230980    6.707630
87     opls_146    -3.956190   11.261060    6.816250
88     opls_146     5.783210    7.717190    6.728880
89     opls_146     3.119910   11.187990    6.671130
90     opls_146     7.740660    9.195560    6.748120
91     opls_910     7.614570   12.948590    6.815840
92     opls_910    -2.526500    9.396060    6.774450
93     opls_796     6.032340   14.297810    4.918810
94     opls_796     4.321000    0.447590    1.241910
95     opls_796    15.281900    5.884410    7.733760
96     opls_146     1.428520    2.506930    3.584720
97     opls_146     1.796640    0.072090    3.630090
98     opls_910    12.116670   17.629930    3.591320
99     opls_910    -1.934830    4.209020    3.378840
100    opls_144     1.096370    4.408430    3.307690
101    opls_144     9.119330   17.172120    3.403590
102    opls_144     1.576600   10.463530    3.412660
103    opls_144    14.506170   14.240740    3.571320
104    opls_144     9.320620   11.046940    3.352240
105    opls_144    -3.934090    7.814700    3.343640
106    opls_910     3.202970    7.902250    3.268780
107    opls_910    13.396370   11.421970    3.462500
108    opls_146    14.759930    9.568110    3.357600
109    opls_146    17.019210    8.546320    3.244590
110    opls_146     3.119670   11.671570    3.352370
111    opls_146     5.102380   13.107050    3.331200
112    opls_910     7.396710   13.391720    3.201210
113    opls_910    -2.613480   10.517610    3.167110
114    opls_796    18.512810    1.786970    5.268780
115    opls_146    20.322270   -0.577250    3.317450
116    opls_146     7.711360    9.596480    3.225890
117    opls_146    -6.286950   13.549410    3.587950
118    opls_796     7.869470    7.320830    4.337250
119    opls_796    -1.718760   11.831930    4.301160
120    opls_238    -0.244390    2.843780    6.860590
121    opls_238    11.804810   16.969550    0.071970
122    opls_238     3.246870    8.426830    6.738020
123    opls_238    14.265770   10.835060    6.861340
124    opls_238     7.719610   11.893150    6.770470
125    opls_238    -3.313630    8.686590    6.759400
126    opls_238    -0.953380    3.797210    3.377460
127    opls_238    11.103900   17.949310    3.522860
128    opls_238     3.103730    8.958660    3.312090
129    opls_238    14.183580   12.130750    3.497210
130    opls_238     7.627210   12.357740    3.253730
131    opls_238    -3.454390    9.892210    3.247270
132    opls_281    13.458780   14.836410    0.108480
133    opls_281     2.536140    5.857330    6.726060
134    opls_281    -0.752870    9.319020    6.817490
135    opls_281    -2.102540    4.739070    6.759260
136    opls_281     8.729300   14.291000    0.026470
137    opls_281    11.609450   10.493590    6.782290
138    opls_494     4.899660   13.896620    1.193300
139    opls_494     3.548130   13.586680    5.931600
140    opls_154     6.052000   14.153360    5.885610
141    opls_494    -8.066740   18.419250    5.388260
142    opls_494    -8.125010   17.624460    0.973120
143    opls_154     4.151690    0.252280    0.298210
144    opls_494    13.734450    7.758790    5.396440
145    opls_494    13.457350    7.890860    1.076920
146    opls_154    15.058550    6.229040    6.845260
147    opls_281    12.938660   16.055390    3.660200
148    opls_281     2.105340    6.518580    3.218880
149    opls_281    -0.810310   10.312390    3.494260
150    opls_281    -2.613240    5.908130    3.402070
151    opls_281     8.307510   14.922500    3.422350
152    opls_281    11.621340   11.481200    3.413830
153    opls_494    18.679180    1.170880    1.950370
154    opls_494    19.003370    3.430230    3.101260
155    opls_154    18.473980    1.296940    4.422770
156    opls_494     5.494840    6.806600    2.003090
157    opls_494     5.177730    6.815030    4.543200
158    opls_154     7.461250    7.241220    3.452120
159    opls_494    -3.938340   14.358810    3.861830
160    opls_494    -2.829390   12.926910    2.030800
161    opls_154    -2.426260   12.492500    4.529730
162    opls_474     4.809750   13.444890    6.685020
163    opls_474    -8.327970   18.680430    6.808890
164    opls_474    14.309110    7.698110    6.745860
165    opls_474    19.170960    1.966090    3.082220
166    opls_474     5.821650    7.350240    3.325700
167    opls_474    -3.441550   13.068730    3.372930
