0      opls_700    14.488290    8.386670    2.100040
1      opls_700    11.956390    8.353890    2.100040
2      opls_700    13.250990    6.177590    2.100040
3      opls_145    14.432720    6.966660    2.100040
4      opls_145    13.213800    9.016000    2.100040
5      opls_145    12.048740    6.935720    2.100040
6      opls_700    -1.348320   14.713450    2.100040
7      opls_700     1.163740   14.393740    2.100040
8      opls_700     0.184580   16.729100    2.100040
9      opls_145    -1.095590   16.111920    2.100040
10     opls_145    -0.173730   13.913380    2.100040
11     opls_145     1.269330   15.811000    2.100040
12     opls_700    -2.683010   14.153560    2.100040
13     opls_700     2.316090   13.517580    2.100040
14     opls_700     0.367310   18.164930    2.100040
15     opls_700    15.731950    9.126690    2.100040
16     opls_700    10.693540    9.061150    2.100040
17     opls_700    13.269510    4.730540    2.100040
18     opls_145    -3.866200   14.955240    2.100040
19     opls_145     2.213280   12.092300    2.100040
20     opls_145     1.652920   18.788760    2.100040
21     opls_145    17.015040    8.496670    2.100040
22     opls_145    10.597750   10.487120    2.100040
23     opls_145    12.082620    3.934360    2.100040
24     opls_145    14.477040    3.965530    2.100040
25     opls_145    15.790830   10.554720    2.100040
26     opls_145     9.427390    8.398130    2.100040
27     opls_145    -0.721660   19.090360    2.100040
28     opls_145    -2.940240   12.748220    2.100040
29     opls_145     3.661500   13.997950    2.100040
30     opls_145    -5.168080   14.420560    2.100040
31     opls_145     3.327270   11.232190    2.100040
32     opls_145     1.840810   20.183560    2.100040
33     opls_700    18.227200    9.210580    2.100040
34     opls_700     9.373410   11.179930    2.100040
35     opls_700    12.094790    2.527640    2.100040
36     opls_700    14.501660    2.558810    2.100040
37     opls_700    16.996780   11.279400    2.100040
38     opls_700     8.197230    9.079940    2.100040
39     opls_145    -0.553490   20.487220    2.100040
40     opls_145    -4.233910   12.195210    2.100040
41     opls_145     4.787400   13.153870    2.100040
42     opls_700    -5.373040   13.026910    2.100040
43     opls_700     4.636690   11.751510    2.100040
44     opls_700     0.736350   21.057880    2.100040
45     opls_145    18.240830   10.614310    2.100040
46     opls_145     8.151050   10.489640    2.100040
47     opls_145    13.303910    1.813970    2.100040
48     opls_142    -6.686030   12.523850    2.100040
49     opls_142     5.728840   10.865950    2.100040
50     opls_142     0.957190   22.446490    2.100040
51     opls_515     9.359910   12.720030    2.100040
52     opls_135    10.807600   13.245090    2.100040
53     opls_135     8.633750   13.225610    3.360170
54     opls_515     6.876960    8.286970    2.100040
55     opls_135     7.185660    6.778270    2.100040
56     opls_135     6.066250    8.641980    0.839870
57     opls_515    10.767910    1.746130    2.100040
58     opls_135     9.589480    2.737110    2.100040
59     opls_135    10.693010    0.864240    3.360170
60     opls_515    15.848520    1.812370    2.100040
61     opls_135    17.000880    2.833830    2.100040
62     opls_135    15.946440    0.932770    0.839870
63     opls_515    19.567450    8.452210    2.100040
64     opls_135    19.298580    6.935950    2.100040
65     opls_135    20.368640    8.828300    3.360170
66     opls_515    16.970050   12.819040    2.100040
67     opls_135    15.509130   13.306050    2.100040
68     opls_135    17.682580   13.343630    0.839870
69     opls_146    15.397180    6.358640    2.100040
70     opls_146    13.258260   10.155030    2.100040
71     opls_146    11.039950    6.404480    2.100040
72     opls_146    -1.965850   16.848280    2.100040
73     opls_146    -0.376310   12.791540    2.100040
74     opls_146     2.342430   16.196490    2.100040
75     opls_146    -3.784030   16.092210    2.100040
76     opls_146     1.187550   11.594980    2.100040
77     opls_146     2.596740   18.149110    2.100040
78     opls_146    17.091650    7.359250    2.100040
79     opls_146    11.544480   11.122180    2.100040
80     opls_146    11.059270    4.436720    2.100040
81     opls_146    15.487030    4.494250    2.100040
82     opls_146    14.828080   11.164810    2.100040
83     opls_146     9.380680    7.258870    2.100040
84     opls_146    -1.795290   18.707170    2.100040
85     opls_146    -2.071440   12.009800    2.100040
86     opls_146     3.866730   15.119330    2.100040
87     opls_146    -6.070220   15.117270    2.100040
88     opls_146     3.174970   10.102550    2.100040
89     opls_146     2.895380   20.616710    2.100040
90     opls_146    -1.465420   21.171100    2.100040
91     opls_146    -4.370200   11.063510    2.100040
92     opls_146     5.835750   13.601920    2.100040
93     opls_144    -7.571370   13.241880    2.100040
94     opls_144     5.549680    9.740210    2.100040
95     opls_144     2.021950   22.854210    2.100040
96     opls_702     8.817540   13.097040    1.170880
97     opls_140    11.346930   12.868310    3.031060
98     opls_140    10.799130   14.385040    2.100630
99     opls_140    11.347990   12.869230    1.169240
100    opls_140     9.177440   12.849980    4.289120
101    opls_140     7.561970   12.836460    3.363320
102    opls_140     8.624490   14.365550    3.360500
103    opls_702     6.272010    8.552370    3.029170
104    opls_140     7.788770    6.515170    1.168990
105    opls_140     6.209420    6.189730    2.099410
106    opls_140     7.788500    6.513800    3.030800
107    opls_140     6.670680    8.374750   -0.089080
108    opls_140     5.838400    9.759010    0.836720
109    opls_140     5.089610    8.054130    0.839540
110    opls_702    10.712470    1.087700    1.170880
111    opls_140     9.645850    3.392570    3.031060
112    opls_140     8.606490    2.159810    2.100630
113    opls_140     9.644660    3.393260    1.169240
114    opls_140    10.746740    1.522910    4.289120
115    opls_140    11.566050    0.130860    3.363320
116    opls_140     9.710420    0.286250    3.360500
117    opls_702    15.921030    1.155530    3.029170
118    opls_140    16.927040    3.487450    1.168990
119    opls_140    17.998560    2.282420    2.099410
120    opls_140    16.928240    3.488140    3.030800
121    opls_140    15.875380    1.589830   -0.089080
122    opls_140    15.092850    0.176700    0.836720
123    opls_140    16.943720    0.380670    0.839540
124    opls_702    20.165400    8.733420    1.170880
125    opls_140    18.702620    6.657260    3.031060
126    opls_140    20.290040    6.373310    2.100630
127    opls_140    18.702620    6.655890    1.169240
128    opls_140    19.771350    8.545490    4.289120
129    opls_140    20.567250    9.951060    3.363320
130    opls_140    21.360490    8.266350    3.360500
131    opls_702    17.502360   13.210250    3.029170
132    opls_140    14.979850   12.915520    1.168990
133    opls_140    15.487690   14.446000    2.099410
134    opls_140    14.978660   12.916210    3.030800
135    opls_140    17.148940   12.953800   -0.089080
136    opls_140    18.764150   12.982440    0.836720
137    opls_140    17.662070   14.483350    0.839540
138    opls_750    19.458950   11.211560    2.100040
139    opls_750     7.024630   11.246170    2.100040
140    opls_750    13.211820    0.460430    2.100040
