0      opls_916     1.184040    0.774340    7.611450
1      opls_145     1.289990    1.937460    8.394750
2      opls_145     2.471790    2.664860    8.395650
3      opls_700     3.574110    2.261370    7.618350
4      opls_145     3.457830    1.090800    6.838350
5      opls_145     2.286230    0.355340    6.838050
6      opls_145     6.936600    3.575370    6.883800
7      opls_145     8.203280    2.972660    6.745650
8      opls_523     9.354500    3.745190    6.725850
9      opls_700     9.276880    5.148220    6.806850
10     opls_523     8.011240    5.754360    6.902100
11     opls_145     6.857930    4.984650    6.940650
12     opls_531    10.498770    5.971310    6.791550
13     opls_142     4.795620    3.047200    7.633500
14     opls_916    21.936720    0.675230    7.629600
15     opls_145    20.876680    0.175450    8.406600
16     opls_145    19.651440    0.827920    8.406150
17     opls_700    19.442540    1.981570    7.626300
18     opls_145    20.512900    2.473090    6.847800
19     opls_145    21.740230    1.835930    6.852000
20     opls_145    16.622120    4.234490    6.892050
21     opls_145    16.513870    5.633490    6.752400
22     opls_523    15.270860    6.247080    6.739500
23     opls_700    14.093320    5.480800    6.827250
24     opls_523    14.197850    4.081390    6.920850
25     opls_145    15.439820    3.464380    6.954450
26     opls_531    12.770900    6.129640    6.811800
27     opls_142    18.148770    2.641900    7.638450
28     opls_916    11.670910   18.758370    7.623300
29     opls_145    12.668610   18.091800    8.371500
30     opls_145    12.750440   16.717770    8.361900
31     opls_700    11.835410   15.918860    7.610250
32     opls_145    10.834370   16.611410    6.860100
33     opls_145    10.757990   17.990480    6.869100
34     opls_145    11.185070   12.286080    6.989250
35     opls_145    10.037310   11.495420    6.767850
36     opls_523    10.142790   10.117770    6.692100
37     opls_700    11.394020    9.481820    6.824400
38     opls_523    12.539820   10.280330    6.995250
39     opls_145    12.446630   11.660400    7.077600
40     opls_531    11.498030    8.017140    6.801600
41     opls_142    11.958610   14.521670    7.650900
42     opls_750     5.819060    2.747050    6.907350
43     opls_520    12.731490    7.474260    6.817950
44     opls_750    17.897200    3.678510    6.912150
45     opls_520    10.352320    7.308880    6.781050
46     opls_750    11.043640   13.658490    7.131300
47     opls_520    11.684010    5.333150    6.803250
48     opls_239    -0.008330    0.019740    7.615500
49     opls_146     0.405980    2.281120    9.027300
50     opls_146     2.561290    3.605990    9.032850
51     opls_146     4.335230    0.742110    6.199350
52     opls_146     2.209020   -0.593440    6.210900
53     opls_146     8.288120    1.839960    6.648900
54     opls_526    10.375560    3.244610    6.643350
55     opls_526     7.925360    6.890080    6.948450
56     opls_146     5.838510    5.488860    7.018650
57     opls_144    12.869640   14.043850    8.142300
58     opls_146    21.024330   -0.763860    9.035400
59     opls_146    18.794080    0.431080    9.044250
60     opls_146    20.370570    3.404750    6.206550
61     opls_146    22.598650    2.248280    6.225300
62     opls_146    17.453570    6.270450    6.648750
63     opls_526    15.196110    7.381600    6.657300
64     opls_526    13.255720    3.441410    6.970050
65     opls_146    15.502630    2.328860    7.032900
66     opls_144     4.874080    3.965970    8.303850
67     opls_146    13.414140   18.692900    8.989800
68     opls_146    13.562730   16.191010    8.963550
69     opls_146    10.079690   16.024620    6.239100
70     opls_146     9.946280   18.507780    6.258450
71     opls_146     9.017530   11.991370    6.650550
72     opls_526     9.211220    9.483230    6.520950
73     opls_526    13.567960    9.793650    7.068450
74     opls_146    13.388170   12.288090    7.216500
75     opls_144    17.313330    2.246470    8.305650
