0      opls_145    14.759670    8.374510    3.649680
1      opls_700    16.040220    7.738990    3.652420
2      opls_234    16.221770    6.194280    3.580820
3      opls_142    16.231960    2.991860    0.055130
4      opls_700    16.046910    1.459830    0.026420
5      opls_145    17.170580    0.593910    0.022940
6      opls_145    14.782260    0.827060    0.023490
7      opls_145    17.190630    8.594990    3.649680
8      opls_700    17.100880   10.022020    3.652420
9      opls_234    18.347710   10.951330    3.580820
10     opls_142    21.115990   12.561360    0.055130
11     opls_700    22.535300   13.167110    0.026420
12     opls_145    22.723530   14.573480    0.022940
13     opls_145    23.715770   12.388010    0.023490
14     opls_145    15.784210   10.590020    3.649680
15     opls_700    14.593230    9.798790    3.652420
16     opls_234    13.165020   10.413920    3.580820
17     opls_142    10.386550   12.006310    0.055130
18     opls_700     9.152290   12.932580    0.026420
19     opls_145     7.840230   12.392420    0.022940
20     opls_145     9.236940   14.344180    0.023490
21     opls_145     1.151830   19.185010    3.649680
22     opls_700    -0.128880   19.820810    3.652420
23     opls_234    -0.310270   21.365250    3.580820
24     opls_142    -0.320460   24.567660    0.055130
25     opls_700    -0.135410   26.099700    0.026420
26     opls_145    -1.259240   26.965890    0.022940
27     opls_145     1.129240   26.732470    0.023490
28     opls_145    -1.279130   18.964540    3.649680
29     opls_700    -1.189070   17.537500    3.652420
30     opls_234    -2.436210   16.608200    3.580820
31     opls_142    -5.204490   14.998170    0.055130
32     opls_700    -6.623800   14.392410    0.026420
33     opls_145    -6.811870   12.986320    0.022940
34     opls_145    -7.804270   15.171520    0.023490
35     opls_145     0.127290   16.969500    3.649680
36     opls_700     1.318270   17.760740    3.652420
37     opls_234     2.746480   17.145610    3.580820
38     opls_142     5.524950   15.553220    0.055130
39     opls_700     6.759210   14.626940    0.026420
40     opls_145     8.071270   15.167110    0.022940
41     opls_145     6.674560   13.215340    0.023490
42     opls_236    17.302170    5.767110    3.214600
43     opls_236    18.177300   12.100840    3.214600
44     opls_236    12.254560    9.691860    3.214600
45     opls_236    -1.390670   21.792420    3.214600
46     opls_236    -2.265800   15.458690    3.214600
47     opls_236     3.656940   17.867670    3.214600
48     opls_238    15.213620    5.280410    0.206420
49     opls_750    15.222210    3.841250    0.111070
50     opls_238    19.643220   10.535180    0.206420
51     opls_750    20.885280   11.262200    0.111070
52     opls_238    12.877650   11.743940    0.206420
53     opls_750    11.627010   12.456080    0.111070
54     opls_238     0.697880   22.279120    0.206420
55     opls_750     0.689290   23.718280    0.111070
56     opls_238    -3.731720   17.024350    0.206420
57     opls_750    -4.973780   16.297330    0.111070
58     opls_238     3.033850   15.815590    0.206420
59     opls_750     4.284490   15.103450    0.111070
60     opls_146    13.871960    7.760760    3.611270
61     opls_910    14.304760    5.683880    0.516260
62     opls_144    17.244250    3.368880    0.089130
63     opls_146    18.165840    1.019700    0.026860
64     opls_146    13.884220    1.431170    0.027710
65     opls_146    18.166000    8.133090    3.611270
66     opls_910    19.748240    9.546340    0.516260
67     opls_144    20.283500   13.249240    0.089130
68     opls_146    21.856990   15.222230    0.026860
69     opls_146    23.641470   11.308500    0.027710
70     opls_146    15.696540   11.665670    3.611270
71     opls_910    13.681820   12.329310    0.516260
72     opls_144    10.207230   10.941130    0.089130
73     opls_146     7.711670   11.317600    0.026860
74     opls_146    10.208820   14.819860    0.027710
75     opls_146     2.039540   19.798760    3.611270
76     opls_910     1.606740   21.875650    0.516260
77     opls_144    -1.332750   24.190650    0.089130
78     opls_146    -2.254340   26.539820    0.026860
79     opls_146     2.027280   26.128360    0.027710
80     opls_146    -2.254500   19.426430    3.611270
81     opls_910    -3.836900   18.013460    0.516260
82     opls_144    -4.372000   14.310280    0.089130
83     opls_146    -5.945490   12.337300    0.026860
84     opls_146    -7.729970   16.251030    0.027710
85     opls_146     0.214960   15.893850    3.611270
86     opls_910     2.230000   15.230220    0.516260
87     opls_144     5.704270   16.618390    0.089130
88     opls_146     8.199830   16.241930    0.026860
89     opls_146     5.702680   12.739670    0.027710
