0      opls_280    16.427870    1.257150    0.057070
1      opls_145    17.814910    0.736020    0.144970
2      opls_280    18.878740    1.693040    0.523220
3      opls_280    17.341550    3.639640    6.666180
4      opls_145    16.174390    2.721100    0.085770
5      opls_142    14.898660    3.159160    0.178220
6      opls_916    13.209030    5.038670    0.328610
7      opls_700    12.999980    6.412630    0.063090
8      opls_145    11.688480    6.884240    6.592930
9      opls_916    10.572010    6.044030    0.064420
10     opls_700    10.781750    4.673620    0.355240
11     opls_145    12.093710    4.198070    0.489570
12     opls_142     8.869060    7.917420    0.166650
13     opls_470     9.672000    3.703370    0.549650
14     opls_470    14.126240    7.374780    6.591790
15     opls_280     4.798980    9.312900    0.471580
16     opls_145     5.051430    7.855070    0.350090
17     opls_280     6.450660    7.379520    0.476390
18     opls_145     7.587860    8.325090    0.314900
19     opls_280     7.301450    9.780950    0.365140
20     opls_145     5.903590   10.282550    0.284120
21     opls_142     5.607960   11.585480    0.079680
22     opls_916     6.407600   13.968560    6.332020
23     opls_700     7.529650   14.842510    6.362060
24     opls_145     7.306580   16.225750    6.258760
25     opls_916     6.014440   16.773910    6.247460
26     opls_700     4.899800   15.905290    6.279900
27     opls_145     5.115230   14.521460    6.277030
28     opls_142     6.747660   19.170610    6.638290
29     opls_470     3.496590   16.394460    6.328200
30     opls_470     8.945730   14.367740    6.495520
31     opls_142     4.062910    6.950730    0.167920
32     opls_142    19.774990    3.974700    6.672810
33     opls_916    -0.527020    4.527000    6.633940
34     opls_700     0.785170    4.089340    6.307270
35     opls_145     1.823830    5.029980    6.252670
36     opls_916     1.617620    6.384410    6.559210
37     opls_700     0.310450    6.827210    0.186120
38     opls_145    -0.732540    5.889720    0.232810
39     opls_470    -0.015610    8.245180    0.500140
40     opls_470     1.117380    2.668610    5.994040
41     opls_145    18.727790    3.132520    0.180030
42     opls_280    16.427870    1.257150    3.402070
43     opls_145    17.814910    0.736020    3.489970
44     opls_280    18.878740    1.693040    3.868220
45     opls_280    17.341550    3.639640    3.321250
46     opls_145    16.174390    2.721100    3.430770
47     opls_142    14.898660    3.159160    3.523220
48     opls_916    13.209030    5.038670    3.673610
49     opls_700    12.999980    6.412630    3.408090
50     opls_145    11.688480    6.884240    3.247930
51     opls_916    10.572010    6.044030    3.409420
52     opls_700    10.781750    4.673620    3.700240
53     opls_145    12.093710    4.198070    3.834570
54     opls_142     8.869060    7.917420    3.511650
55     opls_470     9.672000    3.703370    3.894650
56     opls_470    14.126240    7.374780    3.246790
57     opls_280     4.798980    9.312900    3.816580
58     opls_145     5.051430    7.855070    3.695090
59     opls_280     6.450660    7.379520    3.821390
60     opls_145     7.587860    8.325090    3.659900
61     opls_280     7.301450    9.780950    3.710140
62     opls_145     5.903590   10.282550    3.629120
63     opls_142     5.607960   11.585480    3.424680
64     opls_916     6.407600   13.968560    2.987080
65     opls_700     7.529650   14.842510    3.017120
66     opls_145     7.306580   16.225750    2.913830
67     opls_916     6.014440   16.773910    2.902520
68     opls_700     4.899800   15.905290    2.934970
69     opls_145     5.115230   14.521460    2.932030
70     opls_142     6.747660   19.170610    3.293350
71     opls_470     3.496590   16.394460    2.983270
72     opls_470     8.945730   14.367740    3.150520
73     opls_142     4.062910    6.950730    3.512990
74     opls_142    19.774990    3.974700    3.327810
75     opls_916    -0.527020    4.527000    3.289000
76     opls_700     0.785170    4.089340    2.962270
77     opls_145     1.823830    5.029980    2.907740
78     opls_916     1.617620    6.384410    3.214210
79     opls_700     0.310450    6.827210    3.531120
80     opls_145    -0.732540    5.889720    3.577880
81     opls_470    -0.015610    8.245180    3.845210
82     opls_470     1.117380    2.668610    2.649040
83     opls_145    18.727790    3.132520    3.525090
84     opls_281    15.483430    0.486010    0.067030
85     opls_281    17.168840    4.802270    6.338980
86     opls_281    19.854960    1.289910    1.131410
87     opls_281     3.690490    9.718990    0.778580
88     opls_281     8.222420   10.565510    0.526100
89     opls_281     6.659490    6.214720    0.771160
90     opls_268    14.007990    8.711850    0.288470
91     opls_268     9.909650    2.338680    0.375780
92     opls_269    15.178460    7.009340    6.101680
93     opls_269     8.562380    4.078290    0.886220
94     opls_268    -1.339640    8.682050    0.426550
95     opls_268     2.344920    2.108410    6.357240
96     opls_269     0.852270    9.028950    0.842470
97     opls_269     0.324800    1.968700    5.392010
98     opls_268     2.453830   15.553660    5.933960
99     opls_268     9.943490   15.175590    0.359250
100    opls_269     3.238890   17.509730    0.057600
101    opls_269     9.274630   13.266870    6.098340
102    opls_281    15.483430    0.486010    3.412030
103    opls_281    17.168840    4.802270    2.993980
104    opls_281    19.854960    1.289910    4.476410
105    opls_281     3.690490    9.718990    4.123650
106    opls_281     8.222420   10.565510    3.871170
107    opls_281     6.659490    6.214720    4.116160
108    opls_268    14.007990    8.711850    3.633470
109    opls_268     9.909650    2.338680    3.720780
110    opls_269    15.178460    7.009340    2.756750
111    opls_269     8.562380    4.078290    4.231220
112    opls_268    -1.339640    8.682050    3.771550
113    opls_268     2.344920    2.108410    3.012310
114    opls_269     0.852270    9.028950    4.187470
115    opls_269     0.324800    1.968700    2.047010
116    opls_268     2.453830   15.553660    2.589030
117    opls_268     9.943490   15.175590    3.704250
118    opls_269     3.238890   17.509730    3.402600
119    opls_269     9.274630   13.266870    2.753340
120    opls_238    14.541730    4.515360    0.498400
121    opls_238     9.241820    6.561810    6.554190
122    opls_238     6.576890   12.537170    6.293950
123    opls_238     5.833420   18.195240    6.104360
124    opls_238    -1.622180    3.589520    0.058470
125    opls_238     2.719620    7.308090    6.484480
126    opls_238    14.541730    4.515360    3.843410
127    opls_238     9.241820    6.561810    3.209190
128    opls_238     6.576890   12.537170    2.948950
129    opls_238     5.833420   18.195240    2.759420
130    opls_238    -1.622180    3.589520    3.403470
131    opls_238     2.719620    7.308090    3.139550
132    opls_144    14.106080    2.436360    0.063890
133    opls_910    15.240200    5.117400    0.982090
134    opls_146    11.548120    7.904010    6.270070
135    opls_146    12.235550    3.170600    0.787550
136    opls_910     8.556790    5.957410    6.054650
137    opls_144     9.648540    8.661730    0.219230
138    opls_144     4.582860   11.898040    0.197690
139    opls_910     7.325260   12.163240    5.679210
140    opls_146     8.154070   16.878690    6.125970
141    opls_146     4.254640   13.876210    6.215810
142    opls_910     5.062490   18.514310    5.480510
143    opls_144     7.758750   18.863770    6.861530
144    opls_144     4.308420    5.901560    0.249670
145    opls_144    19.554200    4.986970    6.366740
146    opls_910    -1.382480    2.587900    0.145980
147    opls_146     2.795380    4.709920    5.904530
148    opls_146    -1.704320    6.225960    0.561420
149    opls_910     2.550100    8.224070    6.020000
150    opls_270    13.165860    8.913910    0.812430
151    opls_270     9.085060    1.773550    0.544300
152    opls_270    -1.442970    9.660580    0.671010
153    opls_270     2.904400    2.699790    6.958540
154    opls_270     1.543910   15.991920    6.021470
155    opls_270     9.601940   16.000010    0.834380
156    opls_144    14.106080    2.436360    3.408890
157    opls_910    15.240200    5.117400    4.327090
158    opls_146    11.548120    7.904010    2.925070
159    opls_146    12.235550    3.170600    4.132550
160    opls_910     8.556790    5.957410    2.709650
161    opls_144     9.648540    8.661730    3.564230
162    opls_144     4.582860   11.898040    3.542690
163    opls_910     7.325260   12.163240    2.334270
164    opls_146     8.154070   16.878690    2.780970
165    opls_146     4.254640   13.876210    2.870810
166    opls_910     5.062490   18.514310    2.135510
167    opls_144     7.758750   18.863770    3.516600
168    opls_144     4.308420    5.901560    3.594670
169    opls_144    19.554200    4.986970    3.021810
170    opls_910    -1.382480    2.587900    3.490980
171    opls_146     2.795380    4.709920    2.559530
172    opls_146    -1.704320    6.225960    3.906420
173    opls_910     2.550100    8.224070    2.675060
174    opls_270    13.165860    8.913910    4.157430
175    opls_270     9.085060    1.773550    3.889370
176    opls_270    -1.442970    9.660580    4.016010
177    opls_270     2.904400    2.699790    3.613540
178    opls_270     1.543910   15.991920    2.676540
179    opls_270     9.601940   16.000010    4.179380
