0      opls_700    12.116170   20.624380    0.786930
1      opls_523    10.714510   20.507860    0.912440
2      opls_522    10.114730   19.289560    1.240400
3      opls_521    10.870220   18.120040    1.517320
4      opls_522    12.282680   18.243140    1.381540
5      opls_523    12.871650   19.444250    0.995460
6      opls_142    12.968990   11.831900    2.319100
7      opls_700    12.679030   10.631050    2.911570
8      opls_423    11.413660   10.378540    3.567070
9      opls_700    13.669310    9.503740    2.934270
10     opls_145    13.216050    8.169170    2.942980
11     opls_700    11.769730    4.021140    2.205590
12     opls_523    12.369940    2.743450    2.205310
13     opls_522    11.602930    1.581770    2.071520
14     opls_521    10.184640    1.610330    1.976360
15     opls_522     9.589390    2.905720    1.941880
16     opls_523    10.364570    4.060830    2.030120
17     opls_142     3.832860    0.247960    0.504870
18     opls_700   -11.762730   24.593200    0.611100
19     opls_423   -11.482980   23.220970    0.980180
20     opls_700   -13.207880   24.954900    0.478670
21     opls_145    15.002680   23.939060    0.472820
22     opls_905    -4.473790   24.415770    2.163050
23     opls_700     5.266780    0.180720    0.786930
24     opls_523    -8.524530   24.301010    0.912440
25     opls_522    -7.169570   24.390740    1.240400
26     opls_521     8.058570    0.353860    1.517320
27     opls_522     7.245740    1.515540    1.381540
28     opls_523     5.911060    1.425060    0.995460
29     opls_142    12.454880    5.315520    2.319100
30     opls_700    13.639830    5.664840    2.911570
31     opls_423    14.491190    4.695250    3.567070
32     opls_700    14.120960    7.086100    2.934270
33     opls_145    15.503360    7.360850    2.942980
34     opls_700    19.818820    8.182320    2.205590
35     opls_523    20.625230    9.340960    2.205310
36     opls_522    22.014780    9.257550    2.071520
37     opls_521    22.699200    8.014990    1.976360
38     opls_522    21.874980    6.851790    1.941880
39     opls_523    20.487040    6.945570    2.030120
40     opls_142    27.054930    3.195380    0.504870
41     opls_700    -0.823920    2.792480    0.611100
42     opls_423     0.224590    3.720870    0.980180
43     opls_700    -0.414590    1.360100    0.478670
44     opls_145     0.952930    1.023170    0.472820
45     opls_905    -4.314730    9.193600    2.163050
46     opls_700    26.396200    4.470800    0.786930
47     opls_523    -2.189980    5.742940    0.912440
48     opls_522    -2.945170    6.871510    1.240400
49     opls_521    24.850360    6.802000    1.517320
50     opls_522    24.250730    5.517220    1.381540
51     opls_523    24.996440    4.406600    0.995460
52     opls_142    18.355280    8.128480    2.319100
53     opls_700    17.460290    8.980020    2.911570
54     opls_423    17.874300   10.202110    3.567070
55     opls_700    15.988880    8.686060    2.934270
56     opls_145    15.059740    9.745880    2.942980
57     opls_700    12.190600   13.072440    2.205590
58     opls_523    10.783970   13.191490    2.205310
59     opls_522    10.161430   14.436590    2.071520
60     opls_521    10.895320   15.650590    1.976360
61     opls_522    12.314780   15.518390    1.941880
62     opls_523    12.927550   14.269510    2.030120
63     opls_142    12.891350   21.832570    0.504870
64     opls_700    12.586650   23.166120    0.611100
65     opls_423    11.258390   23.609970    0.980180
66     opls_700    13.622470   24.236810    0.478670
67     opls_145    27.823550    0.313670    0.472820
68     opls_905     8.788520   16.942440    2.163050
69     opls_700    11.803150   20.805100    4.356430
70     opls_523    12.403070   19.532970    4.481940
71     opls_522    11.647880   18.404400    4.809900
72     opls_521    10.257310   18.473910    5.086820
73     opls_522     9.657680   19.758680    4.951040
74     opls_523    10.403390   20.869300    4.564960
75     opls_142     3.762230   17.147430    5.888600
76     opls_700     2.867240   16.295880    6.481070
77     opls_423     3.281250   15.073790    7.136570
78     opls_700     1.395830   16.589840    6.503770
79     opls_145     0.466690   15.530020    6.512480
80     opls_700    -2.402450   12.203460    5.775090
81     opls_523    -3.809080   12.084410    5.774810
82     opls_522    -4.431620   10.839320    5.641020
83     opls_521    -3.697730    9.625320    5.545860
84     opls_522    -2.278270    9.757510    5.511380
85     opls_523    -1.665500   11.006390    5.599620
86     opls_142    -1.701700    3.443340    4.074370
87     opls_700    27.179700    2.109780    4.180600
88     opls_423    25.851440    1.665930    4.549680
89     opls_700    28.215520    1.039090    4.048170
90     opls_145    13.230500   24.962230    4.042320
91     opls_905    23.381570    8.333470    5.732550
92     opls_700    -2.476880    4.651520    4.356430
93     opls_523    25.307560    4.768050    4.481940
94     opls_522    24.707780    5.986350    4.809900
95     opls_521    -3.722830    7.155860    5.086820
96     opls_522    -2.310370    7.032770    4.951040
97     opls_523    -1.721400    5.831660    4.564960
98     opls_142    -1.624060   13.444000    5.888600
99     opls_700    -1.914020   14.644860    6.481070
100    opls_423    -3.179390   14.897370    7.136570
101    opls_700    -0.923740   15.772160    6.503770
102    opls_145    -1.377000   17.106730    6.512480
103    opls_700    -2.823320   21.254760    5.775090
104    opls_523    -2.223110   22.532460    5.774810
105    opls_522    -2.990120   23.694140    5.641020
106    opls_521    -4.408410   23.665580    5.545860
107    opls_522    -5.003660   22.370190    5.511380
108    opls_523    -4.228480   21.215080    5.599620
109    opls_142   -10.760190   25.027950    4.074370
110    opls_700     2.830320    0.682700    4.180600
111    opls_423     3.110070    2.054930    4.549680
112    opls_700     1.385170    0.321000    4.048170
113    opls_145     0.409630    1.336840    4.042320
114    opls_905    10.119260    0.860140    5.732550
115    opls_700    -9.326270   25.095180    4.356430
116    opls_523     6.068520    0.974890    4.481940
117    opls_522     7.423480    0.885160    4.809900
118    opls_521    -6.534480   24.922040    5.086820
119    opls_522    -7.347310   23.760360    4.951040
120    opls_523    -8.681990   23.850850    4.564960
121    opls_142    -2.138170   19.960380    5.888600
122    opls_700    -0.953220   19.611070    6.481070
123    opls_423    -0.101860   20.580650    7.136570
124    opls_700    -0.472090   18.189800    6.503770
125    opls_145     0.910310   17.915060    6.512480
126    opls_700     5.225770   17.093590    5.775090
127    opls_523     6.032180   15.934940    5.774810
128    opls_522     7.421730   16.018350    5.641020
129    opls_521     8.106150   17.260910    5.545860
130    opls_522     7.281930   18.424110    5.511380
131    opls_523     5.893990   18.330340    5.599620
132    opls_142    12.461880   22.080520    4.074370
133    opls_700    13.769130   22.483420    4.180600
134    opls_423    14.817640   21.555040    4.549680
135    opls_700    14.178460   23.915810    4.048170
136    opls_145   -13.640120   24.252740    4.042320
137    opls_905    10.278320   16.082300    5.732550
138    opls_753   -11.282760   22.132590    1.315290
139    opls_753    10.429940   10.153330    4.131910
140    opls_900    10.236730   16.907560    1.909250
141    opls_753     1.067040    4.438450    1.315290
142    opls_753    15.178090    3.955930    4.131910
143    opls_900     9.425360    0.411490    1.909250
144    opls_753    10.215720   23.980770    1.315290
145    opls_753    18.171120   11.166640    4.131910
146    opls_900    24.117060    7.956850    1.909250
147    opls_753    24.808770    1.295140    4.884790
148    opls_753     3.578070   14.109260    0.562410
149    opls_900     9.524010   17.319050    5.478750
150    opls_753     3.310290    3.143310    4.884790
151    opls_753    -4.163110   15.122570    0.562410
152    opls_900    -4.356320    8.368350    5.478750
153    opls_753    15.660090   20.837460    4.884790
154    opls_753     0.585040   21.319970    0.562410
155    opls_900    -5.167690   24.864410    5.478750
156    opls_526    10.063370   21.356620    0.721610
157    opls_525     9.028140   19.272880    1.273030
158    opls_526    13.956650   19.488480    0.907580
159    opls_144    13.971390   11.921130    1.892410
160    opls_146    12.143020    7.980360    2.963470
161    opls_140    -3.348520    8.973450    2.622300
162    opls_526    13.450410    2.635770    2.269350
163    opls_525    12.143610    0.639230    2.031620
164    opls_526     9.861110    5.026870    2.000490
165    opls_144     3.516340    1.260760    0.251150
166    opls_146    15.337000   22.904010    0.500300
167    opls_140    -4.847520    9.836370    2.865170
168    opls_140    -4.129830    9.777230    1.247610
169    opls_526    -8.934010   23.312720    0.721610
170    opls_525    -6.611820   23.458060    1.273030
171    opls_526     5.330260    2.342570    0.907580
172    opls_144    11.876410    6.139010    1.892410
173    opls_146    16.203390    6.525990    2.963470
174    opls_140     8.496070   17.889270    2.622300
175    opls_526    20.178250   10.330510    2.269350
176    opls_525    22.560710   10.197060    2.031620
177    opls_526    19.902150    6.026530    2.000490
178    opls_144    26.336080    2.414860    0.251150
179    opls_146     1.682140    1.830230    0.500300
180    opls_140     8.498260   16.159640    2.865170
181    opls_140     8.190640   16.810750    1.247610
182    opls_526    -1.129360    5.882460    0.721610
183    opls_525    -2.416320    7.820870    1.273030
184    opls_526    24.492250    3.444850    0.907580
185    opls_144    17.931360    7.215770    1.892410
186    opls_146    15.432730   10.769560    2.963470
187    opls_140    -5.147550   23.689080    2.622300
188    opls_526    10.150490   12.309620    2.269350
189    opls_525     9.074830   14.439620    2.031620
190    opls_526    14.015890   14.222500    2.000490
191    opls_144    13.926730   21.600280    0.251150
192    opls_146    26.760010    0.541660    0.500300
193    opls_140    -3.650740   24.555790    2.865170
194    opls_140    -4.060810   23.963830    1.247610
195    opls_526    13.463690   19.393440    4.291110
196    opls_525    12.176730   17.455030    4.842530
197    opls_526     9.899200   21.831050    4.477080
198    opls_144     3.338310   18.060140    5.461910
199    opls_146     0.839680   14.506350    6.532970
200    opls_140     9.445500    1.586820    6.191800
201    opls_526    -4.442560   12.966290    5.838850
202    opls_525    -5.518220   10.836290    5.601120
203    opls_526    -0.577160   11.053410    5.569990
204    opls_144    -0.666320    3.675620    3.820650
205    opls_146    12.166960   24.734240    4.069800
206    opls_140    10.942310    0.720110    6.434670
207    opls_140    10.532240    1.312070    4.817110
208    opls_526    24.656420    3.919280    4.291110
209    opls_525    23.621190    6.003030    4.842530
210    opls_526    -0.636400    5.787420    4.477080
211    opls_144    -0.621660   13.354780    5.461910
212    opls_146    -2.450030   17.295540    6.532970
213    opls_140    11.244530   16.302450    6.191800
214    opls_526    -1.142640   22.640130    5.838850
215    opls_525    -2.449440   24.636680    5.601120
216    opls_526    -4.731940   20.249030    5.569990
217    opls_144   -11.076710   24.015140    3.820650
218    opls_146     0.743950    2.371890    4.069800
219    opls_140     9.745530   15.439530    6.434670
220    opls_140    10.463220   15.498680    4.817110
221    opls_526     5.659040    1.963180    4.291110
222    opls_525     7.981230    1.817840    4.842530
223    opls_526    -9.262790   22.933330    4.477080
224    opls_144    -2.716640   19.136890    5.461910
225    opls_146     1.610340   18.749920    6.532970
226    opls_140    23.089120    7.386630    6.191800
227    opls_526     5.585200   14.945390    5.838850
228    opls_525     7.967660   15.078850    5.601120
229    opls_526     5.309100   19.249370    5.569990
230    opls_144    11.743030   22.861040    3.820650
231    opls_146   -12.910910   23.445680    4.069800
232    opls_140    23.091310    9.116260    6.434670
233    opls_140    22.783690    8.465150    4.817110
234    opls_202    13.412910   16.919440    1.792960
235    opls_202     7.826980    3.156200    1.792960
236    opls_202    22.539260    5.200260    1.792960
237    opls_202     7.946210   20.075640    5.362460
238    opls_202    -1.180140    8.356470    5.362460
239    opls_202    -6.766070   22.119700    5.362460
