0      opls_145    10.716240   16.767190    1.199950
1      opls_145    10.714010   18.146430    1.147820
2      opls_916    11.740440   18.891000    1.752140
3      opls_145    12.779660   18.185230    2.381340
4      opls_145    12.792210   16.805180    2.417950
5      opls_145    11.745130   16.064270    1.844820
6      opls_145     7.588740    3.774870    1.849500
7      opls_145     8.844710    4.348580    1.820800
8      opls_700     9.089860    5.581750    2.442080
9      opls_145     8.023190    6.218850    3.090150
10     opls_145     6.766050    5.645140    3.120960
11     opls_700     6.524310    4.412170    2.501740
12     opls_700    10.448460    6.194680    2.424930
13     opls_145    11.590310    5.389970    2.423840
14     opls_142    12.427550   13.917300    2.546970
15     opls_145     3.579670    0.896940    1.199950
16     opls_145     2.386330    0.205390    1.147820
17     opls_916     1.228290    0.722020    1.752140
18     opls_145     1.319900    1.974890    2.381340
19     opls_145     2.508780    2.675790    2.417950
20     opls_145     3.673970    2.139450    1.844820
21     opls_145    16.395100    4.684610    1.849500
22     opls_145    15.270260    5.485450    1.820800
23     opls_700    14.079730    5.081170    2.442080
24     opls_145    14.061320    3.838860    3.090150
25     opls_145    15.186750    3.037000    3.120960
26     opls_700    16.375390    3.444130    2.501740
27     opls_700    12.869620    5.951290    2.424930
28     opls_145    12.995600    7.342520    2.423840
29     opls_142     5.192090    3.803920    2.546970
30     opls_145    20.891990    2.651610    1.199950
31     opls_145    22.087560    1.963920    1.147820
32     opls_916    22.219160    0.702720    1.752140
33     opls_145    21.088340    0.155620    2.381340
34     opls_145    19.886910    0.834770    2.417950
35     opls_145    19.768800    2.112020    1.844820
36     opls_145    11.204060   11.856270    1.849500
37     opls_145    11.072930   10.481700    1.820800
38     opls_700    12.018310    9.652820    2.442080
39     opls_145    13.103390   10.258030    3.090150
40     opls_145    13.235110   11.633610    3.120960
41     opls_700    12.288200   12.459440    2.501740
42     opls_700    11.869820    8.169770    2.424930
43     opls_145    10.602000    7.583260    2.423840
44     opls_142    17.568260    2.594520    2.546970
45     opls_750    18.604550    2.903530    1.829960
46     opls_750    11.641800   14.660250    1.829960
47     opls_750     4.941550    2.751970    1.829960
48     opls_239    23.458600    0.000000    1.726870
49     opls_146     9.907740   16.208710    0.720400
50     opls_146     9.903870   18.647620    0.614650
51     opls_146    13.594260   18.721360    2.871770
52     opls_146    13.626630   16.312320    2.924090
53     opls_146     7.413970    2.817180    1.349130
54     opls_146     9.643240    3.837440    1.273800
55     opls_146     8.180480    7.165360    3.616730
56     opls_146     5.955550    6.157500    3.650810
57     opls_146    11.480520    4.301450    2.425830
58     opls_144    13.222560   14.321180    3.223230
59     opls_146     4.467570    0.476000    0.720400
60     opls_146     2.357350   -0.746810    0.614650
61     opls_146     0.448290    2.412290    2.871770
62     opls_146     2.518400    3.644850    2.924090
63     opls_146    17.311860    5.012100    1.349130
64     opls_146    15.313660    6.432570    1.273800
65     opls_146    13.162970    3.501820    3.616730
66     opls_146    15.148270    2.078910    3.650810
67     opls_146    13.993170    7.791700    2.425830
68     opls_144     4.444820    4.290480    3.223230
69     opls_146    20.812590    3.631030    0.720400
70     opls_146    22.926680    2.414930    0.614650
71     opls_146    21.145350   -0.817910    2.871770
72     opls_146    19.042870    0.358570    2.924090
73     opls_146    10.462070   12.486460    1.349130
74     opls_146    10.231000   10.045730    1.273800
75     opls_146    13.844440    9.648560    3.616730
76     opls_146    14.084070   12.079330    3.650810
77     opls_146     9.714210    8.222590    2.425830
78     opls_144    17.520520    1.704080    3.223230
