0      opls_281    14.106440    5.604050    0.000000
1      opls_281    -2.484410   14.506920    0.000000
2      opls_281    11.408230    9.414510    0.000000
3      opls_281     0.336200   10.786100    0.000000
4      opls_281     9.457370    5.172560    0.000000
5      opls_281     2.148220   15.089230    0.000000
6      opls_238    11.032400    2.826150    0.000000
7      opls_262     7.764490    1.217520    0.000000
8      opls_238     0.504410   17.377490    0.000000
9      opls_238    15.350980    8.141260    0.000000
10     opls_262    18.378050    6.115490    0.000000
11     opls_238    -3.644200   11.939210    0.000000
12     opls_238     8.588670    9.223710    0.000000
13     opls_262     8.829510   12.858110    0.000000
14     opls_238     3.139790   11.065540    0.000000
15     opls_280    13.005990    6.122150    0.000000
16     opls_700    11.808080    5.226470    0.000000
17     opls_142    12.032370    3.872860    0.000000
18     opls_916    11.317420    1.400460    0.000000
19     opls_145    12.636330    0.898910    0.000000
20     opls_700    10.253690    0.462170    0.000000
21     opls_261     8.871940    0.881950    0.000000
22     opls_280    -1.367290   14.024960    0.000000
23     opls_700    -0.198760   14.958190    0.000000
24     opls_142    -0.464430   16.303120    0.000000
25     opls_916     0.178010   18.788040    0.000000
26     opls_145    -1.143000   19.275460    0.000000
27     opls_145     1.226470   19.717640    0.000000
28     opls_280    11.509770    8.202440    0.000000
29     opls_700    12.884400    7.612860    0.000000
30     opls_142    13.944520    8.483910    0.000000
31     opls_916    16.443160    9.100950    0.000000
32     opls_145    16.218060   10.493930    0.000000
33     opls_700    17.787600    8.648870    0.000000
34     opls_261    18.114940    7.242350    0.000000
35     opls_280     0.195030   11.994540    0.000000
36     opls_700    -1.197440   12.539900    0.000000
37     opls_142    -2.229350   11.637360    0.000000
38     opls_916    -4.702570   10.951260    0.000000
39     opls_145    -4.464180    9.563530    0.000000
40     opls_145    -6.031860   11.394460    0.000000
41     opls_280    10.456290    5.866530    0.000000
42     opls_700    10.279570    7.351790    0.000000
43     opls_142     8.995160    7.834360    0.000000
44     opls_916     7.211470    9.689720    0.000000
45     opls_145     6.117660    8.798280    0.000000
46     opls_700     6.930760   11.080080    0.000000
47     opls_261     7.985170   12.066820    0.000000
48     opls_280     1.172260   14.362750    0.000000
49     opls_700     1.396200   12.884160    0.000000
50     opls_142     2.693780   12.441770    0.000000
51     opls_916     4.524570   10.642940    0.000000
52     opls_145     5.607190   11.543260    0.000000
53     opls_145     4.805390    9.270150    0.000000
54     opls_146    13.502130    1.536750    0.000000
55     opls_144    13.057280    3.555860    0.000000
56     opls_910    10.029870    3.070460    0.000000
57     opls_146     2.254300   19.376610    0.000000
58     opls_146    -1.990840   18.610970    0.000000
59     opls_144    -1.498670   16.591850    0.000000
60     opls_910     1.521630   17.183650    0.000000
61     opls_146    15.232780   10.924810    0.000000
62     opls_144    13.706600    9.530010    0.000000
63     opls_910    15.640670    7.150890    0.000000
64     opls_146    -6.250440   12.455100    0.000000
65     opls_146    -3.464800    9.161520    0.000000
66     opls_144    -1.962280   10.597310    0.000000
67     opls_910    -3.984950   12.917070    0.000000
68     opls_146     6.237150    7.729570    0.000000
69     opls_144     8.208170    7.105260    0.000000
70     opls_910     9.301520    9.969770    0.000000
71     opls_146     3.996140    8.550540    0.000000
72     opls_146     5.455640   12.609760    0.000000
73     opls_144     3.460950   13.193080    0.000000
74     opls_910     2.463310   10.281520    0.000000
