0      opls_520    16.407290    9.456530    0.000000
1      opls_573    18.711640    2.475860    0.000000
2      opls_520    18.736760    9.480870    0.000000
3      opls_573    23.630020   14.966830    0.000000
4      opls_520    17.550950   11.486080    0.000000
5      opls_573    10.353340   12.980780    0.000000
6      opls_520     1.157710   20.966940    0.000000
7      opls_573    -1.146640   27.947610    0.000000
8      opls_520    -1.171760   20.942610    0.000000
9      opls_573    -6.065020   15.456650    0.000000
10     opls_520     0.014050   18.937390    0.000000
11     opls_573     7.211660   17.442690    0.000000
12     opls_531    17.579400    8.796030    0.000000
13     opls_700    17.594510    7.355790    0.000000
14     opls_523    16.384110    6.652700    0.000000
15     opls_145    16.396580    5.276040    0.000000
16     opls_700    17.617520    4.599120    0.000000
17     opls_145    18.829330    5.296120    0.000000
18     opls_523    18.817740    6.674300    0.000000
19     opls_572    17.610670    3.165260    0.000000
20     opls_575    16.873640    1.164000    0.000000
21     opls_507    18.246520    1.164000    0.000000
22     opls_145    -1.438400   30.420130    0.000000
23     opls_531    18.722710   10.826190    0.000000
24     opls_700    19.962450   11.559400    0.000000
25     opls_523    21.176540   10.862700    0.000000
26     opls_145    22.362530   11.561830    0.000000
27     opls_700    22.338290   12.957660    0.000000
28     opls_145    21.128760   13.658620    0.000000
29     opls_523    19.941020   12.959490    0.000000
30     opls_572    23.583470   13.668660    0.000000
31     opls_575    25.685120   14.031000    0.000000
32     opls_507    24.998680   15.219950    0.000000
33     opls_145    -8.060400   13.967720    0.000000
34     opls_531    16.392890   10.801250    0.000000
35     opls_700    15.138040   11.508290    0.000000
36     opls_523    15.134360   12.908070    0.000000
37     opls_145    13.935900   13.585600    0.000000
38     opls_700    12.739190   12.866690    0.000000
39     opls_145    12.736910   11.468740    0.000000
40     opls_523    13.936250   10.789680    0.000000
41     opls_572    11.500860   13.589560    0.000000
42     opls_575    10.136230   15.228470    0.000000
43     opls_507     9.449790   14.039520    0.000000
44     opls_145     9.498800   16.459100    0.000000
45     opls_531    -0.014400   21.627440    0.000000
46     opls_700    -0.029510   23.067690    0.000000
47     opls_523     1.180890   23.770770    0.000000
48     opls_145     1.168420   25.147430    0.000000
49     opls_700    -0.052520   25.824360    0.000000
50     opls_145    -1.264330   25.127350    0.000000
51     opls_523    -1.252740   23.749170    0.000000
52     opls_572    -0.045670   27.258210    0.000000
53     opls_575     0.691360   29.259470    0.000000
54     opls_507    -0.681520   29.259470    0.000000
55     opls_145    19.003400    0.003350    0.000000
56     opls_531    -1.157710   19.597280    0.000000
57     opls_700    -2.397450   18.864070    0.000000
58     opls_523    -3.611540   19.560770    0.000000
59     opls_145    -4.797530   18.861640    0.000000
60     opls_700    -4.773290   17.465810    0.000000
61     opls_145    -3.563760   16.764850    0.000000
62     opls_523    -2.376020   17.463990    0.000000
63     opls_572    -6.018470   16.754810    0.000000
64     opls_575    -8.120120   16.392470    0.000000
65     opls_507    -7.433680   15.203520    0.000000
66     opls_145    25.625400   16.455750    0.000000
67     opls_531     1.172110   19.622230    0.000000
68     opls_700     2.426960   18.915190    0.000000
69     opls_523     2.430640   17.515400    0.000000
70     opls_145     3.629100   16.837870    0.000000
71     opls_700     4.825810   17.556780    0.000000
72     opls_145     4.828090   18.954740    0.000000
73     opls_523     3.628750   19.633790    0.000000
74     opls_572     6.064140   16.833920    0.000000
75     opls_575     7.428770   15.195000    0.000000
76     opls_507     8.115210   16.383950    0.000000
77     opls_145     8.066200   13.964370    0.000000
78     opls_180    16.403950    2.446660    0.000000
79     opls_180    24.809160   12.982910    0.000000
80     opls_180    11.481890   14.993900    0.000000
81     opls_180     1.161050   27.976820    0.000000
82     opls_180    -7.244160   17.440560    0.000000
83     opls_180     6.083110   15.429570    0.000000
84     opls_526    15.395370    7.220100    0.000000
85     opls_146    15.414520    4.697080    0.000000
86     opls_146    19.815600    4.724460    0.000000
87     opls_526    19.796280    7.259340    0.000000
88     opls_146    -2.577140   30.472150    0.000000
89     opls_526    21.179530    9.722730    0.000000
90     opls_146    23.354950   11.000820    0.000000
91     opls_146    21.130690   14.798590    0.000000
92     opls_526    18.945080   13.514410    0.000000
93     opls_146    -7.536090   12.955530    0.000000
94     opls_526    16.120100   13.480640    0.000000
95     opls_146    13.925530   14.725570    0.000000
96     opls_146    11.748700   10.900430    0.000000
97     opls_526    13.953640    9.649720    0.000000
98     opls_146    10.113220   17.419260    0.000000
99     opls_526     2.169630   23.203370    0.000000
100    opls_146     2.150480   25.726390    0.000000
101    opls_146    -2.250600   25.699010    0.000000
102    opls_526    -2.231280   23.164130    0.000000
103    opls_146    20.142140   -0.048680    0.000000
104    opls_526    -3.614530   20.700740    0.000000
105    opls_146    -5.789950   19.422650    0.000000
106    opls_146    -3.565690   15.624890    0.000000
107    opls_526    -1.380080   16.909060    0.000000
108    opls_146    25.101090   17.467940    0.000000
109    opls_526     1.444900   16.942830    0.000000
110    opls_146     3.639470   15.697900    0.000000
111    opls_146     5.816300   19.523050    0.000000
112    opls_526     3.611360   20.773760    0.000000
113    opls_146     7.451780   13.004210    0.000000
