0      opls_700     1.018360    0.628670    3.751480
1      opls_700    22.394510    1.378440    0.029810
2      opls_700    21.275460    0.523190    0.061210
3      opls_700    32.794720   18.662720    0.000720
4      opls_700    11.419530   17.930140    3.741650
5      opls_700    12.556710   18.774300    3.728610
6      opls_142     2.145910    1.571410    3.594580
7      opls_142    19.906920    1.048620    0.216670
8      opls_142    11.637610   16.483360    3.603110
9      opls_145    18.073250    2.402770    3.587100
10     opls_145    17.968790    3.803850    3.590750
11     opls_700    16.891560    1.632390    3.736610
12     opls_700    16.771450    4.490740    3.780150
13     opls_145    15.810590    2.511900    0.142340
14     opls_145    15.706850    3.912290    0.155720
15     opls_145     4.439890    2.542800    0.226530
16     opls_145     5.703430    1.930780    0.228730
17     opls_700     4.361800    3.946400    0.046080
18     opls_700     6.897740    2.616070    0.023210
19     opls_145     5.443380    4.440290    3.638570
20     opls_145     6.708520    3.828300    3.632580
21     opls_145    11.276080   14.426120    0.227100
22     opls_145    10.116430   13.637960    0.165130
23     opls_700    12.540090   13.798880    0.090570
24     opls_700    10.015120   12.071920    3.724400
25     opls_145    12.438170   12.233330    3.647790
26     opls_145    11.278540   11.445210    3.581230
27     opls_148    31.459300   17.596770    3.679420
28     opls_148    22.248880    2.872230    0.154850
29     opls_148    13.921990   18.142410    3.683440
30     opls_700    11.351250    4.927290    3.781210
31     opls_142    13.848140    5.250190    3.565110
32     opls_700    12.335190    7.178650    3.762740
33     opls_700    11.156580    7.926890    0.017370
34     opls_142    10.934600    9.373950    0.173510
35     opls_142     9.035660    4.762350    0.180260
36     opls_700    10.169330    5.695440    0.020970
37     opls_700    10.009100    7.096050    0.014490
38     opls_700    12.480030    5.769760    3.732100
39     opls_148     8.061920    1.631020    3.763540
40     opls_148    16.920040    6.187300    0.044870
41     opls_148     8.700970   11.348230    3.597380
42     opls_148     3.073820    4.724870    0.090950
43     opls_148    16.851420    0.130320    3.647560
44     opls_148    13.853910   14.524720    0.217540
45     opls_148    13.688750    8.222200    0.047860
46     opls_148    11.475960    3.428210    3.710210
47     opls_148     8.651530    7.748920    0.008270
48     opls_144     1.995040    2.342630    2.821460
49     opls_144    19.279930    0.515430    0.947730
50     opls_144    12.399540   16.186950    2.867760
51     opls_702    31.080430   17.288500    4.664650
52     opls_702    30.652840   18.128350    3.160700
53     opls_702    31.683860   16.675570    3.132340
54     opls_702    23.090830    3.297770    0.714300
55     opls_702    22.223390    3.360520   -0.830730
56     opls_702    21.314360    3.141250    0.656230
57     opls_702    14.079920   17.508070    4.566650
58     opls_702    14.030020   17.485100    2.808560
59     opls_702    14.716740   18.889590    3.671340
60     opls_144    10.172530    9.649160    0.918340
61     opls_144     9.224890    3.946070    0.894180
62     opls_144    14.458150    5.791020    2.826080
63     opls_702     7.842600    0.575230    3.557260
64     opls_702     8.740480    2.000960    2.983740
65     opls_702     8.622000    1.667390    4.708530
66     opls_702    16.211640    6.583570    0.784040
67     opls_702    17.927130    6.532590    0.314630
68     opls_702    16.663290    6.653070   -0.916900
69     opls_702     8.363980   10.915550    4.550230
70     opls_702     7.919470   12.043260    3.261850
71     opls_702     8.759120   10.520580    2.878500
72     opls_702     2.357390    4.285060    0.795870
73     opls_702     3.265740    5.761950    0.396250
74     opls_702     2.572190    4.761500   -0.886820
75     opls_702    15.858790   -0.201410    3.314830
76     opls_702    17.596760   -0.253230    2.938840
77     opls_702    17.051490   -0.357680    4.612160
78     opls_702    14.628600   13.838960    0.586070
79     opls_702    14.206360   14.927310   -0.743200
80     opls_702    13.785950   15.375060    0.909050
81     opls_702    14.421500    7.771640    0.729850
82     opls_702    13.460200    9.236890    0.382220
83     opls_702    14.176780    8.317270   -0.933770
84     opls_702     8.454010    8.270160    0.957060
85     opls_702     8.600470    8.511340   -0.780140
86     opls_702    11.282350    2.963150    4.688740
87     opls_702    10.744530    3.010250    3.005470
88     opls_702     7.858390    7.021420   -0.170550
89     opls_702    12.482340    3.122690    3.415380
90     opls_146     5.729140    0.850500    0.384800
91     opls_146    14.887070    1.946610    0.282660
92     opls_146    13.394170   11.720140    3.524450
93     opls_146     5.416940    5.520880    3.484060
94     opls_146    18.892830    4.368870    3.451940
95     opls_146     9.160880   14.152310    0.284900
96     opls_750    19.366090    1.896120    3.385300
97     opls_750    11.065910   15.795740    0.449690
98     opls_750     3.361010    1.675330    0.455910
99     opls_750     7.782800    4.696790    3.390840
100    opls_750    14.415760    4.409940    0.388510
101    opls_750    11.492600   10.079150    3.338580
