0      opls_700     1.316410   19.623760    5.531010
1      opls_145     0.175390   20.460450    5.540480
2      opls_700     2.618950   20.177270    5.465340
3      opls_145     3.566580   19.681260    4.537220
4      opls_145     4.845010   20.255930    4.425340
5      opls_145     5.217090   21.352930    5.236480
6      opls_145     4.284980   21.839210    6.176380
7      opls_145     3.007880   21.258240    6.293760
8      opls_142     7.521590   21.710490    4.444420
9      opls_700    15.349210   27.792160    3.472510
10     opls_700    16.638200   27.185450    3.405820
11     opls_700   -13.975320   27.401700    9.704830
12     opls_145   -13.321820   26.484340    8.853380
13     opls_145   -12.262550   25.689130    9.333630
14     opls_145   -11.825070   25.799260   10.675840
15     opls_145   -12.354050   26.856780   11.452670
16     opls_145   -13.430490   27.625680   10.988290
17     opls_136   -11.812850   23.930790   12.615420
18     opls_136   -11.094940   23.076370    0.895620
19     opls_136   -12.123830   22.379550    1.831300
20     opls_136   -11.479580   21.681310    3.058050
21     opls_136    20.568610   20.818300    3.903490
22     opls_136    19.309010   21.538280    4.467580
23     opls_142    19.588770   22.706510    5.284220
24     opls_143   -12.931250   22.633280    6.518780
25     opls_135    -9.454840   25.440550   12.072960
26     opls_135   -10.279100   23.471110   10.328700
27     opls_700     2.326960    1.610450    9.195520
28     opls_145     2.943300    1.734020    7.933180
29     opls_145     4.035440    2.602750    7.753860
30     opls_700     4.558310    3.355060    8.834300
31     opls_145     3.953360    3.186000   10.104580
32     opls_145     2.851980    2.333300   10.285310
33     opls_700     5.643670    4.250960    8.661380
34     opls_145     6.748360    3.926300    7.836420
35     opls_145     7.846610    4.796460    7.710080
36     opls_700     7.882110    6.028470    8.405120
37     opls_145     6.762560    6.375440    9.196420
38     opls_145     5.664650    5.506430    9.318270
39     opls_700    -1.137880   19.932980    5.531010
40     opls_145    -1.291970   18.526480    5.540480
41     opls_700    -2.268500   20.784260    5.465340
42     opls_145    -2.312760   21.852940    4.537220
43     opls_145    -3.449650   22.672750    4.425340
44     opls_145    -4.585720   22.446490    5.236480
45     opls_145    -4.540800   21.396120    6.176380
46     opls_145    -3.399120   20.580600    6.293760
47     opls_142    -6.047630   24.263470    4.444420
48     opls_700   -15.228320   28.001540    3.472510
49     opls_700     1.167610    0.816380    3.405820
50     opls_700    -0.227910    2.800980    9.704830
51     opls_145     0.239800    3.825610    8.853380
52     opls_145     0.398840    5.140570    9.333630
53     opls_145     0.084720    5.464380   10.675840
54     opls_145    -0.566630    4.477510   11.452670
55     opls_145    -0.694290    3.160830   10.988290
56     opls_136     1.696750    6.409200   12.615420
57     opls_136     2.077750    7.458130    0.895620
58     opls_136     3.195650    6.915500    1.831300
59     opls_136     3.478220    7.822560    3.058050
60     opls_136     4.716520    7.403790    3.903490
61     opls_136     4.722790    5.952950    4.467580
62     opls_142     3.571200    5.611120    5.284220
63     opls_143     3.379630    6.089390    6.518780
64     opls_135    -0.789750    7.696410   12.072960
65     opls_135     1.327970    7.967300   10.328700
66     opls_700    30.471830    1.209980    9.195520
67     opls_145    30.056640    1.681960    7.933180
68     opls_145    28.758230    2.193420    7.753860
69     opls_700    27.845280    2.270080    8.834300
70     opls_145    28.294160    1.830710   10.104580
71     opls_145    29.583320    1.303240   10.285310
72     opls_700    26.526720    2.762080    8.661380
73     opls_145    26.255550    3.881100    7.836420
74     opls_145    24.952840    4.397130    7.710080
75     opls_700    23.868140    3.811880    8.405120
76     opls_145    24.127420    2.668830    9.196420
77     opls_145    25.428970    2.152510    9.318270
78     opls_700    -0.178530   17.652890    5.531010
79     opls_145     1.116580   18.222700    5.540480
80     opls_700    -0.350450   16.248110    5.465340
81     opls_145    -1.253820   15.675440    4.537220
82     opls_145    -1.395350   14.280960    4.425340
83     opls_145    -0.631370   13.410230    5.236480
84     opls_145     0.255820   13.974310    6.176380
85     opls_145     0.391240   15.370800    6.293760
86     opls_142    -1.473960   11.235690    4.444420
87     opls_700    -0.120890    1.415940    3.472510
88     opls_700    31.739190    0.602990    3.405820
89     opls_700    14.203230   27.006950    9.704830
90     opls_145    13.082030   26.899690    8.853380
91     opls_145    11.863720   26.379940    9.333630
92     opls_145    11.740350   25.946000   10.675840
93     opls_145    12.920680   25.875350   11.452670
94     opls_145    14.124780   26.423130   10.988290
95     opls_136    10.116100   26.869650   12.615420
96     opls_136     9.017190   26.675140    0.895620
97     opls_136     8.928170   27.914580    1.831300
98     opls_136     8.001350   27.705770    3.058050
99     opls_136    24.259870    0.382730    3.903490
100    opls_136    25.513200    1.113590    4.467580
101    opls_142    26.385020    0.287190    5.284220
102    opls_143     9.551620   28.486970    6.518780
103    opls_135    10.244580   24.072670   12.072960
104    opls_135     8.951130   25.771230   10.328700
105    opls_700    16.746210   25.784380    9.195520
106    opls_145    16.545060   25.188830    7.933180
107    opls_145    16.751330   23.808650    7.753860
108    opls_700    17.141410   22.979680    8.834300
109    opls_145    17.297480   23.588110   10.104580
110    opls_145    17.109710   24.968290   10.285310
111    opls_700    17.374610   21.591780    8.661380
112    opls_145    16.541090   20.797420    7.836420
113    opls_145    16.745550   19.411230    7.710080
114    opls_700    17.794750   18.764480    8.405120
115    opls_145    18.655010   19.560550    9.196420
116    opls_145    18.451380   20.945880    9.318270
117    opls_700    15.198590    8.981060    7.268990
118    opls_145    16.339610    8.144360    7.259520
119    opls_700    13.896050    8.427550    7.334660
120    opls_145    12.948420    8.923560    8.262780
121    opls_145    11.669990    8.348890    8.374660
122    opls_145    11.297910    7.251890    7.563520
123    opls_145    12.230020    6.765610    6.623620
124    opls_145    13.507120    7.346580    6.506240
125    opls_142     8.993410    6.894330    8.355580
126    opls_700     1.165790    0.812660    9.327490
127    opls_700    -0.123200    1.419370    9.394180
128    opls_700    30.490320    1.203120    3.095170
129    opls_145    29.836820    2.120480    3.946620
130    opls_145    28.777550    2.915690    3.466370
131    opls_145    28.340070    2.805560    2.124160
132    opls_145    28.869050    1.748040    1.347330
133    opls_145    29.945490    0.979140    1.811710
134    opls_136    28.327850    4.674030    0.184580
135    opls_136    27.609940    5.528450   11.904380
136    opls_136    28.638830    6.225270   10.968700
137    opls_136    27.994580    6.923510    9.741950
138    opls_136    -4.053610    7.786520    8.896510
139    opls_136    -2.794010    7.066530    8.332420
140    opls_142    -3.073770    5.898310    7.515780
141    opls_143    29.446250    5.971540    6.281220
142    opls_135    25.969840    3.164270    0.727040
143    opls_135    26.794100    5.133710    2.471300
144    opls_700    14.188040   26.994370    3.604480
145    opls_145    13.571700   26.870790    4.866820
146    opls_145    12.479560   26.002070    5.046140
147    opls_700    11.956690   25.249760    3.965700
148    opls_145    12.561640   25.418810    2.695420
149    opls_145    13.663020   26.271520    2.514690
150    opls_700    10.871330   24.353860    4.138620
151    opls_145     9.766640   24.678520    4.963580
152    opls_145     8.668390   23.808360    5.089920
153    opls_700     8.632890   22.576350    4.394880
154    opls_145     9.752440   22.229380    3.603580
155    opls_145    10.850360   23.098390    3.481730
156    opls_700    17.652880    8.671840    7.268990
157    opls_145    17.806970   10.078340    7.259520
158    opls_700    18.783500    7.820560    7.334660
159    opls_145    18.827760    6.751880    8.262780
160    opls_145    19.964650    5.932070    8.374660
161    opls_145    21.100720    6.158330    7.563520
162    opls_145    21.055800    7.208700    6.623620
163    opls_145    19.914120    8.024220    6.506240
164    opls_142    22.562630    4.341350    8.355580
165    opls_700    31.743320    0.603280    9.327490
166    opls_700    15.347390   27.788440    9.394180
167    opls_700    16.742910   25.803840    3.095170
168    opls_145    16.275200   24.779210    3.946620
169    opls_145    16.116160   23.464250    3.466370
170    opls_145    16.430280   23.140440    2.124160
171    opls_145    17.081630   24.127310    1.347330
172    opls_145    17.209290   25.443990    1.811710
173    opls_136    14.818250   22.195620    0.184580
174    opls_136    14.437250   21.146680   11.904380
175    opls_136    13.319350   21.689320   10.968700
176    opls_136    13.036780   20.782260    9.741950
177    opls_136    11.798480   21.201030    8.896510
178    opls_136    11.792210   22.651870    8.332420
179    opls_142    12.943800   22.993700    7.515780
180    opls_143    13.135370   22.515430    6.281220
181    opls_135    17.304750   20.908410    0.727040
182    opls_135    15.187030   20.637520    2.471300
183    opls_700   -13.956830   27.394840    3.604480
184    opls_145   -13.541640   26.922860    4.866820
185    opls_145   -12.243230   26.411400    5.046140
186    opls_700   -11.330280   26.334740    3.965700
187    opls_145   -11.779160   26.774110    2.695420
188    opls_145   -13.068320   27.301580    2.514690
189    opls_700   -10.011720   25.842740    4.138620
190    opls_145    -9.740550   24.723720    4.963580
191    opls_145    -8.437840   24.207690    5.089920
192    opls_700    -7.353140   24.792940    4.394880
193    opls_145    -7.612420   25.935990    3.603580
194    opls_145    -8.913970   26.452310    3.481730
195    opls_700    16.693530   10.951930    7.268990
196    opls_145    15.398420   10.382120    7.259520
197    opls_700    16.865450   12.356710    7.334660
198    opls_145    17.768820   12.929380    8.262780
199    opls_145    17.910350   14.323860    8.374660
200    opls_145    17.146370   15.194590    7.563520
201    opls_145    16.259180   14.630510    6.623620
202    opls_145    16.123760   13.234020    6.506240
203    opls_142    17.988960   17.369130    8.355580
204    opls_700    16.635890   27.188880    9.327490
205    opls_700   -15.224190   28.001830    9.394180
206    opls_700     2.311770    1.597870    3.095170
207    opls_145     3.432970    1.705130    3.946620
208    opls_145     4.651280    2.224880    3.466370
209    opls_145     4.774650    2.658820    2.124160
210    opls_145     3.594320    2.729470    1.347330
211    opls_145     2.390220    2.181690    1.811710
212    opls_136     6.398900    1.735170    0.184580
213    opls_136     7.497810    1.929680   11.904380
214    opls_136     7.586830    0.690230   10.968700
215    opls_136     8.513650    0.899050    9.741950
216    opls_136    -7.744870   28.222090    8.896510
217    opls_136    -8.998200   27.491230    8.332420
218    opls_142    -9.870020   28.317630    7.515780
219    opls_143     6.963380    0.117850    6.281220
220    opls_135     6.270420    4.532150    0.727040
221    opls_135     7.563870    2.833590    2.471300
222    opls_700    -0.231210    2.820440    3.604480
223    opls_145    -0.030060    3.415990    4.866820
224    opls_145    -0.236330    4.796170    5.046140
225    opls_700    -0.626410    5.625140    3.965700
226    opls_145    -0.782480    5.016710    2.695420
227    opls_145    -0.594710    3.636530    2.514690
228    opls_700    -0.859610    7.013040    4.138620
229    opls_145    -0.026090    7.807400    4.963580
230    opls_145    -0.230550    9.193590    5.089920
231    opls_700    -1.279750    9.840340    4.394880
232    opls_145    -2.140010    9.044270    3.603580
233    opls_145    -1.936380    7.658940    3.481730
234    opls_750     6.405180   22.002250    5.152510
235    opls_750    -5.742100   23.150740    5.152510
236    opls_750    -0.663080   12.056650    5.152510
237    opls_750    10.109820    6.602560    7.647490
238    opls_750    22.257100    5.454080    7.647490
239    opls_750    17.178080   16.548170    7.647490
240    opls_146     0.302720   21.476780    5.536260
241    opls_146     3.329090   18.904350    3.914370
242    opls_146     2.361810   21.636400    6.991870
243    opls_144     7.555940   20.840330    3.908220
244    opls_146     5.488100   19.871480    3.732100
245    opls_146     4.528410   22.627560    6.782590
246    opls_146   -13.653280   26.345610    7.899780
247    opls_146   -11.851990   25.005470    8.697340
248    opls_146   -12.005080   27.051580   12.391550
249    opls_146   -13.843700   28.315620   11.621760
250    opls_140   -12.546610   23.307490   12.097790
251    opls_140   -12.369570   24.706840   13.143680
252    opls_140   -10.473980   22.312040    0.420990
253    opls_140   -10.449040   23.723120    1.496190
254    opls_140   -12.674600   21.637260    1.248380
255    opls_140   -12.835950   23.126710    2.192770
256    opls_140   -10.676120   21.027120    2.708480
257    opls_140   -11.026900   22.437910    3.700610
258    opls_140    20.228890   19.981610    3.286660
259    opls_140    21.128130   20.388660    4.738940
260    opls_140    18.729170   20.821730    5.056900
261    opls_140    18.671690   21.837200    3.634690
262    opls_144    19.402980   23.606700    4.903420
263    opls_144   -12.758170   23.461100    7.034110
264    opls_144   -12.720510   21.759110    6.938110
265    opls_140    -8.824960   24.703120   12.570750
266    opls_140    -9.741540   26.200870   12.795900
267    opls_140    -8.875330   25.908810   11.278590
268    opls_140    -9.633860   22.768290   10.855940
269    opls_140   -11.123510   22.922760    9.908350
270    opls_140    -9.708510   23.927930    9.519100
271    opls_146     2.583280    1.208270    7.133570
272    opls_146     4.434440    2.691430    6.817280
273    opls_146     4.309090    3.687160   10.918140
274    opls_146     2.425560    2.252630   11.210880
275    opls_146     6.777260    3.039260    7.329020
276    opls_146     8.626450    4.509840    7.112320
277    opls_146     6.736140    7.265620    9.702140
278    opls_146     4.875230    5.807920    9.895680
279    opls_146    -2.235800   18.128590    5.536260
280    opls_146    -1.521200   22.035720    3.914370
281    opls_146    -3.403580   19.832010    6.991870
282    opls_144    -5.311220   24.728290    3.908220
283    opls_146    -3.438260   23.421910    3.732100
284    opls_146    -5.345240   21.212760    6.782590
285    opls_146     0.525670    3.607930    7.899780
286    opls_146     0.785620    5.837960    8.697340
287    opls_146    -0.909810    4.682320   12.391550
288    opls_146    -1.085200    2.458010   11.621760
289    opls_140     2.603420    6.085390   12.097790
290    opls_140     1.303030    5.539040   13.143680
291    opls_140     2.429190    8.378070    0.420990
292    opls_140     1.194700    7.694120    1.496190
293    opls_140     4.113890    6.809660    1.248380
294    opls_140     2.904660    5.925200    2.192770
295    opls_140     3.643040    8.845470    2.708480
296    opls_140     2.596650    7.836290    3.700610
297    opls_140     5.610970    7.527930    3.286660
298    opls_140     4.808840    8.103170    4.738940
299    opls_140     5.633270    5.809070    5.056900
300    opls_140     4.782580    5.251560    3.634690
301    opls_144     2.884510    5.000120    4.903420
302    opls_144     2.576170    5.825370    7.034110
303    opls_144     4.031310    6.708970    6.938110
304    opls_140    -0.466050    8.610620   12.570750
305    opls_140    -1.304850    7.067960   12.795900
306    opls_140    -1.485030    7.964150   11.278590
307    opls_140     1.614010    8.877510   10.855940
308    opls_140     2.225070    7.510200    9.908350
309    opls_140     0.647060    8.233040    9.519100
310    opls_146    30.691970    1.633050    7.133570
311    opls_146    28.481930    2.494630    6.817280
312    opls_146    27.682280    1.888200   10.918140
313    opls_146    29.866390    0.974280   11.210880
314    opls_146    27.009290    4.349650    7.329020
315    opls_146    24.811150    5.215800    7.112320
316    opls_146    23.369720    2.200850    9.702140
317    opls_146    25.562580    1.318110    9.895680
318    opls_146     1.933080   17.604260    5.536260
319    opls_146    -1.807900   16.269560    3.914370
320    opls_146     1.041770   15.741230    6.991870
321    opls_144    -2.244720   11.641020    3.908220
322    opls_146    -2.049840   13.916240    3.732100
323    opls_146     0.816830   13.369320    6.782590
324    opls_146    13.127610   27.256100    7.899780
325    opls_146    11.066370   26.366210    8.697340
326    opls_146    12.914900   25.475740   12.391550
327    opls_146    14.928900   26.436000   11.621760
328    opls_140     9.943190   27.816760   12.097790
329    opls_140    11.066540   26.963760   13.143680
330    opls_140     8.044790   26.519530    0.420990
331    opls_140     9.254350   25.792390    1.496190
332    opls_140     8.560720   28.762720    1.248380
333    opls_140     9.931300   28.157730    2.192770
334    opls_140     7.033080   27.337050    2.708480
335    opls_140     8.430250   26.935440    3.700610
336    opls_140    23.705140    1.095280    3.286660
337    opls_140    23.608030    0.112990    4.738940
338    opls_140    25.182570    1.974020    5.056900
339    opls_140    26.090730    1.516060    3.634690
340    opls_144    27.257510   -0.002000    4.903420
341    opls_144    10.181990   27.923170    7.034110
342    opls_144     8.689200   28.741550    6.938110
343    opls_140     9.291010   23.895890   12.570750
344    opls_140    11.046390   23.940800   12.795900
345    opls_140    10.360350   23.336670   11.278590
346    opls_140     8.019850   25.563840   10.855940
347    opls_140     8.898450   26.776690    9.908350
348    opls_140     9.061450   25.048670    9.519100
349    opls_146    16.269750   25.763500    7.133570
350    opls_146    16.628620   23.418770    6.817280
351    opls_146    17.553630   23.029450   10.918140
352    opls_146    17.253060   25.377910   11.210880
353    opls_146    15.758450   21.215910    7.329020
354    opls_146    16.107410   18.879180    7.112320
355    opls_146    19.439150   19.138340    9.702140
356    opls_146    19.107190   21.478790    9.895680
357    opls_146    16.212280    7.128030    7.263740
358    opls_146    13.185910    9.700470    8.885630
359    opls_146    14.153190    6.968420    5.808130
360    opls_144     8.959060    7.764490    8.891780
361    opls_146    11.026900    8.733340    9.067900
362    opls_146    11.986590    5.977260    6.017410
363    opls_146    30.168280    2.259210    4.900220
364    opls_146    28.366990    3.599340    4.102660
365    opls_146    28.520080    1.553240    0.408450
366    opls_146    30.358700    0.289190    1.178240
367    opls_140    29.061610    5.297330    0.702210
368    opls_140    28.884570    3.897980   -0.343680
369    opls_140    26.988980    6.292770   12.379010
370    opls_140    26.964040    4.881700   11.303810
371    opls_140    29.189600    6.967560   11.551620
372    opls_140    29.350950    5.478110   10.607230
373    opls_140    27.191120    7.577700   10.091520
374    opls_140    27.541900    6.166910    9.099390
375    opls_140    -3.713890    8.623210    9.513340
376    opls_140    -4.613130    8.216160    8.061060
377    opls_140    -2.214170    7.783090    7.743100
378    opls_140    -2.156690    6.767610    9.165310
379    opls_144    -2.887980    4.998120    7.896580
380    opls_144    29.273170    5.143720    5.765890
381    opls_144    29.235510    6.845710    5.861890
382    opls_140    25.339960    3.901700    0.229250
383    opls_140    26.256540    2.403950    0.004100
384    opls_140    25.390330    2.696000    1.521410
385    opls_140    26.148860    5.836530    1.944060
386    opls_140    27.638510    5.682060    2.891650
387    opls_140    26.223510    4.676890    3.280900
388    opls_146    13.931720   27.396550    5.666430
389    opls_146    12.080560   25.913390    5.982720
390    opls_146    12.205910   24.917660    1.881860
391    opls_146    14.089440   26.352190    1.589120
392    opls_146     9.737740   25.565560    5.470980
393    opls_146     7.888550   24.094980    5.687680
394    opls_146     9.778860   21.339200    3.097860
395    opls_146    11.639770   22.796900    2.904320
396    opls_146    18.750800   10.476230    7.263740
397    opls_146    18.036200    6.569100    8.885630
398    opls_146    19.918580    8.772810    5.808130
399    opls_144    21.826220    3.876530    8.891780
400    opls_146    19.953260    5.182910    9.067900
401    opls_146    21.860240    7.392060    6.017410
402    opls_146    15.989330   24.996890    4.900220
403    opls_146    15.729380   22.766860    4.102660
404    opls_146    17.424810   23.922500    0.408450
405    opls_146    17.600200   26.146810    1.178240
406    opls_140    13.911580   22.519430    0.702210
407    opls_140    15.211970   23.065780   -0.343680
408    opls_140    14.085810   20.226750   12.379010
409    opls_140    15.320300   20.910690   11.303810
410    opls_140    12.401110   21.795160   11.551620
411    opls_140    13.610340   22.679620   10.607230
412    opls_140    12.871960   19.759350   10.091520
413    opls_140    13.918350   20.768530    9.099390
414    opls_140    10.904030   21.076890    9.513340
415    opls_140    11.706160   20.501650    8.061060
416    opls_140    10.881730   22.795750    7.743100
417    opls_140    11.732420   23.353260    9.165310
418    opls_144    13.630490   23.604700    7.896580
419    opls_144    13.938830   22.779450    5.765890
420    opls_144    12.483690   21.895840    5.861890
421    opls_140    16.981050   19.994200    0.229250
422    opls_140    17.819850   21.536850    0.004100
423    opls_140    18.000030   20.640670    1.521410
424    opls_140    14.900990   19.727310    1.944060
425    opls_140    14.289930   21.094620    2.891650
426    opls_140    15.867940   20.371780    3.280900
427    opls_146   -14.176970   26.971770    5.666430
428    opls_146   -11.966930   26.110190    5.982720
429    opls_146   -11.167280   26.716610    1.881860
430    opls_146   -13.351390   27.630540    1.589120
431    opls_146   -10.494290   24.255170    5.470980
432    opls_146    -8.296150   23.389020    5.687680
433    opls_146    -6.854720   26.403960    3.097860
434    opls_146    -9.047580   27.286710    2.904320
435    opls_146    14.581920   11.000560    7.263740
436    opls_146    18.322900   12.335260    8.885630
437    opls_146    15.473230   12.863590    5.808130
438    opls_144    18.759720   16.963800    8.891780
439    opls_146    18.564840   14.688570    9.067900
440    opls_146    15.698170   15.235500    6.017410
441    opls_146     3.387390    1.348720    4.900220
442    opls_146     5.448630    2.238610    4.102660
443    opls_146     3.600100    3.129080    0.408450
444    opls_146     1.586100    2.168820    1.178240
445    opls_140     6.571810    0.788060    0.702210
446    opls_140     5.448460    1.641060   -0.343680
447    opls_140     8.470210    2.085290   12.379010
448    opls_140     7.260650    2.812430   11.303810
449    opls_140     7.954280   -0.157900   11.551620
450    opls_140     6.583700    0.447090   10.607230
451    opls_140     9.481920    1.267770   10.091520
452    opls_140     8.084750    1.669380    9.099390
453    opls_140    -7.190140   27.509540    9.513340
454    opls_140    -7.093030   28.491830    8.061060
455    opls_140    -8.667570   26.630800    7.743100
456    opls_140    -9.575730   27.088760    9.165310
457    opls_144   -10.742510   28.606820    7.896580
458    opls_144     6.333010    0.681650    5.765890
459    opls_144     7.825800   -0.136730    5.861890
460    opls_140     7.223990    4.708930    0.229250
461    opls_140     5.468610    4.664020    0.004100
462    opls_140     6.154650    5.268150    1.521410
463    opls_140     8.495150    3.040980    1.944060
464    opls_140     7.616550    1.828130    2.891650
465    opls_140     7.453550    3.556150    3.280900
466    opls_146     0.245250    2.841320    5.666430
467    opls_146    -0.113620    5.186050    5.982720
468    opls_146    -1.038630    5.575370    1.881860
469    opls_146    -0.738060    3.226910    1.589120
470    opls_146     0.756550    7.388910    5.470980
471    opls_146     0.407590    9.725640    5.687680
472    opls_146    -2.924150    9.466480    3.097860
473    opls_146    -2.592190    7.126030    2.904320
474    MOF2_Si3   -10.834830   24.679670   11.406850
475    MOF2_Si3     0.559200    6.881750   11.406850
476    MOF2_Si3    10.275630   25.648220   11.406850
477    MOF2_Si3    27.349830    3.925150    1.393150
478    MOF2_Si3    15.955800   21.723070    1.393150
479    MOF2_Si3     6.239370    2.956590    1.393150
