0      opls_145    -0.311600   13.593770    2.406970
1      opls_145     0.530110   12.969480    3.021180
2      opls_145     0.642020   11.607050    3.033510
3      opls_145    -0.113840   10.842440    2.412450
4      opls_145    -0.979370   11.489580    1.796010
5      opls_145    -1.070440   12.853260    1.812390
6      opls_142     5.409490    5.621810    2.577200
7      opls_145     6.761430    5.130460    2.567830
8      opls_145     6.988800    3.782390    2.568840
9      opls_135     1.554530   11.012030    3.730090
10     opls_135    -1.805470   10.769980    1.105210
11     opls_145    -0.304440    4.305090    5.883090
12     opls_145     0.528340    3.679270    6.502840
13     opls_145     0.633580    2.315860    6.518570
14     opls_145    -0.111510    1.552920    5.888350
15     opls_145    -0.962870    2.202570    5.262250
16     opls_145    -1.055480    3.566400    5.281870
17     opls_142    -2.636960   10.260370    6.053970
18     opls_145    -1.284450    9.771950    6.042210
19     opls_145    -1.054110    8.425130    6.041990
20     opls_148     1.524760    1.718190    0.016730
21     opls_148    14.323710    1.486030    4.554130
22     opls_145    -3.571350    6.868300    2.406970
23     opls_145    -3.451560    7.909390    3.021180
24     opls_145    -2.327610    8.687520    3.033510
25     opls_145    -1.287510    8.415230    2.412450
26     opls_145    -1.415190    7.342090    1.796010
27     opls_145    -2.550630    6.581380    1.812390
28     opls_142     8.517420    1.873850    2.577200
29     opls_145     8.266970    3.290340    2.567830
30     opls_145     9.320760    4.161280    2.568840
31     opls_135    -2.268560    9.775290    3.730090
32     opls_135    -0.378940    6.986470    1.105210
33     opls_145     4.469300   11.518840    5.883090
34     opls_145     4.594890   12.552960    6.502840
35     opls_145     5.723010   13.325800    6.518570
36     opls_145     6.756290   13.062010    5.888350
37     opls_145     6.619350   11.999880    5.262250
38     opls_145     5.484550   11.237770    5.281870
39     opls_142     0.478140    6.521180    6.053970
40     opls_145     0.224870    7.936700    6.042210
41     opls_145     1.276080    8.809590    6.041990
42     opls_148    13.840420    0.461390    0.016730
43     opls_148     7.642000   11.661680    4.554130
44     opls_145     3.882950    7.408010    2.406970
45     opls_145     2.921450    6.991210    3.021180
46     opls_145     1.685590    7.575510    3.033510
47     opls_145     1.401350    8.612410    2.412450
48     opls_145     2.394550    9.038410    1.796010
49     opls_145     3.621070    8.435440    1.812390
50     opls_142    10.209290    6.439380    2.577200
51     opls_145     9.107800    5.514240    2.567830
52     opls_145     7.826650    5.991370    2.568840
53     opls_135     0.714030    7.082760    3.730090
54     opls_135     2.184410   10.113640    1.105210
55     opls_145    -4.164860   12.046150    5.883090
56     opls_145    -5.123230   11.637850    6.502840
57     opls_145    -6.356590   12.228420    6.518570
58     opls_145    -6.644780   13.255150    5.888350
59     opls_145    -5.656480   13.667630    5.262250
60     opls_145    -4.429070   13.065910    5.281870
61     opls_142     2.158820   11.088530    6.053970
62     opls_145     1.059580   10.161430    6.042210
63     opls_145    -0.221970   10.635360    6.041990
64     opls_148     8.771010   11.755460    0.016730
65     opls_148     2.170490    0.787330    4.554130
66     opls_750     5.159760    6.837790    2.396300
67     opls_750    -2.888540   11.475090    5.872410
68     opls_750     7.589230    1.049590    2.396300
69     opls_750    -0.448050    5.695950    5.872410
70     opls_750    11.387220    6.047670    2.396300
71     opls_750     3.336590   10.699050    5.872410
72     opls_146     1.080580   13.548620    3.506050
73     opls_146    -1.727350   13.357570    1.351180
74     opls_144     4.622480    4.939000    2.704080
75     opls_140     2.413940   10.579760    3.383780
76     opls_140     1.044940   10.251450    4.134890
77     opls_140     1.928240   11.746540    4.223910
78     opls_140    -1.199650   10.076010    0.707250
79     opls_140    -2.269450   11.443460    0.605260
80     opls_140    -2.599470   10.235010    1.457640
81     opls_146     6.171060    3.113510    2.571220
82     opls_146     1.075830    4.257710    6.989880
83     opls_146    -1.704740    4.073070    4.816040
84     opls_144    -3.422030    9.577000    6.183950
85     opls_140     2.384250    1.271290   -0.322500
86     opls_140     0.996660    0.969040    0.420310
87     opls_140     1.898310    2.454660    0.511130
88     opls_140    14.948760    0.817010    4.148890
89     opls_140    13.848790    2.163970    4.061100
90     opls_140    13.537430    0.924310    4.896460
91     opls_146    -1.870150    7.753880    6.044160
92     opls_146    -4.228340    8.096540    3.506050
93     opls_146    -2.658920    5.760330    1.351180
94     opls_144     9.502260    1.533690    2.704080
95     opls_140    -2.323910   10.735700    3.383780
96     opls_140    -1.355090    9.714260    4.134890
97     opls_140    -3.091530    9.731680    4.223910
98     opls_140    -0.080860    7.858110    0.707250
99     opls_140    -0.730200    6.247920    0.605260
100    opls_140     0.481360    6.566330    1.457640
101    opls_146    10.308890    3.787540    2.571220
102    opls_146     3.820200   12.737880    6.989880
103    opls_146     5.370380   10.422160    4.816040
104    opls_144     1.462490    6.182980    6.183950
105    opls_140    13.797700    1.429180   -0.322500
106    opls_140    14.753250    0.378620    0.420310
107    opls_140    13.015850    0.416660    0.511130
108    opls_140     7.908870   12.537500    4.148890
109    opls_140     7.292350   10.911420    4.061100
110    opls_140     8.521610   11.261600    4.896460
111    opls_146     2.265420    8.438500    6.044160
112    opls_146     3.147760    6.224920    3.506050
113    opls_146     4.386270    8.752180    1.351180
114    opls_144    10.011450    7.462350    2.704080
115    opls_140    -0.090030    6.554630    3.383780
116    opls_140     0.310150    7.904370    4.134890
117    opls_140     1.163280    6.391860    4.223910
118    opls_140     1.280510    9.935960    0.707250
119    opls_140     2.999650   10.178710    0.605260
120    opls_140     2.118110   11.068740    1.457640
121    opls_146     7.656240    7.033990    2.571220
122    opls_146    -4.896030   10.874490    6.989880
123    opls_146    -3.665650   13.374850    4.816040
124    opls_144     1.959540   12.110110    6.183950
125    opls_140     7.954250   11.234570   -0.322500
126    opls_140     8.386280   12.587380    0.420310
127    opls_140     9.222040   11.063730    0.511130
128    opls_140     1.278570    0.580530    4.148890
129    opls_140     2.995060    0.859650    4.061100
130    opls_140     2.077160    1.749130    4.896460
131    opls_146    -0.395270   11.677700    6.044160
132    MOF2_B_2    -0.000080    9.290070    2.411880
133    MOF2_B_2     0.000000    0.000000    5.887270
