0      opls_521     8.894240    4.375310    1.184480
1      opls_521     6.661770    3.942240    0.493380
2      opls_700     6.758720    2.580320    0.867600
3      opls_522     5.606170    1.782990    0.720730
4      opls_522     9.043690    3.039120    1.578720
5      opls_700     7.997880    2.107980    1.404690
6      opls_470     2.902350    5.545860    2.467510
7      opls_700     9.984840    5.377930    1.304930
8      opls_523     9.665580    6.745570    1.306030
9      opls_523    -0.293280    1.364210    3.166420
10     opls_521     2.164130    1.921180    3.245800
11     opls_521     4.430170    2.309080    0.179330
12     opls_700     4.350170    3.660710    3.458430
13     opls_522     5.482690    4.469090    3.643900
14     opls_522     2.037470    3.252610    2.824580
15     opls_700     3.118930    4.144860    2.931450
16     opls_470     8.278620    0.687350    1.799740
17     opls_700     1.046030    0.947150    3.163700
18     opls_521    13.773750    5.514980    1.184480
19     opls_521    15.265040    3.798140    0.493380
20     opls_700    16.396020    4.563070    0.867600
21     opls_522    17.662800    3.963590    0.720730
22     opls_522    14.856200    6.312500    1.578720
23     opls_700    16.185490    5.872380    1.404690
24     opls_470     4.750970   18.801800    2.467510
25     opls_700    12.360160    5.958160    1.304930
26     opls_523    11.335370    4.997850    1.306030
27     opls_523     9.970200   18.125120    3.166420
28     opls_521    19.264140    0.913600    3.245800
29     opls_521    17.795200    2.682100    0.179330
30     opls_700    16.664650    1.937000    3.458430
31     opls_522    15.398310    2.513600    3.643900
32     opls_522    18.174430    0.138190    2.824580
33     opls_700    16.860980    0.628640    2.931450
34     opls_470    17.275430    6.825820    1.799740
35     opls_700    20.666730    0.432310    3.163700
36     opls_521    10.347010    9.170920    1.184480
37     opls_521    11.088200   11.320840    0.493380
38     opls_700     9.860260   11.917840    0.867600
39     opls_522     9.746030   13.314640    0.720730
40     opls_522     9.115110    9.709590    1.578720
41     opls_700     8.831620   11.080860    1.404690
42     opls_470    -7.653320   13.774780    2.467510
43     opls_700    10.670010    7.725130    1.304930
44     opls_523    12.014050    7.317790    1.306030
45     opls_523    -9.676920   18.633100    3.166420
46     opls_521    11.586720   16.226430    3.245800
47     opls_521    10.789630   14.070040    0.179330
48     opls_700    12.000180   13.463510    3.458430
49     opls_522    12.134000   12.078520    3.643900
50     opls_522    12.803110   15.670420    2.824580
51     opls_700    13.035090   14.287720    2.931450
52     opls_470     7.460950   11.548050    1.799740
53     opls_700    11.302250   17.681760    3.163700
54     opls_520     7.713510    4.772360    0.657690
55     opls_520     3.351570    1.501830    0.065430
56     opls_520    14.020260    4.293920    0.657690
57     opls_520    19.033590    2.151630    0.065430
58     opls_520    11.281230    9.994940    0.657690
59     opls_520    10.629840   15.407760    0.065430
60     opls_269     3.795290    6.171450    1.924200
61     opls_268     1.634020    6.121320    2.570080
62     opls_269    -3.445780   18.830010    1.450660
63     opls_268     9.402230    0.396090    2.579530
64     opls_269    14.767720    0.201100    1.924200
65     opls_268     4.886770   17.415660    2.570080
66     opls_269    -3.579380    6.662090    1.450660
67     opls_268    16.965860    7.944530    2.579530
68     opls_269    14.451990   12.688670    1.924200
69     opls_268    -6.520790   14.585450    2.570080
70     opls_269     7.025150   12.630350    1.450660
71     opls_268     6.646910   10.720600    2.579530
72     opls_525     5.565670    0.760540    1.050240
73     opls_525     9.969540    2.717560    2.032430
74     opls_526     8.627920    7.039690    1.249910
75     opls_526    -0.528680    2.417340    3.215510
76     opls_525     5.470920    5.522610    3.413830
77     opls_525     1.118110    3.596090    2.371100
78     opls_270     9.496100   -0.592990    2.781970
79     opls_270     1.598590    7.061420    2.192030
80     opls_525    18.568520    4.439740    1.050240
81     opls_525    14.671760    7.275100    2.032430
82     opls_526    11.599490    3.952150    1.249910
83     opls_526     9.175860   17.394700    3.215510
84     opls_525    14.491820    1.976650    3.413830
85     opls_525    18.336640   -0.829730    2.371100
86     opls_270    17.775500    8.520360    2.781970
87     opls_270     4.090340   16.914930    2.192030
88     opls_525     8.880810   13.860940    1.050240
89     opls_525     8.373700    9.068570    2.032430
90     opls_526    12.787590    8.069380    1.249910
91     opls_526    -8.647180   18.310400    3.215510
92     opls_525    13.052260   11.561960    3.413830
93     opls_525    13.560250   16.294860    2.371100
94     opls_270     5.743400   11.133850    2.781970
95     opls_270    -5.688920   14.146090    2.192030
