0      opls_186     6.856850    5.851180    2.747270
1      opls_186     7.472680    5.850910    4.978590
2      opls_171     8.048740    9.292990    2.827470
3      opls_171     6.280810    9.292720    4.898860
4      opls_186     4.831660    5.851180   12.705070
5      opls_186     4.215840    5.850910   10.473750
6      opls_171     3.639780    9.292990   12.624870
7      opls_171     5.407710    9.292720   10.553490
8      opls_175     7.735470    8.078170    2.177540
9      opls_174     6.893820    7.192180    3.155990
10     opls_197     7.164680    5.050040    3.862930
11     opls_135     5.957040    4.141490    4.119290
12     opls_135     8.372310    4.141490    3.606110
13     opls_174     7.435780    7.192050    4.570180
14     opls_175     6.594240    8.077900    5.548780
15     opls_145    -1.316680   11.610090   11.409550
16     opls_142    -1.123880    9.967540   13.283760
17     opls_700    -0.288230    9.514150   14.440990
18     opls_145    -0.524110    8.285140   15.081950
19     opls_145     5.699070    7.742990    0.532640
20     opls_700     6.872100    8.453480    0.907830
21     opls_145     6.991640    9.752730    0.354010
22     opls_145     0.831340   10.251390   14.841970
23     opls_145    -2.235800   10.972010   10.560590
24     opls_145    -2.625440   11.598880    9.360560
25     opls_700    -2.119850   12.844360    8.952780
26     opls_145    -1.244480   13.481900    9.863690
27     opls_145    -0.837020   12.867460   11.045330
28     opls_145    10.364530   11.609820   11.769280
29     opls_142    10.171890    9.967000    9.895060
30     opls_700     9.336250    9.513610    8.737840
31     opls_145     9.572120    8.284600    8.096870
32     opls_145     8.630420    7.742450    7.193840
33     opls_700     7.457620    8.453070    6.818500
34     opls_145     7.338030    9.752330    7.372470
35     opls_145     8.216670   10.250710    8.336850
36     opls_145     9.884520   12.867060   12.133490
37     opls_145    10.291860   13.481630   13.314970
38     opls_700    11.167570   12.844500   14.225890
39     opls_145    11.673550   11.599150   13.817950
40     opls_145    11.284040   10.972150   12.618070
41     opls_145    13.725410    2.709030    1.484820
42     opls_142    12.627140    4.806050    2.166420
43     opls_700    11.414560    5.657180    2.123460
44     opls_145    11.356000    6.855650    2.847400
45     opls_145    10.235680    7.698810    2.746500
46     opls_700     9.094430    7.337820    1.979440
47     opls_145     9.155000    6.086800    1.354400
48     opls_145    10.305000    5.292540    1.354550
49     opls_145    15.063830    3.115540    1.624350
50     opls_145    16.103960    2.267110    1.227530
51     opls_700    15.817460    1.044320    0.612990
52     opls_145    14.503080    0.554860    0.657340
53     opls_145    13.462230    1.403150    1.052300
54     opls_145     0.604190    2.708620    6.241360
55     opls_142     1.702620    4.805510    5.559750
56     opls_700     2.915160    5.656770    5.602860
57     opls_145     2.973600    6.855110    4.878770
58     opls_145     4.093920    7.698400    4.979670
59     opls_700     5.235120    7.337420    5.746880
60     opls_145     5.174770    6.086390    6.371770
61     opls_145     4.024650    5.292000    6.371460
62     opls_145     0.867030    1.402610    6.673870
63     opls_145    -0.173820    0.554450    7.068830
64     opls_700    -1.488030    1.044050    7.113180
65     opls_145    -1.774410    2.266980    6.498790
66     opls_145    -0.734280    3.115140    6.101980
67     opls_175     3.953050    8.078170   13.274800
68     opls_174     4.794700    7.192180   12.296360
69     opls_197     4.523840    5.050040   11.589410
70     opls_135     5.731480    4.141490   11.333060
71     opls_135     3.316210    4.141490   11.846230
72     opls_174     4.252740    7.192050   10.882160
73     opls_175     5.094280    8.077900    9.903560
74     opls_145    13.005200   11.610090    4.042800
75     opls_142    12.812400    9.967540    2.168580
76     opls_700    11.976750    9.514150    1.011360
77     opls_145    12.212630    8.285140    0.370390
78     opls_145     5.989450    7.742990   14.919700
79     opls_700     4.816420    8.453480   14.544520
80     opls_145     4.696880    9.752730   15.098330
81     opls_145    10.857180   10.251390    0.610370
82     opls_145    13.924320   10.972010    4.891750
83     opls_145    14.313960   11.598880    6.091780
84     opls_700    13.808370   12.844360    6.499560
85     opls_145    12.933000   13.481900    5.588650
86     opls_145    12.525540   12.867460    4.407010
87     opls_145     1.323990   11.609820    3.683070
88     opls_142     1.516630    9.967000    5.557280
89     opls_700     2.352270    9.513610    6.714510
90     opls_145     2.116400    8.284600    7.355470
91     opls_145     3.058100    7.742450    8.258500
92     opls_700     4.230900    8.453070    8.633840
93     opls_145     4.350490    9.752330    8.079870
94     opls_145     3.471850   10.250710    7.115490
95     opls_145     1.804000   12.867060    3.318850
96     opls_145     1.396650   13.481630    2.137370
97     opls_700     0.520950   12.844500    1.226450
98     opls_145     0.014960   11.599150    1.634390
99     opls_145     0.404480   10.972150    2.834270
100    opls_145    -2.036890    2.709030   13.967530
101    opls_142    -0.938630    4.806050   13.285920
102    opls_700     0.273960    5.657180   13.328880
103    opls_145     0.332520    6.855650   12.604940
104    opls_145     1.452840    7.698810   12.705840
105    opls_700     2.594090    7.337820   13.472900
106    opls_145     2.533520    6.086800   14.097940
107    opls_145     1.383520    5.292540   14.097790
108    opls_145    -3.375310    3.115540   13.827990
109    opls_145    -4.415440    2.267110   14.224810
110    opls_700    -4.128940    1.044320   14.839350
111    opls_145    -2.814560    0.554860   14.795000
112    opls_145    -1.773710    1.403150   14.400040
113    opls_145    11.084330    2.708620    9.210990
114    opls_142     9.985890    4.805510    9.892590
115    opls_700     8.773360    5.656770    9.849480
116    opls_145     8.714920    6.855110   10.573570
117    opls_145     7.594600    7.698400   10.472670
118    opls_700     6.453400    7.337420    9.705460
119    opls_145     6.513750    6.086390    9.080570
120    opls_145     7.663870    5.292000    9.080880
121    opls_145    10.821490    1.402610    8.778480
122    opls_145    11.862340    0.554450    8.383510
123    opls_700    13.176550    1.044050    8.339170
124    opls_145    13.462930    2.266980    8.953550
125    opls_145    12.422800    3.115140    9.350370
126    opls_701    -2.640740    0.146450    7.726170
127    opls_701    16.970000    0.146720    0.000000
128    opls_750    -0.768130   11.027270   12.612820
129    opls_750     9.816140   11.026860   10.566000
130    opls_750    12.614550    3.612980    1.643200
131    opls_750     1.715160    3.612440    6.083120
132    opls_750    12.456650   11.027270    2.839520
133    opls_750     1.872380   11.026860    4.886340
134    opls_750    -0.926040    3.612980   13.809140
135    opls_750     9.973360    3.612440    9.369220
136    opls_172     7.253450    9.885000    2.822220
137    opls_172     7.075990    9.884730    4.904420
138    opls_176     5.853790    7.562900    3.142390
139    opls_140     6.021260    3.667560    5.121520
140    opls_140     5.905180    3.335210    3.355480
141    opls_140     5.018950    4.718770    4.014980
142    opls_140     8.307980    3.667690    2.603720
143    opls_140     8.424060    3.334940    4.369770
144    opls_140     9.310350    4.718640    3.710570
145    opls_176     8.475810    7.562760    4.583780
146    opls_144    -1.971790    9.374320   12.967760
147    opls_146    -1.396910    7.700160   14.819880
148    opls_146     5.479420    6.770000    0.944910
149    opls_146     7.723390   10.445930    0.733830
150    opls_146     1.023930   11.233020   14.426460
151    opls_146    -2.640870   10.002400   10.817260
152    opls_146    -3.373410   11.108190    8.752670
153    opls_146    -0.869620   14.477860    9.670080
154    opls_146    -0.139440   13.384760   11.692940
155    opls_144    11.019750    9.373640   10.211220
156    opls_146    10.444920    7.699620    8.358940
157    opls_146     8.849960    6.769590    6.781410
158    opls_146     6.606280   10.445530    6.992650
159    opls_146     8.024250   11.232480    8.752360
160    opls_146     9.186770   13.384090   11.485880
161    opls_146     9.916890   14.477450   13.508440
162    opls_146    12.421820   11.108730   14.426000
163    opls_146    11.689440   10.002530   12.361410
164    opls_144    13.522980    5.206080    2.620250
165    opls_146    12.192690    7.160980    3.463330
166    opls_146    10.255420    8.611680    3.326730
167    opls_146     8.256730    5.635430    0.996060
168    opls_146    10.283460    4.345900    0.828710
169    opls_146    15.319380    4.102310    1.982380
170    opls_146    17.118090    2.625940    1.334770
171    opls_146    14.254610   -0.441640    0.313840
172    opls_146    12.439440    1.056080    0.975350
173    opls_144     0.806840    5.205540    5.105760
174    opls_146     2.136900    7.160570    4.262840
175    opls_146     4.074130    8.611410    4.399590
176    opls_146     6.073040    5.635020    6.730110
177    opls_146     4.046300    4.345360    6.897460
178    opls_146     1.889820    1.055400    6.750820
179    opls_146     0.074420   -0.442050    7.412490
180    opls_146    -2.788590    2.626070    6.391710
181    opls_146    -0.989720    4.102180    5.744100
182    opls_172     4.435070    9.885000   12.630130
183    opls_172     4.612530    9.884730   10.547920
184    opls_176     5.834730    7.562900   12.309950
185    opls_140     5.667260    3.667560   10.330820
186    opls_140     5.783340    3.335210   12.096870
187    opls_140     6.669560    4.718770   11.437360
188    opls_140     3.380540    3.667690   12.848620
189    opls_140     3.264460    3.334940   11.082570
190    opls_140     2.378170    4.718640   11.741770
191    opls_176     3.212710    7.562760   10.868560
192    opls_144    13.660310    9.374320    2.484580
193    opls_146    13.085420    7.700160    0.632460
194    opls_146     6.209100    6.770000   14.507430
195    opls_146     3.965130   10.445930   14.718510
196    opls_146    10.664590   11.233020    1.025880
197    opls_146    14.329380   10.002400    4.635080
198    opls_146    15.061930   11.108190    6.699670
199    opls_146    12.558140   14.477860    5.782270
200    opls_146    11.827960   13.384760    3.759400
201    opls_144     0.668770    9.373640    5.241130
202    opls_146     1.243600    7.699620    7.093400
203    opls_146     2.838560    6.769590    8.670930
204    opls_146     5.082240   10.445530    8.459690
205    opls_146     3.664270   11.232480    6.699980
206    opls_146     2.501750   13.384090    3.966460
207    opls_146     1.771630   14.477450    1.943900
208    opls_146    -0.733300   11.108730    1.026340
209    opls_146    -0.000920   10.002530    3.090930
210    opls_144    -1.834460    5.206080   12.832090
211    opls_146    -0.504180    7.160980   11.989010
212    opls_146     1.433100    8.611680   12.125610
213    opls_146     3.431790    5.635430   14.456280
214    opls_146     1.405050    4.345900   14.623630
215    opls_146    -3.630860    4.102310   13.469960
216    opls_146    -5.429570    2.625940   14.117570
217    opls_146    -2.566100   -0.441640   15.138500
218    opls_146    -0.750920    1.056080   14.476990
219    opls_144    10.881680    5.205540   10.346580
220    opls_146     9.551610    7.160570   11.189500
221    opls_146     7.614390    8.611410   11.052750
222    opls_146     5.615480    5.635020    8.722230
223    opls_146     7.642210    4.345360    8.554880
224    opls_146     9.798700    1.055400    8.701520
225    opls_146    11.614100   -0.442050    8.039850
226    opls_146    14.477110    2.626070    9.060630
227    opls_146    12.678230    4.102180    9.708240
