0      opls_145     1.365160   16.788320    0.000000
1      opls_142     2.628590   16.473120    0.000000
2      opls_916     4.498820   14.902800    0.000000
3      opls_145     5.456010   15.841940    0.000000
4      opls_145     8.402760   13.868840    0.000000
5      opls_147     7.106820   14.214010    0.000000
6      opls_147     6.158280   13.260400    0.000000
7      opls_145     6.740320   15.500390    0.000000
8      opls_145     4.866660   13.618230    0.000000
9      opls_280     1.036100   18.165900    0.000000
10     opls_145    -0.305190   18.624240    0.000000
11     opls_142    -0.663930   19.876000    0.000000
12     opls_916    -0.239110   22.280830    0.000000
13     opls_145    -1.531030   22.640210    0.000000
14     opls_145    13.620850    0.342590    0.000000
15     opls_147    -0.946600   24.883820    0.000000
16     opls_147     0.353520   24.539160    0.000000
17     opls_145    -1.877390   23.923230    0.000000
18     opls_145     0.689440   23.241670    0.000000
19     opls_280    -1.333680   17.650470    0.000000
20     opls_145    -1.059970   16.259710    0.000000
21     opls_142    -1.964650   15.323150    0.000000
22     opls_916    -4.259700   14.488650    0.000000
23     opls_145    -3.924980   13.190120    0.000000
24     opls_145    22.725880   11.624710    0.000000
25     opls_147    -6.160220   12.574450    0.000000
26     opls_147    -6.511800   13.872710    0.000000
27     opls_145    -4.862930   12.248650    0.000000
28     opls_145    -5.556100   14.812370    0.000000
29     opls_280     0.297580   15.855890    0.000000
30     opls_145    13.551340    9.047810    0.000000
31     opls_142    12.287910    9.363020    0.000000
32     opls_916    10.417680   10.933340    0.000000
33     opls_145     9.460490    9.994190    0.000000
34     opls_145     6.513740   11.967300    0.000000
35     opls_147     7.809680   11.622130    0.000000
36     opls_147     8.758220   12.575740    0.000000
37     opls_145     8.176180   10.335750    0.000000
38     opls_145    10.049840   12.217910    0.000000
39     opls_280    13.880400    7.670230    0.000000
40     opls_145    15.221690    7.211900    0.000000
41     opls_142    15.580430    5.960140    0.000000
42     opls_916    15.155610    3.555310    0.000000
43     opls_145    16.447530    3.195930    0.000000
44     opls_145     1.295650   25.493550    0.000000
45     opls_147    15.863100    0.952320    0.000000
46     opls_147    14.562980    1.296970    0.000000
47     opls_145    16.793890    1.912910    0.000000
48     opls_145    14.227060    2.594460    0.000000
49     opls_280    16.250180    8.185660    0.000000
50     opls_145    15.976470    9.576420    0.000000
51     opls_142    16.881150   10.512980    0.000000
52     opls_916    19.176200   11.347490    0.000000
53     opls_145    18.841480   12.646010    0.000000
54     opls_145    -7.809380   14.211420    0.000000
55     opls_147    21.076720   13.261690    0.000000
56     opls_147    21.428300   11.963420    0.000000
57     opls_145    19.779430   13.587480    0.000000
58     opls_145    20.472600   11.023760    0.000000
59     opls_280    14.618920    9.980240    0.000000
60     opls_238     3.155590   15.201210    0.000000
61     opls_238     0.174080   20.968350    0.000000
62     opls_238    -3.329660   15.502710    0.000000
63     opls_238    11.760910   10.634930    0.000000
64     opls_238    14.742420    4.867790    0.000000
65     opls_238    18.246160   10.333420    0.000000
66     opls_281     1.905430   18.926000    0.000000
67     opls_281    -2.426620   18.023290    0.000000
68     opls_281     0.521180   14.722980    0.000000
69     opls_281    13.011070    6.910130    0.000000
70     opls_281    17.343120    7.812850    0.000000
71     opls_281    14.395320   11.113160    0.000000
72     opls_144     3.388430   17.362400    0.000000
73     opls_146     5.307140   17.006120    0.000000
74     opls_146     9.235400   14.711610    0.000000
75     opls_146     7.555650   16.358670    0.000000
76     opls_146     4.042520   12.767960    0.000000
77     opls_910     2.539380   14.312700    0.000000
78     opls_144    -1.814000   20.089400    0.000000
79     opls_146    -2.464950   21.929450    0.000000
80     opls_146    12.474670    0.642290    0.000000
81     opls_146    -3.028500   24.200450    0.000000
82     opls_146     1.837860   22.953080    0.000000
83     opls_910     1.251490   20.878700    0.000000
84     opls_144    -1.574440   14.220470    0.000000
85     opls_146    -2.842340   12.736960    0.000000
86     opls_146    23.039430   10.482240    0.000000
87     opls_146    -4.527610   11.113410    0.000000
88     opls_146    -5.880380   15.951230    0.000000
89     opls_910    -3.790880   16.480870    0.000000
90     opls_144    11.528070    8.473740    0.000000
91     opls_146     9.609360    8.830020    0.000000
92     opls_146     5.681100   11.124520    0.000000
93     opls_146     7.360850    9.477470    0.000000
94     opls_146    10.873980   13.068180    0.000000
95     opls_910    12.377560   11.523170    0.000000
96     opls_144    16.730500    5.746730    0.000000
97     opls_146    17.381450    3.906680    0.000000
98     opls_146     2.441980   25.193590    0.000000
99     opls_146    17.945000    1.635690    0.000000
100    opls_146    13.078640    2.883050    0.000000
101    opls_910    13.665010    4.957440    0.000000
102    opls_144    16.490940   11.615670    0.000000
103    opls_146    17.759140   13.099180    0.000000
104    opls_146    -8.122630   15.353900    0.000000
105    opls_146    19.444110   14.722720    0.000000
106    opls_146    20.796880    9.884910    0.000000
107    opls_910    18.707380    9.355260    0.000000
