0      opls_145    12.230430   16.692250    5.477020
1      opls_145    11.398630   15.836590    5.477490
2      opls_145    27.795530   36.797100    5.477020
3      opls_145    26.963730   35.941440    5.477490
4      opls_145    18.899770   23.517450    5.477020
5      opls_145    19.731570   24.373110    5.477490
6      opls_145     3.334670    3.412600    5.477020
7      opls_145     4.166470    4.268260    5.477490
8      opls_145    18.899770   16.692250    1.206680
9      opls_145    19.731570   15.836590    1.206210
10     opls_145     3.334670   36.797100    1.206680
11     opls_145     4.166470   35.941440    1.206210
12     opls_145    12.230430   23.517450    1.206680
13     opls_145    11.398630   24.373110    1.206210
14     opls_145    27.795530    3.412600    1.206680
15     opls_145    26.963730    4.268260    1.206210
16     opls_145    18.899770   23.517450    1.206680
17     opls_145    19.731570   24.373110    1.206210
18     opls_145     3.334670    3.412600    1.206680
19     opls_145     4.166470    4.268260    1.206210
20     opls_145    12.230430   16.692250    1.206680
21     opls_145    11.398630   15.836590    1.206210
22     opls_145    27.795530   36.797100    1.206680
23     opls_145    26.963730   35.941440    1.206210
24     opls_145    12.230430   23.517450    5.477020
25     opls_145    11.398630   24.373110    5.477490
26     opls_145    27.795530    3.412600    5.477020
27     opls_145    26.963730    4.268260    5.477490
28     opls_145    18.899770   16.692250    5.477020
29     opls_145    19.731570   15.836590    5.477490
30     opls_145     3.334670   36.797100    5.477020
31     opls_145     4.166470   35.941440    5.477490
32     opls_716    14.992930   16.549110    0.000000
33     opls_543    14.660770   17.694680    0.000000
34     opls_141    13.535720   18.028820    0.000000
35     opls_543    13.208860   19.180030    0.000000
36     opls_716    12.088790   19.519800    0.000000
37     opls_145    12.649760   17.122500    0.000000
38     opls_145    10.982110   15.405540    0.000000
39     opls_142    10.111400   14.510070    0.000000
40     opls_145     9.632000   12.475860    0.000000
41     opls_145    10.066880   11.354420    0.000000
42     opls_145     9.342170   10.403460    0.000000
43     opls_145     8.166700   10.557060    0.000000
44     opls_145     7.733050   11.684940    0.000000
45     opls_145     8.457760   12.635900    0.000000
46     opls_716    30.558030   36.653960    0.000000
47     opls_543    30.225870   37.799530    0.000000
48     opls_141    29.100820   38.133670    0.000000
49     opls_543    28.773960   39.284880    0.000000
50     opls_716    27.653890   39.624650    0.000000
51     opls_145    28.214860   37.227350    0.000000
52     opls_145    26.547210   35.510390    0.000000
53     opls_142    25.676500   34.614920    0.000000
54     opls_145    25.197100   32.580710    0.000000
55     opls_145    25.631980   31.459270    0.000000
56     opls_145    24.907270   30.508310    0.000000
57     opls_145    23.731800   30.661910    0.000000
58     opls_145    23.298150   31.789790    0.000000
59     opls_145    24.022860   32.740750    0.000000
60     opls_716    16.137270   23.660590    0.000000
61     opls_543    16.469430   22.515020    0.000000
62     opls_141    17.594480   22.180880    0.000000
63     opls_543    17.921340   21.029670    0.000000
64     opls_716    19.041410   20.689900    0.000000
65     opls_145    18.480440   23.087200    0.000000
66     opls_145    20.148090   24.804160    0.000000
67     opls_142    21.018800   25.699630    0.000000
68     opls_145    21.498200   27.733840    0.000000
69     opls_145    21.063320   28.855280    0.000000
70     opls_145    21.788030   29.806240    0.000000
71     opls_145    22.963500   29.652640    0.000000
72     opls_145    23.397150   28.524760    0.000000
73     opls_145    22.672440   27.573800    0.000000
74     opls_716     0.572170    3.555740    0.000000
75     opls_543     0.904330    2.410170    0.000000
76     opls_141     2.029380    2.076030    0.000000
77     opls_543     2.356240    0.924820    0.000000
78     opls_716     3.476310    0.585050    0.000000
79     opls_145     2.915340    2.982350    0.000000
80     opls_145     4.582990    4.699310    0.000000
81     opls_142     5.453700    5.594780    0.000000
82     opls_145     5.933100    7.628990    0.000000
83     opls_145     5.498220    8.750430    0.000000
84     opls_145     6.222930    9.701390    0.000000
85     opls_145     7.398400    9.547790    0.000000
86     opls_145     7.832050    8.419910    0.000000
87     opls_145     7.107340    7.468950    0.000000
88     opls_716    16.137270   16.549110    0.000000
89     opls_543    16.469430   17.694680    0.000000
90     opls_141    17.594480   18.028820    0.000000
91     opls_543    17.921340   19.180030    0.000000
92     opls_716    19.041410   19.519800    0.000000
93     opls_145    18.480440   17.122500    0.000000
94     opls_145    20.148090   15.405540    0.000000
95     opls_142    21.018800   14.510070    0.000000
96     opls_145    21.498200   12.475860    0.000000
97     opls_145    21.063320   11.354420    0.000000
98     opls_145    21.788030   10.403460    0.000000
99     opls_145    22.963500   10.557060    0.000000
100    opls_145    23.397150   11.684940    0.000000
101    opls_145    22.672440   12.635900    0.000000
102    opls_716     0.572170   36.653960    0.000000
103    opls_543     0.904330   37.799530    0.000000
104    opls_141     2.029380   38.133670    0.000000
105    opls_543     2.356240   39.284880    0.000000
106    opls_716     3.476310   39.624650    0.000000
107    opls_145     2.915340   37.227350    0.000000
108    opls_145     4.582990   35.510390    0.000000
109    opls_142     5.453700   34.614920    0.000000
110    opls_145     5.933100   32.580710    0.000000
111    opls_145     5.498220   31.459270    0.000000
112    opls_145     6.222930   30.508310    0.000000
113    opls_145     7.398400   30.661910    0.000000
114    opls_145     7.832050   31.789790    0.000000
115    opls_145     7.107340   32.740750    0.000000
116    opls_716    14.992930   23.660590    0.000000
117    opls_543    14.660770   22.515020    0.000000
118    opls_141    13.535720   22.180880    0.000000
119    opls_543    13.208860   21.029670    0.000000
120    opls_716    12.088790   20.689900    0.000000
121    opls_145    12.649760   23.087200    0.000000
122    opls_145    10.982110   24.804160    0.000000
123    opls_142    10.111400   25.699630    0.000000
124    opls_145     9.632000   27.733840    0.000000
125    opls_145    10.066880   28.855280    0.000000
126    opls_145     9.342170   29.806240    0.000000
127    opls_145     8.166700   29.652640    0.000000
128    opls_145     7.733050   28.524760    0.000000
129    opls_145     8.457760   27.573800    0.000000
130    opls_716    30.558030    3.555740    0.000000
131    opls_543    30.225870    2.410170    0.000000
132    opls_141    29.100820    2.076030    0.000000
133    opls_543    28.773960    0.924820    0.000000
134    opls_716    27.653890    0.585050    0.000000
135    opls_145    28.214860    2.982350    0.000000
136    opls_145    26.547210    4.699310    0.000000
137    opls_142    25.676500    5.594780    0.000000
138    opls_145    25.197100    7.628990    0.000000
139    opls_145    25.631980    8.750430    0.000000
140    opls_145    24.907270    9.701390    0.000000
141    opls_145    23.731800    9.547790    0.000000
142    opls_145    23.298150    8.419910    0.000000
143    opls_145    24.022860    7.468950    0.000000
144    opls_146    12.569130   17.041270    4.494250
145    opls_146    11.059310   15.489980    4.493920
146    opls_146    28.134230   37.146120    4.494250
147    opls_146    26.624410   35.594830    4.493920
148    opls_146    18.561070   23.168430    4.494250
149    opls_146    20.070890   24.719720    4.493920
150    opls_146     2.995970    3.063580    4.494250
151    opls_146     4.505790    4.614870    4.493920
152    opls_146    18.561070   17.041270    2.189450
153    opls_146    20.070890   15.489980    2.189780
154    opls_146     2.995970   37.146120    2.189450
155    opls_146     4.505790   35.594830    2.189780
156    opls_146    12.569130   23.168430    2.189450
157    opls_146    11.059310   24.719720    2.189780
158    opls_146    28.134230    3.063580    2.189450
159    opls_146    26.624410    4.614870    2.189780
160    opls_146    18.561070   23.168430    2.189450
161    opls_146    20.070890   24.719720    2.189780
162    opls_146     2.995970    3.063580    2.189450
163    opls_146     4.505790    4.614870    2.189780
164    opls_146    12.569130   17.041270    2.189450
165    opls_146    11.059310   15.489980    2.189780
166    opls_146    28.134230   37.146120    2.189450
167    opls_146    26.624410   35.594830    2.189780
168    opls_146    12.569130   23.168430    4.494250
169    opls_146    11.059310   24.719720    4.493920
170    opls_146    28.134230    3.063580    4.494250
171    opls_146    26.624410    4.614870    4.493920
172    opls_146    18.561070   17.041270    4.494250
173    opls_146    20.070890   15.489980    4.493920
174    opls_146     2.995970   37.146120    4.494250
175    opls_146     4.505790   35.594830    4.493920
176    opls_547    14.511970   15.697060    0.000000
177    opls_547    11.255750   19.027630    0.000000
178    opls_144     9.181850   14.762190    0.000000
179    opls_146    11.018850   11.211670    0.000000
180    opls_146     9.703590    9.491500    0.000000
181    opls_146     6.780470   11.820850    0.000000
182    opls_146     8.091050   13.545440    0.000000
183    opls_547    30.077070   35.801910    0.000000
184    opls_547    26.820850   39.132480    0.000000
185    opls_144    24.746950   34.867040    0.000000
186    opls_146    26.583950   31.316520    0.000000
187    opls_146    25.268690   29.596350    0.000000
188    opls_146    22.345570   31.925700    0.000000
189    opls_146    23.656150   33.650290    0.000000
190    opls_547    16.618230   24.512640    0.000000
191    opls_547    19.874450   21.182070    0.000000
192    opls_144    21.948350   25.447510    0.000000
193    opls_146    20.111350   28.998030    0.000000
194    opls_146    21.426610   30.718200    0.000000
195    opls_146    24.349730   28.388850    0.000000
196    opls_146    23.039150   26.664260    0.000000
197    opls_547     1.053130    4.407790    0.000000
198    opls_547     4.309350    1.077220    0.000000
199    opls_144     6.383250    5.342660    0.000000
200    opls_146     4.546250    8.893180    0.000000
201    opls_146     5.861510   10.613350    0.000000
202    opls_146     8.784630    8.284000    0.000000
203    opls_146     7.474050    6.559410    0.000000
204    opls_547    16.618230   15.697060    0.000000
205    opls_547    19.874450   19.027630    0.000000
206    opls_144    21.948350   14.762190    0.000000
207    opls_146    20.111350   11.211670    0.000000
208    opls_146    21.426610    9.491500    0.000000
209    opls_146    24.349730   11.820850    0.000000
210    opls_146    23.039150   13.545440    0.000000
211    opls_547     1.053130   35.801910    0.000000
212    opls_547     4.309350   39.132480    0.000000
213    opls_144     6.383250   34.867040    0.000000
214    opls_146     4.546250   31.316520    0.000000
215    opls_146     5.861510   29.596350    0.000000
216    opls_146     8.784630   31.925700    0.000000
217    opls_146     7.474050   33.650290    0.000000
218    opls_547    14.511970   24.512640    0.000000
219    opls_547    11.255750   21.182070    0.000000
220    opls_144     9.181850   25.447510    0.000000
221    opls_146    11.018850   28.998030    0.000000
222    opls_146     9.703590   30.718200    0.000000
223    opls_146     6.780470   28.388850    0.000000
224    opls_146     8.091050   26.664260    0.000000
225    opls_547    30.077070    4.407790    0.000000
226    opls_547    26.820850    1.077220    0.000000
227    opls_144    24.746950    5.342660    0.000000
228    opls_146    26.583950    8.893180    0.000000
229    opls_146    25.268690   10.613350    0.000000
230    opls_146    22.345570    8.284000    0.000000
231    opls_146    23.656150    6.559410    0.000000
232    F2_Co4+2    15.565100   20.104850    0.000000
233    F2_Co4+2     0.000000    0.000000    0.000000
234    opls_542    15.565100   18.414430    0.000000
235    opls_542    31.130200   38.519280    0.000000
236    opls_542    15.565100   21.795270    0.000000
237    opls_542    31.130200    1.690420    0.000000
238    opls_542    13.912400   20.104850    0.000000
239    opls_542    29.477500    0.000000    0.000000
240    opls_542    17.217800   20.104850    0.000000
241    opls_542     1.652700    0.000000    0.000000
242    opls_750    10.403400   13.430040    0.000000
243    opls_750    25.968500   33.534890    0.000000
244    opls_750    20.726800   26.779660    0.000000
245    opls_750     5.161700    6.674810    0.000000
246    opls_750    20.726800   13.430040    0.000000
247    opls_750     5.161700   33.534890    0.000000
248    opls_750    10.403400   26.779660    0.000000
249    opls_750    25.968500    6.674810    0.000000
