0      opls_145     4.323470    6.167800    0.000000
1      opls_145     5.296920    8.387300    0.000000
2      opls_145    11.116980    0.660330    0.000000
3      opls_145     8.707920    0.393620    0.000000
4      opls_145    12.489740    9.297260    0.000000
5      opls_145    13.925150    7.344470    0.000000
6      opls_916     4.159060    7.557810    0.000000
7      opls_916     0.685310   15.948170    0.000000
8      opls_916    -4.844090    8.744640    0.000000
9      opls_523     6.561220    7.835810    0.000000
10     opls_523     5.596240    5.612600    0.000000
11     opls_523     8.553380    1.764280    0.000000
12     opls_523    10.961220    2.040180    0.000000
13     opls_523    12.815400    6.525300    0.000000
14     opls_523    11.372440    8.472770    0.000000
15     opls_700     6.721540    6.448710    0.000000
16     opls_142     2.540330    9.487860    0.000000
17     opls_700     9.674390    2.596830    0.000000
18     opls_142    -0.176800   13.581290    0.000000
19     opls_700    11.533970    7.080020    0.000000
20     opls_142    -2.363250    9.181480    0.000000
21     opls_531     8.064880    5.889320    0.000000
22     opls_145     1.311690   10.045960    0.000000
23     opls_531     9.487260    4.039730    0.000000
24     opls_145    -0.045900   12.238370    0.000000
25     opls_531    10.377860    6.196340    0.000000
26     opls_145    -1.265790    9.966460    0.000000
27     opls_280     0.044870    9.283390    0.000000
28     opls_280     1.247910   11.522560    0.000000
29     opls_280    -1.292790   11.444840    0.000000
30     opls_146     3.461090    5.514240    0.000000
31     opls_146     5.259500    9.459320    0.000000
32     opls_146    12.114080    0.240110    0.000000
33     opls_146     7.798340   -0.174960    0.000000
34     opls_146    12.355020   10.371050    0.000000
35     opls_146    14.872450    6.840880    0.000000
36     opls_910    -3.972670   10.640340    0.000000
37     opls_526     7.417460    8.499690    0.000000
38     opls_526     5.702100    4.534620    0.000000
39     opls_910     2.081530    7.364790    0.000000
40     opls_526     7.550220    2.174030    0.000000
41     opls_526    11.841850    2.670850    0.000000
42     opls_910     1.891140   14.245660    0.000000
43     opls_526    12.962030    5.451830    0.000000
44     opls_526    10.386050    8.919920    0.000000
45     opls_144    -2.185710    8.123810    0.000000
46     opls_144     3.367330   10.170770    0.000000
47     opls_144    -1.181900   13.956370    0.000000
48     opls_238    -3.726610    9.632660    0.000000
49     opls_238     2.831170    8.081720    0.000000
50     opls_238     0.895440   14.536400    0.000000
51     opls_520     9.134510    6.708000    0.000000
52     opls_520     8.243450    4.556710    0.000000
53     opls_520    10.552050    4.860680    0.000000
54     opls_281     0.056140    8.066730    0.000000
55     opls_281     2.295850   12.140810    0.000000
56     opls_281    -2.352260   12.043410    0.000000
