0      opls_700     1.147700    0.826510    0.175300
1      opls_145    -0.140150    1.389470    0.172930
2      opls_700     2.357910    1.699650    0.201120
3      opls_145     3.521400    1.296600    0.884750
4      opls_145     4.649740    2.121190    0.921180
5      opls_700     4.637950    3.373100    0.286650
6      opls_145     3.484690    3.779230    3.502630
7      opls_145     2.359020    2.950790    3.453960
8      opls_142     5.809450    4.270120    0.341440
9      opls_145     8.022760    4.762950    1.273700
10     opls_145     9.088810    4.181890    1.964700
11     opls_145    10.269210    4.896270    2.192810
12     opls_700    10.402910    6.218310    1.733390
13     opls_145     9.325730    6.807080    1.046450
14     opls_145     8.145110    6.089990    0.821420
15     opls_700    11.651380    6.985090    1.988100
16     opls_145    12.906530    6.351630    1.923210
17     opls_145    14.079590    7.070250    2.176710
18     opls_145    14.019520    8.436600    2.495960
19     opls_145    12.777940    9.074300    2.535940
20     opls_145    11.601330    8.356450    2.298150
21     opls_142    16.309350    8.763730    3.221480
22     opls_700    17.497980    9.631090    3.338520
23     opls_145    18.632780    9.167550    0.117430
24     opls_145    19.779140    9.963240    0.208260
25     opls_700    19.827190   11.230940    3.495100
26     opls_145    18.682390   11.688700    2.813300
27     opls_145    17.528460   10.903030    2.746930
28     opls_700    21.068770   12.059770    3.542920
29     opls_145    22.335710   11.450570    3.547440
30     opls_700    43.203370    0.580680    0.175300
31     opls_700    41.842110    1.192180    0.201120
32     opls_145    41.609410    2.401320    0.884750
33     opls_145    40.331120    2.966200    0.921180
34     opls_700    39.252840    2.330030    0.286650
35     opls_145    39.477750    1.128220    3.502630
36     opls_145    40.758040    0.567580    3.453960
37     opls_142    37.890240    2.896070    0.341440
38     opls_145    36.356790    4.566440    1.273700
39     opls_145    36.326980    5.780200    1.964700
40     opls_145    35.118100    6.445260    2.192810
41     opls_700    33.906340    5.900030    1.733390
42     opls_145    33.935030    4.672780    1.046450
43     opls_145    35.146360    4.008880    0.821420
44     opls_700    32.618040    6.597850    1.988100
45     opls_145    32.539070    8.001570    1.923210
46     opls_145    31.330190    8.658160    2.176710
47     opls_145    30.176930    7.922960    2.495960
48     opls_145    30.245450    6.528870    2.535940
49     opls_145    31.455440    5.868820    2.298150
50     opls_142    28.748710    9.742450    3.221480
51     opls_700    27.403240   10.338150    3.338520
52     opls_145    27.237280   11.552680    0.117430
53     opls_145    25.975010   12.147620    0.208260
54     opls_700    24.853120   11.555380    3.495100
55     opls_145    25.029090   10.335070    2.813300
56     opls_145    26.286460    9.728580    2.746930
57     opls_700    23.514550   12.216210    3.542920
58     opls_145    23.408660   13.618000    3.547440
59     opls_700    22.388430   37.124880    0.175300
60     opls_700    22.539490   35.640240    0.201120
61     opls_145    21.608690   34.834150    0.884750
62     opls_145    21.758630   33.444680    0.921180
63     opls_700    22.848710   32.828940    0.286650
64     opls_145    23.777060   33.624620    3.502630
65     opls_145    23.622450   35.013710    3.453960
66     opls_142    23.039810   31.365870    0.341440
67     opls_145    22.359960   29.202680    1.273700
68     opls_145    21.323720   28.569990    1.964700
69     opls_145    21.352190   27.190540    2.192810
70     opls_700    22.430260   26.413730    1.733390
71     opls_145    23.478730   27.052210    1.046450
72     opls_145    23.448030   28.433200    0.821420
73     opls_700    22.470080   24.949130    1.988100
74     opls_145    21.293900   24.178870    1.923210
75     opls_145    21.329720   22.803660    2.176710
76     opls_145    22.543050   22.172510    2.495960
77     opls_145    23.716100   22.928890    2.535940
78     opls_145    23.682730   24.306800    2.298150
79     opls_142    21.681440   20.025890    3.221480
80     opls_700    21.838280   18.562820    3.338520
81     opls_145    20.869440   17.811830    0.117430
82     opls_145    20.985350   16.421210    0.208260
83     opls_700    22.059180   15.745740    3.495100
84     opls_145    23.028020   16.508290    2.813300
85     opls_145    22.924570   17.900460    2.746930
86     opls_700    22.156180   14.256090    3.542920
87     opls_145    20.995130   13.463490    3.547440
88     opls_145    21.113260   37.715960    0.172930
89     opls_145   -20.973110   37.958710    0.172930
90     opls_750     6.831900    3.978820    1.090710
91     opls_750    15.202590    9.217260    2.712450
92     opls_750    37.631290    3.927190    1.090710
93     opls_750    28.909330    8.557200    2.712450
94     opls_750    22.276310   30.626060    1.090710
95     opls_750    22.627580   20.757610    2.712450
96     opls_146    -0.266960    2.522310    0.168990
97     opls_146     3.549870    0.288610    1.416130
98     opls_146     5.588990    1.778250    1.469170
99     opls_146     3.458660    4.792230    2.980070
100    opls_146     1.428890    3.285630    2.886080
101    opls_144     5.823240    5.228030   -0.276510
102    opls_146     9.002710    3.112620    2.350450
103    opls_146    11.131930    4.406910    2.754960
104    opls_146     9.409160    7.878650    0.666780
105    opls_146     7.279940    6.585900    0.268790
106    opls_146    12.973050    5.243830    1.662300
107    opls_146    15.090910    6.546980    2.124680
108    opls_146    12.717430   10.189420    2.763930
109    opls_146    10.591560    8.882410    2.354900
110    opls_144    16.370090    7.684450    3.583790
111    opls_146    18.625660    8.134890    0.600640
112    opls_146    20.689240    9.588320    0.783470
113    opls_146    18.690400   12.710570    2.307820
114    opls_146    16.602560   11.294520    2.209150
115    opls_146    22.421580   10.313880    3.554930
116    opls_146    42.468120    2.929980    1.416130
117    opls_146    40.158710    3.950690    1.469170
118    opls_146    38.613250    0.599560    2.980070
119    opls_144    37.053770    2.429060   -0.276510
120    opls_146    37.296030    6.240270    2.350450
121    opls_146    35.110540    7.437070    2.754960
122    opls_146    32.965310    4.209240    0.666780
123    opls_146    35.149470    3.011670    0.268790
124    opls_146    33.465190    8.613070    1.662300
125    opls_146    31.277690    9.795620    2.124680
126    opls_146    29.309760    5.918530    2.763930
127    opls_146    31.504830    4.731350    2.354900
128    opls_144    29.653030   10.334690    3.583790
129    opls_146    28.135150   12.062850    0.600640
130    opls_146    25.844650   13.123250    0.783470
131    opls_146    24.140120    9.831070    2.307820
132    opls_146    26.410380    8.730980    2.209150
133    opls_146    24.350130   14.260720    3.554930
134    opls_146    20.721500   35.313480    1.416130
135    opls_146    20.992460   32.802740    1.469170
136    opls_146    24.666920   33.140660    2.980070
137    opls_144    23.862490   30.874980   -0.276510
138    opls_146    20.440750   29.179180    2.350450
139    opls_146    20.497040   26.688080    2.754960
140    opls_146    24.365030   26.444170    0.666780
141    opls_146    24.310090   28.934500    0.268790
142    opls_146    20.301270   24.675170    1.662300
143    opls_146    20.370900   22.189460    2.124680
144    opls_146    24.712300   22.424120    2.763930
145    opls_146    24.643120   24.918300    2.354900
146    opls_144    20.716390   20.512930    3.583790
147    opls_146    19.978690   18.334330    0.600640
148    opls_146    20.205610   15.820500    0.783470
149    opls_146    23.908980   15.990420    2.307820
150    opls_146    23.726560   18.506570    2.209150
151    opls_146    19.967790   13.957470    3.554930
152    opls_146    20.195600   37.039720    0.168990
153    opls_146    40.933120   -0.405360    2.886080
154    opls_146   -19.928640   37.502110    0.168990
155    opls_146    24.377490   35.651800    2.886080
