0      opls_700    12.529570   17.442660    2.573940
1      opls_145    11.820310   18.238800    1.657060
2      opls_145    11.730850   19.621190    1.832160
3      opls_145    13.181150   19.471710    3.759260
4      opls_145    13.200120   18.078410    3.635170
5      opls_145    12.428580   20.250840    2.864970
6      opls_145    13.207810    4.899650    2.861430
7      opls_145    12.454460    5.675740    3.758380
8      opls_145    12.434980    7.069040    3.639490
9      opls_145    13.825560    6.917530    1.667730
10     opls_145    13.910920    5.534120    1.834100
11     opls_700    13.110660    7.708080    2.584270
12     opls_700    12.609290   15.947090    2.406950
13     opls_543    11.460170   15.185720    2.314570
14     opls_543    13.843250   15.337230    2.294160
15     opls_716    15.012110   16.073220    2.248050
16     opls_716    16.016910   15.190790    2.224040
17     opls_543    15.439660   13.935550    2.179770
18     opls_716    10.203140   15.760040    2.300370
19     opls_716     9.334440   14.771030    2.065970
20     opls_543    10.062920   13.596750    2.073290
21     opls_700    13.031720    9.202900    2.422610
22     opls_543    11.801850    9.810210    2.278400
23     opls_543    14.183400    9.963250    2.357830
24     opls_716    15.439660    9.387400    2.370190
25     opls_716    16.314000   10.376670    2.155720
26     opls_543    15.585770   11.550700    2.144960
27     opls_716    10.634790    9.073720    2.204790
28     opls_716     9.629730    9.954370    2.141470
29     opls_543    10.207240   11.210880    2.113490
30     opls_700    16.202240   12.786900    2.118780
31     opls_700     9.444660   12.359780    2.043420
32     opls_700     7.940530   12.272980    2.066070
33     opls_700    17.705860   12.880050    2.132550
34     opls_145    18.446390   12.257250    3.150330
35     opls_145    19.841840   12.304450    3.152660
36     opls_145    20.531360   13.038160    2.168530
37     opls_145    19.792370   13.706890    1.186770
38     opls_145    18.397430   13.602840    1.147250
39     opls_145     7.230760   11.555010    1.086400
40     opls_145     5.832490   11.479130    1.130280
41     opls_145     5.116310   12.188720    2.100740
42     opls_145     5.820700   12.900600    3.084140
43     opls_145     7.214610   12.911260    3.085990
44     opls_142    13.254720   22.451700    3.449310
45     opls_142     2.922400   13.084850    2.539470
46     opls_142    22.808830   12.567630    2.935910
47     opls_142    12.387050    2.698280    3.457020
48     opls_528    14.112140   24.790110    3.529470
49     opls_528    13.030690   23.901590    3.515160
50     opls_528    11.529890    0.360130    3.544690
51     opls_528    12.611080    1.248640    3.517000
52     opls_145     0.654920   14.014990    2.273600
53     opls_700     1.459280   12.924460    2.638920
54     opls_166     0.845630   11.756270    3.142230
55     opls_145    25.084770   11.679120    3.196540
56     opls_700    24.271950   12.758730    2.808920
57     opls_166    24.893040   13.957380    2.365920
58     opls_146    11.317910   17.786550    0.811270
59     opls_146    11.149500   20.209980    1.133480
60     opls_146    13.714830   19.932080    4.580610
61     opls_146    13.752250   17.493170    4.360660
62     opls_146    11.919250    5.213080    4.576970
63     opls_146    11.879520    7.651990    4.364590
64     opls_146    14.335910    7.375620    0.829400
65     opls_146    14.494840    4.948630    1.134840
66     opls_547    15.145400   17.145480    2.230150
67     opls_547    17.060680   15.466660    2.254300
68     opls_547     9.914000   16.790680    2.436860
69     opls_547     8.271450   14.918220    1.940090
70     opls_547    15.723930    8.355240    2.506830
71     opls_547    17.379040   10.228970    2.049730
72     opls_547    10.504580    8.000700    2.193880
73     opls_547     8.586730    9.675960    2.136960
74     opls_146    17.940910   11.715150    3.940410
75     opls_146    20.354750   11.788500    3.948750
76     opls_146    20.302200   14.293650    0.432960
77     opls_146    17.854010   14.102290    0.354210
78     opls_146     7.761870   11.043880    0.292630
79     opls_146     5.304960   10.901760    0.381410
80     opls_146     5.295990   13.413510    3.879460
81     opls_146     7.731370   13.442190    3.876310
82     opls_144     3.348410   14.054330    2.768430
83     opls_144    11.414030    3.095460    3.720560
84     opls_144    14.234920   22.055030    3.687200
85     opls_144    22.468940   11.842560    3.660580
86     opls_146    15.131300   24.425410    3.520590
87     opls_146    10.510730    0.725080    3.548090
88     opls_146     1.118360   14.931930    1.930060
89     opls_146    24.631840   10.769790    3.572090
90     opls_168     2.534310   10.873840    3.886730
91     opls_168    23.223830   15.154250    2.332270
92     opls_542    14.073950   13.992910    2.226760
93     opls_542    11.404800   13.824900    2.190590
94     opls_542    14.240810   11.323300    2.233940
95     opls_542    11.570390   11.155040    2.197420
96     opls_750     3.683180   12.116900    2.119020
97     opls_750    12.317070   21.674340    3.002340
98     opls_750    13.316500    3.475390    2.990800
99     opls_750    21.966540   13.160480    2.143120
100    opls_527    11.764690   24.400800    3.524620
101    opls_527    13.877340    0.749190    3.511570
102    Zn2+        12.822300   12.574230    2.212260
103    opls_167     1.569750   10.675890    3.663930
104    opls_167    24.190190   15.129120    2.055110
