0      opls_238     5.292490   23.945610    3.381900
1      opls_238    16.957140    6.466710    3.381900
2      opls_238    18.036820   11.011840    3.381900
3      opls_238     6.372160   28.490390    3.381900
4      opls_238    18.036820   23.945610    3.381900
5      opls_238     6.372160    6.466710    3.381900
6      opls_238     5.292490   11.011840    3.381900
7      opls_238    16.957140   28.490390    3.381900
8      opls_542     9.558950   17.478550    3.381900
9      opls_542    21.223600    0.000000    3.381900
10     opls_542    13.770350   17.478550    3.381900
11     opls_542     2.105700    0.000000    3.381900
12     opls_542    23.329300   32.819820    3.381900
13     opls_542    11.664650   15.341270    3.381900
14     opls_542     0.000000    2.137280    3.381900
15     opls_542    11.664650   19.615830    3.381900
16     opls_141     5.614200   25.255110    3.381900
17     opls_141    17.278850    7.776560    3.381900
18     opls_141    17.715100    9.701990    3.381900
19     opls_141     6.050450   27.180540    3.381900
20     opls_141    17.715100   25.255110    3.381900
21     opls_141     6.050450    7.776560    3.381900
22     opls_141     5.614200    9.701990    3.381900
23     opls_141    17.278850   27.180540    3.381900
24     opls_280     4.873720   26.432460    3.381900
25     opls_280    16.538370    8.953910    3.381900
26     opls_280    18.455580    8.524990    3.381900
27     opls_280     6.790930   26.003540    3.381900
28     opls_280    18.455580   26.432460    3.381900
29     opls_280     6.790930    8.953910    3.381900
30     opls_280     4.873720    8.524990    3.381900
31     opls_280    16.538370   26.003540    3.381900
32     opls_507    22.207860   32.067200    3.381900
33     opls_543    10.543210   14.588650    3.381900
34     opls_543     1.121440    2.889900    3.381900
35     opls_543    12.786090   20.368450    3.381900
36     opls_507     1.121440   32.067200    3.381900
37     opls_543    12.786090   14.588650    3.381900
38     opls_543    22.207860    2.889900    3.381900
39     opls_543    10.543210   20.368450    3.381900
40     opls_716    22.640150   30.739880    3.381900
41     opls_716    10.975500   13.261330    3.381900
42     opls_716     0.689150    4.217220    3.381900
43     opls_716    12.353560   21.695770    3.381900
44     opls_716     0.689150   30.739880    3.381900
45     opls_716    12.353560   13.261330    3.381900
46     opls_716    22.640150    4.217220    3.381900
47     opls_716    10.975500   21.695770    3.381900
48     opls_543     8.785110   16.364820    3.381900
49     opls_507    20.449760   33.843370    3.381900
50     opls_543    14.544190   18.592280    3.381900
51     opls_507     2.879540    1.113730    3.381900
52     opls_543    14.544190   16.364820    3.381900
53     opls_507     2.879540   33.843370    3.381900
54     opls_543     8.785110   18.592280    3.381900
55     opls_507    20.449760    1.113730    3.381900
56     opls_716     7.456040   16.790940    3.381900
57     opls_716    19.120690   34.269490    3.381900
58     opls_716    15.873020   18.166160    3.381900
59     opls_716     4.208610    0.687610    3.381900
60     opls_716    15.873020   16.790940    3.381900
61     opls_716     4.208610   34.269490    3.381900
62     opls_716     7.456040   18.166160    3.381900
63     opls_716    19.120690    0.687610    3.381900
64     opls_700    20.858490   32.488780    3.381900
65     opls_700     9.193840   15.010230    3.381900
66     opls_700     2.470810    2.468320    3.381900
67     opls_700    14.135460   19.946870    3.381900
68     opls_700     2.470810   32.488780    3.381900
69     opls_700    14.135460   15.010230    3.381900
70     opls_700    20.858490    2.468320    3.381900
71     opls_700     9.193840   19.946870    3.381900
72     opls_700    19.859770   31.489360    3.381900
73     opls_700     8.195120   14.010810    3.381900
74     opls_700     3.469530    3.467740    3.381900
75     opls_700    15.133950   20.946640    3.381900
76     opls_700     3.469530   31.489360    3.381900
77     opls_700    15.133950   14.010810    3.381900
78     opls_700    19.859770    3.467740    3.381900
79     opls_700     8.195120   20.946640    3.381900
80     opls_145     7.693540   13.503230    4.601350
81     opls_145    19.357950   30.981780    4.601350
82     opls_145    15.635760   21.454220    4.601350
83     opls_145     3.971110    3.975670    4.601350
84     opls_145    15.635760   13.503230    2.162450
85     opls_145     3.971110   30.981780    2.162450
86     opls_145     7.693540   21.454220    2.162450
87     opls_145    19.357950    3.975670    2.162450
88     opls_145    15.635760   21.454220    2.162450
89     opls_145     3.971110    3.975670    2.162450
90     opls_145     7.693540   13.503230    2.162450
91     opls_145    19.357950   30.981780    2.162450
92     opls_145     7.693540   21.454220    4.601350
93     opls_145    19.357950    3.975670    4.601350
94     opls_145    15.635760   13.503230    4.601350
95     opls_145     3.971110   30.981780    4.601350
96     opls_145    18.374860   29.973970    4.599320
97     opls_145     6.710210   12.495420    4.599320
98     opls_145     4.954440    4.983130    4.599320
99     opls_145    16.619090   22.461680    4.599320
100    opls_145     4.954440   29.973970    2.164480
101    opls_145    16.619090   12.495420    2.164480
102    opls_145    18.374860    4.983130    2.164480
103    opls_145     6.710210   22.461680    2.164480
104    opls_145     4.954440    4.983130    2.164480
105    opls_145    16.619090   22.461680    2.164480
106    opls_145    18.374860   29.973970    2.164480
107    opls_145     6.710210   12.495420    2.164480
108    opls_145    18.374860    4.983130    4.599320
109    opls_145     6.710210   22.461680    4.599320
110    opls_145     4.954440   29.973970    4.599320
111    opls_145    16.619090   12.495420    4.599320
112    opls_916    17.887270   29.463240    3.381900
113    opls_916     6.222620   11.984690    3.381900
114    opls_916     5.442030    5.493860    3.381900
115    opls_916    17.106440   22.972410    3.381900
116    opls_916     5.442030   29.463240    3.381900
117    opls_916    17.106440   11.984690    3.381900
118    opls_916    17.887270    5.493860    3.381900
119    opls_916     6.222620   22.972410    3.381900
120    opls_910     4.356510   23.690780    3.381900
121    opls_910    16.021160    6.212230    3.381900
122    opls_910    18.972790   11.266670    3.381900
123    opls_910     7.308140   28.745220    3.381900
124    opls_910    18.972790   23.690780    3.381900
125    opls_910     7.308140    6.212230    3.381900
126    opls_910     4.356510   11.266670    3.381900
127    opls_910    16.021160   28.745220    3.381900
128    opls_547    22.053650   29.903350    3.381900
129    opls_547    10.389000   12.424800    3.381900
130    opls_547     1.275650    5.053750    3.381900
131    opls_547    12.940300   22.532300    3.381900
132    opls_547     1.275650   29.903350    3.381900
133    opls_547    12.940300   12.424800    3.381900
134    opls_547    22.053650    5.053750    3.381900
135    opls_547    10.389000   22.532300    3.381900
136    opls_547     6.619920   16.202970    3.381900
137    opls_547    18.284570   33.681520    3.381900
138    opls_547    16.709140   18.754130    3.381900
139    opls_547     5.044490    1.275580    3.381900
140    opls_547    16.709140   16.202970    3.381900
141    opls_547     5.044490   33.681520    3.381900
142    opls_547     6.619920   18.754130    3.381900
143    opls_547    18.284570    1.275580    3.381900
144    opls_146    19.708130   31.341140    5.493020
145    opls_146     8.043480   13.862590    5.493020
146    opls_146     3.621170    3.616310    5.493020
147    opls_146    15.285820   21.094860    5.493020
148    opls_146     3.621170   31.341140    1.270780
149    opls_146    15.285820   13.862590    1.270780
150    opls_146    19.708130    3.616310    1.270780
151    opls_146     8.043480   21.094860    1.270780
152    opls_146     3.621170    3.616310    1.270780
153    opls_146    15.285820   21.094860    1.270780
154    opls_146    19.708130   31.341140    1.270780
155    opls_146     8.043480   13.862590    1.270780
156    opls_146    19.708130    3.616310    5.493020
157    opls_146     8.043480   21.094860    5.493020
158    opls_146     3.621170   31.341140    5.493020
159    opls_146    15.285820   13.862590    5.493020
160    opls_146    18.016990   29.608310    5.483410
161    opls_146     6.352340   12.129410    5.483410
162    opls_146     5.312310    5.349140    5.483410
163    opls_146    16.976960   22.827690    5.483410
164    opls_146     5.312310   29.608310    1.280390
165    opls_146    16.976960   12.129410    1.280390
166    opls_146    18.016990    5.349140    1.280390
167    opls_146     6.352340   22.827690    1.280390
168    opls_146     5.312310    5.349140    1.280390
169    opls_146    16.976960   22.827690    1.280390
170    opls_146    18.016990   29.608310    1.280390
171    opls_146     6.352340   12.129410    1.280390
172    opls_146    18.016990    5.349140    5.483410
173    opls_146     6.352340   22.827690    5.483410
174    opls_146     5.312310   29.608310    5.483410
175    opls_146    16.976960   12.129410    5.483410
176    opls_545     0.000000    1.167220    3.381900
177    opls_281     3.652900   26.705830    3.381900
178    opls_281    15.317550    9.227280    3.381900
179    opls_281    19.676400    8.251620    3.381900
180    opls_281     8.011750   25.730170    3.381900
181    opls_281    19.676400   26.705830    3.381900
182    opls_281     8.011750    9.227280    3.381900
183    opls_281     3.652900    8.251620    3.381900
184    opls_281    15.317550   25.730170    3.381900
185    Cu2+        11.664650   17.478550    3.381900
