0      opls_142     6.953710    6.220800    0.000000
1      opls_700    10.260660    4.321700    0.000000
2      opls_166     8.879490    4.575230    0.000000
3      opls_142    10.704680    2.911690    0.000000
4      opls_700    10.695970    6.724970    0.000000
5      opls_166    11.166890    5.402250    0.000000
6      opls_142    11.694960    7.814680    0.000000
7      opls_700     8.397010    5.900320    0.000000
8      opls_166     9.306970    6.969690    0.000000
9      opls_142     1.910510    9.132490    0.000000
10     opls_700    -1.387630   11.046840    0.000000
11     opls_166    -0.477480    9.977470    0.000000
12     opls_142    -2.830740   10.726370    0.000000
13     opls_700     0.476010   12.625470    0.000000
14     opls_166    -0.904960   12.371940    0.000000
15     opls_142     0.920230   14.035470    0.000000
16     opls_700     0.911320   10.222190    0.000000
17     opls_166     1.382440   11.544920    0.000000
18     opls_141    -5.828300   10.094920    0.000000
19     opls_141     3.956150    6.852250    0.000000
20     opls_141    11.656610    0.000000    0.000000
21     opls_750     6.028690    5.315140    0.000000
22     opls_238    12.298170   10.134910    0.000000
23     opls_750    11.951510    2.563430    0.000000
24     opls_238     4.642720    5.583070    0.000000
25     opls_750    11.373150    9.068600    0.000000
26     opls_238    12.412460    1.229180    0.000000
27     opls_750     1.588700    7.878570    0.000000
28     opls_238     2.628010   15.717990    0.000000
29     opls_750    -3.755760   11.632030    0.000000
30     opls_238     2.513720    6.812250    0.000000
31     opls_750     2.167060   14.383740    0.000000
32     opls_238    -5.141730   11.364090    0.000000
33     opls_167     8.828310    8.254960    0.000000
34     opls_167     8.005730    3.518060    0.000000
35     opls_167    12.519300    5.174140    0.000000
36     opls_167     2.734850   11.773030    0.000000
37     opls_167    -0.956140    8.692200    0.000000
38     opls_167    -1.778720   13.429100    0.000000
39     opls_474    14.460830    8.847440    0.000000
40     opls_474     4.676380    8.099730    0.000000
41     opls_474    10.216140    0.000000    0.000000
42     opls_144     6.611260    7.308130    0.000000
43     opls_168     7.983520    8.335290   -0.715610
44     opls_910    11.935850   11.184110    0.000000
45     opls_144     9.934250    2.071450    0.000000
46     opls_168     7.131100    3.760910   -0.638870
47     opls_910     3.915250    4.744700    0.000000
48     opls_144    12.807850    7.567590    0.000000
49     opls_168    12.712450    4.094600   -0.171720
50     opls_910    13.502250    1.018360    0.000000
51     opls_144     3.023400    9.379580    0.000000
52     opls_168     2.928000   12.852560   -0.171720
53     opls_910     3.717800   15.928810    0.000000
54     opls_144    -3.173190    9.639040    0.000000
55     opls_168    -1.800730    8.611870   -0.715610
56     opls_910     2.151400    5.763050    0.000000
57     opls_144     0.149800   14.875710    0.000000
58     opls_168    -2.653350   13.186250   -0.638870
59     opls_910    -5.869200   12.202470    0.000000
