0      F2_P_3+3   -15.886680   27.954020    0.118190
1      F2_P_3+5    -0.008300   18.883030    7.365730
2      F2_P_3+3     0.008950    0.452990    0.118190
3      F2_P_3+5    -0.074540   18.739560    7.365730
4      F2_P_3+3    15.877730   27.969520    0.118190
5      F2_P_3+5     0.082840   18.753930    7.365730
6      F2_P_3+3    32.161180    0.234240    8.039690
7      F2_P_3+5    16.282800    9.305230   15.287230
8      F2_P_3+3    16.265550   27.735280    8.039690
9      F2_P_3+5    16.349040    9.448710   15.287230
10     F2_P_3+3     0.396770    0.218740    8.039690
11     F2_P_3+5    16.191660    9.434330   15.287230
12     opls_145   -14.491630   27.033390    0.820510
13     opls_145   -13.169650   27.180810    0.368350
14     opls_145   -12.161280   26.409580    0.929830
15     opls_700   -12.455040   25.519680    1.967860
16     opls_145   -13.761550   25.369150    2.412410
17     opls_145   -14.785710   26.115860    1.831130
18     opls_142   -11.368390   24.762260    2.633900
19     opls_145    -8.937960   24.027110    2.930320
20     opls_145    -9.318780   23.229950    4.019210
21     opls_145    -8.362490   22.479010    4.710280
22     opls_145    -7.016590   22.517910    4.319280
23     opls_145    -6.635930   23.315360    3.230390
24     opls_145    -7.591890   24.066290    2.539160
25     MOF2_C_3    -1.420440   19.719380    6.595760
26     opls_145    -2.729070   19.636220    7.099880
27     opls_145    -3.765110   20.272720    6.430040
28     opls_700    -3.499180   21.025340    5.281740
29     opls_145    -2.207310   21.104270    4.779670
30     opls_145    -1.166560   20.441000    5.427650
31     opls_142    -4.586320   21.783040    4.615700
32     opls_145     0.108710    2.121450    0.820510
33     opls_145    -0.679950    3.192600    0.368350
34     opls_145    -0.516230    4.451490    0.929830
35     opls_700     0.401330    4.642040    1.967860
36     opls_145     1.184950    3.585830    2.412410
37     opls_145     1.050360    2.325530    1.831130
38     opls_142     0.513950    5.961820    2.633900
39     opls_145    -0.064610    8.434210    2.930320
40     opls_145     0.816170    8.502990    4.019210
41     opls_145     0.988350    9.706630    4.710280
42     opls_145     0.281710   10.852760    4.319280
43     opls_145    -0.599230   10.783700    3.230390
44     opls_145    -0.771570    9.580340    2.539160
45     MOF2_C_3    -0.092760   17.098440    6.595760
46     opls_145     0.633570   16.006700    7.099880
47     opls_145     0.600370   14.791230    6.430040
48     opls_700    -0.184390   14.645210    5.281740
49     opls_145    -0.898680   15.724540    4.779670
50     opls_145    -0.844650   16.957490    5.427650
51     opls_142    -0.297010   13.324870    4.615700
52     opls_145    14.382910   27.221690    0.820510
53     opls_145    13.849600   26.003110    0.368350
54     opls_145    12.677510   25.515450    0.929830
55     opls_700    12.053710   26.214800    1.967860
56     opls_145    12.576610   27.421540    2.412410
57     opls_145    13.735350   27.935130    1.831130
58     opls_142    10.854440   25.652440    2.633900
59     opls_145     9.002570   23.915200    2.930320
60     opls_145     8.502610   24.643590    4.019210
61     opls_145     7.374140   24.190880    4.710280
62     opls_145     6.734880   23.005850    4.319280
63     opls_145     7.235150   22.277460    3.230390
64     opls_145     8.363470   22.729890    2.539160
65     MOF2_C_3     1.513200   19.558710    6.595760
66     opls_145     2.095500   20.733590    7.099880
67     opls_145     3.164740   21.312580    6.430040
68     opls_700     3.683570   20.705970    5.281740
69     opls_145     3.105990   19.547710    4.779670
70     opls_145     2.011200   18.978030    5.427650
71     opls_142     4.883330   21.268610    4.615700
72     opls_145    30.766130    1.154870    8.742010
73     opls_145    29.444150    1.007450    8.289850
74     opls_145    28.435780    1.778680    8.851330
75     opls_700    28.729540    2.668580    9.889360
76     opls_145    30.036050    2.819110   10.333910
77     opls_145    31.060210    2.072400    9.752630
78     opls_142    27.642890    3.426000   10.555400
79     opls_145    25.212460    4.161150   10.851820
80     opls_145    25.593280    4.958320   11.940710
81     opls_145    24.636990    5.709250   12.631780
82     opls_145    23.291090    5.670350   12.240780
83     opls_145    22.910430    4.872900   11.151890
84     opls_145    23.866390    4.121970   10.460660
85     MOF2_C_3    17.694940    8.468880   14.517260
86     opls_145    19.003570    8.552040   15.021380
87     opls_145    20.039610    7.915550   14.351540
88     opls_700    19.773680    7.162920   13.203240
89     opls_145    18.481810    7.083990   12.701170
90     opls_145    17.441060    7.747260   13.349150
91     opls_142    20.860820    6.405220   12.537200
92     opls_145    16.165790   26.066810    8.742010
93     opls_145    16.954450   24.995660    8.289850
94     opls_145    16.790730   23.736770    8.851330
95     opls_700    15.873170   23.546220    9.889360
96     opls_145    15.089550   24.602430   10.333910
97     opls_145    15.224140   25.862730    9.752630
98     opls_142    15.760550   22.226440   10.555400
99     opls_145    16.339110   19.754050   10.851820
100    opls_145    15.458330   19.685270   11.940710
101    opls_145    15.286150   18.481630   12.631780
102    opls_145    15.992790   17.335500   12.240780
103    opls_145    16.873730   17.404560   11.151890
104    opls_145    17.046070   18.607920   10.460660
105    MOF2_C_3    16.367260   11.089830   14.517260
106    opls_145    15.640930   12.181560   15.021380
107    opls_145    15.674130   13.397030   14.351540
108    opls_700    16.458890   13.543050   13.203240
109    opls_145    17.173180   12.463720   12.701170
110    opls_145    17.119150   11.230770   13.349150
111    opls_142    16.571510   14.863390   12.537200
112    opls_145     1.891590    0.966580    8.742010
113    opls_145     2.424900    2.185150    8.289850
114    opls_145     3.596990    2.672810    8.851330
115    opls_700     4.220790    1.973460    9.889360
116    opls_145     3.697890    0.766720   10.333910
117    opls_145     2.539150    0.253130    9.752630
118    opls_142     5.420060    2.535820   10.555400
119    opls_145     7.271930    4.273060   10.851820
120    opls_145     7.771890    3.544670   11.940710
121    opls_145     8.900360    3.997380   12.631780
122    opls_145     9.539620    5.182410   12.240780
123    opls_145     9.039350    5.910800   11.151890
124    opls_145     7.911030    5.458370   10.460660
125    MOF2_C_3    14.761300    8.629550   14.517260
126    opls_145    14.179000    7.454670   15.021380
127    opls_145    13.109760    6.875680   14.351540
128    opls_700    12.590930    7.482290   13.203240
129    opls_145    13.168510    8.640550   12.701170
130    opls_145    14.263300    9.210230   13.349150
131    opls_142    11.391170    6.919650   12.537200
132    opls_146   -12.967030   27.806310   -0.317340
133    opls_146   -11.271230   26.487100    0.609000
134    opls_146   -13.958150   24.758030    3.112830
135    opls_146   -15.682600   26.000010    2.122960
136    opls_144   -11.603390   24.215970    3.373930
137    opls_146   -10.354490   23.190480    4.331630
138    opls_146    -8.670240   21.867610    5.549330
139    opls_146    -5.599730   23.354540    2.917810
140    opls_146    -7.284470   24.677690    1.700110
141    opls_146    -2.904020   19.148290    7.895990
142    opls_146    -4.655000   20.197170    6.752450
143    opls_146    -2.032690   21.610810    3.994970
144    opls_146    -0.285130   20.479900    5.074350
145    opls_144    -4.351150   22.329610    3.875990
146    opls_146    -1.322950    3.055330   -0.317340
147    opls_146    -1.028390    5.183540    0.609000
148    opls_146     1.812490    3.721130    3.112830
149    opls_146     1.599130    1.606730    2.122960
150    opls_144     1.104550    6.031440    3.373930
151    opls_146     1.368200    7.625770    4.331630
152    opls_146     1.671720    9.745810    5.549330
153    opls_146    -1.151260   11.661480    2.917810
154    opls_146    -1.454780    9.540880    1.700110
155    opls_146     1.143610   16.099160    7.895990
156    opls_146     1.110730   14.058330    6.752450
157    opls_146    -1.424670   15.622500    3.994970
158    opls_146    -1.319050   17.701380    5.074350
159    opls_144    -0.887940   13.255250    3.875990
160    opls_146    14.289990   25.514890   -0.317340
161    opls_146    12.299620   24.705880    0.609000
162    opls_146    12.145660   27.897360    3.112830
163    opls_146    14.083460   28.769780    2.122960
164    opls_144    10.498840   26.129110    3.373930
165    opls_146     8.986290   25.560270    4.331630
166    opls_146     6.998520   24.763110    5.549330
167    opls_146     6.750990   21.360500    2.917810
168    opls_146     8.739240   22.157950    1.700110
169    opls_146     1.760410   21.129070    7.895990
170    opls_146     3.544260   22.121020    6.752450
171    opls_146     3.457350   19.143210    3.994970
172    opls_146     1.604180   18.195240    5.074350
173    opls_144     5.239090   20.791660    3.875990
174    opls_146    29.241530    0.381950    7.604160
175    opls_146    27.545730    1.701160    8.530500
176    opls_146    30.232650    3.430230   11.034330
177    opls_146    31.957100    2.188250   10.044460
178    opls_144    27.877890    3.972290   11.295430
179    opls_146    26.628990    4.997780   12.253130
180    opls_146    24.944740    6.320650   13.470830
181    opls_146    21.874230    4.833720   10.839310
182    opls_146    23.558970    3.510570    9.621610
183    opls_146    19.178520    9.039980   15.817490
184    opls_146    20.929500    7.991090   14.673950
185    opls_146    18.307190    6.577450   11.916470
186    opls_146    16.559630    7.708360   12.995850
187    opls_144    20.625650    5.858650   11.797490
188    opls_146    17.597450   25.132940    7.604160
189    opls_146    17.302890   23.004720    8.530500
190    opls_146    14.462010   24.467130   11.034330
191    opls_146    14.675370   26.581530   10.044460
192    opls_144    15.169950   22.156820   11.295430
193    opls_146    14.906300   20.562490   12.253130
194    opls_146    14.602780   18.442450   13.470830
195    opls_146    17.425760   16.526780   10.839310
196    opls_146    17.729280   18.647380    9.621610
197    opls_146    15.130890   12.089100   15.817490
198    opls_146    15.163770   14.129930   14.673950
199    opls_146    17.699170   12.565760   11.916470
200    opls_146    17.593550   10.486880   12.995850
201    opls_144    17.162440   14.933010   11.797490
202    opls_146     1.984510    2.673370    7.604160
203    opls_146     3.974880    3.482380    8.530500
204    opls_146     4.128840    0.290900   11.034330
205    opls_146     2.191040   -0.581520   10.044460
206    opls_144     5.775660    2.059150   11.295430
207    opls_146     7.288210    2.627990   12.253130
208    opls_146     9.275980    3.425160   13.470830
209    opls_146     9.523510    6.827760   10.839310
210    opls_146     7.535260    6.030310    9.621610
211    opls_146    14.514090    7.059190   15.817490
212    opls_146    12.730240    6.067240   14.673950
213    opls_146    12.817150    9.045050   11.916470
214    opls_146    14.670320    9.993020   12.995850
215    opls_144    11.035410    7.396600   11.797490
216    opls_750    -9.915730   24.794960    2.223570
217    opls_750    -6.038820   21.750060    5.025870
218    opls_750    -0.240700    7.203510    2.223570
219    opls_750     0.457800   12.083460    5.025870
220    opls_750    10.156430   24.378050    2.223570
221    opls_750     5.581010   22.543000    5.025870
222    opls_750    26.190230    3.393300   10.145070
223    opls_750    22.313320    6.438200   12.947370
224    opls_750    16.515200   20.984750   10.145070
225    opls_750    15.816700   16.104800   12.947370
226    opls_750     6.118070    3.810210   10.145070
227    opls_750    10.693490    5.645260   12.947370
