0      opls_145    -1.159290   26.604000    1.761750
1      opls_700    -1.264210   25.206340    1.761750
2      opls_700     2.404270   24.229870    1.761750
3      opls_145     3.669150   24.839770    1.761750
4      opls_145     4.831130   24.066350    1.761750
5      opls_145     4.747680   22.664040    1.761750
6      opls_145     3.491520   22.053750    1.761750
7      opls_145     2.332230   22.827170    1.761750
8      opls_700     8.296470   21.446170    1.761750
9      opls_145     9.571870   22.018490    1.761750
10     opls_145    10.707890   21.204770    1.761750
11     opls_700    10.585080   19.804780    1.761750
12     opls_145     9.297150   19.239440    1.761750
13     opls_145     8.163810   20.053160    1.761750
14     opls_142    15.247740   16.425130    1.761750
15     opls_145    -0.088590   24.442600    1.761750
16     opls_700     1.174280   25.050570    1.761750
17     opls_700     0.185680   28.715790    1.761750
18     opls_145    -0.974950   29.506260    1.761750
19     opls_145    -0.886140   30.899280    1.761750
20     opls_145     0.370020   31.528170    1.761750
21     opls_145     1.526630   30.745440    1.761750
22     opls_145     1.436470   29.354760    1.761750
23     opls_700    -0.349670   35.210440    1.761750
24     opls_145    -1.483010   36.028810    1.761750
25     opls_145    -1.346320   37.419500    1.761750
26     opls_700    -0.072480   38.013130    1.761750
27     opls_145     1.061080   37.180420    1.761750
28     opls_145     0.923050   35.792060    1.761750
29     opls_142    22.894550    4.992370    1.761750
30     opls_145     1.247880   26.450550    1.761750
31     opls_700     0.089930   27.240250    1.761750
32     opls_700    -2.589950   24.551480    1.761750
33     opls_145    -2.694200   23.151110    1.761750
34     opls_145    -3.944990   22.531520    1.761750
35     opls_145    -5.117700   23.304940    1.761750
36     opls_145    -5.018150   24.697950    1.761750
37     opls_145    -3.768700   25.315220    1.761750
38     opls_700    -7.946800   20.840530    1.761750
39     opls_145    -8.088860   19.449850    1.761750
40     opls_145    -9.361580   18.872880    1.761750
41     opls_700   -10.512590   19.679240    1.761750
42     opls_145   -10.358230   21.077290    1.761750
43     opls_145    -9.086860   21.651930    1.761750
44     opls_142    28.972210   17.331070    1.761750
45     opls_145    23.530790   12.144580    1.761750
46     opls_700    23.635710   13.542240    1.761750
47     opls_700    19.967230   14.518700    1.761750
48     opls_145    18.702350   13.908800    1.761750
49     opls_145    17.540370   14.682220    1.761750
50     opls_145    17.623820   16.084530    1.761750
51     opls_145    18.879980   16.694820    1.761750
52     opls_145    20.039270   15.921400    1.761750
53     opls_700    14.075030   17.302400    1.761750
54     opls_145    12.799630   16.730080    1.761750
55     opls_145    11.663610   17.543800    1.761750
56     opls_700    11.786420   18.943790    1.761750
57     opls_145    13.074350   19.509130    1.761750
58     opls_145    14.207690   18.695410    1.761750
59     opls_142     7.123760   22.323440    1.761750
60     opls_145    22.460090   14.305970    1.761750
61     opls_700    21.197220   13.698010    1.761750
62     opls_700    22.185820   10.032780    1.761750
63     opls_145    23.346450    9.242310    1.761750
64     opls_145    23.257640    7.849300    1.761750
65     opls_145    22.001480    7.220410    1.761750
66     opls_145    20.844870    8.003130    1.761750
67     opls_145    20.935030    9.393820    1.761750
68     opls_700    22.721170    3.538130    1.761750
69     opls_145    23.854510    2.719760    1.761750
70     opls_145    23.717820    1.329080    1.761750
71     opls_700    22.443980    0.735450    1.761750
72     opls_145    21.310420    1.568150    1.761750
73     opls_145    21.448450    2.956520    1.761750
74     opls_142    -0.523050   33.756210    1.761750
75     opls_145    21.123620   12.298020    1.761750
76     opls_700    22.281570   11.508330    1.761750
77     opls_700    24.961450   14.197090    1.761750
78     opls_145    25.065700   15.597460    1.761750
79     opls_145    26.316490   16.217050    1.761750
80     opls_145    27.489200   15.443630    1.761750
81     opls_145    27.389650   14.050620    1.761750
82     opls_145    26.140200   13.433360    1.761750
83     opls_700    30.318300   17.908040    1.761750
84     opls_145    30.460360   19.298730    1.761750
85     opls_145    31.733080   19.875690    1.761750
86     opls_700    32.884090   19.069340    1.761750
87     opls_145    32.729730   17.671290    1.761750
88     opls_145    31.458360   17.096650    1.761750
89     opls_142    -6.600710   21.417500    1.761750
90     opls_750     0.497090   32.954110    1.761750
91     opls_750    -6.416150   22.702010    1.761750
92     opls_750     5.919050   21.841020    1.761750
93     opls_750    21.874410    5.794460    1.761750
94     opls_750    28.787650   16.046560    1.761750
95     opls_750    16.452450   16.907550    1.761750
96     opls_146    -2.109630   27.233270    1.761750
97     opls_146     3.743870   25.977430    1.761750
98     opls_146     5.852380   24.572800    1.761750
99     opls_146     3.413670   20.916090    1.761750
100    opls_146     1.306720   22.323440    1.761750
101    opls_146     9.683950   23.153440    1.761750
102    opls_146    11.743020   21.677890    1.761750
103    opls_146     9.179920   18.104110    1.761750
104    opls_146     7.126440   19.580040    1.761750
105    opls_144    15.092490   15.294450    1.761750
106    opls_146    -0.158390   23.304940    1.761750
107    opls_146    -1.997550   29.002150    1.761750
108    opls_146    -1.835360   31.530490    1.761750
109    opls_146     2.550800   31.246850    1.761750
110    opls_146     2.385470   28.718510    1.761750
111    opls_146    -2.521940   35.558400    1.761750
112    opls_146    -2.273620   38.079390    1.761750
113    opls_146     2.102920   37.646570    1.761750
114    opls_146     1.851470   35.130230    1.761750
115    opls_144    23.951380    5.423250    1.761750
116    opls_146     2.268020   26.958930    1.761750
117    opls_146    -1.746320   22.517570    1.761750
118    opls_146    -4.017030   21.393860    1.761750
119    opls_146    -5.964470   25.334210    1.761750
120    opls_146    -3.692190   26.455200    1.761750
121    opls_146    -7.162010   18.785310    1.761750
122    opls_146    -9.469410   17.739870    1.761750
123    opls_146   -11.282840   21.746480    1.761750
124    opls_146    -8.977910   22.786870    1.761750
125    opls_144    28.070640   18.030870    1.761750
126    opls_146    24.481130   11.515300    1.761750
127    opls_146    18.627630   12.771140    1.761750
128    opls_146    16.519120   14.175780    1.761750
129    opls_146    18.957830   17.832480    1.761750
130    opls_146    21.064780   16.425130    1.761750
131    opls_146    12.687550   15.595140    1.761750
132    opls_146    10.628480   17.070680    1.761750
133    opls_146    13.191580   20.644470    1.761750
134    opls_146    15.245060   19.168530    1.761750
135    opls_144     7.279010   23.454120    1.761750
136    opls_146    22.529890   15.443630    1.761750
137    opls_146    24.369050    9.746430    1.761750
138    opls_146    24.206860    7.218080    1.761750
139    opls_146    19.820700    7.501720    1.761750
140    opls_146    19.986030   10.030070    1.761750
141    opls_146    24.893440    3.190170    1.761750
142    opls_146    24.645120    0.669190    1.761750
143    opls_146    20.268580    1.102010    1.761750
144    opls_146    20.520030    3.618340    1.761750
145    opls_144    -1.579880   33.325320    1.761750
146    opls_146    20.103480   11.789640    1.761750
147    opls_146    24.117820   16.231000    1.761750
148    opls_146    26.388530   17.354710    1.761750
149    opls_146    28.335970   13.414370    1.761750
150    opls_146    26.063690   12.293370    1.761750
151    opls_146    29.533510   19.963270    1.761750
152    opls_146    31.840910   21.008700    1.761750
153    opls_146    33.654340   17.002100    1.761750
154    opls_146    31.349410   15.961700    1.761750
155    opls_144    -5.699140   20.717700    1.761750
