0      opls_916    10.406600   18.063690    0.410580
1      opls_145    11.577510   17.271340    0.326600
2      opls_166    -9.597250   17.882780    0.045110
3      opls_916    -9.523830   19.157190    6.570760
4      opls_145     0.258800    0.444350    6.670660
5      opls_166    10.522890   19.467810    0.226100
6      opls_142     3.074490    1.441830    6.092140
7      opls_700     4.410660    1.822550    5.931060
8      opls_280     5.507620    0.839180    6.034460
9      opls_280     4.690750    3.269420    5.786450
10     opls_700     6.896350    1.342710    6.155070
11     opls_700     6.099020    3.725080    5.839160
12     opls_280     7.215570    2.777170    6.016850
13     opls_142     6.440970    5.078070    5.851190
14     opls_142     7.868560    0.413670    6.509380
15     opls_916     5.778070    7.428230    5.947330
16     opls_145     7.069720    7.973490    6.140680
17     opls_166     4.652630    8.296610    5.961650
18     opls_166     7.228130    9.343380    6.391990
19     opls_145     4.801350    9.660950    6.228220
20     opls_916     6.095040   10.203240    6.464940
21     opls_142     8.762350   16.242460    0.637880
22     opls_700     7.428920   15.828440    0.775370
23     opls_280     6.333590   16.801870    0.938540
24     opls_280     7.151270   14.396490    0.607020
25     opls_700     4.939070   16.306440    0.966770
26     opls_700     5.742320   13.946440    0.567220
27     opls_142     3.939880   17.276470    1.021430
28     opls_280     4.622040   14.877040    0.828550
29     opls_142     5.398340   12.626090    0.274770
30     opls_916     1.563910   17.869420    0.850400
31     opls_145     1.736410   19.262780    0.668070
32     opls_166     0.245240   17.328410    0.823370
33     opls_166    11.566670    0.561150    0.424630
34     opls_145    -0.875720   18.131680    0.569240
35     opls_916    10.253870    0.010730    0.338500
36     opls_916    21.445400    0.722230    3.526100
37     opls_145   -10.748310   19.436250    3.415030
38     opls_166     1.440010    0.540920    3.120090
39     opls_916     1.554520    1.944460    2.914910
40     opls_145     0.384540    2.734780    3.023550
41     opls_166    -0.848560    2.123600    3.332410
42     opls_142     3.180800    3.761010    2.492430
43     opls_700     4.515240    4.172310    2.385000
44     opls_280     5.623720    3.200370    2.461910
45     opls_280     4.776530    5.626890    2.337670
46     opls_700     7.012020    3.703710    2.561340
47     opls_700     6.179860    6.092280    2.463790
48     opls_280     7.315430    5.145080    2.542110
49     opls_142     6.501330    7.436320    2.628100
50     opls_142     8.002310    2.751420    2.795030
51     opls_916     5.825440    9.768430    2.945430
52     opls_145     7.122420   10.296240    3.163460
53     opls_166     4.710620   10.644430    3.031210
54     opls_166     7.294360   11.648170    3.487980
55     opls_145     4.871660   11.991420    3.368640
56     opls_916     6.170900   12.515290    3.609870
57     opls_142     8.841850   18.432120    3.953610
58     opls_700     7.516370   18.049440    4.207540
59     opls_280     6.432240   19.044910    4.329700
60     opls_280     7.227250   16.605430    4.212120
61     opls_700     5.028850   18.562900    4.369910
62     opls_700     5.817020   16.160040    4.275650
63     opls_142    14.981920    0.020110    4.257290
64     opls_280     4.703910   17.125400    4.380930
65     opls_142     5.455890   14.822920    4.105890
66     opls_916    12.602220    0.591400    3.943260
67     opls_145    12.765610    1.985730    3.750980
68     opls_166    11.293510    0.034990    3.854180
69     opls_166    11.645420    2.776110    3.455770
70     opls_145    10.172660    0.825440    3.555680
71     opls_916    10.340540    2.212770    3.331530
72     opls_146    11.530110   16.183490    0.476660
73     opls_146     0.308520    1.533030    6.528270
74     opls_144     2.286080    2.217320    6.067670
75     opls_910     3.509260   -0.528020    6.308290
76     opls_144     7.512780    5.346730    5.951300
77     opls_144     7.565540   -0.642920    6.636640
78     opls_146     7.970630    7.346730    6.119780
79     opls_146     3.909390   10.303720    6.248720
80     opls_168     2.713180    8.425590    5.734210
81     opls_910     4.524290    5.762660    5.683050
82     opls_910     9.442880    1.891910   -0.138630
83     opls_168    -8.670760   16.058580    6.841900
84     opls_144     9.543210   15.479250    0.467990
85     opls_144     4.247200   18.337650    1.052830
86     opls_144     4.324920   12.347030    0.229520
87     opls_910     2.392070   15.952740    1.009260
88     opls_910     7.321270   12.046770    0.139370
89     opls_168    20.485480    1.646990    0.164650
90     opls_168     8.578970   10.758350    6.704410
91     opls_146     2.738660   19.723330    0.699530
92     opls_146    -1.878510   17.671730    0.536770
93     opls_168    -0.829490   15.695860    0.977190
94     opls_168    12.630390    2.203640    0.312550
95     opls_910     8.331450   18.219650    0.774700
96     opls_146   -10.793600   18.348180    3.566840
97     opls_146     0.429900    3.823280    2.879950
98     opls_144     2.383710    4.526130    2.489740
99     opls_910     3.635480    1.785920    2.635290
100    opls_144     7.569280    7.703080    2.767000
101    opls_144     7.703940    1.687330    2.844850
102    opls_146     8.019340    9.666860    3.095760
103    opls_146     3.985660   12.640310    3.415570
104    opls_168     2.779280   10.841930    2.780310
105    opls_910     4.580570    8.121910    2.520260
106    opls_910     9.521530    4.100330    2.928820
107    opls_168    -8.519210   18.363510    3.201510
108    opls_144     9.611160   17.647400    3.827360
109    opls_144    15.284540    1.081690    4.185900
110    opls_144     4.379850   14.552050    4.101660
111    opls_910     2.479760   18.199420    4.280820
112    opls_910     7.373800   14.225550    3.965650
113    opls_168    20.600900    3.824720    3.307060
114    opls_168     8.655750   13.039250    3.835630
115    opls_146    13.760450    2.457380    3.824330
116    opls_146     9.178230    0.352530    3.487040
117    opls_168    -0.722170   17.901980    3.990930
118    opls_168    12.685320    4.438220    3.410120
119    opls_910    19.383240    0.907620    3.932640
120    opls_238     2.707080    0.155210    6.303450
121    opls_238     5.529940    6.066430    5.773140
122    opls_238     9.210410    0.874410    0.005180
123    opls_238     9.128390   17.538720    0.658050
124    opls_238     2.622000   16.977010    1.012420
125    opls_238     6.333900   11.682970    0.046320
126    opls_238     2.826780    2.462950    2.638590
127    opls_238     5.580310    8.424410    2.656270
128    opls_238     9.300110    3.074400    2.992830
129    opls_238    20.170230    0.215400    3.825270
130    opls_238     2.709230   19.223920    4.199680
131    opls_238     6.382920   13.859940    3.926790
132    opls_281    -5.665770   19.115320    6.054090
133    opls_281     3.743760    4.073420    5.647420
134    opls_281     8.402210    3.189420    6.064780
135    opls_167    -8.472660   17.005190    6.671600
136    opls_167     3.411350    7.739560    5.701600
137    opls_281     6.562450   18.027240    1.045160
138    opls_281     8.107070   13.583960    0.476660
139    opls_281     3.446590   14.438490    0.922200
140    opls_167    20.307950    0.697250    0.335210
141    opls_167     8.529130    9.788970    6.584610
142    opls_167     0.114200   15.964880    1.048190
143    opls_167    11.689160    1.928970    0.230870
144    opls_281     5.411040    1.966550    2.471520
145    opls_281     3.834200    6.439800    2.222840
146    opls_281     8.490040    5.577430    2.620300
147    opls_167    -8.344730   19.309760    3.009230
148    opls_167     3.443330   10.120160    2.770160
149    opls_281    17.628470    0.763340    4.369770
150    opls_281     8.179550   15.784620    4.137220
151    opls_281     3.514830   16.719940    4.447820
152    opls_167    20.399630    2.876270    3.461420
153    opls_167     8.598470   12.070600    3.708290
154    opls_167     0.219970   18.175180    4.068180
155    opls_167    11.763490    4.139990    3.244070
