0      opls_145     9.897470    1.205910    7.337350
1      opls_700     6.394690   25.081960    0.770270
2      opls_700     5.671460    2.582970    1.029350
3      opls_145     4.416560    2.654060    1.694130
4      opls_145     4.395680    5.113290    1.629750
5      opls_145     6.241880    3.828380    0.659350
6      opls_145     3.785520    3.888940    1.973380
7      opls_145     5.637160    5.055360    0.986690
8      opls_700     0.202830   14.415680    3.510040
9      opls_700    16.807540   15.705850    4.732550
10     opls_145    15.417900   15.929650    4.613870
11     opls_145    14.846040   17.188220    4.928020
12     opls_700    15.650210   18.262490    5.367070
13     opls_145    17.019710   18.012350    5.553240
14     opls_145    17.579000   16.756410    5.270110
15     opls_142    15.119990   19.647450    5.637790
16     opls_145     0.647470   14.370910    7.337350
17     opls_700    15.644700   11.916960    0.770270
18     opls_700    14.921460   15.747970    1.029350
19     opls_145    13.666560   15.819060    1.694130
20     opls_145    13.645680   18.278290    1.629750
21     opls_145    15.491880   16.993380    0.659350
22     opls_145    13.035520   17.053940    1.973380
23     opls_145    14.887160   18.220360    0.986690
24     opls_700     9.452830    1.250670    3.510040
25     opls_700     7.557540    2.540850    4.732550
26     opls_145     6.167900    2.764650    4.613870
27     opls_145     5.596040    4.023220    4.928020
28     opls_700     6.400210    5.097490    5.367070
29     opls_145     7.769710    4.847350    5.553240
30     opls_145     8.329000    3.591410    5.270110
31     opls_142     5.869990    6.482450    5.637790
32     opls_145     7.775190    1.205910    0.419650
33     opls_700    11.277960   25.081960    6.986730
34     opls_700    12.001200    2.582970    6.727650
35     opls_145    13.256100    2.654060    6.062870
36     opls_145    13.276980    5.113290    6.127260
37     opls_145    11.430780    3.828380    7.097660
38     opls_145    13.887130    3.888940    5.783620
39     opls_145    12.035500    5.055360    6.770310
40     opls_700    17.469830   14.415680    4.246960
41     opls_700     0.865120   15.705850    3.024460
42     opls_145     2.254760   15.929650    3.143140
43     opls_145     2.826620   17.188220    2.828980
44     opls_700     2.022450   18.262490    2.389930
45     opls_145     0.652950   18.012350    2.203760
46     opls_145     0.093650   16.756410    2.486900
47     opls_142     2.552670   19.647450    2.119210
48     opls_145    17.025190   14.370910    0.419650
49     opls_700     2.027960   11.916960    6.986730
50     opls_700     2.751200   15.747970    6.727650
51     opls_145     4.006100   15.819060    6.062870
52     opls_145     4.026980   18.278290    6.127260
53     opls_145     2.180780   16.993380    7.097660
54     opls_145     4.637130   17.053940    5.783620
55     opls_145     2.785500   18.220360    6.770310
56     opls_700     8.219830    1.250670    4.246960
57     opls_700    10.115120    2.540850    3.024460
58     opls_145    11.504760    2.764650    3.143140
59     opls_145    12.076620    4.023220    2.828980
60     opls_700    11.272450    5.097490    2.389930
61     opls_145     9.902950    4.847350    2.203760
62     opls_145     9.343650    3.591410    2.486900
63     opls_142    11.802670    6.482450    2.119210
64     opls_145     7.775190   25.124090    0.419650
65     opls_700    11.277960    1.248040    6.986730
66     opls_700    12.001200   23.747030    6.727650
67     opls_145    13.256100   23.675940    6.062870
68     opls_145    13.276980   21.216710    6.127260
69     opls_145    11.430780   22.501620    7.097660
70     opls_145    13.887130   22.441060    5.783620
71     opls_145    12.035500   21.274640    6.770310
72     opls_700    17.469830   11.914320    4.246960
73     opls_700     0.865120   10.624160    3.024460
74     opls_145     2.254760   10.400350    3.143140
75     opls_145     2.826620    9.141780    2.828980
76     opls_700     2.022450    8.067510    2.389930
77     opls_145     0.652950    8.317650    2.203760
78     opls_145     0.093650    9.573590    2.486900
79     opls_142     2.552670    6.682550    2.119210
80     opls_145    17.025190   11.959090    0.419650
81     opls_700     2.027960   14.413040    6.986730
82     opls_700     2.751200   10.582030    6.727650
83     opls_145     4.006100   10.510940    6.062870
84     opls_145     4.026980    8.051710    6.127260
85     opls_145     2.180780    9.336620    7.097660
86     opls_145     4.637130    9.276060    5.783620
87     opls_145     2.785500    8.109640    6.770310
88     opls_700     8.219830   25.079330    4.246960
89     opls_700    10.115120   23.789160    3.024460
90     opls_145    11.504760   23.565350    3.143140
91     opls_145    12.076620   22.306780    2.828980
92     opls_700    11.272450   21.232510    2.389930
93     opls_145     9.902950   21.482650    2.203760
94     opls_145     9.343650   22.738590    2.486900
95     opls_142    11.802670   19.847550    2.119210
96     opls_145     9.897470   25.124090    7.337350
97     opls_700     6.394690    1.248040    0.770270
98     opls_700     5.671460   23.747030    1.029350
99     opls_145     4.416560   23.675940    1.694130
100    opls_145     4.395680   21.216710    1.629750
101    opls_145     6.241880   22.501620    0.659350
102    opls_145     3.785520   22.441060    1.973380
103    opls_145     5.637160   21.274640    0.986690
104    opls_700     0.202830   11.914320    3.510040
105    opls_700    16.807540   10.624160    4.732550
106    opls_145    15.417900   10.400350    4.613870
107    opls_145    14.846040    9.141780    4.928020
108    opls_700    15.650210    8.067510    5.367070
109    opls_145    17.019710    8.317650    5.553240
110    opls_145    17.579000    9.573590    5.270110
111    opls_142    15.119990    6.682550    5.637790
112    opls_145     0.647470   11.959090    7.337350
113    opls_700    15.644700   14.413040    0.770270
114    opls_700    14.921460   10.582030    1.029350
115    opls_145    13.666560   10.510940    1.694130
116    opls_145    13.645680    8.051710    1.629750
117    opls_145    15.491880    9.336620    0.659350
118    opls_145    13.035520    9.276060    1.973380
119    opls_145    14.887160    8.109640    0.986690
120    opls_700     9.452830   25.079330    3.510040
121    opls_700     7.557540   23.789160    4.732550
122    opls_145     6.167900   23.565350    4.613870
123    opls_145     5.596040   22.306780    4.928020
124    opls_700     6.400210   21.232510    5.367070
125    opls_145     7.769710   21.482650    5.553240
126    opls_145     8.329000   22.738590    5.270110
127    opls_142     5.869990   19.847550    5.637790
128    opls_700     9.173480    0.000000    7.551440
129    opls_145     5.724710    0.000000    0.894380
130    opls_145    10.046190    0.000000    3.185030
131    opls_700    -0.076520   13.165000    7.551440
132    opls_145    14.974710   13.165000    0.894380
133    opls_145     0.796190   13.165000    3.185030
134    opls_700     8.499180    0.000000    0.205560
135    opls_145    11.947950    0.000000    6.862620
136    opls_145     7.626460    0.000000    4.571980
137    opls_700    17.749180   13.165000    0.205560
138    opls_145     2.697950   13.165000    6.862620
139    opls_145    16.876460   13.165000    4.571980
140    opls_750     3.820120    6.416620    1.943910
141    opls_750    13.070120   19.581620    1.943910
142    opls_750    13.852540    6.416620    5.813100
143    opls_750     4.602540   19.581620    5.813100
144    opls_750    13.852540   19.913380    5.813100
145    opls_750     4.602540    6.748380    5.813100
146    opls_750     3.820120   19.913380    1.943910
147    opls_750    13.070120    6.748380    1.943910
148    opls_146     9.380610    2.132730    7.413370
149    opls_146     3.923650    1.761480    2.048620
150    opls_146     7.173930    3.883680    0.124890
151    opls_146     2.844470    3.881040    2.505510
152    opls_146     6.139220    5.976910    0.719850
153    opls_146    14.777470   15.145020    4.235320
154    opls_146    13.781220   17.330410    4.799260
155    opls_146    17.671120   18.799620    5.915490
156    opls_146    18.639130   16.624760    5.408180
157    opls_144    15.849210   20.437350    5.773540
158    opls_146     0.130610   15.297730    7.413370
159    opls_146    13.173650   14.926480    2.048620
160    opls_146    16.423930   17.048670    0.124890
161    opls_146    12.094470   17.046040    2.505510
162    opls_146    15.389220   19.141910    0.719850
163    opls_146     5.527470    1.980020    4.235320
164    opls_146     4.531220    4.165410    4.799260
165    opls_146     8.421120    5.634620    5.915490
166    opls_146     9.389130    3.459760    5.408180
167    opls_144     6.599210    7.272350    5.773540
168    opls_146     8.292050    2.132730    0.343640
169    opls_146    13.749010    1.761480    5.708380
170    opls_146    10.498730    3.883680    7.632120
171    opls_146    14.828190    3.881040    5.251490
172    opls_146    11.533440    5.976910    7.037150
173    opls_146     2.895190   15.145020    3.521680
174    opls_146     3.891430   17.330410    2.957750
175    opls_146     0.001540   18.799620    1.841510
176    opls_146    -0.966470   16.624760    2.348820
177    opls_144     1.823450   20.437350    1.983470
178    opls_146    17.542050   15.297730    0.343640
179    opls_146     4.499010   14.926480    5.708380
180    opls_146     1.248730   17.048670    7.632120
181    opls_146     5.578190   17.046040    5.251490
182    opls_146     2.283440   19.141910    7.037150
183    opls_146    12.145190    1.980020    3.521680
184    opls_146    13.141430    4.165410    2.957750
185    opls_146     9.251540    5.634620    1.841510
186    opls_146     8.283530    3.459760    2.348820
187    opls_144    11.073450    7.272350    1.983470
188    opls_146     8.292050   24.197270    0.343640
189    opls_146    13.749010   24.568520    5.708380
190    opls_146    10.498730   22.446330    7.632120
191    opls_146    14.828190   22.448960    5.251490
192    opls_146    11.533440   20.353090    7.037150
193    opls_146     2.895190   11.184980    3.521680
194    opls_146     3.891430    8.999590    2.957750
195    opls_146     0.001540    7.530380    1.841510
196    opls_146    -0.966470    9.705240    2.348820
197    opls_144     1.823450    5.892650    1.983470
198    opls_146    17.542050   11.032270    0.343640
199    opls_146     4.499010   11.403520    5.708380
200    opls_146     1.248730    9.281330    7.632120
201    opls_146     5.578190    9.283960    5.251490
202    opls_146     2.283440    7.188090    7.037150
203    opls_146    12.145190   24.349980    3.521680
204    opls_146    13.141430   22.164590    2.957750
205    opls_146     9.251540   20.695380    1.841510
206    opls_146     8.283530   22.870240    2.348820
207    opls_144    11.073450   19.057650    1.983470
208    opls_146     9.380610   24.197270    7.413370
209    opls_146     3.923650   24.568520    2.048620
210    opls_146     7.173930   22.446330    0.124890
211    opls_146     2.844470   22.448960    2.505510
212    opls_146     6.139220   20.353090    0.719850
213    opls_146    14.777470   11.184980    4.235320
214    opls_146    13.781220    8.999590    4.799260
215    opls_146    17.671120    7.530380    5.915490
216    opls_146    18.639130    9.705240    5.408180
217    opls_144    15.849210    5.892650    5.773540
218    opls_146     0.130610   11.032270    7.413370
219    opls_146    13.173650   11.403520    2.048620
220    opls_146    16.423930    9.281330    0.124890
221    opls_146    12.094470    9.283960    2.505510
222    opls_146    15.389220    7.188090    0.719850
223    opls_146     5.527470   24.349980    4.235320
224    opls_146     4.531220   22.164590    4.799260
225    opls_146     8.421120   20.695380    5.915490
226    opls_146     9.389130   22.870240    5.408180
227    opls_144     6.599210   19.057650    5.773540
228    opls_146     4.664870    0.000000    1.065810
229    opls_146    10.964130    0.000000    2.609460
230    opls_146    13.914870   13.165000    1.065810
231    opls_146     1.714130   13.165000    2.609460
232    opls_146    13.007790    0.000000    6.691190
233    opls_146     6.708530    0.000000    5.147550
234    opls_146     3.757790   13.165000    6.691190
235    opls_146    15.958530   13.165000    5.147550
