0      opls_167     3.740480   15.492550    1.725000
1      opls_167    11.492360   10.797630    1.725000
2      opls_167     1.132820   23.933340    1.725000
3      opls_167    17.742800    4.553860    1.725000
4      opls_167    -4.873290   17.454650    1.725000
5      opls_167    20.024850   13.088780    1.725000
6      opls_167    12.679520   12.947720    1.725000
7      opls_167     4.927640   17.642640    1.725000
8      opls_167    15.287180    4.506930    1.725000
9      opls_167    -1.322800   23.886420    1.725000
10     opls_167    21.293290   10.985620    1.725000
11     opls_167    -3.604850   15.351490    1.725000
12     opls_145     1.497830   16.523230    1.725000
13     opls_700     0.764680   17.726540    1.725000
14     opls_166     2.887290   16.581820    1.725000
15     opls_567     6.390340   15.433400    1.725000
16     opls_145    13.559800    9.448710    1.725000
17     opls_700    14.962730    9.480000    1.725000
18     opls_166    12.869010   10.656000    1.725000
19     opls_567     8.629530   14.743150    1.725000
20     opls_716     6.469970   14.046370    1.725000
21     opls_145     1.361550   21.475820    1.725000
22     opls_700     0.686030   20.239240    1.725000
23     opls_166     0.616080   22.649830    1.725000
24     opls_567    -0.140880   26.257770    1.725000
25     opls_145    17.877280    7.018780    1.725000
26     opls_700    17.148720    8.218100    1.725000
27     opls_166    17.177130    5.816890    1.725000
28     opls_567    15.757290    0.101820    1.725000
29     opls_716     1.020500   27.020250    1.725000
30     opls_145    -2.859380   18.881500    1.725000
31     opls_700    -1.450710   18.914770    1.725000
32     opls_166    -3.503370   17.648900    1.725000
33     opls_567    -6.249450   15.189380    1.725000
34     opls_145    17.822920   11.972790    1.725000
35     opls_700    17.148560   10.742180    1.725000
36     opls_166    19.213860   11.967380    1.725000
37     opls_567    24.873180   13.595300    1.725000
38     opls_716    -7.490480   15.813930    1.725000
39     opls_145    14.922170   11.917040    1.725000
40     opls_700    15.655320   10.713740    1.725000
41     opls_166    13.532710   11.858460    1.725000
42     opls_567    10.029660   13.006880    1.725000
43     opls_145     2.860200   18.991560    1.725000
44     opls_700     1.457280   18.960280    1.725000
45     opls_166     3.550990   17.784270    1.725000
46     opls_567     7.790470   13.697120    1.725000
47     opls_716     9.950030   14.393910    1.725000
48     opls_145    15.058450    6.964450    1.725000
49     opls_700    15.733970    8.201040    1.725000
50     opls_166    15.803920    5.790440    1.725000
51     opls_567    16.560880    2.182510    1.725000
52     opls_145    -1.457280   21.421500    1.725000
53     opls_700    -0.728720   20.222170    1.725000
54     opls_166    -0.757130   22.623380    1.725000
55     opls_567     0.662710   28.338460    1.725000
56     opls_716    15.399500    1.420020    1.725000
57     opls_145    19.279380    9.558780    1.725000
58     opls_700    17.870710    9.525500    1.725000
59     opls_166    19.923370   10.791380    1.725000
60     opls_567    22.669450   13.250890    1.725000
61     opls_145    -1.402920   16.467490    1.725000
62     opls_700    -0.728560   17.698100    1.725000
63     opls_166    -2.793860   16.472890    1.725000
64     opls_567    -8.453180   14.844970    1.725000
65     opls_716    23.910480   12.626340    1.725000
66     MOF2_B_2     5.032070   16.182520    1.725000
67     MOF2_B_2    -0.110510   24.706920    1.725000
68     MOF2_B_2    -4.921570   15.991110    1.725000
69     MOF2_B_2    11.387930   12.257760    1.725000
70     MOF2_B_2    16.530510    3.733350    1.725000
71     MOF2_B_2    21.341570   12.449160    1.725000
72     opls_633     7.899170   16.273240    1.725000
73     opls_633    -1.622620   27.144540    1.725000
74     opls_633    -6.276540   13.462770    1.725000
75     opls_633     8.520830   12.167030    1.725000
76     opls_633    18.042620    1.295740    1.725000
77     opls_633    22.696550   14.977500    1.725000
78     opls_146     1.084380   15.533510    1.725000
79     opls_146    12.944710    8.569910    1.725000
80     opls_570     5.638140   13.352420    1.725000
81     opls_146     2.425400   21.612620    1.725000
82     opls_146    18.945720    6.925780    1.725000
83     opls_570     2.037390   26.646830    1.725000
84     opls_146    -3.509770   19.734420    1.725000
85     opls_146    17.369400   12.944880    1.725000
86     opls_570    -7.675690   16.881580    1.725000
87     opls_146    15.335620   12.906770    1.725000
88     opls_146     3.475290   19.870370    1.725000
89     opls_570    10.781860   15.087850    1.725000
90     opls_146    13.994600    6.827660    1.725000
91     opls_146    -2.525890   21.514780    1.725000
92     opls_570    14.382610    1.793440    1.725000
93     opls_146    19.929770    8.705850    1.725000
94     opls_146    -0.949080   15.495400    1.725000
95     opls_570    24.095530   11.558980    1.725000
