0      opls_701    12.978360   31.958990   33.277530
1      opls_701    10.033200   15.753440   17.267570
2      opls_700     9.136900   14.974650   18.265280
3      opls_145     7.738110   14.889400   18.136490
4      opls_145     6.967130   14.146820   19.035360
5      opls_145     7.582590   13.455140   20.101630
6      opls_142     5.698430   12.866220   21.417490
7      opls_567     5.003050   11.883190   22.239150
8      opls_716     5.477970   10.611870   22.607550
9      opls_716     4.571070    9.880980   23.392940
10     opls_567     3.364990   10.570020   23.650520
11     opls_543    14.463540   10.015730   24.431920
12     opls_700    14.443490    8.742890   25.043920
13     opls_700    13.197040    8.564430   25.725150
14     opls_234    12.414630    9.785140   25.518820
15     opls_261    12.780570   11.930990   24.325760
16     opls_543    13.180800    7.294950   26.345140
17     opls_567    12.101670    6.745390   27.138180
18     opls_716    10.885210    7.421830   27.379120
19     opls_716     9.991300    6.698200   28.187140
20     opls_567    10.489560    5.448260   28.593810
21     opls_142     9.819050    4.477200   29.449420
22     opls_261    14.865890    5.380940   26.451960
23     opls_234    15.227220    7.523820   25.252910
24     opls_145     8.985850   13.538970   20.242730
25     opls_145     9.740050   14.300640   19.352510
26     opls_145     7.940090    3.840930   30.740990
27     opls_145     7.863640    2.454970   30.472760
28     opls_145     7.193490    4.363470   31.817570
29     opls_145     7.088430    1.626810   31.285430
30     opls_145     6.443580    3.519900   32.638570
31     opls_700     6.381410    2.133760   32.399950
32     opls_700    10.783000   14.769390   16.332100
33     opls_145    11.453100   15.262200   15.189290
34     opls_145    12.170350   14.417330   14.340670
35     opls_145    12.245930   13.032820   14.616890
36     opls_142     0.933800   12.145880   12.590520
37     opls_567     1.833320   11.209300   11.925600
38     opls_716     2.712780   10.310930   12.555910
39     opls_716     3.445490    9.518750   11.656040
40     opls_567     3.149600    9.783870   10.300910
41     opls_543     3.767020    9.078980    9.196700
42     opls_700     4.729930    8.050440    9.299540
43     opls_700     5.079680    7.595630    7.988000
44     opls_234     4.296500    8.385880    7.035550
45     opls_261     2.620700   10.208480    7.216930
46     opls_543     6.034650    6.559710    8.091170
47     opls_567     6.627630    5.831480    6.988960
48     opls_716     6.307130    6.072920    5.634500
49     opls_716     6.997230    5.240500    4.737630
50     opls_567     7.868880    4.335400    5.368930
51     opls_142     8.718680    3.350930    4.708340
52     opls_261     7.182500    5.432080   10.071610
53     opls_234     5.510570    7.258040   10.252320
54     opls_145    11.571980   12.531040   15.750040
55     opls_145    10.837310   13.383090   16.575370
56     opls_145     9.480900    2.356410    2.687290
57     opls_145    10.867130    2.217750    2.927900
58     opls_145     8.914820    1.681160    1.585420
59     opls_145    11.652620    1.444640    2.070960
60     opls_145     9.707680    0.892210    0.750780
61     opls_700    11.097000    0.781160    0.953780
62     opls_700     9.181960   16.681900   16.365710
63     opls_145     8.416510   16.122790   15.317410
64     opls_145     7.619370   16.915640   14.490090
65     opls_145     7.556410   18.312560   14.694090
66     opls_142     6.562910   19.072910   12.681040
67     opls_567     5.614450   19.946690   12.000140
68     opls_716     4.729200   20.856790   12.604160
69     opls_716     3.944890   21.571790   11.682990
70     opls_567     4.207320   21.233380   10.336850
71     opls_543     3.538760   21.853090    9.212010
72     opls_700     2.546580   22.856340    9.281900
73     opls_700     2.153590   23.227210    7.956390
74     opls_234     2.938070   22.408200    7.029560
75     opls_261     4.672150   20.647940    7.269170
76     opls_543     1.173750   24.242160    8.026270
77     opls_567     0.543640   24.899710    6.900440
78     opls_716     0.844490   24.599440    5.553300
79     opls_716     0.127540   25.380900    4.630800
80     opls_567    -0.746930   26.300880    5.235480
81     opls_142    -1.610020   27.258710    4.553920
82     opls_261     0.038160   25.444520    9.968780
83     opls_234     1.766210   23.678730   10.208720
84     opls_145     8.315500   18.879540   15.738730
85     opls_145     9.128980   18.078130   16.541420
86     opls_145    -2.382980   28.240130    2.540200
87     opls_145    -3.773560   28.346140    2.768500
88     opls_145    -1.812760   28.970420    1.477260
89     opls_145     7.627450   29.159560    1.948160
90     opls_145    -2.604040   29.801350    0.681890
91     opls_700    -3.994270   29.899030    0.883560
92     opls_700    11.036600   16.573180   18.119520
93     opls_145    10.563800   17.317210   19.224720
94     opls_145    11.425010   18.074870   20.019100
95     opls_145    12.810740   18.098250   19.740550
96     opls_142     1.332270   19.960410   21.020470
97     opls_567     2.325590   20.600990   21.874080
98     opls_716     3.563690   20.068340   22.275430
99     opls_716     4.309040   20.936710   23.092100
100    opls_567     3.662300   22.166360   23.346350
101    opls_543     4.235540   23.222280   24.154700
102    opls_700     5.501430   23.199840   24.781350
103    opls_700     5.706180   24.432060   25.481540
104    opls_234     4.506980   25.247300   25.277210
105    opls_261     2.363330   24.955080   24.061520
106    opls_543     6.975550   24.413370   26.100870
107    opls_567     7.551450   25.474520   26.900570
108    opls_716     6.889010   26.691360   27.175450
109    opls_716     7.639340   27.570820   27.974820
110    opls_567     8.899770   27.063250   28.336900
111    opls_142     9.901280   27.726860   29.162550
112    opls_261     8.848920   22.682990   26.193050
113    opls_234     6.701930   22.385740   24.983020
114    opls_145     1.113250   17.318810   18.670290
115    opls_145    12.422090   16.585210   17.868260
116    opls_145    10.547610   29.584800   30.488400
117    opls_145    11.239300   28.947160   31.541680
118    opls_145    10.665880   30.986300   30.352280
119    opls_145    12.019250   29.693950   32.429240
120    opls_145    11.464260   31.715820   31.230520
121    opls_700    12.143010   31.089910   32.302110
122    opls_750     6.878530   12.603760   20.962890
123    opls_542    13.244460   10.625340   24.724440
124    opls_542    14.400400    6.685960   26.052610
125    opls_750     8.650240    4.738810   29.931970
126    opls_750     0.857560   12.148130   13.878420
127    opls_542     3.521430    9.269760    7.837910
128    opls_542     6.283300    6.372010    9.449960
129    opls_750     8.662290    3.220160    3.425760
130    opls_750     6.701050   19.147270   13.961950
131    opls_542     3.757790   21.593290    7.859880
132    opls_542     0.949950   24.497330    9.378410
133    opls_750    -1.559040   27.371130    3.269350
134    opls_750     1.554280   18.783600   20.536920
135    opls_542     3.654220   24.451930   24.461200
136    opls_542     7.557640   23.184310   25.793700
137    opls_750     9.669560   28.907180   29.632120
138    opls_633     3.421180   12.133450   22.888100
139    opls_633    12.073280    5.204840   27.946860
140    opls_633     1.948740   11.041300   10.209720
141    opls_633     7.803920    4.551640    7.082140
142    opls_633     5.440380   20.006490   10.281940
143    opls_633    -0.652250   26.162930    6.955350
144    opls_633     2.121840   22.183850   22.536670
145    opls_633     9.115130   25.485300   27.664990
146    opls_236    11.288060   10.117530   25.896200
147    opls_236     4.167800    7.189750   24.871870
148    opls_236     4.240350    8.374820    5.802890
149    opls_236     5.566470    7.268780   11.484650
150    opls_236     2.965510   22.352820    5.797570
151    opls_236     1.739300   23.735050   11.441050
152    opls_236     4.197580   26.374490   25.672570
153    opls_236     7.009390   21.257150   24.591320
154    opls_146     7.209890   15.433190   17.284880
155    opls_146     5.835170   14.097110   18.909900
156    opls_144     5.200490   13.863430   21.177880
157    opls_570     6.510480   10.268480   22.267440
158    opls_570     4.844810    8.835480   23.755680
159    MOF2_H_     13.525210   12.783110   24.188980
160    opls_570    10.708930    8.455040   26.930520
161    opls_570     8.974260    7.141090   28.450050
162    opls_144    10.326520    3.485990   29.693020
163    MOF2_H_     15.977290    5.202890   26.632340
164    opls_146     9.507930   12.981450   21.089020
165    opls_146    10.865990   14.374140   19.514920
166    opls_146     8.435770    2.012640   29.591520
167    opls_146     7.198850    5.484570   32.023900
168    opls_146    11.415660   16.374300   14.942020
169    opls_146    12.696330   14.843330   13.423490
170    opls_144     0.304910   12.868550   11.972520
171    opls_570     2.776540   10.279220   13.693720
172    opls_570     4.192680    8.752680   12.048730
173    MOF2_H_      2.617880   11.299480    7.547050
174    opls_570     5.551210    6.882080    5.362940
175    opls_570     6.820990    5.341150    3.615780
176    opls_144     9.426300    2.703650    5.324670
177    MOF2_H_      7.892780    5.780200   10.892610
178    opls_146    11.624540   11.419600   15.998640
179    opls_146    10.274140   12.937180   17.460590
180    opls_146     8.440660   14.998400   15.131050
181    opls_146     7.018010   16.436530   13.648460
182    opls_144     7.180910   18.325560   12.081680
183    opls_570     4.700620   20.956160   13.739310
184    opls_570     3.186950   22.338440   12.053720
185    MOF2_H_      5.795980   20.831840    7.323090
186    opls_570     1.606650   23.788230    5.306700
187    opls_570     0.287410   25.231920    3.511950
188    opls_144    -2.328800   27.907310    5.155940
189    MOF2_H_      0.441090   26.375950   10.488270
190    opls_146     8.267990   20.001780   15.933740
191    opls_146     9.758260   18.574910   17.351770
192    opls_146    -4.256590   27.767060    3.623440
193    opls_146    -0.696620   28.885170    1.261280
194    opls_146     9.454020   17.307680   19.485630
195    opls_146    11.011530   18.676500   20.894670
196    opls_144     0.356830   20.498410   20.778530
197    opls_570     3.872600   19.025020   21.935310
198    opls_570     5.332410   20.616940   23.479130
199    MOF2_H_      1.927630   25.876350   24.572360
200    opls_570     5.845080   26.879160   26.757470
201    opls_570     7.207960   28.584990   28.266010
202    opls_144    10.887580   27.203840   29.392850
203    MOF2_H_      9.433050   23.207160   27.020040
204    opls_146     2.231830   17.283710   18.453310
205    opls_146    12.848330   15.987990   16.995680
206    opls_146    10.105980   31.527370   29.519640
207    opls_146    11.345150    2.737540    3.822780
208    opls_146     7.799520    1.776980    1.369770
209    opls_146    11.163390   27.817050   31.671800
210    opls_146     7.014010    0.512340   31.057470
211    opls_146     5.866210    3.950320   33.522460
212    opls_146    12.770870    1.336950    2.264650
213    opls_146     9.232700    0.322340   -0.114810
214    opls_146     6.504820   29.239280    2.129540
215    opls_146    -2.126580   30.417580   -0.150090
216    opls_146    12.572370   29.173200   33.279190
217    opls_146    11.581190   32.841370   31.093410
