0      opls_142    13.924840    1.501180    0.000000
1      opls_700     0.692570   22.714130    0.000000
2      opls_145    -0.590750   22.159910    0.000000
3      opls_523    -0.762220   20.779120    0.000000
4      opls_700     0.346360   19.923800    0.000000
5      opls_523     1.629520   20.483920    0.000000
6      opls_145     1.799810   21.864710    0.000000
7      opls_531     0.165400   18.457270    0.000000
8      opls_142    21.378720   11.308680    0.000000
9      opls_700    -5.196700   14.912750    0.000000
10     opls_145    -4.075070   14.078470    0.000000
11     opls_523    -2.793530   14.620370    0.000000
12     opls_700    -2.607090   16.008090    0.000000
13     opls_523    -3.733750   16.839280    0.000000
14     opls_145    -5.014700   16.296360    0.000000
15     opls_531    -1.246560   16.584640    0.000000
16     opls_142     9.158240   12.860170    0.000000
17     opls_700     4.504130   13.713190    0.000000
18     opls_145     4.665820   15.101680    0.000000
19     opls_523     3.555760   15.940580    0.000000
20     opls_700     2.260730   15.408180    0.000000
21     opls_523     2.104230   14.016860    0.000000
22     opls_145     3.214880   13.178990    0.000000
23     opls_531     1.081160   16.298160    0.000000
24     opls_142     0.895760   24.168850    0.000000
25     opls_700    14.128030    2.955900    0.000000
26     opls_145    15.411350    3.510120    0.000000
27     opls_523    15.582820    4.890910    0.000000
28     opls_700    14.474240    5.746240    0.000000
29     opls_523    13.191080    5.186120    0.000000
30     opls_145    13.020790    3.805330    0.000000
31     opls_531    14.655200    7.212770    0.000000
32     opls_142    -6.558120   14.361360    0.000000
33     opls_700    20.017300   10.757280    0.000000
34     opls_145    18.895670   11.591560    0.000000
35     opls_523    17.614130   11.049670    0.000000
36     opls_700    17.427690    9.661940    0.000000
37     opls_523    18.554350    8.830750    0.000000
38     opls_145    19.835300    9.373670    0.000000
39     opls_531    16.067160    9.085390    0.000000
40     opls_142     5.662360   12.809860    0.000000
41     opls_700    10.316470   11.956840    0.000000
42     opls_145    10.154780   10.568350    0.000000
43     opls_523    11.264840    9.729460    0.000000
44     opls_700    12.559870   10.261850    0.000000
45     opls_523    12.716370   11.653170    0.000000
46     opls_145    11.605720   12.491040    0.000000
47     opls_531    13.739440    9.371870    0.000000
48     opls_750    14.924640    0.688470    0.000000
49     opls_520    -1.072860   17.922560    0.000000
50     opls_750    21.582650   12.580880    0.000000
51     opls_520    -0.164360   15.779630    0.000000
52     opls_750     7.954510   12.400680    0.000000
53     opls_520     1.237220   17.637880    0.000000
54     opls_750    -0.104040   24.981560    0.000000
55     opls_520    15.893460    7.747470    0.000000
56     opls_750    -6.762050   13.089150    0.000000
57     opls_520    14.984960    9.890410    0.000000
58     opls_750     6.866090   13.269350    0.000000
59     opls_520    13.583380    8.032150    0.000000
60     opls_144    12.921340    1.107150    0.000000
61     opls_146    -1.459680   22.797810    0.000000
62     opls_526    -1.762320   20.378160    0.000000
63     opls_526     2.501870   19.851410    0.000000
64     opls_146     2.798130   22.270810    0.000000
65     opls_144    22.221710   10.636630    0.000000
66     opls_146    -4.193040   13.007010    0.000000
67     opls_526    -1.946240   13.954740    0.000000
68     opls_526    -3.622150   17.911010    0.000000
69     opls_146    -5.865550   16.957880    0.000000
70     opls_144     9.318750   13.926250    0.000000
71     opls_146     5.652730   15.535250    0.000000
72     opls_526     3.708560   17.007170    0.000000
73     opls_526     1.120290   13.577650    0.000000
74     opls_146     3.067420   12.111380    0.000000
75     opls_144     1.899260   24.562880    0.000000
76     opls_146    16.280280    2.872220    0.000000
77     opls_526    16.582920    5.291880    0.000000
78     opls_526    12.318730    5.818630    0.000000
79     opls_146    12.022470    3.399230    0.000000
80     opls_144    -7.401110   15.033400    0.000000
81     opls_146    19.013640   12.663030    0.000000
82     opls_526    16.766840   11.715290    0.000000
83     opls_526    18.442750    7.759020    0.000000
84     opls_146    20.686150    8.712150    0.000000
85     opls_144     5.501850   11.743780    0.000000
86     opls_146     9.167870   10.134790    0.000000
87     opls_526    11.112040    8.662870    0.000000
88     opls_526    13.700310   12.092380    0.000000
89     opls_146    11.753180   13.558650    0.000000
