0      opls_700     9.795830   28.847580    3.124570
1      opls_700    29.414170   10.362420    3.124570
2      opls_700    10.362420    9.795830    3.124570
3      opls_700    28.847580   29.414170    3.124570
4      opls_166     8.690900   30.829650    2.185200
5      opls_145     9.742120    7.567140    3.868980
6      opls_166    10.914890   27.986140    3.199880
7      opls_145     9.862100   12.038650    1.516150
8      opls_166    30.519100    8.380350    2.185200
9      opls_145    29.467880   31.642860    3.868980
10     opls_166    28.295500   11.223860    3.199880
11     opls_145    29.347900   27.171350    1.516150
12     opls_166     8.380350    8.690900    2.185200
13     opls_145    31.642860    9.742120    3.868980
14     opls_166    11.223860   10.914890    3.199880
15     opls_145    27.171350    9.862100    1.516150
16     opls_166    30.829650   30.519100    2.185200
17     opls_145     7.567140   29.467880    3.868980
18     opls_166    27.986140   28.295500    3.199880
19     opls_145    12.038650   29.347900    1.516150
20     opls_700     9.809950   29.967810    2.260560
21     opls_145    10.601990    8.661880    3.915520
22     opls_700    29.400050    9.242190    2.260560
23     opls_145    28.608010   30.548120    3.915520
24     opls_700     9.242190    9.809950    2.260560
25     opls_145    30.548120   10.601990    3.915520
26     opls_700    29.967810   29.400050    2.260560
27     opls_145     8.661880   28.608010    3.915520
28     opls_700     7.569490   30.596740    3.034280
29     opls_700    12.036290   28.219040    2.350810
30     opls_700    31.640510    8.613260    3.034280
31     opls_700    27.173710   10.990960    2.350810
32     opls_700     8.613260    7.569490    3.034280
33     opls_700    10.990960   12.036290    2.350810
34     opls_700    30.596740   31.640510    3.034280
35     opls_700    28.219040   27.173710    2.350810
36     opls_543     2.791360    0.979860    3.519970
37     opls_543     2.794100   38.038410    3.565990
38     opls_543    16.813250   18.625530    1.864880
39     opls_543    36.418640   38.230140    3.519970
40     opls_543    36.415900    1.171590    3.565990
41     opls_543    22.396750   20.584470    1.864880
42     opls_543    38.230140    2.791360    3.519970
43     opls_543     1.171590    2.794100    3.565990
44     opls_543    20.584470   16.813250    1.864880
45     opls_543     0.979860   36.418640    3.519970
46     opls_543    38.038410   36.415900    3.565990
47     opls_543    18.625530   22.396750    1.864880
48     opls_716     4.182530    0.531300    3.598860
49     opls_716     4.181750   38.446190    3.674600
50     opls_716    15.422470   19.074100    1.785980
51     opls_716    35.027470   38.678700    3.598860
52     opls_716    35.028250    0.763810    3.674600
53     opls_716    23.787530   20.135900    1.785980
54     opls_716    38.678700    4.182530    3.598860
55     opls_716     0.763810    4.181750    3.674600
56     opls_716    20.135900   15.422470    1.785980
57     opls_716     0.531300   35.027470    3.598860
58     opls_716    38.446190   35.028250    3.674600
59     opls_716    19.074100   23.787530    1.785980
60     opls_543    20.776990   22.399100    1.818860
61     opls_543    18.433010   16.810900    1.818860
62     opls_543    16.810900   20.776990    1.818860
63     opls_543    22.399100   18.433010    1.818860
64     opls_716    20.369200   23.786750    1.710250
65     opls_716    18.840800   15.423250    1.710250
66     opls_716    15.423250   20.369200    1.710250
67     opls_716    23.786750   18.840800    1.710250
68     opls_141     2.437690    2.402000    3.440980
69     opls_141    17.167310   17.203390    1.943860
70     opls_141    36.772310   36.808000    3.440980
71     opls_141    22.042690   22.006610    1.943860
72     opls_141    36.808000    2.437690    3.440980
73     opls_141    22.006610   17.167310    1.943860
74     opls_141     2.402000   36.772310    3.440980
75     opls_141    17.203390   22.042690    1.943860
76     opls_700     3.513220    3.434400    3.285550
77     opls_700    16.091390   16.170990    2.099340
78     opls_700    35.696780   35.775600    3.285550
79     opls_700    23.118610   23.039010    2.099340
80     opls_700    35.775600    3.513220    3.285550
81     opls_700    23.039010   16.091390    2.099340
82     opls_700     3.434400   35.696780    3.285550
83     opls_700    16.170990   23.118610    2.099340
84     opls_145     4.586390    3.515570    4.188930
85     opls_145     4.393480   35.785010    2.261130
86     opls_145    15.018210   16.090220    1.196060
87     opls_145    15.211910   23.030390    3.123810
88     opls_145    34.623610   35.694430    4.188930
89     opls_145    34.816520    3.424990    2.261130
90     opls_145    24.191790   23.119780    1.196060
91     opls_145    23.998090   16.179610    3.123810
92     opls_145    35.694430    4.586390    4.188930
93     opls_145     3.424990    4.393480    2.261130
94     opls_145    23.119780   15.018210    1.196060
95     opls_145    16.179610   15.211910    3.123810
96     opls_145     3.515570   34.623610    4.188930
97     opls_145    35.785010   34.816520    2.261130
98     opls_145    16.090220   24.191790    1.196060
99     opls_145    23.030390   23.998090    3.123810
100    opls_145     5.579580    4.489150    4.032890
101    opls_145     5.411370   34.832600    2.154170
102    opls_145    14.024630   15.116630    1.352150
103    opls_145    14.194020   23.982800    3.230870
104    opls_145    33.630420   34.720850    4.032890
105    opls_145    33.798630    4.377400    2.154170
106    opls_145    25.185370   24.093370    1.352150
107    opls_145    25.015980   15.227200    3.230870
108    opls_145    34.720850    5.579580    4.032890
109    opls_145     4.377400    5.411370    2.154170
110    opls_145    24.093370   14.024630    1.352150
111    opls_145    15.227200   14.194020    3.230870
112    opls_145     4.489150   33.630420    4.032890
113    opls_145    34.832600   33.798630    2.154170
114    opls_145    15.116630   25.185370    1.352150
115    opls_145    23.982800   25.015980    3.230870
116    opls_145     5.479600    5.442350    3.008140
117    opls_145    14.125010   14.163040    2.376900
118    opls_145    33.730400   33.767650    3.008140
119    opls_145    25.084990   25.046960    2.376900
120    opls_145    33.767650    5.479600    3.008140
121    opls_145    25.046960   14.125010    2.376900
122    opls_145     5.442350   33.730400    3.008140
123    opls_145    14.163040   25.084990    2.376900
124    opls_145    30.207780   28.266100    1.469610
125    opls_142    27.309760   26.007600    2.239930
126    opls_142    31.505630   32.807010    3.145150
127    opls_145     9.002620   10.943900    1.469610
128    opls_142    11.900240   13.202400    2.239930
129    opls_142     7.704370    6.402990    3.145150
130    opls_145    10.943900   30.207780    1.469610
131    opls_142    13.202400   27.309760    2.239930
132    opls_142     6.402990   31.505630    3.145150
133    opls_145    28.266100    9.002620    1.469610
134    opls_142    26.007600   11.900240    2.239930
135    opls_142    32.807010    7.704370    3.145150
136    opls_547     5.086710    1.117880    3.554500
137    opls_547     5.067500   37.829420    3.760840
138    opls_547    14.517890   18.487910    1.830350
139    opls_547    34.123290   38.092120    3.554500
140    opls_547    34.142500    1.380580    3.760840
141    opls_547    24.692110   20.722090    1.830350
142    opls_547    38.092120    5.086710    3.554500
143    opls_547     1.380580    5.067500    3.760840
144    opls_547    20.722090   14.517890    1.830350
145    opls_547     1.117880   34.123290    3.554500
146    opls_547    37.829420   34.142500    3.760840
147    opls_547    18.487910   24.692110    1.830350
148    opls_547    20.985980   24.672500    1.624010
149    opls_547    18.224020   14.537500    1.624010
150    opls_547    14.537500   20.985980    1.624010
151    opls_547    24.672500   18.224020    1.624010
152    opls_146     4.645990    2.836450    5.030890
153    opls_146     4.362900   36.604890    1.552560
154    opls_146    14.959010   16.769330    0.354050
155    opls_146    15.242500   22.210500    3.832390
156    opls_146    34.564400   36.373940    5.030890
157    opls_146    34.847100    2.605110    1.552560
158    opls_146    24.250990   22.440670    0.354050
159    opls_146    23.967500   16.999500    3.832390
160    opls_146    36.373940    4.645990    5.030890
161    opls_146     2.605110    4.362900    1.552560
162    opls_146    22.440670   14.959010    0.354050
163    opls_146    16.999500   15.242500    3.832390
164    opls_146     2.836450   34.564400    5.030890
165    opls_146    36.604890   34.847100    1.552560
166    opls_146    16.769330   24.250990    0.354050
167    opls_146    22.210500   23.967500    3.832390
168    opls_146     6.387310    4.536200    4.750320
169    opls_146     6.160680   34.923950    1.377490
170    opls_146    13.217300   15.069190    0.634720
171    opls_146    13.444720   23.891830    4.007500
172    opls_146    32.822690   34.673800    4.750320
173    opls_146    33.049320    4.286050    1.377490
174    opls_146    25.992700   24.140810    0.634720
175    opls_146    25.765280   15.318170    4.007500
176    opls_146    34.673800    6.387310    4.750320
177    opls_146     4.286050    6.160680    1.377490
178    opls_146    24.140810   13.217300    0.634720
179    opls_146    15.318170   13.444720    4.007500
180    opls_146     4.536200   32.822690    4.750320
181    opls_146    34.923950   33.049320    1.377490
182    opls_146    15.069190   25.992700    0.634720
183    opls_146    23.891830   25.765280    4.007500
184    opls_146     9.937770    6.725690    4.524610
185    opls_146     9.666440   12.880090    0.860520
186    opls_146    29.272230   32.484310    4.524610
187    opls_146    29.543560   26.330300    0.860520
188    opls_146    32.484310    9.937770    4.524610
189    opls_146    26.330300    9.666440    0.860520
190    opls_146     6.725690   29.272230    4.524610
191    opls_146    12.880090   29.543560    0.860520
192    opls_146    27.756760   30.574390    4.589990
193    opls_146    11.453240    8.635610    4.589990
194    opls_146     8.635610   27.756760    4.589990
195    opls_146    30.574390   11.453240    4.589990
196    opls_146    31.059030   28.239830    0.795140
197    opls_144    27.707750   25.088520    1.826400
198    opls_144    31.107650   33.726090    3.558640
199    opls_168    32.251400   31.387210    0.990800
200    opls_168    26.564380   27.427000    4.394380
201    opls_146     8.150970   10.970170    0.795140
202    opls_144    11.502250   14.121870    1.826400
203    opls_144     8.102350    5.483910    3.558640
204    opls_168     6.958600    7.822790    0.990800
205    opls_168    12.645620   11.783000    4.394380
206    opls_146    10.970170   31.059030    0.795140
207    opls_144    14.121870   27.707750    1.826400
208    opls_144     5.483910   31.107650    3.558640
209    opls_168     7.822790   32.251400    0.990800
210    opls_168    11.783000   26.564380    4.394380
211    opls_146    28.239830    8.150970    0.795140
212    opls_144    25.088520   11.502250    1.826400
213    opls_144    33.726090    8.102350    3.558640
214    opls_168    31.387210    6.958600    0.990800
215    opls_168    27.427000   12.645620    4.394380
216    opls_542    19.623820   21.554910    1.870620
217    opls_542    19.586180   17.655090    1.870620
218    opls_542    17.655090   19.623820    1.870620
219    opls_542    21.554910   19.586180    1.870620
220    opls_542     1.949910   39.191570    3.514180
221    opls_542    37.260090    0.018430    3.514180
222    opls_542     0.018430    1.949910    3.514180
223    opls_542    39.191570   37.260090    3.514180
224    opls_750    26.050730   26.092290    2.543640
225    opls_750    32.764660   32.721920    2.841400
226    opls_750    13.159270   13.117710    2.543640
227    opls_750     6.445340    6.488080    2.841400
228    opls_750    13.117710   26.050730    2.543640
229    opls_750     6.488080   32.764660    2.841400
230    opls_750    26.092290   13.159270    2.543640
231    opls_750    32.721920    6.445340    2.841400
232    opls_167     8.721090   31.847930    1.217630
233    opls_167    10.884700   26.967460    4.167410
234    opls_167    30.488910    7.362070    1.217630
235    opls_167    28.325300   12.242540    4.167410
236    opls_167     7.362070    8.721090    1.217630
237    opls_167    12.242540   10.884700    4.167410
238    opls_167    31.847930   30.488910    1.217630
239    opls_167    26.967460   28.325300    4.167410
240    Cu2+        39.210000   39.210000    3.002250
241    Cu2+        19.605000   19.605000    2.382600
