0      opls_145     4.978940    9.324160    1.917970
1      opls_145     5.759540    9.333340    0.864280
2      opls_142     6.295720   10.516350    0.387580
3      opls_145     8.306570   11.457220    3.170380
4      opls_145     8.519570   12.596480    3.774970
5      opls_145     9.522490   13.375490    3.390280
6      opls_916    10.319500   13.028500    2.402070
7      opls_145    10.035150   11.938550    1.746840
8      opls_145     9.039870   11.161340    2.131570
9      opls_145    10.390640   15.731190    1.765170
10     opls_145    16.212640    1.132710    1.917970
11     opls_145    16.993240    1.141890    0.864280
12     opls_142    17.529420    2.324900    0.387580
13     opls_145    19.540270    3.265770    3.170380
14     opls_145    19.753270    4.405030    3.774970
15     opls_145    20.756190    5.184040    3.390280
16     opls_916    21.553200    4.837050    2.402070
17     opls_145    21.268850    3.747100    1.746840
18     opls_145    20.273570    2.969890    2.131570
19     opls_145    21.624340    7.539740    1.765170
20     opls_145    17.970430    9.324160    2.333700
21     opls_145    17.189840    9.333340    3.387390
22     opls_142    16.653660   10.516350    3.864090
23     opls_145    14.642810   11.457220    1.081280
24     opls_145    14.429800   12.596480    0.476700
25     opls_145    13.426880   13.375490    0.861390
26     opls_916    12.629880   13.028500    1.849600
27     opls_145    12.914220   11.938550    2.504830
28     opls_145    13.909500   11.161340    2.120090
29     opls_145    12.558730   15.731190    2.486500
30     opls_145     6.736730    1.132710    2.333700
31     opls_145     5.956140    1.141890    3.387390
32     opls_142     5.419960    2.324900    3.864090
33     opls_145     3.409110    3.265770    1.081280
34     opls_145     3.196100    4.405030    0.476700
35     opls_145     2.193180    5.184040    0.861390
36     opls_916     1.396180    4.837050    1.849600
37     opls_145     1.680520    3.747100    2.504830
38     opls_145     2.675800    2.969890    2.120090
39     opls_145     1.325030    7.539740    2.486500
40     opls_145    17.970430    7.058740    2.333700
41     opls_145    17.189840    7.049560    3.387390
42     opls_142    16.653660    5.866550    3.864090
43     opls_145    14.642810    4.925680    1.081280
44     opls_145    14.429800    3.786420    0.476700
45     opls_145    13.426880    3.007410    0.861390
46     opls_916    12.629880    3.354400    1.849600
47     opls_145    12.914220    4.444350    2.504830
48     opls_145    13.909500    5.221560    2.120090
49     opls_145    12.558730    0.651710    2.486500
50     opls_145     6.736730   15.250190    2.333700
51     opls_145     5.956140   15.241010    3.387390
52     opls_142     5.419960   14.058000    3.864090
53     opls_145     3.409110   13.117130    1.081280
54     opls_145     3.196100   11.977870    0.476700
55     opls_145     2.193180   11.198860    0.861390
56     opls_916     1.396180   11.545850    1.849600
57     opls_145     1.680520   12.635800    2.504830
58     opls_145     2.675800   13.413010    2.120090
59     opls_145     1.325030    8.843160    2.486500
60     opls_145     4.978940    7.058740    1.917970
61     opls_145     5.759540    7.049560    0.864280
62     opls_142     6.295720    5.866550    0.387580
63     opls_145     8.306570    4.925680    3.170380
64     opls_145     8.519570    3.786420    3.774970
65     opls_145     9.522490    3.007410    3.390280
66     opls_916    10.319500    3.354400    2.402070
67     opls_145    10.035150    4.444350    1.746840
68     opls_145     9.039870    5.221560    2.131570
69     opls_145    10.390640    0.651710    1.765170
70     opls_145    16.212640   15.250190    1.917970
71     opls_145    16.993240   15.241010    0.864280
72     opls_142    17.529420   14.058000    0.387580
73     opls_145    19.540270   13.117130    3.170380
74     opls_145    19.753270   11.977870    3.774970
75     opls_145    20.756190   11.198860    3.390280
76     opls_916    21.553200   11.545850    2.402070
77     opls_145    21.268850   12.635800    1.746840
78     opls_145    20.273570   13.413010    2.131570
79     opls_145    21.624340    8.843160    1.765170
80     opls_916    11.474690   15.064240    2.125830
81     opls_916    22.708390    6.872790    2.125830
82     opls_916    11.474690    1.318660    2.125830
83     opls_916    22.708390    9.510110    2.125830
84     opls_145     6.133590    8.191450    0.338860
85     opls_145     4.594210    8.191450    2.442370
86     opls_145    17.367290    0.000000    0.338860
87     opls_145    15.827910    0.000000    2.442370
88     opls_145    16.815780    8.191450    3.912810
89     opls_145    18.355170    8.191450    1.809300
90     opls_145     5.582080    0.000000    3.912810
91     opls_145     7.121470    0.000000    1.809300
92     opls_750     7.509250   10.490460    3.666300
93     opls_750    18.742950    2.299010    3.666300
94     opls_750    15.440130   10.490460    0.585370
95     opls_750     4.206430    2.299010    0.585370
96     opls_750    15.440130    5.892440    0.585370
97     opls_750     4.206430   14.083890    0.585370
98     opls_750     7.509250    5.892440    3.666300
99     opls_750    18.742950   14.083890    3.666300
100    opls_239    11.474690   13.716580    2.125830
101    opls_239    22.708390    5.525130    2.125830
102    opls_239    11.474690    2.666320    2.125830
103    opls_239    22.708390   10.857770    2.125830
104    opls_146     4.704580   10.191310    2.355680
105    opls_144     6.162660   11.361050    0.918320
106    opls_146     7.973470   12.852710    4.582360
107    opls_146     9.725410   14.214620    3.899970
108    opls_146    10.618230   11.669870    0.964450
109    opls_146     8.872890   10.289120    1.657430
110    opls_146     9.546660   15.236920    1.484810
111    opls_146    15.938280    1.999860    2.355680
112    opls_144    17.396360    3.169600    0.918320
113    opls_146    19.207170    4.661260    4.582360
114    opls_146    20.959110    6.023170    3.899970
115    opls_146    21.851930    3.478420    0.964450
116    opls_146    20.106590    2.097670    1.657430
117    opls_146    20.780360    7.045470    1.484810
118    opls_146    18.244800   10.191310    1.895990
119    opls_144    16.786710   11.361050    3.333350
120    opls_146    14.975900   12.852710   -0.330690
121    opls_146    13.223960   14.214620    0.351700
122    opls_146    12.331140   11.669870    3.287220
123    opls_146    14.076490   10.289120    2.594240
124    opls_146    13.402710   15.236920    2.766860
125    opls_146     7.011100    1.999860    1.895990
126    opls_144     5.553010    3.169600    3.333350
127    opls_146     3.742200    4.661260   -0.330690
128    opls_146     1.990260    6.023170    0.351700
129    opls_146     1.097440    3.478420    3.287220
130    opls_146     2.842790    2.097670    2.594240
131    opls_146     2.169010    7.045470    2.766860
132    opls_146    18.244800    6.191590    1.895990
133    opls_144    16.786710    5.021850    3.333350
134    opls_146    14.975900    3.530190   -0.330690
135    opls_146    13.223960    2.168280    0.351700
136    opls_146    12.331140    4.713030    3.287220
137    opls_146    14.076490    6.093780    2.594240
138    opls_146    13.402710    1.145980    2.766860
139    opls_146     7.011100   14.383040    1.895990
140    opls_144     5.553010   13.213300    3.333350
141    opls_146     3.742200   11.721640   -0.330690
142    opls_146     1.990260   10.359730    0.351700
143    opls_146     1.097440   12.904480    3.287220
144    opls_146     2.842790   14.285230    2.594240
145    opls_146     2.169010    9.337430    2.766860
146    opls_146     4.704580    6.191590    2.355680
147    opls_144     6.162660    5.021850    0.918320
148    opls_146     7.973470    3.530190    4.582360
149    opls_146     9.725410    2.168280    3.899970
150    opls_146    10.618230    4.713030    0.964450
151    opls_146     8.872890    6.093780    1.657430
152    opls_146     9.546660    1.145980    1.484810
153    opls_146    15.938280   14.383040    2.355680
154    opls_144    17.396360   13.213300    0.918320
155    opls_146    19.207170   11.721640    4.582360
156    opls_146    20.959110   10.359730    3.899970
157    opls_146    21.851930   12.904480    0.964450
158    opls_146    20.106590   14.285230    1.657430
159    opls_146    20.780360    9.337430    1.484810
160    opls_146     4.044990    8.191450    3.291600
161    opls_146     6.757310    8.191450   -0.461690
162    opls_146    15.278690    0.000000    3.291600
163    opls_146    17.991010    0.000000   -0.461690
164    opls_146    18.904390    8.191450    0.960070
165    opls_146    16.192070    8.191450    4.713360
166    opls_146     7.670690    0.000000    0.960070
167    opls_146     4.958370    0.000000    4.713360
