0      opls_280    12.213560    6.951460    0.837840
1      opls_145    11.005430    7.768190    1.024130
2      opls_142    11.042360    9.081460    1.267170
3      opls_141    12.785500   10.899040    1.408820
4      opls_916    15.244030   10.317530    1.989500
5      opls_145    15.128990    8.918530    2.061510
6      opls_700    16.244680    8.071150    2.140320
7      opls_148    -5.137860   12.294250    2.538400
8      opls_280     9.723780    7.101520    0.837840
9      opls_145     9.620540    5.646890    1.024130
10     opls_142     8.464740    5.022230    1.267170
11     opls_141     6.019100    5.623050    1.408820
12     opls_916     5.293440    8.042950    1.989500
13     opls_145     6.562530    8.642820    2.061510
14     opls_700     6.738540   10.032730    2.140320
15     opls_148     2.847150    8.326610    2.538400
16     opls_280    10.838710    4.870280    0.837840
17     opls_145    12.150080    5.508180    1.024130
18     opls_142    13.268950    4.819570    1.267170
19     opls_141    13.971450    2.401170    1.408820
20     opls_916    12.238580    0.562780    1.989500
21     opls_145    11.084530    1.361910    2.061510
22     opls_700     9.792830    0.819380    2.140320
23     opls_148     2.290720   17.225660    2.538400
24     opls_280    -1.288210   11.971800    0.837840
25     opls_145    -0.080080   11.155070    1.024130
26     opls_142    -0.117010    9.841800    1.267170
27     opls_141    -1.860150    8.024220    1.408820
28     opls_916    -4.318680    8.605730    1.989500
29     opls_145    -4.203640   10.004730    2.061510
30     opls_700    -5.319330   10.852110    2.140320
31     opls_148    16.063210    6.629010    2.538400
32     opls_280     1.201570   11.821740    0.837840
33     opls_145     1.304810   13.276370    1.024130
34     opls_142     2.460610   13.901030    1.267170
35     opls_141     4.906250   13.300210    1.408820
36     opls_916     5.631910   10.880310    1.989500
37     opls_145     4.362820   10.280440    2.061510
38     opls_700     4.186810    8.890530    2.140320
39     opls_148     8.078200   10.596650    2.538400
40     opls_280     0.086640   14.052980    0.837840
41     opls_145    -1.224730   13.415080    1.024130
42     opls_142    -2.343600   14.103700    1.267170
43     opls_141    -3.046100   16.522090    1.408820
44     opls_916    -1.313230   18.360480    1.989500
45     opls_145    -0.159180   17.561350    2.061510
46     opls_700     1.132520   18.103880    2.140320
47     opls_148     8.634630    1.697610    2.538400
48     opls_238    12.186460    9.695710    1.852730
49     opls_238    14.108890   11.218660    1.851370
50     opls_238     7.360740    5.705930    1.852730
51     opls_238     5.080620    6.609330    1.851370
52     opls_238    13.228850    3.521620    1.852730
53     opls_238    13.586550    1.095280    1.851370
54     opls_238    -1.261110    9.227550    1.852730
55     opls_238    -3.183540    7.704610    1.851370
56     opls_238     3.564610   13.217330    1.852730
57     opls_238     5.844730   12.313930    1.851370
58     opls_238    -2.303500   15.401640    1.852730
59     opls_238    -2.661200   17.827980    1.851370
60     opls_474    11.954080   11.943980    0.874360
61     opls_474     5.529870    4.380550    0.874360
62     opls_474    15.292100    2.598730    0.874360
63     opls_474    -1.028730    6.979280    0.874360
64     opls_474     5.395480   14.542720    0.874360
65     opls_474    -4.366750   16.324530    0.874360
66     opls_281    13.234090    7.445170    0.405130
67     opls_281     8.785950    7.738480    0.405130
68     opls_281    10.756010    3.739610    0.405130
69     opls_281    -2.308740   11.478090    0.405130
70     opls_281     2.139400   11.184780    0.405130
71     opls_281     0.169340   15.183650    0.405130
72     opls_144    10.158170    9.672440    1.130080
73     opls_910    14.282050   12.243730    1.917390
74     opls_146    14.190940    8.459450    2.133550
75     opls_910    12.478060    9.361720    2.785920
76     opls_702    -5.358230   13.005580    1.731490
77     opls_702    -4.119950   12.492760    2.909230
78     opls_702    -5.851840   12.528330    3.341220
79     opls_144     8.395040    3.961020    1.130080
80     opls_910     4.106290    6.246760    1.917390
81     opls_146     7.429130    8.059980    2.133550
82     opls_910     7.504190    6.125460    2.785920
83     opls_702     2.341300    7.780110    1.731490
84     opls_702     2.166280    9.108900    2.909230
85     opls_702     3.001410    7.591260    3.341220
86     opls_144    14.222840    5.289810    1.130080
87     opls_910    14.387700    0.432770    1.917390
88     opls_146    11.155980    2.403820    2.133550
89     opls_910    12.793800    3.436090    2.785920
90     opls_702     3.016930   17.060830    1.731490
91     opls_702     1.953670   16.244860    2.909230
92     opls_702     2.850420   17.726930    3.341220
93     opls_144     0.767180    9.250830    1.130080
94     opls_910    -3.356700    6.679530    1.917390
95     opls_146    -3.265590   10.463810    2.133550
96     opls_910    -1.552710    9.561550    2.785920
97     opls_702    16.283580    5.917680    1.731490
98     opls_702    15.045300    6.430500    2.909230
99     opls_702    16.777190    6.394930    3.341220
100    opls_144     2.530310   14.962240    1.130080
101    opls_910     6.819060   12.676500    1.917390
102    opls_146     3.496220   10.863280    2.133550
103    opls_910     3.421160   12.797800    2.785920
104    opls_702     8.584050   11.143150    1.731490
105    opls_702     8.759070    9.814360    2.909230
106    opls_702     7.923940   11.332010    3.341220
107    opls_144    -3.297490   13.633450    1.130080
108    opls_910    -3.462350   18.490490    1.917390
109    opls_146    -0.230630   16.519440    2.133550
110    opls_910    -1.868450   15.487180    2.785920
111    opls_702     7.908420    1.862430    1.731490
112    opls_702     8.971680    2.678400    2.909230
113    opls_702     8.074930    1.196330    3.341220
