0      opls_238    33.593650   19.106010    0.523790
1      opls_238    10.391690   13.301350    7.860710
2      opls_238    16.956060   12.492230    7.798650
3      opls_238    13.466490    7.672740    7.102740
4      opls_238    27.378060   19.276480    8.061360
5      opls_238    30.021920   24.360790    6.566220
6      opls_238    33.706730   19.059980    5.967420
7      opls_238    10.278610   13.347370    2.417080
8      opls_238    16.842970   12.538250    2.355020
9      opls_238    13.353410    7.718770    1.659110
10     opls_238    27.264980   19.322510    2.617730
11     opls_238    29.908830   24.406810    1.122590
12     opls_910    33.849880   19.182740   -0.487100
13     opls_702    41.117310   16.691300    1.426230
14     opls_702    40.015180   15.271180   -0.181600
15     opls_140    37.459080   15.382270    3.353930
16     opls_140    38.895770   14.340760    3.315820
17     opls_140    39.058480   18.180080    1.481100
18     opls_702    37.927790   16.783540   -0.125530
19     opls_140    39.660840   16.795610    3.755780
20     opls_140    37.690490   14.309210    0.955470
21     opls_146    35.015610   20.303800    2.564170
22     opls_702    35.710470   16.360610    9.843500
23     opls_702    44.093550   16.067660    3.009130
24     opls_146     8.838780   12.034030    0.601520
25     opls_702    40.128150   11.643810   10.852640
26     opls_702    40.679030   12.860060    9.689340
27     opls_702    41.730780   11.468580   10.037510
28     opls_140    37.518550   19.248480    4.738030
29     opls_140    38.402030   19.990030    3.365910
30     opls_140    36.862760   20.710480    3.978750
31     opls_702    14.946940    0.748160    0.840610
32     opls_140    12.504330    0.328490    0.860960
33     opls_140    13.379450    2.366630    4.545110
34     opls_140    13.765670    0.664150    4.412930
35     opls_140    14.352710    3.121820    0.947950
36     opls_702    11.933420    2.705340    1.067390
37     opls_140    15.613160    2.016080    3.163290
38     opls_140    11.434410    1.175260    3.276190
39     opls_146    10.975830    6.934930    2.315830
40     opls_140     9.609500    4.063250    3.601510
41     opls_702    34.775290   15.502710   11.093680
42     opls_146    32.426240   25.186210    1.501030
43     opls_140    27.284010   26.644110    2.587790
44     opls_140    27.559440   27.167180    0.887750
45     opls_140    27.637990   25.475960    1.294710
46     opls_140    16.073960    4.710730    1.920510
47     opls_140    15.548470    6.034760    0.873160
48     opls_140    16.018340    6.303790    2.607170
49     opls_140    21.353270   14.374530    1.601630
50     opls_140    20.404240   16.626430    1.679800
51     opls_140    22.888750   16.149670    5.220550
52     opls_140    21.221980   15.544520    5.194750
53     opls_140    23.726710   15.221450    1.651050
54     opls_140    22.782510   17.466950    1.669780
55     opls_140    22.842250   13.925530    3.899820
56     opls_140    21.281370   17.822010    3.983320
57     opls_146    27.980310   16.714790    3.038530
58     opls_140    25.087430   20.577980    2.974840
59     opls_140    20.335080   12.073770    1.720190
60     opls_146    16.148780   15.122220    2.940000
61     opls_702    17.871240   17.793240    4.084570
62     opls_702    18.093790   17.820210    2.289920
63     opls_702    16.506270   17.380070    2.995630
64     opls_702    26.272140   13.946730    3.944780
65     opls_702    26.065200   14.050510    2.150890
66     opls_702    27.641890   14.450980    2.904180
67     opls_146    32.539320   25.140190    6.944660
68     opls_140    27.397090   26.598090    8.031420
69     opls_140    27.672520   27.121150    6.331380
70     opls_140    27.751070   25.429940    6.738340
71     opls_140    16.187040    4.664710    7.364140
72     opls_140    15.661550    5.988740    6.316790
73     opls_140    16.131420    6.257770    8.050800
74     opls_140    21.466350   14.328500    7.045260
75     opls_140    20.517330   16.580410    7.123430
76     opls_140    23.001830   16.103650   10.664180
77     opls_140    21.335060   15.498500   10.638380
78     opls_140    23.839790   15.175430    7.094680
79     opls_140    22.895590   17.420930    7.113410
80     opls_140    22.955330   13.879510    9.343450
81     opls_140    21.394450   17.775980    9.426950
82     opls_146    28.093390   16.668760    8.482160
83     opls_140    25.200510   20.531960    8.418470
84     opls_140    20.448160   12.027750    7.163820
85     opls_146    16.261860   15.076200    8.383630
86     opls_702    17.984320   17.747220    9.528210
87     opls_702    18.206870   17.774190    7.733550
88     opls_702    16.619350   17.334050    8.439260
89     opls_702    26.385220   13.900710    9.388410
90     opls_702    26.178280   14.004490    7.594520
91     opls_702    27.754970   14.404960    8.347810
92     opls_144     9.992260   11.265370    8.311010
93     opls_144    15.304890    8.267650    8.067570
94     opls_144    15.342510   13.714540    7.007040
95     opls_910    10.629120   13.733860    8.771760
96     opls_910    17.305500   12.204130    6.856470
97     opls_910    13.960230    7.538030    6.190610
98     opls_144    28.923220   18.063690    7.114500
99     opls_144    33.912700   21.142980    6.149780
100    opls_144    28.668560   23.583940    8.029570
101    opls_910    26.972670   19.706140    7.200620
102    opls_910    30.739210   24.006250    5.893060
103    opls_140    20.508000   11.706030    8.939200
104    opls_140    19.096630   11.205130    7.982760
105    opls_140    24.005500   19.775340    7.319510
106    opls_140    23.693610   19.898140    9.095110
107    opls_702    33.922910   16.917020    4.811840
108    opls_702    43.737580   15.112290    9.933860
109    opls_702    34.662210   15.548730    5.650050
110    opls_702    42.635030   16.342940    9.279320
111    opls_144     9.330740    5.377140    7.972850
112    opls_144     9.794690    3.833040    7.246780
113    opls_140    34.002000   27.291820    6.359140
114    opls_140    33.835180   28.484820    7.674000
115    opls_140    34.281230   26.829550    8.084120
116    MOF2_H_      9.879180   11.311390    2.867380
117    opls_144    15.191800    8.313670    2.623940
118    opls_144    15.229430   13.760570    1.563410
119    opls_910    10.516040   13.779890    3.328130
120    opls_910    17.192420   12.250150    1.412840
121    opls_910    13.847150    7.584050    0.746980
122    opls_144    28.810140   18.109710    1.670870
123    opls_144    33.799620   21.189000    0.706150
124    opls_144    28.555480   23.629960    2.585940
125    opls_910    26.859590   19.752160    1.756990
126    opls_910    30.626130   24.052270    0.449430
127    opls_140    20.394920   11.752050    3.495570
128    opls_140    18.983550   11.251160    2.539130
129    opls_140    23.892420   19.821360    1.875880
130    opls_140    23.580530   19.944170    3.651480
131    opls_702    34.035990   16.871000   10.255470
132    opls_140     9.217660    5.423160    2.529220
133    opls_140     9.681610    3.879060    1.803150
134    opls_702    42.521940   16.388960    3.835690
135    opls_702    43.624500   15.158310    4.490230
136    opls_140    33.888920   27.337850    0.915510
137    opls_140    33.722100   28.530840    2.230360
138    opls_140    34.168140   26.875570    2.640490
139    opls_910    33.962960   19.136720    4.956530
140    opls_702    41.230390   16.645280    6.869860
141    opls_702    40.128260   15.225160    5.262030
142    opls_140    37.572160   15.336250    8.797560
143    opls_140    39.008850   14.294730    8.759460
144    opls_140    39.171560   18.134060    6.924730
145    opls_702    38.040880   16.737520    5.318100
146    opls_140    39.773920   16.749590    9.199410
147    opls_140    37.803580   14.263190    6.399100
148    opls_146    35.128690   20.257780    8.007800
149    opls_702    35.597390   16.406640    4.399870
150    opls_702    44.206630   16.021640    8.452760
151    opls_146     8.951860   11.988000    6.045150
152    opls_702    40.015070   11.689840    5.409010
153    opls_702    40.565950   12.906090    4.245710
154    opls_702    41.617690   11.514600    4.593880
155    opls_140    37.631630   19.202450   10.181660
156    opls_140    38.515110   19.944000    8.809540
157    opls_140    36.975840   20.664450    9.422380
158    opls_702    15.060020    0.702140    6.284240
159    opls_140    12.617410    0.282470    6.304600
160    opls_140    13.492530    2.320610    9.988740
161    opls_140    13.878750    0.618130    9.856570
162    opls_140    14.465790    3.075790    6.391590
163    opls_702    12.046500    2.659310    6.511020
164    opls_140    15.726240    1.970050    8.606930
165    opls_140    11.547490    1.129240    8.719830
166    opls_146    11.088910    6.888900    7.759460
167    opls_515    40.493290   15.922980    1.881320
168    opls_137    39.327870   16.391480    2.788880
169    opls_137    38.313590   15.113700    1.326830
170    opls_515    39.805010   15.042410    0.877840
171    opls_136    38.429240   15.210240    2.840490
172    opls_515    38.499850   17.365160    1.934780
173    opls_515    37.798510   16.496090    0.932280
174    opls_145    37.140290   17.738840    2.453880
175    opls_145    36.641760   18.956050    2.810110
176    opls_145    35.418900   19.374270    2.247240
177    opls_916    34.772060   18.633610    1.233640
178    opls_700    35.340800   17.409050    0.861180
179    opls_700    36.491960   16.964670    1.524000
180    opls_700    42.618450   14.607400    2.678160
181    opls_700    41.268860   14.746610    2.342940
182    opls_700    40.657540   13.944240    1.414910
183    opls_700    41.398330   13.002310    0.725420
184    opls_145     8.254680   12.773420    1.117800
185    opls_916     8.869460   13.534840    2.126280
186    opls_148    41.009330   12.177220   10.481490
187    opls_148    37.397630   19.777950    3.776900
188    opls_515    14.486940    0.640980    1.844740
189    opls_137    14.593060    1.834630    2.776030
190    opls_137    12.421730    1.402840    2.834830
191    opls_515    12.993160    0.360360    1.856390
192    opls_136    13.548210    1.557820    3.833510
193    opls_515    13.950730    2.975920    1.971680
194    opls_515    12.461160    2.696190    2.046700
195    opls_145    13.663230    4.222750    2.704500
196    opls_145    14.077800    5.466510    2.336190
197    opls_916    13.087520    6.478260    2.253660
198    opls_145    11.729080    6.182440    2.463350
199    opls_145    11.321070    4.900610    2.671410
200    opls_700    12.304380    3.940670    2.820240
201    opls_145    32.112590   27.158970    2.097000
202    opls_700    31.151660   28.091100    2.446800
203    opls_145    29.787040   27.815720    2.416540
204    opls_145    29.338980   26.609640    1.968630
205    opls_916    30.306510   25.611640    1.717900
206    opls_145    31.684650   25.902430    1.797270
207    opls_148    34.985070   16.475600   10.672460
208    opls_148    27.875520   26.458270    1.666300
209    opls_148    15.505960    5.646230    1.906470
210    opls_515    21.196950   14.789200    2.615230
211    opls_137    22.469050   14.870300    3.503410
212    opls_137    21.656290   16.894630    3.547070
213    opls_515    20.631900   16.176450    2.664880
214    opls_136    22.059730   15.860650    4.557080
215    opls_515    23.497760   15.625820    2.656820
216    opls_515    22.929870   17.012830    2.668360
217    opls_145    24.697060   16.146610    3.370040
218    opls_700    26.048950   15.878960    3.174290
219    opls_145    26.921640   16.933370    3.082510
220    opls_916    26.417880   18.235520    2.954910
221    opls_145    25.012780   18.464320    3.084250
222    opls_145    24.192740   17.412390    3.359160
223    opls_145    19.095180   13.336180    2.923990
224    opls_145    19.925560   14.360660    3.275430
225    opls_145    19.431580   15.629160    3.351750
226    opls_700    18.083820   15.921590    3.168960
227    opls_145    17.202620   14.885230    2.996720
228    opls_916    17.693530   13.586710    2.797590
229    opls_148    17.607180   17.307570    3.131500
230    opls_148    26.539430   14.503390    3.035370
231    opls_280    14.696430   10.786390    3.061280
232    opls_141    14.450010   12.106080    2.492860
233    opls_261    13.041420   12.489220    2.165150
234    opls_145    32.225670   27.112940    7.540630
235    opls_700    31.264740   28.045080    7.890430
236    opls_145    29.900120   27.769700    7.860170
237    opls_145    29.452060   26.563620    7.412270
238    opls_916    30.419600   25.565620    7.161530
239    opls_145    31.797730   25.856410    7.240900
240    opls_148    27.988600   26.412240    7.109930
241    opls_148    15.619040    5.600210    7.350100
242    opls_515    21.310030   14.743170    8.058860
243    opls_137    22.582140   14.824280    8.947040
244    opls_137    21.769370   16.848610    8.990700
245    opls_515    20.744980   16.130430    8.108510
246    opls_136    22.172810   15.814630   10.000710
247    opls_515    23.610840   15.579800    8.100450
248    opls_515    23.042950   16.966810    8.111990
249    opls_145    24.810140   16.100590    8.813670
250    opls_700    26.162030   15.832940    8.617920
251    opls_145    27.034720   16.887350    8.526140
252    opls_916    26.530960   18.189500    8.398540
253    opls_145    25.125860   18.418300    8.527880
254    opls_145    24.305820   17.366370    8.802790
255    opls_145    19.208260   13.290160    8.367620
256    opls_145    20.038640   14.314640    8.719060
257    opls_145    19.544660   15.583130    8.795380
258    opls_700    18.196900   15.875560    8.612590
259    opls_145    17.315700   14.839210    8.440350
260    opls_916    17.806610   13.540680    8.241220
261    opls_148    17.720260   17.261550    8.575130
262    opls_148    26.652510   14.457370    8.479000
263    opls_280    14.809510   10.740370    8.504910
264    opls_145    14.563100   12.060060    7.936490
265    opls_280    13.154500   12.443200    7.608780
266    opls_145    12.042430   11.533560    7.899040
267    opls_280    12.392890   10.133430    8.078130
268    opls_145    13.819710    9.718430    8.226630
269    opls_142    10.755130   11.950340    8.015750
270    opls_142    14.252210    8.501510    7.937470
271    opls_142    15.573400   12.851880    7.594300
272    opls_280    31.615670   21.934190    7.207800
273    opls_145    30.242800   22.241610    7.702740
274    opls_280    29.477140   21.156610    8.280850
275    opls_145    29.722820   19.820530    7.758920
276    opls_280    31.055940   19.511720    7.156310
277    opls_145    32.026620   20.570500    6.889020
278    opls_142    28.734400   18.941840    7.689780
279    opls_142    33.253720   20.337360    6.354680
280    opls_142    29.640390   23.425870    7.565780
281    opls_148    19.842520   11.982200    8.092830
282    opls_148    24.477980   19.732320    8.323970
283    opls_148    34.871990   16.521620    5.228830
284    opls_143     9.985750    4.503470    8.092180
285    opls_148    43.365930   15.567060    8.995160
286    opls_148    33.669930   27.453590    7.406500
287    opls_700    42.731530   14.561380    8.121790
288    opls_700    41.511410   12.956290    6.169050
289    opls_145     8.367760   12.727400    6.561430
290    opls_916     8.982550   13.488810    7.569910
291    opls_515    14.600030    0.594960    7.288370
292    opls_515    13.106250    0.314330    7.300020
293    opls_261    12.279810   10.179450    2.634500
294    opls_141    13.706630    9.764450    2.783000
295    opls_261    10.642050   11.996360    2.572120
296    opls_142    14.139130    8.547540    2.493840
297    opls_142    15.460320   12.897900    2.150670
298    opls_280    31.502590   21.980210    1.764170
299    opls_145    30.129720   22.287630    2.259110
300    opls_280    29.364060   21.202640    2.837220
301    opls_145    29.609740   19.866560    2.315290
302    opls_280    30.942860   19.557750    1.712680
303    opls_145    31.913540   20.616520    1.445390
304    opls_142    28.621310   18.987860    2.246150
305    opls_142    33.140640   20.383380    0.911050
306    opls_142    29.527310   23.471900    2.122150
307    opls_148    19.729440   12.028220    2.649200
308    opls_148    24.364900   19.778340    2.880330
309    opls_148     9.872660    4.549500    2.648540
310    opls_148    43.252840   15.613080    3.551530
311    opls_148    33.556850   27.499610    1.962860
312    opls_515    40.606370   15.876960    7.324950
313    opls_137    39.440950   16.345460    8.232510
314    opls_137    38.426670   15.067680    6.770460
315    opls_515    39.918090   14.996380    6.321470
316    opls_136    38.542330   15.164220    8.284120
317    opls_515    38.612930   17.319140    7.378410
318    opls_515    37.911600   16.450060    6.375910
319    opls_145    37.253370   17.692810    7.897510
320    opls_145    36.754840   18.910030    8.253740
321    opls_145    35.531980   19.328240    7.690870
322    opls_916    34.885140   18.587590    6.677270
323    opls_700    35.453890   17.363030    6.304810
324    opls_700    36.605040   16.918650    6.967630
325    opls_700    41.381940   14.700590    7.786570
326    opls_700    40.770620   13.898210    6.858540
327    opls_148    40.896250   12.223250    5.037860
328    opls_148    37.510710   19.731930    9.220530
329    opls_137    14.706150    1.788610    8.219670
330    opls_137    12.534810    1.356820    8.278460
331    opls_136    13.661290    1.511800    9.277140
332    opls_515    14.063810    2.929890    7.415310
333    opls_515    12.574240    2.650170    7.490330
334    opls_145    13.776310    4.176720    8.148140
335    opls_145    14.190880    5.420490    7.779820
336    opls_916    13.200600    6.432240    7.697290
337    opls_145    11.842160    6.136420    7.906980
338    opls_145    11.434150    4.854590    8.115040
339    opls_700    12.417460    3.894640    8.263870
340    opls_281    11.509220    9.329940    8.132130
341    opls_281    15.829770   10.483020    9.131910
342    opls_281    12.914440   13.498870    7.094900
343    opls_281    31.348380   18.385000    6.884450
344    opls_281    32.436530   22.795090    7.135400
345    opls_281    28.628140   21.366600    9.137680
346    opls_272    11.396130    9.375970    2.688500
347    opls_281    15.716690   10.529040    3.688280
348    opls_272    12.801360   13.544900    1.651270
349    opls_281    31.235300   18.431030    1.440820
350    opls_281    32.323450   22.841110    1.691770
351    opls_281    28.515060   21.412620    3.694050
