0      opls_700    14.203340   18.427390    1.242350
1      opls_700    15.584990   18.440460    1.571050
2      opls_145    16.308880   19.650310    1.771190
3      opls_700    13.372070   19.637930    1.155480
4      opls_145    20.182920   13.597630    3.421640
5      opls_145    21.004690   12.481700    3.437620
6      opls_145    22.234830   12.482730    2.760030
7      opls_145    22.654550   13.667810    2.125140
8      opls_145    21.828430   14.776860    2.110860
9      opls_142    23.924360   11.099850    1.955380
10     opls_700    24.627000    9.838060    1.950130
11     opls_145    24.098000    8.753420    2.670520
12     opls_166    24.733810    7.521900    2.672770
13     opls_261    11.627030    6.521550    3.796860
14     opls_261    11.953630    5.157590    3.199600
15     opls_261    13.414350    5.108740    2.771810
16     opls_700    30.828340    1.227390    1.242350
17     opls_700    32.209990    1.240460    1.571050
18     opls_145    32.933880    2.450310    1.771190
19     opls_700    29.997070    2.437930    1.155480
20     opls_145     3.557920   30.797630    3.421640
21     opls_145     4.379690   29.681700    3.437620
22     opls_145     5.609830   29.682730    2.760030
23     opls_145     6.029550   30.867810    2.125140
24     opls_145     5.203430   31.976860    2.110860
25     opls_142     7.299360   28.299850    1.955380
26     opls_700     8.002000   27.038060    1.950130
27     opls_145     7.473000   25.953420    2.670520
28     opls_166     8.108810   24.721900    2.672770
29     opls_261    28.252030   23.721550    3.796860
30     opls_261    28.578630   22.357590    3.199600
31     opls_261    30.039350   22.308740    2.771810
32     opls_700    19.732570   18.427390    2.647640
33     opls_700    18.350920   18.440460    2.318940
34     opls_145    17.627030   19.650310    2.118800
35     opls_700    20.563840   19.637930    2.734510
36     opls_145    13.752990   13.597630    0.468350
37     opls_145    12.931220   12.481700    0.452370
38     opls_145    11.701080   12.482730    1.129960
39     opls_145    11.281360   13.667810    1.764850
40     opls_145    12.107480   14.776860    1.779130
41     opls_142    10.011550   11.099850    1.934610
42     opls_700     9.308910    9.838060    1.939860
43     opls_145     9.837910    8.753420    1.219470
44     opls_166     9.202100    7.521900    1.217220
45     opls_261    22.308880    6.521550    0.093130
46     opls_261    21.982280    5.157590    0.690400
47     opls_261    20.521560    5.108740    1.118180
48     opls_700     3.107570    1.227390    2.647640
49     opls_700     1.725920    1.240460    2.318940
50     opls_145     1.002030    2.450310    2.118800
51     opls_700     3.938840    2.437930    2.734510
52     opls_145    30.377990   30.797630    0.468350
53     opls_145    29.556220   29.681700    0.452370
54     opls_145    28.326080   29.682730    1.129960
55     opls_145    27.906360   30.867810    1.764850
56     opls_145    28.732480   31.976860    1.779130
57     opls_142    26.636550   28.299850    1.934610
58     opls_700    25.933910   27.038060    1.939860
59     opls_145    26.462910   25.953420    1.219470
60     opls_166    25.827100   24.721900    1.217220
61     opls_261     5.683880   23.721550    0.093130
62     opls_261     5.357280   22.357590    0.690400
63     opls_261     3.896560   22.308740    1.118180
64     opls_700    19.732570   15.972610    2.647640
65     opls_700    18.350920   15.959540    2.318940
66     opls_145    17.627030   14.749690    2.118800
67     opls_700    20.563840   14.762070    2.734510
68     opls_145    13.752990   20.802370    0.468350
69     opls_145    12.931220   21.918300    0.452370
70     opls_145    11.701080   21.917270    1.129960
71     opls_145    11.281360   20.732190    1.764850
72     opls_145    12.107480   19.623140    1.779130
73     opls_142    10.011550   23.300150    1.934610
74     opls_700     9.308910   24.561940    1.939860
75     opls_145     9.837910   25.646580    1.219470
76     opls_166     9.202100   26.878100    1.217220
77     opls_261    22.308880   27.878450    0.093130
78     opls_261    21.982280   29.242410    0.690400
79     opls_261    20.521560   29.291260    1.118180
80     opls_700     3.107570   33.172610    2.647640
81     opls_700     1.725920   33.159540    2.318940
82     opls_145     1.002030   31.949690    2.118800
83     opls_700     3.938840   31.962070    2.734510
84     opls_145    30.377990    3.602370    0.468350
85     opls_145    29.556220    4.718300    0.452370
86     opls_145    28.326080    4.717270    1.129960
87     opls_145    27.906360    3.532190    1.764850
88     opls_145    28.732480    2.423140    1.779130
89     opls_142    26.636550    6.100150    1.934610
90     opls_700    25.933910    7.361940    1.939860
91     opls_145    26.462910    8.446580    1.219470
92     opls_166    25.827100    9.678100    1.217220
93     opls_261     5.683880   10.678450    0.093130
94     opls_261     5.357280   12.042410    0.690400
95     opls_261     3.896560   12.091260    1.118180
96     opls_700    14.203340   15.972610    1.242350
97     opls_700    15.584990   15.959540    1.571050
98     opls_145    16.308880   14.749690    1.771190
99     opls_700    13.372070   14.762070    1.155480
100    opls_145    20.182920   20.802370    3.421640
101    opls_145    21.004690   21.918300    3.437620
102    opls_145    22.234830   21.917270    2.760030
103    opls_145    22.654550   20.732190    2.125140
104    opls_145    21.828430   19.623140    2.110860
105    opls_142    23.924360   23.300150    1.955380
106    opls_700    24.627000   24.561940    1.950130
107    opls_145    24.098000   25.646580    2.670520
108    opls_166    24.733810   26.878100    2.672770
109    opls_261    11.627030   27.878450    3.796860
110    opls_261    11.953630   29.242410    3.199600
111    opls_261    13.414350   29.291260    2.771810
112    opls_700    30.828340   33.172610    1.242350
113    opls_700    32.209990   33.159540    1.571050
114    opls_145    32.933880   31.949690    1.771190
115    opls_700    29.997070   31.962070    1.155480
116    opls_145     3.557920    3.602370    3.421640
117    opls_145     4.379690    4.718300    3.437620
118    opls_145     5.609830    4.717270    2.760030
119    opls_145     6.029550    3.532190    2.125140
120    opls_145     5.203430    2.423140    2.110860
121    opls_142     7.299360    6.100150    1.955380
122    opls_700     8.002000    7.361940    1.950130
123    opls_145     7.473000    8.446580    2.670520
124    opls_166     8.108810    9.678100    2.672770
125    opls_261    28.252030   10.678450    3.796860
126    opls_261    28.578630   12.042410    3.199600
127    opls_261    30.039350   12.091260    2.771810
128    opls_700    17.659060   17.200000    2.138290
129    opls_145    20.372690   17.200000    2.808300
130    opls_700     1.034060    0.000000    2.138290
131    opls_145     3.747690    0.000000    2.808300
132    opls_700    16.276850   17.200000    1.751700
133    opls_145    13.563220   17.200000    1.081690
134    opls_700    32.901850    0.000000    1.751700
135    opls_145    30.188220    0.000000    1.081690
136    opls_750    22.945300   11.286640    2.776560
137    opls_750     6.320300   28.486640    2.776560
138    opls_750    10.990610   11.286640    1.113430
139    opls_750    27.615610   28.486640    1.113430
140    opls_750    10.990610   23.113360    1.113430
141    opls_750    27.615610    5.913360    1.113430
142    opls_750    22.945300   23.113360    2.776560
143    opls_750     6.320300    5.913360    2.776560
144    opls_146    15.786530   20.655140    1.641110
145    opls_146    19.184130   13.577680    3.970590
146    opls_146    20.684960   11.546700    4.005990
147    opls_146    23.676400   13.713900    1.622090
148    opls_146    22.164900   15.731460    1.586530
149    opls_144    24.231930   11.929920    1.237020
150    opls_146     6.507990   26.079670    3.263970
151    opls_146    32.411530    3.455140    1.641110
152    opls_146     2.559130   30.777680    3.970590
153    opls_146     4.059960   28.746700    4.005990
154    opls_146     7.051400   30.913900    1.622090
155    opls_146     5.539900   32.931460    1.586530
156    opls_144     7.606930   29.129920    1.237020
157    opls_146    23.132990    8.879670    3.263970
158    opls_146    18.149380   20.655140    2.248880
159    opls_146    14.751780   13.577680   -0.080600
160    opls_146    13.250950   11.546700   -0.116000
161    opls_146    10.259520   13.713900    2.267900
162    opls_146    11.771010   15.731460    2.303460
163    opls_144     9.703980   11.929920    2.652970
164    opls_146    27.427920   26.079670    0.626020
165    opls_146     1.524380    3.455140    2.248880
166    opls_146    31.376780   30.777680   -0.080600
167    opls_146    29.875950   28.746700   -0.116000
168    opls_146    26.884520   30.913900    2.267900
169    opls_146    28.396010   32.931460    2.303460
170    opls_144    26.328980   29.129920    2.652970
171    opls_146    10.802920    8.879670    0.626020
172    opls_146    18.149380   13.744860    2.248880
173    opls_146    14.751780   20.822320   -0.080600
174    opls_146    13.250950   22.853300   -0.116000
175    opls_146    10.259520   20.686100    2.267900
176    opls_146    11.771010   18.668540    2.303460
177    opls_144     9.703980   22.470080    2.652970
178    opls_146    27.427920    8.320330    0.626020
179    opls_146     1.524380   30.944860    2.248880
180    opls_146    31.376780    3.622320   -0.080600
181    opls_146    29.875950    5.653300   -0.116000
182    opls_146    26.884520    3.486100    2.267900
183    opls_146    28.396010    1.468540    2.303460
184    opls_144    26.328980    5.270080    2.652970
185    opls_146    10.802920   25.520330    0.626020
186    opls_146    15.786530   13.744860    1.641110
187    opls_146    19.184130   20.822320    3.970590
188    opls_146    20.684960   22.853300    4.005990
189    opls_146    23.676400   20.686100    1.622090
190    opls_146    22.164900   18.668540    1.586530
191    opls_144    24.231930   22.470080    1.237020
192    opls_146     6.507990    8.320330    3.263970
193    opls_146    32.411530   30.944860    1.641110
194    opls_146     2.559130    3.622320    3.970590
195    opls_146     4.059960    5.653300    4.005990
196    opls_146     7.051400    3.486100    1.622090
197    opls_146     5.539900    1.468540    1.586530
198    opls_144     7.606930    5.270080    1.237020
199    opls_146    23.132990   25.520330    3.263970
200    opls_146    21.477960   17.165600    3.085700
201    opls_146     4.852960   -0.034400    3.085700
202    opls_146    12.457950   17.165600    0.804290
203    opls_146    29.082950   -0.034400    0.804290
204    opls_474    13.886920    3.570380    1.897340
205    opls_474    30.511920   20.770380    1.897340
206    opls_474    20.048990    3.570380    1.992650
207    opls_474     3.423990   20.770380    1.992650
208    opls_474    20.048990   30.829620    1.992650
209    opls_474     3.423990   13.629620    1.992650
210    opls_474    13.886920   30.829620    1.897340
211    opls_474    30.511920   13.629620    1.897340
212    opls_180    14.376970    2.436550    2.719220
213    opls_272    12.728620    3.275570    1.066480
214    MOF2_O_3    15.194080    4.122840    1.181350
215    opls_180     9.676390    6.408030    0.567470
216    opls_180    31.001970   19.636550    2.719220
217    opls_272    29.353620   20.475570    1.066480
218    MOF2_O_3    31.819080   21.322840    1.181350
219    opls_180    26.301390   23.608030    0.567470
220    opls_180    19.558940    2.436550    1.170770
221    opls_272    21.207290    3.275570    2.823510
222    MOF2_O_3    18.741830    4.122840    2.708640
223    opls_180    24.259520    6.408030    3.322520
224    opls_180     2.933940   19.636550    1.170770
225    opls_272     4.582290   20.475570    2.823510
226    MOF2_O_3     2.116830   21.322840    2.708640
227    opls_180     7.634520   23.608030    3.322520
228    opls_180    19.558940   31.963450    1.170770
229    opls_272    21.207290   31.124430    2.823510
230    MOF2_O_3    18.741830   30.277160    2.708640
231    opls_180    24.259520   27.991970    3.322520
232    opls_180     2.933940   14.763450    1.170770
233    opls_272     4.582290   13.924430    2.823510
234    MOF2_O_3     2.116830   13.077160    2.708640
235    opls_180     7.634520   10.791970    3.322520
236    opls_180    14.376970   31.963450    2.719220
237    opls_272    12.728620   31.124430    1.066480
238    MOF2_O_3    15.194080   30.277160    1.181350
239    opls_180     9.676390   27.991970    0.567470
240    opls_180    31.001970   14.763450    2.719220
241    opls_272    29.353620   13.924430    1.066480
242    MOF2_O_3    31.819080   13.077160    1.181350
243    opls_180    26.301390   10.791970    0.567470
244    opls_405    16.278070    3.496760    3.074800
245    opls_405    32.903070   20.696760    3.074800
246    opls_405    17.657840    3.496760    0.815190
247    opls_405     1.032840   20.696760    0.815190
248    opls_405    17.657840   30.903240    0.815190
249    opls_405     1.032840   13.703240    0.815190
250    opls_405    16.278070   30.903240    3.074800
251    opls_405    32.903070   13.703240    3.074800
