0      opls_145    28.459980   15.092580    0.000000
1      opls_145    -8.337060   15.742980    0.000000
2      opls_700    -8.199330   17.157770    0.000000
3      opls_700    25.944800   15.125530    0.000000
4      opls_145    -5.683780   17.115600    0.000000
5      opls_145    -4.434750   17.762040    0.000000
6      opls_916    -4.341350   19.165310    0.000000
7      opls_145    -5.546050   19.898400    0.000000
8      opls_145    -6.791470   19.243060    0.000000
9      opls_142    21.720630   11.959870    0.000000
10     opls_700    20.369640   11.498590    0.000000
11     opls_280    19.243880   12.370400    0.000000
12     opls_145    10.744750   17.100770    0.000000
13     opls_145     9.557170   17.856930    0.000000
14     opls_700     8.263250   17.268480    0.000000
15     opls_700    11.973810   14.906090    0.000000
16     opls_145     7.041990   19.468100    0.000000
17     opls_145     5.857830   20.226240    0.000000
18     opls_916     4.595680   19.605820    0.000000
19     opls_145     4.563340   18.195640    0.000000
20     opls_145     5.753400   17.445080    0.000000
21     opls_142    16.827630   12.830360    0.000000
22     opls_700    17.902410   11.891330    0.000000
23     opls_280    17.710280   10.480490    0.000000
24     opls_145    17.863220    0.754840    0.000000
25     opls_145    -1.220680   32.296810    0.000000
26     opls_700    -0.064300   31.470140    0.000000
27     opls_700    19.149340    2.916570    0.000000
28     opls_145    -1.358220   29.312690    0.000000
29     opls_145    -1.422890   27.907780    0.000000
30     opls_916    -0.254330   27.125260    0.000000
31     opls_145     0.983090   27.802350    0.000000
32     opls_145     1.038070   29.208250    0.000000
33     opls_142    18.520260    8.157640    0.000000
34     opls_700    18.795900    9.558270    0.000000
35     opls_280    20.113790   10.097300    0.000000
36     opls_145    -9.437330   17.855620    0.000000
37     opls_145    27.359710   17.205220    0.000000
38     opls_700    27.221980   15.790420    0.000000
39     opls_700    -6.922150   17.822670    0.000000
40     opls_145    24.706430   15.832600    0.000000
41     opls_145    23.457400   15.186150    0.000000
42     opls_916    23.364000   13.782890    0.000000
43     opls_145    24.569080   13.049790    0.000000
44     opls_145    25.814120   13.705130    0.000000
45     opls_142    -2.697980   20.988330    0.000000
46     opls_700    -1.346990   21.449610    0.000000
47     opls_280    -0.221230   20.577800    0.000000
48     opls_145     8.277900   15.847420    0.000000
49     opls_145     9.465480   15.091260    0.000000
50     opls_700    10.759400   15.679720    0.000000
51     opls_700     7.048840   18.042100    0.000000
52     opls_145    11.980660   13.480100    0.000000
53     opls_145    13.165010   12.721630    0.000000
54     opls_916    14.426970   13.342370    0.000000
55     opls_145    14.459310   14.752550    0.000000
56     opls_145    13.269250   15.503110    0.000000
57     opls_142     2.195210   20.117510    0.000000
58     opls_700     1.120240   21.056860    0.000000
59     opls_280     1.312370   22.467700    0.000000
60     opls_145     1.159430   32.193350    0.000000
61     opls_145    20.243330    0.651390    0.000000
62     opls_700    19.086950    1.478060    0.000000
63     opls_700    -0.126690   30.031620    0.000000
64     opls_145    20.380870    3.635500    0.000000
65     opls_145    20.445160    5.040420    0.000000
66     opls_916    19.276980    5.822930    0.000000
67     opls_145    18.039560    5.145850    0.000000
68     opls_145    17.984580    3.739950    0.000000
69     opls_142     0.502390   24.790550    0.000000
70     opls_700     0.226750   23.389920    0.000000
71     opls_280    -1.091140   22.850890    0.000000
72     opls_238    22.109270   13.259670    0.000000
73     opls_238    15.507640   12.517020    0.000000
74     opls_238    19.451610    7.171170    0.000000
75     opls_238    -3.086620   19.688520    0.000000
76     opls_238     3.515010   20.431180    0.000000
77     opls_238    -0.428960   25.777020    0.000000
78     opls_146    28.502210   14.076460    0.000000
79     opls_146    -7.528210   15.126190    0.000000
80     opls_146    -5.641550   16.100140    0.000000
81     opls_146    -3.584440   17.191380    0.000000
82     opls_146    -5.540920   20.918810    0.000000
83     opls_146    -7.600120   19.858870    0.000000
84     opls_144    22.464040   11.262680    0.000000
85     opls_910    21.396300   13.906120    0.000000
86     opls_146    11.603630   17.645410    0.000000
87     opls_146     9.687090   18.865480    0.000000
88     opls_146     7.900110   20.012730    0.000000
89     opls_146     5.926510   21.248620    0.000000
90     opls_146     3.676890   17.690220    0.000000
91     opls_146     5.624430   16.436870    0.000000
92     opls_144    17.059510   13.823090    0.000000
93     opls_910    15.303910   11.577010    0.000000
94     opls_146    16.962120    1.226330    0.000000
95     opls_146    -2.158880   31.904730    0.000000
96     opls_146    -2.259130   29.783850    0.000000
97     opls_146    -2.342450   27.456390    0.000000
98     opls_146     1.864030   27.287370    0.000000
99     opls_146     1.975690   29.600660    0.000000
100    opls_144    17.544400    7.862430    0.000000
101    opls_910    20.367170    7.465400    0.000000
102    opls_146    -9.479560   18.871740    0.000000
103    opls_146    26.550860   17.822010    0.000000
104    opls_146    24.664200   16.848060    0.000000
105    opls_146    22.607090   15.756820    0.000000
106    opls_146    24.563570   12.029390    0.000000
107    opls_146    26.623150   13.089330    0.000000
108    opls_144    -3.441390   21.685510    0.000000
109    opls_910    -2.373650   19.042080    0.000000
110    opls_146     7.419020   15.302790    0.000000
111    opls_146     9.335560   14.082720    0.000000
112    opls_146    11.122540   12.935460    0.000000
113    opls_146    13.096140   11.699580    0.000000
114    opls_146    15.345760   15.257980    0.000000
115    opls_146    13.398220   16.511330    0.000000
116    opls_144     1.963140   19.125110    0.000000
117    opls_910     3.718740   21.371190    0.000000
118    opls_146     2.060530   31.721860    0.000000
119    opls_146    21.181530    1.043470    0.000000
120    opls_146    21.281780    3.164340    0.000000
121    opls_146    21.365290    5.491480    0.000000
122    opls_146    17.158620    5.660830    0.000000
123    opls_146    17.047150    3.347210    0.000000
124    opls_144     1.478250   25.085770    0.000000
125    opls_910    -1.344520   25.482790    0.000000
126    opls_281    19.426120   13.612550    0.000000
127    opls_281    16.543430   10.017240    0.000000
128    opls_281    21.098400    9.318410    0.000000
129    opls_281    -0.403280   19.335320    0.000000
130    opls_281     2.479220   22.930960    0.000000
131    opls_281    -2.075750   23.629790    0.000000
