0      opls_542    27.251230    3.422100    1.262130
1      opls_542     1.799600    3.422100   27.712280
2      opls_542     1.242220    3.422100    1.698770
3      opls_542    27.808610    3.422100   27.275640
4      opls_750    17.877380    3.422100   28.382750
5      opls_750    11.173450    3.422100    0.591660
6      opls_238    19.167840    3.422100   28.533710
7      opls_238     9.883280    3.422100    0.440700
8      opls_750     0.638570    3.422100   17.800720
9      opls_750    28.412260    3.422100   11.173690
10     opls_238     0.491740    3.422100   19.091530
11     opls_238    28.559090    3.422100    9.882880
12     opls_545    28.034190    3.422100    0.689590
13     opls_545     1.016630    3.422100   28.284820
14     opls_547    25.649080    3.422100    4.013530
15     opls_547     3.401740    3.422100   24.960870
16     opls_547    24.143710    3.422100    1.954900
17     opls_547     4.907120    3.422100   27.019500
18     opls_547     1.948500    3.422100    4.824240
19     opls_547    27.102330    3.422100   24.150170
20     opls_547    25.044690    3.422100   25.654810
21     opls_547     4.006420    3.422100    3.319600
22     opls_146    28.191600    1.311140    5.055740
23     opls_146     0.859230    1.311140   23.918660
24     opls_146     0.859230    5.533060   23.918660
25     opls_146    28.191600    5.533060    5.055740
26     opls_146    23.996030    5.533060   28.181960
27     opls_146     5.054800    5.533060    0.792450
28     opls_146     5.054800    1.311140    0.792450
29     opls_146    23.996030    1.311140   28.181960
30     opls_146    27.787300    1.310320    7.433670
31     opls_146     1.263530    1.310320   21.541020
32     opls_146     1.263530    5.533810   21.541020
33     opls_146    27.787300    5.533810    7.433670
34     opls_146    21.619710    5.533810   27.769650
35     opls_146     7.431120    5.533810    1.204760
36     opls_146     7.431120    1.310320    1.204760
37     opls_146    21.619710    1.310320   27.769650
38     opls_910    19.541590    3.422100   29.426410
39     opls_910     9.509240    3.422100   -0.452000
40     opls_144    11.789500    3.422100   27.575230
41     opls_144    17.261330    3.422100    1.399170
42     opls_910    -0.399810    3.422100   19.467900
43     opls_910    29.450640    3.422100    9.506500
44     opls_144     1.427260    3.422100   11.710010
45     opls_144    27.623570    3.422100   17.264400
46     opls_543    27.305360    3.422100    2.611750
47     opls_543     1.745470    3.422100   26.362650
48     opls_543    25.981430    3.422100    0.801720
49     opls_543     3.069400    3.422100   28.172690
50     opls_716    25.978710    3.422100    3.046080
51     opls_716     3.072110    3.422100   25.928330
52     opls_716    25.165400    3.422100    1.933750
53     opls_716     3.885720    3.422100   27.040660
54     opls_507     0.799800    3.422100    2.980890
55     opls_507    28.251030    3.422100   25.993520
56     opls_507    26.452840    3.422100   27.308670
57     opls_507     2.597990    3.422100    1.665740
58     opls_716     1.928230    3.422100    3.802020
59     opls_716    27.122600    3.422100   25.172390
60     opls_716    26.012790    3.422100   25.983960
61     opls_716     3.038030    3.422100    2.990450
62     opls_700    28.442820    3.422100    3.451430
63     opls_700     0.608010    3.422100   25.522980
64     opls_700    25.599710    3.422100   28.437800
65     opls_700     3.451120    3.422100    0.536610
66     opls_700    28.226130    3.422100    4.847710
67     opls_700     0.824990    3.422100   24.126700
68     opls_700    24.204180    3.422100   28.216730
69     opls_700     4.846940    3.422100    0.757680
70     opls_145    28.110850    2.203220    5.551790
71     opls_145     0.939980    2.203220   23.422620
72     opls_145     0.939980    4.640920   23.422620
73     opls_145    28.110850    4.640920    5.551790
74     opls_145    23.500310    4.640920   28.099380
75     opls_145     5.550520    4.640920    0.875030
76     opls_145     5.550520    2.203220    0.875030
77     opls_145    23.500310    2.203220   28.099380
78     opls_145    27.877040    2.203220    6.939660
79     opls_145     1.173790    2.203220   22.034750
80     opls_145     1.173790    4.640980   22.034750
81     opls_145    27.877040    4.640980    6.939660
82     opls_145    22.113130    4.640980   27.860920
83     opls_145     6.937690    4.640980    1.113490
84     opls_145     6.937690    2.203220    1.113490
85     opls_145    22.113130    2.203220   27.860920
86     opls_700    27.757120    3.422100    7.645190
87     opls_700     1.293710    3.422100   21.329220
88     opls_700    21.408090    3.422100   27.738940
89     opls_700     7.642730    3.422100    1.235470
90     opls_700    15.492610    3.422100    0.166890
91     opls_700    13.558220    3.422100   28.807510
92     opls_280    14.326610    3.422100    0.987740
93     opls_280    14.724220    3.422100   27.986670
94     opls_142    16.931140    3.422100    0.431140
95     opls_142    12.119690    3.422100   28.543270
96     opls_234    20.027280    3.422100   27.492950
97     opls_234     9.023550    3.422100    1.481460
98     opls_700    28.850330    3.422100   15.491750
99     opls_700     0.200790    3.422100   13.482660
100    opls_280    28.025870    3.422100   14.328130
101    opls_280     1.024960    3.422100   14.646270
102    opls_142    28.590570    3.422100   16.931190
103    opls_142     0.460260    3.422100   12.043210
104    opls_234     1.535350    3.422100   19.947720
105    opls_234    27.515470    3.422100    9.026690
106    opls_281    14.148850    3.422100    2.192490
107    opls_281    14.902270    3.422100   26.781910
108    opls_236    19.631050    3.422100   26.305570
109    opls_236     9.419780    3.422100    2.668830
110    opls_281    26.820550    3.422100   14.154000
111    opls_281     2.230280    3.422100   14.820410
112    opls_236     2.721250    3.422100   19.547580
113    opls_236    26.329570    3.422100    9.426820
