0      opls_142    19.850400   10.335480    0.000000
1      opls_522    21.067230   10.931270    0.000000
2      opls_522    -6.714410   12.986920    0.000000
3      opls_521    -5.582640   12.270920    0.000000
4      opls_522    -4.387550   12.865200    0.000000
5      opls_523    -4.280760   14.191550    0.000000
6      opls_142    -2.688520   15.926970    0.000000
7      opls_145    -1.308540   16.342060    0.000000
8      opls_166    -0.315870   15.415250    0.000000
9      opls_521    22.278110   10.250400    0.000000
10     opls_522    10.060890   15.156260    0.000000
11     opls_523     9.696480   16.473070    0.000000
12     opls_145    10.587880   17.467390    0.000000
13     opls_145    11.885260   17.198860    0.000000
14     opls_523    11.406670   14.931390    0.000000
15     opls_145     9.031850    2.676790    0.000000
16     opls_523    10.102910   12.023210    0.000000
17     opls_522     8.978530   12.779120    0.000000
18     opls_522     6.599650   12.788150    0.000000
19     opls_521     6.653850   14.126300    0.000000
20     opls_671     5.541640   14.864130    0.000000
21     opls_141     4.339590   14.293440    0.000000
22     opls_142     2.040550   14.804650    0.000000
23     opls_145     0.991080   15.792200    0.000000
24     opls_166     1.297390   17.115290    0.000000
25     opls_521     8.962740   14.168210    0.000000
26     opls_522    10.822750    1.134860    0.000000
27     opls_523     9.864560    0.160870    0.000000
28     opls_145     8.557760    0.435670    0.000000
29     opls_145     8.141620    1.693510    0.000000
30     opls_523    10.344600    2.412770    0.000000
31     opls_145    22.144810    6.483420    0.000000
32     opls_142    13.515030    2.737770    0.000000
33     opls_522    13.422590    1.386080    0.000000
34     opls_522     0.114760   24.417860    0.000000
35     opls_521    -1.071210   23.795710    0.000000
36     opls_671    -1.154080   22.463590    0.000000
37     opls_141    -0.058830   21.707940    0.000000
38     opls_142     0.647970   19.461300    0.000000
39     opls_145     0.317460   18.058660    0.000000
40     opls_166    -0.981520   17.662390    0.000000
41     opls_521    12.227500    0.677860    0.000000
42     opls_522    22.584710    8.805350    0.000000
43     opls_523    23.907300    8.462530    0.000000
44     opls_145    24.322720    7.193400    0.000000
45     opls_145    23.441470    6.204100    0.000000
46     opls_523    21.717080    7.752300    0.000000
47     opls_145    12.291690   15.936250    0.000000
48     opls_523    -5.360950   14.760990    0.000000
49     opls_522    -6.577780   14.165200    0.000000
50     opls_522    21.203860   12.109550    0.000000
51     opls_521    20.072090   12.825550    0.000000
52     opls_671    18.877000   12.231260    0.000000
53     opls_141    18.770210   10.904920    0.000000
54     opls_142    17.177970    9.169490    0.000000
55     opls_145    15.797990    8.754400    0.000000
56     opls_166    14.805320    9.681210    0.000000
57     opls_521    -7.788660   14.846060    0.000000
58     opls_522     4.428560    9.940210    0.000000
59     opls_523     4.792970    8.623400    0.000000
60     opls_145     3.901570    7.629070    0.000000
61     opls_145     2.604190    7.897610    0.000000
62     opls_523     3.082780   10.165070    0.000000
63     opls_145     5.457600   22.419670    0.000000
64     opls_142     4.386540   13.073250    0.000000
65     opls_522     5.510920   12.317340    0.000000
66     opls_522     7.889800   12.308310    0.000000
67     opls_521     7.835600   10.970170    0.000000
68     opls_522     8.947810   10.232330    0.000000
69     opls_523    10.149860   10.803020    0.000000
70     opls_142    12.448900   10.291810    0.000000
71     opls_145    13.498370    9.304260    0.000000
72     opls_166    13.192060    7.981180    0.000000
73     opls_521     5.526710   10.928260    0.000000
74     opls_522     3.666700   23.961600    0.000000
75     opls_523     4.624890   24.935600    0.000000
76     opls_145     5.931690   24.660790    0.000000
77     opls_145     6.347830   23.402950    0.000000
78     opls_523     4.144850   22.683690    0.000000
79     opls_145    -7.655360   18.613040    0.000000
80     opls_142     0.974420   22.358690    0.000000
81     opls_522     1.066860   23.710390    0.000000
82     opls_522    14.374690    0.678610    0.000000
83     opls_521    15.560660    1.300750    0.000000
84     opls_671    15.643530    2.632870    0.000000
85     opls_141    14.548280    3.388520    0.000000
86     opls_142    13.841480    5.635160    0.000000
87     opls_145    14.171990    7.037800    0.000000
88     opls_166    15.470970    7.434070    0.000000
89     opls_521     2.261950   24.418610    0.000000
90     opls_522    -8.095260   16.291120    0.000000
91     opls_523    -9.417850   16.633940    0.000000
92     opls_145    -9.833270   17.903060    0.000000
93     opls_145    -8.952020   18.892370    0.000000
94     opls_523    -7.227630   17.344170    0.000000
95     opls_145     2.197760    9.160210    0.000000
96     opls_750    -3.015830   14.729110    0.000000
97     opls_520    -5.627410   10.985730    0.000000
98     opls_750     3.241580   15.120120    0.000000
99     opls_520     7.789240   14.730120    0.000000
100    opls_750    -0.225750   20.343700    0.000000
101    opls_520    -2.161830   24.477080    0.000000
102    opls_750    17.505280   10.367350    0.000000
103    opls_520    20.116860   14.110740    0.000000
104    opls_750    11.247870    9.976350    0.000000
105    opls_520     6.700210   10.366350    0.000000
106    opls_750    14.715200    4.752770    0.000000
107    opls_520    16.651280    0.619380    0.000000
108    opls_140    17.858970   12.884270    0.000000
109    opls_525    -3.528330   12.288480    0.000000
110    opls_526    -5.373270   15.961850    0.000000
111    opls_144    -3.439070   16.616620    0.000000
112    opls_144    12.605240   11.235180    0.000000
113    opls_526     8.704250   16.762680    0.000000
114    opls_146    10.265780   18.451420    0.000000
115    opls_146    12.576990   17.969320    0.000000
116    opls_526    11.868740   14.036700    0.000000
117    opls_146     8.701780    3.659060    0.000000
118    opls_140     5.611470   15.896600    0.000000
119    opls_144     3.352710   12.462150    0.000000
120    opls_526    10.109870   -0.843240    0.000000
121    opls_146     7.866610   -0.335290    0.000000
122    opls_146     7.128520    1.907330    0.000000
123    opls_526    10.888390    3.260280    0.000000
124    opls_146    21.459170    5.706430    0.000000
125    opls_168    14.455540   11.691440    0.000000
126    opls_168    -2.852390   18.432350    0.000000
127    opls_140    16.718070    3.188000    0.000000
128    opls_140    -2.083150   22.007840    0.000000
129    opls_144     2.020550   21.768920    0.000000
130    opls_526    24.654230    9.177020    0.000000
131    opls_146    25.335960    6.980330    0.000000
132    opls_146    23.762840    5.219810    0.000000
133    opls_526    20.711220    7.799480    0.000000
134    opls_146    13.307400   15.730970    0.000000
135    opls_168    -0.047240   13.410040    0.000000
136    opls_140    18.017780   12.807980    0.000000
137    opls_144    19.862720    9.134610    0.000000
138    opls_144    17.928520    8.479840    0.000000
139    opls_144     1.884210   13.861280    0.000000
140    opls_526     5.785200    8.333780    0.000000
141    opls_146     4.223670    6.645040    0.000000
142    opls_146     1.912460    7.127140    0.000000
143    opls_526     2.620710   11.059760    0.000000
144    opls_146     5.787670   21.437400    0.000000
145    opls_168    11.589820    6.745930    0.000000
146    opls_140     5.598140   16.072280    0.000000
147    opls_525     8.877980    9.199860    0.000000
148    opls_526    11.136740   12.634310    0.000000
149    opls_144     1.543130   19.797600    0.000000
150    opls_526     4.379580   25.939700    0.000000
151    opls_146     6.622840   25.431750    0.000000
152    opls_146     7.360930   23.189130    0.000000
153    opls_526     3.601060   21.836180    0.000000
154    opls_146    -6.969720   19.390030    0.000000
155    opls_168    17.341840    6.664110    0.000000
156    opls_140    -2.228620   21.908460    0.000000
157    opls_140    16.572600    3.088620    0.000000
158    opls_144    12.468900    3.327540    0.000000
159    opls_144    12.868950    5.329990    0.000000
160    opls_526   -10.164780   15.919440    0.000000
161    opls_146   -10.846510   18.116130    0.000000
162    opls_146    -9.273390   19.876650    0.000000
163    opls_526    -6.221770   17.296980    0.000000
164    opls_146     1.182050    9.365500    0.000000
165    opls_168     2.863410   18.423310    0.000000
166    opls_167    -0.683760   14.125040    0.000000
167    opls_167    11.909460    7.587160    0.000000
168    opls_167     2.598680   17.441790    0.000000
169    opls_167    16.453490    6.520310    0.000000
170    opls_167    -1.914930   18.626090    0.000000
171    opls_167    15.173210   10.971420    0.000000
