0      opls_702     7.845560    0.276770    0.493540
1      opls_702    18.265900    6.631240    0.705350
2      opls_702     8.040790   12.088150   -1.040240
3      opls_702     3.128310   18.419750   -1.073650
4      opls_702    -5.979700   13.089300   -1.054980
5      opls_702     3.735110    6.870490    0.285930
6      opls_702     2.782540   17.476450    0.493540
7      opls_702    -5.382830   13.193090    0.705350
8      opls_702     2.897420    7.873010   -1.040240
9      opls_702     8.191220    1.220270   -1.073650
10     opls_702    17.669260    6.527450   -1.054980
11     opls_702     8.878470   11.085620    0.285930
12     opls_146    13.282900    1.546100    0.000000
13     opls_144    12.930240    3.423910    0.000000
14     opls_910     9.813320    3.033370    0.000000
15     opls_702     8.485300    2.022840    0.580110
16     opls_146    14.589590   10.730270    0.000000
17     opls_144    13.139690    9.485960    0.000000
18     opls_910    15.036360    6.981900    0.000000
19     opls_702    16.465600    6.317920    0.349640
20     opls_146     5.982520    7.269820    0.000000
21     opls_144     7.785070    6.636320    0.000000
22     opls_910     9.005320    9.530920    0.000000
23     opls_702     7.723120   12.468320    0.754310
24     opls_146    -1.997900   18.000090    0.000000
25     opls_144    -1.645240   16.122290    0.000000
26     opls_910     1.471680   16.512820    0.000000
27     opls_702     3.422290   19.222510    0.580110
28     opls_146    -3.304590    8.815920    0.000000
29     opls_144    -1.854690   10.060230    0.000000
30     opls_910    -3.751360   12.564290    0.000000
31     opls_702    -7.183020   12.879570    0.349640
32     opls_146     5.302480   12.276380    0.000000
33     opls_144     3.499930   12.909870    0.000000
34     opls_910     2.279680   10.015270    0.000000
35     opls_702     2.579980    8.253180    0.754310
36     opls_281    13.887320    5.565580    0.000000
37     opls_281    10.806400    9.243980    0.000000
38     opls_281     9.161280    4.736630    0.000000
39     opls_281    -2.602320   13.980610    0.000000
40     opls_281     0.478600   10.302210    0.000000
41     opls_281     2.123720   14.809560    0.000000
42     opls_238    10.887880    2.755040    0.000000
43     opls_238    14.740130    8.051660    0.000000
44     opls_238     8.226990    8.739490    0.000000
45     opls_238     0.397120   16.791160    0.000000
46     opls_238    -3.455130   11.494530    0.000000
47     opls_238     3.058010   10.806700    0.000000
48     opls_280    12.692690    6.010450    0.000000
49     opls_700    11.547380    5.072430    0.000000
50     opls_142    11.826570    3.709670    0.000000
51     opls_916    11.071710    1.406540    0.000000
52     opls_145    12.374230    0.857690    0.000000
53     opls_700     9.954610    0.520910    0.000000
54     opls_148     8.530780    1.042590    0.000000
55     opls_280    11.018450    7.986970    0.000000
56     opls_700    12.403460    7.464100    0.000000
57     opls_142    13.444050    8.387270    0.000000
58     opls_916    15.816040    8.885110    0.000000
59     opls_145    15.640110   10.287550    0.000000
60     opls_700    17.141580    8.360490    0.000000
61     opls_148    17.401700    6.866580    0.000000
62     opls_280    10.143860    5.548770    0.000000
63     opls_700     9.904170    7.009660    0.000000
64     opls_142     8.584390    7.449250    0.000000
65     opls_916     6.967250    9.254540    0.000000
66     opls_145     5.840660    8.400950    0.000000
67     opls_700     6.758810   10.664790    0.000000
68     opls_148     7.922520   11.637020    0.000000
69     opls_280    -1.407690   13.535740    0.000000
70     opls_700    -0.262380   14.473760    0.000000
71     opls_142    -0.541570   15.836520    0.000000
72     opls_916     0.213290   18.139650    0.000000
73     opls_145    -1.089230   18.688510    0.000000
74     opls_700     1.330390   19.025290    0.000000
75     opls_148     2.754220   18.503600    0.000000
76     opls_280     0.266550   11.559230    0.000000
77     opls_700    -1.118460   12.082090    0.000000
78     opls_142    -2.159050   11.158920    0.000000
79     opls_916    -4.531040   10.661080    0.000000
80     opls_145    -4.355110    9.258640    0.000000
81     opls_700    -5.856580   11.185700    0.000000
82     opls_148    -6.116700   12.679620    0.000000
83     opls_280     1.141140   13.997420    0.000000
84     opls_700     1.380830   12.536540    0.000000
85     opls_142     2.700610   12.096940    0.000000
86     opls_916     4.317750   10.291660    0.000000
87     opls_145     5.444340   11.145240    0.000000
88     opls_700     4.526190    8.881400    0.000000
89     opls_148     3.362480    7.909170    0.000000
