0      opls_700    -1.047420   16.843230    1.219510
1      opls_145     0.253170   16.324260    1.139500
2      opls_700     1.356520   17.180700    1.035550
3      opls_145     1.148600   18.570960    1.002280
4      opls_700    -0.143880   19.108160    1.077430
5      opls_145    -1.238200   18.237130    1.184810
6      opls_141     2.715290   16.623450    0.912090
7      opls_141    -0.346230   20.570540    0.985450
8      opls_141    -2.203080   15.930540    1.281430
9      opls_700     1.532420   24.996760    7.475910
10     opls_145     2.734530   25.681610    7.312660
11     opls_145    17.779210    1.004090    7.014960
12     opls_700    16.588370    1.718880    6.882450
13     opls_142     1.634050   23.551040    0.295830
14     opls_181    13.235930    1.640500    0.521370
15     opls_166     0.304290   25.684990    7.312740
16     opls_166    15.349560    1.057990    7.065210
17     opls_181    -1.821370   25.131130    6.399000
18     opls_166     8.062130   12.803180    7.248800
19     opls_166     6.837310   13.503380    0.004640
20     opls_700     5.637900   12.764380    0.145450
21     opls_142     4.328290   13.386460    0.420790
22     opls_145     6.833250   10.700730    7.172450
23     opls_145     5.650530   11.375940    7.457590
24     opls_145    13.842250    8.536580    6.225880
25     opls_700    14.947100    7.670240    6.189910
26     opls_145    16.236870    8.207440    6.289900
27     opls_700    16.428100    9.594310    6.423000
28     opls_145    15.313030   10.445030    6.459720
29     opls_700    14.016500    9.925270    6.355550
30     opls_141    14.752710    6.206030    6.126430
31     opls_141    17.781910   10.149740    6.583480
32     opls_141    12.847760   10.822080    6.439380
33     opls_142     9.237940   10.580170    6.790770
34     opls_700     8.035670   11.394950    7.058710
35     opls_142    16.713450    3.168770    6.616460
36     opls_142    19.345300   13.226840    0.269360
37     opls_145    -8.265990   15.877940    1.217640
38     opls_145    20.623190   15.173040    0.996140
39     opls_700    20.651600   13.841120    0.567950
40     opls_181    21.672560   10.889000    0.851670
41     opls_166    -6.966300   13.908040    0.612900
42     opls_166    21.900930   13.186480    0.394310
43     opls_181    -5.466810   12.120680    1.035400
44     opls_142    -5.834700   16.110730    1.218090
45     opls_700    -7.027490   15.268090    1.015590
46     opls_181     7.384250   15.642800    6.582430
47     opls_181     9.585830   14.376750    0.715720
48     opls_700    -1.047420   16.843230    4.958510
49     opls_145     0.253170   16.324260    4.878500
50     opls_700     1.356520   17.180700    4.774550
51     opls_145     1.148600   18.570960    4.741280
52     opls_700    -0.143880   19.108160    4.816430
53     opls_145    -1.238200   18.237130    4.923810
54     opls_141     2.715290   16.623450    4.651090
55     opls_141    -0.346230   20.570540    4.724450
56     opls_141    -2.203080   15.930540    5.020430
57     opls_700     1.532420   24.996760    3.736910
58     opls_145     2.734530   25.681610    3.573660
59     opls_145    17.779210    1.004090    3.276040
60     opls_700    16.588370    1.718880    3.143530
61     opls_142     1.634050   23.551040    4.034830
62     opls_181    13.235930    1.640500    4.260370
63     opls_166     0.304290   25.684990    3.573740
64     opls_166    15.349560    1.057990    3.326290
65     opls_181    -1.821370   25.131130    2.660000
66     opls_166     8.062130   12.803180    3.509800
67     opls_166     6.837310   13.503380    3.743640
68     opls_700     5.637900   12.764380    3.884450
69     opls_142     4.328290   13.386460    4.159790
70     opls_145     6.833250   10.700730    3.433450
71     opls_145     5.650530   11.375940    3.718590
72     opls_145    13.842250    8.536580    2.486880
73     opls_700    14.947100    7.670240    2.450990
74     opls_145    16.236870    8.207440    2.550900
75     opls_700    16.428100    9.594310    2.684000
76     opls_145    15.313030   10.445030    2.720720
77     opls_700    14.016500    9.925270    2.616550
78     opls_141    14.752710    6.206030    2.387430
79     opls_141    17.781910   10.149740    2.844480
80     opls_141    12.847760   10.822080    2.700380
81     opls_142     9.237940   10.580170    3.051770
82     opls_700     8.035670   11.394950    3.319710
83     opls_142    16.713450    3.168770    2.877460
84     opls_142    19.345300   13.226840    4.008360
85     opls_145    -8.265990   15.877940    4.956640
86     opls_145    20.623190   15.173040    4.735140
87     opls_700    20.651600   13.841120    4.306950
88     opls_181    21.672560   10.889000    4.590670
89     opls_166    -6.966300   13.908040    4.351900
90     opls_166    21.900930   13.186480    4.133310
91     opls_181    -5.466810   12.120680    4.774400
92     opls_142    -5.834700   16.110730    4.957090
93     opls_700    -7.027490   15.268090    4.754590
94     opls_181     7.384250   15.642800    2.843430
95     opls_181     9.585830   14.376750    4.454720
96     opls_750     0.772750   21.432200    0.763350
97     opls_750    -3.531040   16.459400    1.319720
98     opls_750     2.906370   15.206120    0.801640
99     opls_750     4.176140   14.666570    0.561220
100    opls_750     0.602110   22.803180    0.510520
101    opls_750    17.950600   11.509530    7.005320
102    opls_750    11.530030   10.272380    6.480360
103    opls_750    15.872000    5.324070    6.260280
104    opls_750    15.690230    3.946830    6.464660
105    opls_750    19.222320   12.035270    7.255010
106    opls_750    10.419460   11.095500    6.709710
107    opls_750    -4.635430   15.630300    1.163130
108    opls_750     0.772750   21.432200    4.502350
109    opls_750    -3.531040   16.459400    5.058720
110    opls_750     2.906370   15.206120    4.540640
111    opls_750     4.176140   14.666570    4.300220
112    opls_750     0.602110   22.803180    4.249520
113    opls_750    17.950600   11.509530    3.266320
114    opls_750    11.530030   10.272380    2.741360
115    opls_750    15.872000    5.324070    2.521280
116    opls_750    15.690230    3.946830    2.725660
117    opls_750    19.222320   12.035270    3.516010
118    opls_750    10.419460   11.095500    2.970710
119    opls_750    -4.635430   15.630300    4.902130
120    opls_272    -1.467620   21.046290    1.072420
121    opls_272    -2.030040   14.717350    1.275750
122    opls_272     3.679720   17.371570    0.878590
123    opls_179    14.169540    1.812880    6.945120
124    opls_179    -0.887310   24.957440    7.453470
125    opls_272    18.760330    9.442500    6.390920
126    opls_272    13.002310   12.035530    6.502420
127    opls_272    13.631480    5.742000    5.999750
128    opls_179    21.974750   11.883720    7.357530
129    opls_179    -5.720140   13.329700    0.324550
130    opls_179     6.788300   14.902230    0.159210
131    opls_179     9.292970   13.469530    7.140140
132    opls_272    -1.467620   21.046290    4.811420
133    opls_272    -2.030040   14.717350    5.014750
134    opls_272     3.679720   17.371570    4.617590
135    opls_179    14.169540    1.812880    3.206120
136    opls_179    -0.887310   24.957440    3.714470
137    opls_272    18.760330    9.442500    2.651920
138    opls_272    13.002310   12.035530    2.763420
139    opls_272    13.631480    5.742000    2.260750
140    opls_179    21.974750   11.883720    3.618530
141    opls_179    -5.720140   13.329700    4.063550
142    opls_179     6.788300   14.902230    3.898210
143    opls_179     9.292970   13.469530    3.401140
144    opls_146     2.038160   19.278460    0.913140
145    opls_185    13.368380    0.605420    0.980660
146    opls_185    12.177090    1.741790    0.111500
147    opls_185    -2.041020   24.122090    5.915850
148    opls_185    -1.386290   25.839410    5.618820
149    opls_146    15.457660   11.569940    6.575110
150    opls_185    22.566790   10.192180    0.972960
151    opls_185    20.765710   10.288010    0.511050
152    opls_185    -4.461340   12.196190    1.567310
153    opls_185    -5.445010   11.247050    0.303380
154    opls_185     6.641870   15.745400    5.723440
155    opls_185     8.316660   15.099090    6.215860
156    opls_185     9.865610   15.391000    0.277060
157    opls_185    10.457350   13.975480    1.331460
158    opls_146     0.419000   15.196480    1.158790
159    opls_146     3.725120   25.128260    7.422360
160    opls_146    18.770550    1.549360    6.876250
161    opls_144     2.681010   23.101600    0.331720
162    opls_144     3.428350   12.692250    0.509250
163    opls_146     6.823780    9.569830    7.029770
164    opls_146     4.682790   10.781460    7.555700
165    opls_146    12.785510    8.116040    6.149380
166    opls_144     9.094970    9.457600    6.653630
167    opls_144    17.745380    3.646850    6.537120
168    opls_144    18.417250   13.850490    0.491380
169    opls_146    -8.307190   16.962230    1.566870
170    opls_146    19.615760   15.680040    1.163430
171    opls_144    -5.995560   17.219500    1.428820
172    opls_146    -2.296590   18.656370    1.245090
173    opls_146    17.144770    7.518690    6.263650
174    opls_185     7.672600   16.678660    6.961120
175    opls_185     8.669510   14.491590    1.384180
176    opls_185    -6.291580   11.951940    1.803990
177    opls_185    13.412580    2.435490    1.319040
178    opls_185    21.443290   11.390260    1.849530
179    opls_185    -2.786850   25.571200    6.815370
180    opls_146     2.038160   19.278460    4.652140
181    opls_185    13.368380    0.605420    4.719660
182    opls_185    12.177090    1.741790    3.850500
183    opls_185    -2.041020   24.122090    2.176920
184    opls_185    -1.386290   25.839410    1.879820
185    opls_146    15.457660   11.569940    2.836180
186    opls_185    22.566790   10.192180    4.711960
187    opls_185    20.765710   10.288010    4.250050
188    opls_185    -4.461340   12.196190    5.306310
189    opls_185    -5.445010   11.247050    4.042380
190    opls_185     6.641870   15.745400    1.984440
191    opls_185     8.316660   15.099090    2.476860
192    opls_185     9.865610   15.391000    4.016060
193    opls_185    10.457350   13.975480    5.070460
194    opls_146     0.419000   15.196480    4.897790
195    opls_146     3.725120   25.128260    3.683360
196    opls_146    18.770550    1.549360    3.137320
197    opls_144     2.681010   23.101600    4.070720
198    opls_144     3.428350   12.692250    4.248250
199    opls_146     6.823780    9.569830    3.290770
200    opls_146     4.682790   10.781460    3.816700
201    opls_146    12.785510    8.116040    2.410380
202    opls_144     9.094970    9.457600    2.914630
203    opls_144    17.745380    3.646850    2.798120
204    opls_144    18.417250   13.850490    4.230380
205    opls_146    -8.307190   16.962230    5.305870
206    opls_146    19.615760   15.680040    4.902430
207    opls_144    -5.995560   17.219500    5.167820
208    opls_146    -2.296590   18.656370    4.984090
209    opls_146    17.144770    7.518690    2.524720
210    opls_185     7.672600   16.678660    3.222120
211    opls_185     8.669510   14.491590    5.123180
212    opls_185    -6.291580   11.951940    5.542990
213    opls_185    13.412580    2.435490    5.058040
214    opls_185    21.443290   11.390260    5.588530
215    opls_185    -2.786850   25.571200    3.076450
