0      opls_700    17.253410    2.893910   11.401090
1      opls_522    18.510490    2.805690   12.013970
2      opls_700    16.003700    2.784050   12.214640
3      opls_523    14.869120    2.133080   11.689960
4      opls_700    13.694880    1.961980   12.449500
5      opls_521    13.698200    2.419580   13.788360
6      opls_522    14.813960    3.075580   14.313040
7      opls_523    15.950760    3.271560   13.531450
8      opls_521    11.470540    1.646580   14.133140
9      opls_700    10.297770    1.573530   15.051810
10     opls_166     8.966160    1.654230   14.585280
11     opls_523     7.912010    1.570060   15.517690
12     opls_181     7.458180    2.363460   12.797150
13     opls_700    12.504580    1.366440   11.938880
14     opls_522    11.438070    1.137930   12.826230
15     opls_700    12.228400    1.152280   10.483380
16     opls_145    13.079990    0.409670    9.645560
17     opls_145    12.792930    0.255530    8.286880
18     opls_145    11.626430    0.802370    7.751660
19     opls_145    10.746990    1.505910    8.575110
20     opls_145    11.047150    1.686720    9.928350
21     opls_523    -9.007110    1.639410   17.351200
22     opls_521    19.679380    2.723630   11.234930
23     opls_700    21.020960    2.524420   11.858670
24     opls_523    21.150470    1.936240   13.132350
25     opls_700    22.403860    1.779380   13.756080
26     opls_521    23.556150    2.200240   13.049910
27     opls_522    23.439560    2.748360   11.767280
28     opls_523    22.184690    2.909010   11.175500
29     opls_521    24.975210    1.600250   14.872550
30     opls_700    26.348520    1.616670   15.466250
31     opls_166    26.570270    1.730320   16.859430
32     opls_181    25.716470    2.485340   19.022060
33     opls_700    22.566390    1.251620   15.070980
34     opls_522    23.870330    1.086060   15.566900
35     opls_700    21.443610    1.034150   16.038540
36     opls_145    20.304230    0.271290   15.724750
37     opls_145    19.258020    0.134790   16.640870
38     opls_145    19.358200    0.709970   17.907830
39     opls_145    20.504400    1.424280   18.258370
40     opls_145    21.535300    1.593620   17.330430
41     opls_521    18.373600    2.913800    9.235910
42     opls_522    17.197690    2.981310   10.001520
43     opls_700    18.322500    2.847850    7.745270
44     opls_523    19.382180    2.252110    7.033980
45     opls_700    19.317790    2.058750    5.635360
46     opls_521    18.148160    2.483540    4.960500
47     opls_522    17.122050    3.127100    5.651340
48     opls_523    17.210790    3.322340    7.025670
49     opls_521    18.969120    1.696040    2.865610
50     opls_700    18.738510    1.591900    1.391270
51     opls_166    19.791180    1.662650    0.451190
52     opls_181     3.640810    2.361390   31.952780
53     opls_700    20.364010    1.470610    4.864960
54     opls_522    20.132480    1.223460    3.496380
55     opls_700    21.756500    1.248660    5.369190
56     opls_145    22.036920    0.521990    6.541250
57     opls_145    23.352850    0.342740    6.976140
58     opls_145    24.412720    0.856810    6.229380
59     opls_145    24.157570    1.553840    5.048050
60     opls_145    22.840900    1.753990    4.622750
61     opls_523     1.036990    1.579890   31.029320
62     opls_700     1.195090    2.893910   20.552650
63     opls_522    -0.061990    2.805690   19.939770
64     opls_700     2.444800    2.784050   19.739100
65     opls_523     3.579380    2.133080   20.263780
66     opls_700     4.753630    1.961980   19.504240
67     opls_521     4.750300    2.419580   18.165380
68     opls_522     3.634540    3.075580   17.640700
69     opls_523     2.497740    3.271560   18.422290
70     opls_521     6.977960    1.646580   17.820600
71     opls_700     8.150730    1.573530   16.901930
72     opls_166     9.482340    1.654230   17.368460
73     opls_523    10.536490    1.570060   16.436040
74     opls_181    10.990320    2.363460   19.156590
75     opls_700     5.943920    1.366440   20.014860
76     opls_522     7.010430    1.137930   19.127510
77     opls_700     6.220100    1.152280   21.470360
78     opls_145     5.368510    0.409670   22.308180
79     opls_145     5.655570    0.255530   23.666860
80     opls_145     6.822070    0.802370   24.202080
81     opls_145     7.701510    1.505910   23.378630
82     opls_145     7.401350    1.686720   22.025390
83     opls_523    27.455610    1.639410   14.602540
84     opls_521    -1.230880    2.723630   20.718800
85     opls_700    -2.572460    2.524420   20.095070
86     opls_523    -2.701970    1.936240   18.821390
87     opls_700    -3.955360    1.779380   18.197650
88     opls_521    -5.107650    2.200240   18.903830
89     opls_522    -4.991060    2.748360   20.186460
90     opls_523    -3.736190    2.909010   20.778240
91     opls_521    -6.526710    1.600250   17.081190
92     opls_700    -7.900020    1.616670   16.487490
93     opls_166    -8.121770    1.730320   15.094310
94     opls_181    -7.267970    2.485340   12.931680
95     opls_700    -4.117890    1.251620   16.882760
96     opls_522    -5.421830    1.086060   16.386840
97     opls_700    -2.995110    1.034150   15.915200
98     opls_145    -1.855730    0.271290   16.228980
99     opls_145    -0.809520    0.134790   15.312870
100    opls_145    -0.909700    0.709970   14.045910
101    opls_145    -2.055900    1.424280   13.695370
102    opls_145    -3.086800    1.593620   14.623310
103    opls_521     0.074900    2.913800   22.717830
104    opls_522     1.250810    2.981310   21.952220
105    opls_700     0.126000    2.847850   24.208470
106    opls_523    -0.933680    2.252110   24.919760
107    opls_700    -0.869290    2.058750   26.318380
108    opls_521     0.300340    2.483540   26.993240
109    opls_522     1.326450    3.127100   26.302400
110    opls_523     1.237710    3.322340   24.928070
111    opls_521    -0.520620    1.696040   29.088130
112    opls_700    -0.290010    1.591900   30.562470
113    opls_166    -1.342680    1.662650   31.502550
114    opls_181    14.807690    2.361390    0.000960
115    opls_700    -1.915510    1.470610   27.088780
116    opls_522    -1.683980    1.223460   28.457360
117    opls_700    -3.308000    1.248660   26.584550
118    opls_145    -3.588420    0.521990   25.412490
119    opls_145    -4.904350    0.342740   24.977600
120    opls_145    -5.964220    0.856810   25.724360
121    opls_145    -5.709070    1.553840   26.905690
122    opls_145    -4.392400    1.753990   27.330990
123    opls_523    17.411510    1.579890    0.924420
124    opls_520    12.599770    2.264200   14.566750
125    opls_520    19.569430    2.780260    9.878180
126    opls_520    24.781320    2.120370   13.630510
127    opls_520    18.023260    2.306600    3.623230
128    opls_520     5.848730    2.264200   17.386990
129    opls_520    -1.120930    2.780260   22.075560
130    opls_520    -6.332820    2.120370   18.323230
131    opls_520     0.425240    2.306600   28.330500
132    opls_179     8.739240    1.889480   13.211270
133    opls_179    25.469810    1.997590   17.703330
134    opls_179    21.103980    1.890570    0.918350
135    opls_179     9.709260    1.889480   18.742470
136    opls_179    -7.021310    1.997590   14.250410
137    opls_179    -2.655480    1.890570   31.035390
138    opls_525    18.565280    2.767630   13.089210
139    opls_526    14.926310    1.755400   10.690440
140    opls_525    14.795510    3.452210   15.328530
141    opls_526    16.781680    3.816090   13.960270
142    opls_526     6.888300    1.547250   15.172270
143    opls_185     7.163000    3.252410   13.390210
144    opls_185     6.691270    1.568740   12.891420
145    opls_185     7.514810    2.656630   11.728940
146    opls_525    10.575790    0.587430   12.474740
147    opls_146    13.962010   -0.061350   10.030600
148    opls_146    13.465740   -0.308850    7.653880
149    opls_146    11.399510    0.671950    6.701660
150    opls_146     9.840610    1.928640    8.161940
151    opls_146    10.364180    2.263770   10.539940
152    opls_526    -8.829820    1.618620   18.416860
153    opls_526    20.263460    1.610780   13.628270
154    opls_525    24.323790    3.073470   11.233340
155    opls_526    22.123440    3.358570   10.191960
156    opls_185    26.396110    3.361150   18.992020
157    opls_185    26.143920    1.689480   19.664650
158    opls_185    24.753270    2.804600   19.469730
159    opls_525    24.006110    0.582870   16.514650
160    opls_146    20.214570   -0.223320   14.777010
161    opls_146    18.378950   -0.438290   16.374690
162    opls_146    18.552370    0.593790   18.621040
163    opls_146    20.583730    1.870250   19.241260
164    opls_146    22.395930    2.187840   17.613220
165    opls_525    16.239290    3.055690    9.515500
166    opls_526    20.243350    1.945290    7.595720
167    opls_525    16.249620    3.486460    5.118670
168    opls_526    16.406620    3.856380    7.510410
169    opls_185     3.267600    3.249370   31.404140
170    opls_185     3.931010    1.564410   31.239250
171    opls_185     4.546630    2.655310   32.521560
172    opls_525    20.875220    0.675650    2.932710
173    opls_146    21.250640    0.086230    7.125360
174    opls_146    23.550800   -0.212590    7.883950
175    opls_146    25.432000    0.707240    6.561380
176    opls_146    24.979450    1.953210    4.468090
177    opls_146    22.667860    2.321030    3.715900
178    opls_526     1.836360    1.556570   30.303010
179    opls_525    -0.116780    2.767630   18.864530
180    opls_526     3.522190    1.755400   21.263300
181    opls_525     3.652990    3.452210   16.625210
182    opls_526     1.666820    3.816090   17.993470
183    opls_526    11.560200    1.547250   16.781460
184    opls_185    11.285500    3.252410   18.563520
185    opls_185    11.757230    1.568740   19.062320
186    opls_185    10.933690    2.656630   20.224800
187    opls_525     7.872710    0.587430   19.479000
188    opls_146     4.486490   -0.061350   21.923140
189    opls_146     4.982760   -0.308850   24.299860
190    opls_146     7.048990    0.671950   25.252080
191    opls_146     8.607890    1.928640   23.791800
192    opls_146     8.084320    2.263770   21.413800
193    opls_526    27.278320    1.618620   13.536880
194    opls_526    -1.814960    1.610780   18.325470
195    opls_525    -5.875290    3.073470   20.720400
196    opls_526    -3.674940    3.358570   21.761770
197    opls_185    -7.947610    3.361150   12.961710
198    opls_185    -7.695420    1.689480   12.289090
199    opls_185    -6.304770    2.804600   12.484010
200    opls_525    -5.557610    0.582870   15.439090
201    opls_146    -1.766070   -0.223320   17.176730
202    opls_146     0.069550   -0.438290   15.579050
203    opls_146    -0.103870    0.593790   13.332700
204    opls_146    -2.135230    1.870250   12.712480
205    opls_146    -3.947430    2.187840   14.340520
206    opls_525     2.209210    3.055690   22.438240
207    opls_526    -1.794850    1.945290   24.358020
208    opls_525     2.198880    3.486460   26.835070
209    opls_526     2.041880    3.856380   24.443330
210    opls_185    15.180900    3.249370    0.549600
211    opls_185    14.517490    1.564410    0.714490
212    opls_185    13.901870    2.655310   -0.567820
213    opls_525    -2.426720    0.675650   29.021030
214    opls_146    -2.802140    0.086230   24.828370
215    opls_146    -5.102300   -0.212590   24.069790
216    opls_146    -6.983500    0.707240   25.392360
217    opls_146    -6.530950    1.953210   27.485650
218    opls_146    -4.219360    2.321030   28.237840
219    opls_526    16.612140    1.556570    1.650730
