0      opls_700    17.326670   15.766140    6.503130
1      opls_145    18.953290   14.570020    5.118670
2      opls_700    20.642780   15.768180    3.756960
3      opls_700    21.474540   14.650940    3.484260
4      opls_145    22.856310   14.759400    3.787090
5      opls_145    23.724040   13.669360    3.643610
6      opls_145    23.225550   12.421220    3.221250
7      opls_145    21.873480   12.312080    2.851390
8      opls_145    21.014110   13.420820    2.960480
9      opls_700    26.902220    7.198140    3.873060
10     opls_145    27.740860    8.335440    3.796330
11     opls_145    27.194640    9.620980    3.657560
12     opls_142    27.428130    5.904440    4.006690
13     opls_700    33.174290   32.766140    2.817760
14     opls_145     1.012930   31.569680    1.445380
15     opls_700     2.675860   32.768860    0.053910
16     opls_700     5.510450   31.658420    7.226900
17     opls_145     4.899700   31.787620    0.040570
18     opls_145     7.779570   30.713220    7.333310
19     opls_145     7.289350   29.456920    6.925420
20     opls_145     5.930420   29.325680    6.587990
21     opls_145     5.055210   30.419800    6.718710
22     opls_700     9.052630   24.197120    0.103350
23     opls_727     9.812240   25.369440    0.347270
24     opls_727     9.210980   26.653280    0.246530
25     opls_142     9.603900   22.898660    0.158830
26     opls_700    34.226670   32.766140    6.503130
27     opls_145     2.053290   31.570020    5.118670
28     opls_700     3.742780   32.768180    3.756960
29     opls_700     4.574540   31.650600    3.484260
30     opls_145     5.956310   31.759060    3.787090
31     opls_145     6.824040   30.669360    3.643610
32     opls_145     6.325550   29.421220    3.221250
33     opls_145     4.973480   29.312080    2.851390
34     opls_145     4.114110   30.420820    2.960480
35     opls_700    10.002240   24.198140    3.873140
36     opls_145    10.840860   25.335440    3.796330
37     opls_145    10.294640   26.620980    3.657560
38     opls_142    10.528130   22.904440    4.006690
39     opls_700    16.274290   15.766140    2.817760
40     opls_145    17.912930   14.569680    1.445380
41     opls_700    19.575860   15.768860    0.053910
42     opls_700    22.410450   14.658420    7.226900
43     opls_145    21.799700   14.787620    0.040570
44     opls_145    24.679570   13.713220    7.333310
45     opls_145    24.189370   12.457260    6.925490
46     opls_145    22.830420   12.325680    6.587990
47     opls_145    21.955210   13.419800    6.718710
48     opls_700    25.952630    7.197120    0.103350
49     opls_727    26.712240    8.369440    0.347270
50     opls_727    26.110980    9.653280    0.246530
51     opls_142    26.503900    5.898660    0.158830
52     opls_700    18.471410   15.766140    0.953820
53     opls_145    16.844790   14.570020    2.338270
54     opls_700    15.155300   15.768180    3.699990
55     opls_700    14.323540   14.650940    3.972690
56     opls_145    12.941780   14.759400    3.669860
57     opls_145    12.074040   13.669360    3.813330
58     opls_145    12.572530   12.421220    4.235700
59     opls_145    13.924600   12.312080    4.605560
60     opls_145    14.783970   13.420820    4.496460
61     opls_700     8.895860    7.198140    3.583880
62     opls_145     8.057230    8.335440    3.660620
63     opls_145     8.603440    9.620980    3.799390
64     opls_142     8.369960    5.904440    3.450250
65     opls_700     2.623800   32.766140    4.639190
66     opls_145    34.785160   31.569680    6.011570
67     opls_700    33.122220   32.768860    7.403030
68     opls_700    30.287630   31.658420    0.230050
69     opls_145    30.898380   31.787620    7.416380
70     opls_145    28.018510   30.713220    0.123640
71     opls_145    28.508740   29.456920    0.531530
72     opls_145    29.867660   29.325680    0.868960
73     opls_145    30.742870   30.419800    0.738240
74     opls_700    26.745450   24.197120    7.353590
75     opls_727    25.985840   25.369440    7.109680
76     opls_727    26.587100   26.653280    7.210420
77     opls_142    26.194180   22.898660    7.298110
78     opls_700     1.571410   32.766140    0.953820
79     opls_145    33.744790   31.570020    2.338270
80     opls_700    32.055300   32.768180    3.699990
81     opls_700    31.223540   31.650600    3.972690
82     opls_145    29.841780   31.759060    3.669860
83     opls_145    28.974040   30.669360    3.813330
84     opls_145    29.472530   29.421220    4.235700
85     opls_145    30.824600   29.312080    4.605560
86     opls_145    31.683970   30.420820    4.496460
87     opls_700    25.795860   24.198140    3.583880
88     opls_145    24.957230   25.335440    3.660620
89     opls_145    25.503440   26.620980    3.799390
90     opls_142    25.269960   22.904440    3.450250
91     opls_700    19.523800   15.766140    4.639190
92     opls_145    17.885160   14.569680    6.011570
93     opls_700    16.222220   15.768860    7.403030
94     opls_700    13.387630   14.658420    0.230050
95     opls_145    13.998380   14.787620    7.416380
96     opls_145    11.118510   13.713220    0.123640
97     opls_145    11.608740   12.457260    0.531530
98     opls_145    12.967660   12.325680    0.868960
99     opls_145    13.842870   13.419800    0.738240
100    opls_700     9.845450    7.197120    7.353590
101    opls_727     9.085840    8.369440    7.109680
102    opls_727     9.687100    9.653280    7.210420
103    opls_142     9.294180    5.898660    7.298110
104    opls_700    18.471410   18.233860    0.953820
105    opls_145    16.844790   19.430320    2.338270
106    opls_700    15.155300   18.231820    3.699990
107    opls_700    14.323540   19.349400    3.972690
108    opls_145    12.941780   19.240940    3.669860
109    opls_145    12.074040   20.330640    3.813330
110    opls_145    12.572530   21.578780    4.235700
111    opls_145    13.924600   21.687920    4.605560
112    opls_145    14.783970   20.579180    4.496460
113    opls_700     8.895860   26.801860    3.583880
114    opls_145     8.057230   25.664560    3.660620
115    opls_145     8.603440   24.379020    3.799390
116    opls_142     8.369960   28.095560    3.450250
117    opls_700     2.623800    1.233860    4.639190
118    opls_145    34.785160    2.430320    6.011570
119    opls_700    33.122220    1.231140    7.403030
120    opls_700    30.287630    2.341580    0.230050
121    opls_145    30.898380    2.212380    7.416380
122    opls_145    28.018510    3.287120    0.123640
123    opls_145    28.508740    4.543080    0.531530
124    opls_145    29.867660    4.674320    0.868960
125    opls_145    30.742870    3.580200    0.738240
126    opls_700    26.745450    9.802880    7.353590
127    opls_727    25.985840    8.630560    7.109680
128    opls_727    26.587100    7.346720    7.210420
129    opls_142    26.194180   11.101340    7.298110
130    opls_700     1.571410    1.233860    0.953820
131    opls_145    33.744790    2.430320    2.338270
132    opls_700    32.055300    1.231820    3.699990
133    opls_700    31.223540    2.349400    3.972690
134    opls_145    29.841780    2.240940    3.669860
135    opls_145    28.974040    3.330640    3.813330
136    opls_145    29.472530    4.578780    4.235700
137    opls_145    30.824600    4.687920    4.605560
138    opls_145    31.683970    3.579180    4.496460
139    opls_700    25.795860    9.801860    3.583880
140    opls_145    24.957230    8.664560    3.660620
141    opls_145    25.503440    7.379020    3.799390
142    opls_142    25.269960   11.095560    3.450250
143    opls_700    19.523800   18.233860    4.639190
144    opls_145    17.885160   19.430320    6.011570
145    opls_700    16.222220   18.231140    7.403030
146    opls_700    13.387630   19.341580    0.230050
147    opls_145    13.998380   19.212380    7.416380
148    opls_145    11.118510   20.287120    0.123640
149    opls_145    11.608740   21.543080    0.531530
150    opls_145    12.967660   21.674320    0.868960
151    opls_145    13.842870   20.580200    0.738240
152    opls_700     9.845450   26.802880    7.353590
153    opls_727     9.085840   25.630560    7.109680
154    opls_727     9.687100   24.346720    7.210420
155    opls_142     9.294180   28.101340    7.298110
156    opls_700    17.326670   18.233860    6.503130
157    opls_145    18.953290   19.430320    5.118670
158    opls_700    20.642780   18.231820    3.756960
159    opls_700    21.474540   19.349400    3.484260
160    opls_145    22.856310   19.240940    3.787090
161    opls_145    23.724040   20.330640    3.643610
162    opls_145    23.225550   21.578780    3.221250
163    opls_145    21.873480   21.687920    2.851390
164    opls_145    21.014110   20.579180    2.960480
165    opls_700    26.902220   26.801860    3.873060
166    opls_145    27.740860   25.664560    3.796330
167    opls_145    27.194640   24.379020    3.657560
168    opls_142    27.428130   28.095560    4.006690
169    opls_700    33.174290    1.233860    2.817760
170    opls_145     1.012930    2.430320    1.445380
171    opls_700     2.675860    1.231140    0.053910
172    opls_700     5.510450    2.341580    7.226900
173    opls_145     4.899700    2.212380    0.040570
174    opls_145     7.779570    3.287120    7.333310
175    opls_145     7.289350    4.543080    6.925420
176    opls_145     5.930420    4.674320    6.587990
177    opls_145     5.055210    3.580200    6.718710
178    opls_700     9.052630    9.802880    0.103350
179    opls_727     9.812240    8.630560    0.347270
180    opls_727     9.210980    7.346720    0.246530
181    opls_142     9.603900   11.101340    0.158830
182    opls_700    34.226670    1.233860    6.503130
183    opls_145     2.053290    2.430320    5.118670
184    opls_700     3.742780    1.231820    3.756960
185    opls_700     4.574540    2.349400    3.484260
186    opls_145     5.956310    2.240940    3.787090
187    opls_145     6.824040    3.330640    3.643610
188    opls_145     6.325550    4.578780    3.221250
189    opls_145     4.973480    4.687920    2.851390
190    opls_145     4.114110    3.579180    2.960480
191    opls_700    10.002240    9.801860    3.873140
192    opls_145    10.840860    8.664560    3.796330
193    opls_145    10.294640    7.379020    3.657560
194    opls_142    10.528130   11.095560    4.006690
195    opls_700    16.274290   18.233860    2.817760
196    opls_145    17.912930   19.430320    1.445380
197    opls_700    19.575860   18.231140    0.053910
198    opls_700    22.410450   19.341580    7.226900
199    opls_145    21.799700   19.212380    0.040570
200    opls_145    24.679570   20.287120    7.333310
201    opls_145    24.189370   21.543080    6.925490
202    opls_145    22.830420   21.674320    6.587990
203    opls_145    21.955210   20.580200    6.718710
204    opls_700    25.952630   26.802880    0.103350
205    opls_727    26.712240   25.630560    0.347270
206    opls_727    26.110980   24.346720    0.246530
207    opls_142    26.503900   28.101340    0.158830
208    opls_145    21.082910   17.000000    3.239970
209    opls_700    17.883410   17.000000    6.042890
210    opls_145     4.182910    0.000000    3.239970
211    opls_700    34.783410    0.000000    6.042890
212    opls_145    14.715170   17.000000    4.216980
213    opls_700    17.914670   17.000000    1.414060
214    opls_145    31.615170    0.000000    4.216980
215    opls_700     1.014670    0.000000    1.414060
216    opls_145     5.096490    0.000000    6.978730
217    opls_700    33.731860    0.000000    2.359380
218    opls_145    21.996490   17.000000    6.978730
219    opls_700    16.831860   17.000000    2.359380
220    opls_145    30.701590    0.000000    0.478210
221    opls_700     2.066230    0.000000    5.097570
222    opls_145    13.801590   17.000000    0.478210
223    opls_700    18.966230   17.000000    5.097570
224    opls_146    19.297120   13.658140    4.832620
225    opls_146    23.248630   15.632180    4.148750
226    opls_146    24.705230   13.790740    3.893270
227    opls_146    21.510470   11.417880    2.509560
228    opls_146    20.044480   13.312700    2.671970
229    opls_146    28.760260    8.237860    3.820270
230    opls_146    27.831860   10.421680    3.591040
231    opls_144     9.862250   28.894900    7.606760
232    opls_146     1.363060   30.658480    1.165220
233    opls_146     5.287950   32.666860    0.390820
234    opls_146     8.766380   30.854660    7.548440
235    opls_146     5.577190   28.421620    6.259960
236    opls_146     4.079940   30.294340    6.458310
237    opls_144    25.900450   11.895240    3.542800
238    opls_146     2.397120   30.658140    4.832620
239    opls_146     6.348630   32.632180    4.148750
240    opls_146     7.805230   30.790740    3.893270
241    opls_146     4.610470   28.417880    2.509560
242    opls_146     3.144820   30.312700    2.671970
243    opls_146    11.860260   25.237860    3.820270
244    opls_146    10.931860   27.421340    3.591040
245    opls_144    26.762250   11.894900    7.606760
246    opls_146    18.263060   13.658480    1.165220
247    opls_146    22.187950   15.666860    0.390820
248    opls_146    25.666380   13.854660    7.548440
249    opls_146    22.477190   11.421620    6.259960
250    opls_146    20.979940   13.294340    6.458310
251    opls_144     9.000450   28.895240    3.542800
252    opls_146    16.500970   13.658140    2.624320
253    opls_146    12.549460   15.632180    3.308200
254    opls_146    11.092860   13.790740    3.563680
255    opls_146    14.287610   11.417880    4.947390
256    opls_146    15.753260   13.312700    4.784970
257    opls_146     7.037830    8.237860    3.636680
258    opls_146     7.966220   10.421680    3.865910
259    opls_144    25.935830   28.894900   -0.149810
260    opls_146    34.435020   30.658480    6.291720
261    opls_146    30.510130   32.666860    7.066130
262    opls_146    27.032050   30.854660   -0.091500
263    opls_146    30.220890   28.421620    1.196990
264    opls_146    31.718150   30.294340    0.998630
265    opls_144     9.897630   11.895240    3.914150
266    opls_146    33.400970   30.658140    2.624320
267    opls_146    29.449460   32.632180    3.308200
268    opls_146    27.992860   30.790740    3.563680
269    opls_146    31.187610   28.417880    4.947390
270    opls_146    32.653600   30.312700    4.784970
271    opls_146    23.937830   25.237860    3.636680
272    opls_146    24.866220   27.421340    3.865910
273    opls_144     9.035830   11.894900   -0.149810
274    opls_146    17.535020   13.658480    6.291720
275    opls_146    13.610130   15.666860    7.066130
276    opls_146    10.132050   13.854660   -0.091500
277    opls_146    13.320890   11.421620    1.196990
278    opls_146    14.818150   13.294340    0.998630
279    opls_144    26.797630   28.895240    3.914150
280    opls_146    16.500970   20.341860    2.624320
281    opls_146    12.549460   18.367820    3.308200
282    opls_146    11.092860   20.209260    3.563680
283    opls_146    14.287610   22.582120    4.947390
284    opls_146    15.753260   20.687300    4.784970
285    opls_146     7.037830   25.762140    3.636680
286    opls_146     7.966220   23.578660    3.865910
287    opls_144    25.935830    5.105100   -0.149810
288    opls_146    34.435020    3.341520    6.291720
289    opls_146    30.510130    1.333140    7.066130
290    opls_146    27.032050    3.145340   -0.091500
291    opls_146    30.220890    5.578380    1.196990
292    opls_146    31.718150    3.705660    0.998630
293    opls_144     9.897630   22.105100    3.914150
294    opls_146    33.400970    3.341860    2.624320
295    opls_146    29.449460    1.367480    3.308200
296    opls_146    27.992860    3.209260    3.563680
297    opls_146    31.187610    5.582120    4.947390
298    opls_146    32.653600    3.687300    4.784970
299    opls_146    23.937830    8.762140    3.636680
300    opls_146    24.866220    6.578660    3.865910
301    opls_144     9.035830   22.105100   -0.149810
302    opls_146    17.535020   20.341520    6.291720
303    opls_146    13.610130   18.333140    7.066130
304    opls_146    10.132050   20.145340   -0.091500
305    opls_146    13.320890   22.578380    1.196990
306    opls_146    14.818150   20.705660    0.998630
307    opls_144    26.797630    5.105100    3.914150
308    opls_146    19.297120   20.341860    4.832620
309    opls_146    23.248630   18.367820    4.148750
310    opls_146    24.705230   20.209260    3.893270
311    opls_146    21.510470   22.582120    2.509560
312    opls_146    20.044480   20.687300    2.671970
313    opls_146    28.760260   25.762140    3.820270
314    opls_146    27.831860   23.578660    3.591040
315    opls_144     9.862250    5.105100    7.606760
316    opls_146     1.363060    3.341520    1.165220
317    opls_146     5.287950    1.333140    0.390820
318    opls_146     8.766380    3.145340    7.548440
319    opls_146     5.577190    5.578380    6.259960
320    opls_146     4.079940    3.705660    6.458310
321    opls_144    25.900450   22.105100    3.542800
322    opls_146     2.397120    3.341860    4.832620
323    opls_146     6.348630    1.367480    4.148750
324    opls_146     7.805230    3.209260    3.893270
325    opls_146     4.610470    5.582120    2.509560
326    opls_146     3.144820    3.687300    2.671970
327    opls_146    11.860260    8.762140    3.820270
328    opls_146    10.931860    6.578660    3.591040
329    opls_144    26.762250   22.105100    7.606760
330    opls_146    18.263060   20.341520    1.165220
331    opls_146    22.187950   18.333140    0.390820
332    opls_146    25.666380   20.145340    7.548440
333    opls_146    22.477190   22.578380    6.259960
334    opls_146    20.979940   20.705660    6.458310
335    opls_144     9.000450    5.105100    3.542800
336    opls_146    21.819350   17.000000    2.525740
337    opls_146     4.919350    0.000000    2.525740
338    opls_146    13.978740   17.000000    4.931200
339    opls_146    30.878740    0.000000    4.931200
340    opls_146     5.811190    0.000000    6.242660
341    opls_146    22.711190   17.000000    6.242660
342    opls_146    29.986900    0.000000    1.214290
343    opls_146    13.086900   17.000000    1.214290
344    opls_750    28.746210    5.713360    4.234580
345    opls_750    10.870770   22.668140    0.553830
346    opls_750    11.846210   22.713360    4.234580
347    opls_750    27.770770    5.668140    0.553830
348    opls_750     7.051870    5.713360    3.222370
349    opls_750    24.927310   22.668140    6.903120
350    opls_750    23.951870   22.713360    3.222370
351    opls_750     8.027310    5.668140    6.903120
352    opls_750     7.051870   28.286640    3.222370
353    opls_750    24.927310   11.331860    6.903120
354    opls_750    23.951870   11.286640    3.222370
355    opls_750     8.027310   28.331860    6.903120
356    opls_750    28.746210   28.286640    4.234580
357    opls_750    10.870770   11.331860    0.553830
358    opls_750    11.846210   11.286640    4.234580
359    opls_750    27.770770   28.331860    0.553830
360    opls_719    11.084410   25.280020    0.677540
361    opls_719     9.907680   27.746720    0.502900
362    opls_719    27.984410    8.280020    0.677540
363    opls_719    26.807680   10.746720    0.502900
364    opls_719    24.713670   25.280020    6.779410
365    opls_719    25.890400   27.746720    6.954050
366    opls_719     7.813670    8.280020    6.779410
367    opls_719     8.990400   10.746720    6.954050
368    opls_719    24.713670    8.719980    6.779410
369    opls_719    25.890400    6.253280    6.954050
370    opls_719     7.813670   25.719980    6.779410
371    opls_719     8.990400   23.253280    6.954050
372    opls_719    11.084410    8.719980    0.677540
373    opls_719     9.907680    6.253280    0.502900
374    opls_719    27.984410   25.719980    0.677540
375    opls_719    26.807680   23.253280    0.502900
