0      opls_700    16.855030    5.840350    0.358860
1      opls_145    17.328250    5.735930    3.731930
2      opls_145    18.587110    5.819200    3.183650
3      opls_700    19.532550    6.655580    3.759430
4      opls_145    19.047630    6.799410    0.351320
5      opls_145    17.790960    6.726260    0.885850
6      opls_700    15.515420    5.753490    0.910250
7      opls_145    14.577130    4.870850    0.377940
8      opls_145    13.315800    4.812140    0.900490
9      opls_700    12.904540    5.631490    1.925180
10     opls_145    13.852330    6.457150    2.510720
11     opls_145    15.115890    6.533760    1.972200
12     opls_141    20.939990    6.568490    3.374840
13     opls_141    11.487700    5.739410    2.286270
14     opls_142    21.886170    7.136710    4.166650
15     opls_142    10.552970    5.174110    1.486920
16     opls_423    11.146140    6.599980    3.314510
17     opls_423    21.288480    5.726500    2.335060
18     opls_700    23.320230    7.163270    4.073940
19     opls_145    24.106450    6.406970    3.222690
20     opls_145    23.878810    7.295080    0.560250
21     opls_145    25.472180    6.472230    3.303860
22     opls_145    25.232880    7.355600    0.637000
23     opls_700    26.095170    7.286950    4.218100
24     opls_700     9.115730    5.210590    1.486030
25     opls_145     8.310360    6.049940    2.241460
26     opls_145     8.519860    4.428110    0.516340
27     opls_145     6.982010    6.157970    1.935830
28     opls_145     7.198550    4.526030    0.224460
29     opls_700     6.415950    5.429490    0.920010
30     opls_141     5.010720    5.542290    0.565580
31     opls_141     4.403600    6.690890    0.253290
32     opls_145    60.210370   26.476060    3.985660
33     opls_145    59.415310   26.261280    2.896650
34     opls_145    60.254500   24.798590    0.480410
35     opls_145    58.742410   25.079620    2.698360
36     opls_145    59.581830   23.626290    0.290110
37     opls_700    58.830760   24.093660    3.650750
38     opls_142    58.016500   22.905790    3.705310
39     opls_141    57.188520   22.336940    2.802610
40     opls_145    56.551430   21.038510    3.039480
41     opls_423    56.811200   22.939530    1.630640
42     opls_145    55.652410   20.529550    2.129230
43     opls_145    56.831480   20.283110    4.143140
44     opls_145    55.059150   19.316320    2.311110
45     opls_145    56.226820   19.074820    4.330770
46     opls_145    55.334680   18.569180    3.415650
47     opls_700    54.674620   17.279030    3.653410
48     opls_145    54.888080   16.190710    2.839420
49     opls_145    53.765420   16.462830    0.299870
50     opls_145    54.310460   14.985490    3.127310
51     opls_145    53.176260   15.268740    0.580660
52     opls_700    53.488910   14.838630    4.219430
53     opls_141    52.770750   12.895160    0.116660
54     opls_142    52.938320   12.463950    3.774960
55     opls_423    52.004590   12.890740    1.262460
56     opls_700     6.230680   11.173470    4.117410
57     opls_145    51.012290   10.356150    0.142390
58     opls_145     6.974780   10.037870    3.900940
59     opls_145    50.476800    9.125010    0.340230
60     opls_145     6.451580    8.809490    4.143580
61     opls_700     5.060860    7.981880    0.127750
62     opls_700     4.283820    4.276080    0.506580
63     opls_145     3.557400    4.659220    3.875210
64     opls_145     4.403160    3.332140    1.494460
65     opls_145     2.795040    3.531750    3.818870
66     opls_145     3.638530    2.201280    1.442560
67     opls_700     2.742880    1.964970    0.425850
68     opls_142     1.838710    0.857130    0.578440
69     opls_141     1.016280    1.018030    4.144020
70     opls_145    23.622970   39.846770    0.014190
71     opls_423    46.867790    1.616900    2.947660
72     opls_145    23.788640   39.122340    1.160880
73     opls_145    68.864630   40.112580    3.574010
74     opls_145    23.004190   38.035800    1.426590
75     opls_145    68.096200   39.021170    3.834400
76     opls_145    22.037260   37.619800    0.538960
77     opls_700    21.228080   36.422480    0.771850
78     opls_145    66.483410   36.349210    1.812950
79     opls_145    21.413300   36.021340    4.360500
80     opls_145    65.725170   35.235050    2.004140
81     opls_145    20.583680   34.220270    0.124210
82     opls_700    19.685900   34.143210    1.167090
83     opls_141    65.016180   32.951310    1.408840
84     opls_142    18.891790   31.895150    0.565580
85     opls_423    64.183360   33.041920    2.510720
86     opls_700    18.249570   30.605760    0.621470
87     opls_145    63.372380   30.257740    1.488250
88     opls_145    18.676620   30.404680    4.054420
89     opls_145    62.652990   29.117610    1.242050
90     opls_145    17.964280   29.262030    3.818430
91     opls_700    16.797560   28.293800    0.188080
92     opls_141    16.102110   27.762740    4.339200
93     opls_141    60.918390   27.747440    4.158660
94     opls_145    49.186300    7.363950    4.429700
95     opls_145    48.676340    7.849230    3.262170
96     opls_145    48.224750    6.175070    0.926660
97     opls_145    47.331150    7.821480    3.000000
98     opls_145    46.893660    6.156880    0.673810
99     opls_145    46.450700    7.331230    3.947960
100    opls_142    45.015850    7.401760    3.930210
101    opls_141    44.127180    7.745210    2.980040
102    opls_700    42.700220    7.800850    3.318500
103    opls_423    44.521010    8.238710    1.759720
104    opls_145    42.156620    6.665410    0.086060
105    opls_145    41.800290    8.427620    2.492090
106    opls_145    40.883100    6.903010    0.523880
107    opls_145    40.524710    8.678450    2.936570
108    opls_700    40.071860    8.267530    4.164870
109    opls_700    38.637280    7.839450    0.180980
110    opls_145    38.200600    7.424940    1.412390
111    opls_145    37.805120    9.184030    3.824640
112    opls_145    36.922520    7.648090    1.862190
113    opls_145    36.526700    9.389490    4.265120
114    opls_700    35.999270    8.250520    1.036230
115    opls_141    34.578780    8.246690    1.384890
116    opls_142    33.655340    8.547880    0.451130
117    opls_423    34.224060    7.733520    2.609640
118    opls_145    32.215400    8.503050    0.477300
119    opls_145    31.431580    7.928620    1.460300
120    opls_145    31.677760    9.628490    3.777620
121    opls_145    30.096890    7.732340    1.240280
122    opls_145    30.343420    9.450040    3.567800
123    opls_145    29.502970    8.120980    0.079400
124    opls_141    28.154200    8.584960    4.298840
125    opls_141    27.558310    7.378720    4.313030
126    opls_700    60.081000   28.932520    4.139140
127    opls_145    60.541470   30.159560    3.727490
128    opls_145    58.681300   28.166360    0.099360
129    opls_145    59.740690   31.252940    3.747010
130    opls_145    57.885750   29.265080    0.153930
131    opls_700    58.440880   31.165930    4.190600
132    opls_142    57.610130   32.338870    4.305050
133    opls_141    57.448830   33.242120    3.317170
134    opls_700    56.710500   34.469400    3.547840
135    opls_423    58.176220   33.089560    2.155850
136    opls_145    55.886300   33.982810    0.247970
137    opls_145    56.873740   35.535120    2.691710
138    opls_145    55.394580   35.205140    0.606390
139    opls_145    56.412440   36.772300    3.067430
140    opls_700    55.694740   36.973340    4.226530
141    opls_700    55.139610   37.610550    0.157920
142    opls_145    54.422050   37.835000    1.310370
143    opls_145    55.479030   39.375230    3.781610
144    opls_145    53.990880   39.084450    1.686530
145    opls_145    55.038310   40.614520    4.144470
146    opls_700    54.209670   40.151660    0.840160
147    opls_141    30.071350    0.745210    1.072160
148    opls_142    30.023190    1.660190    0.081180
149    opls_423    29.349160    0.969580    2.224160
150    opls_700    29.386670    2.947890    0.147720
151    opls_145    28.106270    3.137540    0.617920
152    opls_145    30.139240    4.705040    4.069060
153    opls_145    27.512850    4.354380    0.539850
154    opls_145    29.564980    5.927900    4.030460
155    opls_700    28.182380    5.442190    0.015530
156    opls_700    16.900760   26.554520    4.260240
157    opls_145    17.871050   25.723160    0.700430
158    opls_145    16.706990   25.590230    3.298980
159    opls_145    18.638980   24.602800    0.664060
160    opls_145    17.474950   24.470070    3.263940
161    opls_700    18.461730   24.263200    4.202580
162    opls_142    19.122210   22.990590    4.181730
163    opls_141    19.851640   21.764480    0.674700
164    opls_700    20.416040   20.444370    0.448910
165    opls_423    20.344630   22.514380    1.724240
166    opls_145    20.045150   20.306770    3.871210
167    opls_145    21.510360   20.030170    1.175070
168    opls_145    20.710540   19.182370    3.487950
169    opls_145    22.191660   18.907470    0.776280
170    opls_700    21.857420   18.797150    4.163980
171    opls_700    22.586630   17.614030    3.769190
172    opls_145    22.178650   16.820050    2.724090
173    opls_145    23.655350   16.569030    0.008870
174    opls_145    22.873920   15.705760    2.327080
175    opls_145    24.415280   16.124880    4.062850
176    opls_700    23.975260   15.303560    3.051900
177    opls_141    24.556020   13.989010    2.835870
178    opls_142    25.382650   13.472180    3.769630
179    opls_423    24.081440   13.216320    1.796990
180    opls_700    26.041980   12.205780    3.816210
181    opls_145    25.814400   11.140800    2.968510
182    opls_145    26.908010   11.375930    0.373060
183    opls_145    26.487950    9.975590    3.118440
184    opls_145    27.590660   10.216960    0.510570
185    opls_700    27.418520    9.822270    4.114750
186    opls_146    16.651910    5.031920    3.303860
187    opls_146    18.893490    5.095110    2.463700
188    opls_146    19.728760    7.482670    0.803340
189    opls_146    17.500760    7.454340    1.605350
190    opls_146    14.862690    4.142560   -0.342900
191    opls_146    12.634580    4.135470    0.438270
192    opls_146    13.545980    7.181500    3.232440
193    opls_146    15.796910    7.230860    2.408250
194    opls_144    21.531010    7.869210    4.861750
195    opls_144    10.917490    4.442750    0.799350
196    opls_146    23.663760    5.731290    2.526690
197    opls_146    23.291170    7.864230    1.251370
198    opls_146    26.062250    5.885580    2.631380
199    opls_146    25.691740    7.990650    1.360050
200    opls_146     8.734850    6.698200    2.971170
201    opls_146     9.136010    3.784390   -0.076740
202    opls_146     6.358710    6.803390    2.513380
203    opls_146     6.755730    3.886240   -0.503030
204    opls_146    59.355880   27.020300    2.163830
205    opls_146    60.935500   24.909350    1.287300
206    opls_146    58.047910   24.986700    1.901670
207    opls_146    59.630190   22.882380    1.041990
208    opls_144    58.265970   22.296170    4.537490
209    opls_146    55.395090   21.090360    1.270440
210    opls_146    57.525200   20.622960    4.878170
211    opls_146    54.351730   18.962890    1.593820
212    opls_146    56.458880   18.511300    5.198440
213    opls_146    55.542220   16.269970    1.997930
214    opls_146    53.571930   17.300330    0.936420
215    opls_146    54.501540   14.165560    2.472570
216    opls_146    52.508130   15.195650    1.409290
217    opls_144    53.699080   12.450820    3.021300
218    opls_146    50.409650   11.216810    0.290110
219    opls_146     7.971190   10.120300    3.534090
220    opls_146    49.458750    9.046200    0.650750
221    opls_146     7.058450    7.960310    3.964370
222    opls_146     3.560130    5.322880    3.050570
223    opls_146     5.104940    3.476410    2.280940
224    opls_146     2.125310    3.400180    3.008870
225    opls_146     3.690560    1.509960    2.245900
226    opls_144     2.051650    0.258290    1.427920
227    opls_146    24.525350   39.406530    1.877720
228    opls_146    68.683140   40.674340    2.694810
229    opls_146    23.169750   37.479590    2.315540
230    opls_146    67.343550   38.727610    3.136190
231    opls_146    66.364090   37.182160    2.473020
232    opls_146    22.101930   36.051370    3.542960
233    opls_146    65.020370   35.223410    2.808820
234    opls_146    20.712110   33.408490   -0.557150
235    opls_144    19.632080   31.940270   -0.206270
236    opls_146    63.035900   30.954960    2.218840
237    opls_146    19.464650   30.672720    3.383710
238    opls_146    61.843840   28.850320    1.891030
239    opls_146    18.291440   28.563990    3.082510
240    opls_146    49.348830    8.212310    2.520930
241    opls_146    48.594560    5.740450    1.812510
242    opls_146    46.966170    8.272720    2.116370
243    opls_146    46.221380    5.795630    1.427030
244    opls_144    44.595600    6.929920    4.785460
245    opls_146    42.799000    6.156300    0.750110
246    opls_146    42.145790    8.876760    1.594710
247    opls_146    40.558230    6.441530    1.420380
248    opls_146    39.873440    9.197920    2.287150
249    opls_146    38.858930    6.917740    2.062250
250    opls_146    38.120710    9.645100    2.925480
251    opls_146    36.586180    7.190950    2.760460
252    opls_146    35.863380    9.878590    3.603290
253    opls_144    34.031880    9.046850   -0.412980
254    opls_146    31.873230    7.537540    2.338170
255    opls_146    32.276770   10.068880    3.009760
256    opls_146    29.488300    7.288970    1.988620
257    opls_146    29.883330    9.833930    2.696140
258    opls_146    61.547960   30.279000    3.389920
259    opls_146    58.274910   27.226420    0.392580
260    opls_146    60.140070   32.188470    3.451580
261    opls_146    56.879650   29.171270    0.499480
262    opls_144    56.874760   32.311240    5.084880
263    opls_146    55.713360   33.172620    0.912020
264    opls_146    57.558980   35.455630    1.876390
265    opls_146    54.720810   35.265500    1.429690
266    opls_146    56.636630   37.586610    2.430430
267    opls_146    54.167810   37.023940    1.942040
268    opls_146    56.157340   39.299410    2.963630
269    opls_146    53.312810   39.192080    2.499630
270    opls_146    55.259710   41.413510    3.487070
271    opls_144    30.764660    1.588000   -0.686230
272    opls_146    27.547980    2.313720    1.005620
273    opls_146    31.133460    4.583090    3.696000
274    opls_146    26.515880    4.468820    0.890290
275    opls_146    30.139200    6.731310    3.642320
276    opls_146    18.109310   26.499810    1.391540
277    opls_146    15.985500   25.734690    2.538230
278    opls_146    19.431760   24.534110    1.361380
279    opls_146    17.273180   23.712010    2.534680
280    opls_144    18.686320   22.317500    3.475980
281    opls_146    19.178180   20.568110    3.316730
282    opls_146    21.950800   20.695260    1.881710
283    opls_146    20.256320   18.532740    2.775990
284    opls_146    23.081500   18.674020    1.300160
285    opls_146    21.286460   17.049440    2.200210
286    opls_146    24.104930   17.218460    0.719500
287    opls_146    22.440360   15.036600    1.620440
288    opls_146    25.282420   15.879890    4.617780
289    opls_144    25.800160   14.168130    4.465180
290    opls_146    25.100980   11.201120    2.189560
291    opls_146    27.109290   12.189140    1.037110
292    opls_146    26.302780    9.173160    2.445070
293    opls_146    28.310650   10.127620    1.285970
294    opls_753    10.855730    7.268240    4.202130
295    opls_753    21.608990    5.070310    1.446550
296    opls_753    56.451970   23.279150    0.601950
297    opls_753    51.441850   12.917720    2.267190
298    opls_753    46.587250    1.995590    1.908330
299    opls_753    63.603360   33.235060    3.484400
300    opls_753    44.844850    8.600990    0.719500
301    opls_753    33.934650    7.351170    3.651640
302    opls_753    58.774540   32.858110    1.197690
303    opls_753    28.755920    1.271910    3.166790
304    opls_753    20.695460   23.187870    2.592790
305    opls_753    23.746720   12.538760    0.928440
