0      opls_280     1.288320    0.643770    0.837840
1      opls_145     0.079970    1.460500    1.024170
2      opls_142     0.116900    2.773770    1.267210
3      opls_141     1.860040    4.591350    1.408860
4      opls_916     4.318680    4.009650    1.989470
5      opls_145     4.203530    2.610840    2.061510
6      opls_700     5.319330    1.763270    2.140350
7      opls_148     5.787700    5.986370    2.538360
8      opls_280     9.637140    5.663920    0.837840
9      opls_145    10.845270    4.847190    1.024170
10     opls_142    10.808340    3.533920    1.267210
11     opls_141     9.065310    1.716530    1.408860
12     opls_916     6.606560    2.298040    1.989470
13     opls_145     6.721930    3.696850    2.061510
14     opls_700     5.606120    4.544420    2.140350
15     opls_148     5.137760    0.321320    2.538360
16     opls_280    20.649020    0.793830    0.837840
17     opls_145     9.620540   18.262270    1.024170
18     opls_142     8.464740   17.637610    1.267210
19     opls_141     6.019100   18.238430    1.408860
20     opls_916    16.218900    1.735260    1.989470
21     opls_145    17.487880    2.334940    2.061510
22     opls_700    17.664000    3.725040    2.140350
23     opls_148    13.772500    2.019110    2.538360
24     opls_280    12.127030    5.514050    0.837840
25     opls_145    12.230270    6.968680    1.024170
26     opls_142    13.386070    7.593340    1.267210
27     opls_141    15.831490    6.992520    1.408860
28     opls_916    16.557260    4.572430    1.989470
29     opls_145    15.288170    3.972940    2.061510
30     opls_700    15.112050    2.582840    2.140350
31     opls_148    19.003550    4.288770    2.538360
32     opls_280    10.838710   17.485660    0.837840
33     opls_145    -9.700510   18.123750    1.024170
34     opls_142    -8.581640   17.435140    1.267210
35     opls_141    -7.879140   15.016740    1.408860
36     opls_916    12.238470   13.178350    1.989470
37     opls_145    11.084640   13.977480    2.061510
38     opls_700     9.792720   13.434950    2.140350
39     opls_148    13.215850   10.917780    2.538360
40     opls_280    11.011880    7.745290    0.837840
41     opls_145     9.700510    7.107390    1.024170
42     opls_142     8.581640    7.796010    1.267210
43     opls_141     7.879250   10.214210    1.408860
44     opls_916     9.612230   12.052790    1.989470
45     opls_145    10.765950   11.253470    2.061510
46     opls_700    12.057870   11.796000    2.140350
47     opls_148     8.634740   14.313180    2.538360
48     opls_280     9.637030   18.279490    4.418340
49     opls_145    10.845380   17.462760    4.604670
50     opls_142    10.808450   16.149490    4.847710
51     opls_141     9.065310   14.331910    4.989360
52     opls_916     6.606670   14.913610    5.569970
53     opls_145     6.721820   16.312420    5.642010
54     opls_700     5.606020   17.159990    5.720850
55     opls_148     5.137650   12.936890    6.118860
56     opls_280     1.288210   13.259340    4.418340
57     opls_145     0.080080   14.076070    4.604670
58     opls_142     0.117010   15.389340    4.847710
59     opls_141     1.860040   17.206730    4.989360
60     opls_916     4.318790   16.625220    5.569970
61     opls_145     4.203420   15.226410    5.642010
62     opls_700     5.319230   14.378840    5.720850
63     opls_148     5.787590   18.601940    6.118860
64     opls_280    -9.723670   18.129430    4.418340
65     opls_145     1.304810    0.660990    4.604670
66     opls_142     2.460610    1.285650    4.847710
67     opls_141     4.906250    0.684830    4.989360
68     opls_916    -5.293550   17.188000    5.569970
69     opls_145    -6.562530   16.588320    5.642010
70     opls_700    -6.738650   15.198220    5.720850
71     opls_148    -2.847150   16.904150    6.118860
72     opls_280    -1.201680   13.409210    4.418340
73     opls_145    -1.304920   11.954580    4.604670
74     opls_142    -2.460720   11.329920    4.847710
75     opls_141    -4.906140   11.930740    4.989360
76     opls_916    -5.631910   14.350830    5.569970
77     opls_145    -4.362820   14.950320    5.642010
78     opls_700    -4.186700   16.340430    5.720850
79     opls_148    -8.078200   14.634490    6.118860
80     opls_280     0.086640    1.437600    4.418340
81     opls_145    20.625860    0.799510    4.604670
82     opls_142    19.506990    1.488130    4.847710
83     opls_141    18.804490    3.906520    4.989360
84     opls_916    -1.313120    5.744910    5.569970
85     opls_145    -0.159290    4.945780    5.642010
86     opls_700     1.132630    5.488310    5.720850
87     opls_148    -2.290500    8.005490    6.118860
88     opls_280    -0.086530   11.177970    4.418340
89     opls_145     1.224840   11.815870    4.604670
90     opls_142     2.343710   11.127260    4.847710
91     opls_141     3.046100    8.709050    4.989360
92     opls_916     1.313120    6.870470    5.569970
93     opls_145     0.159400    7.669790    5.642010
94     opls_700    -1.132520    7.127260    5.720850
95     opls_148     2.290610    4.610080    6.118860
96     opls_238     1.261220    3.388020    1.852690
97     opls_238     3.183430    4.910960    1.851400
98     opls_238     9.664240    2.919670    1.852690
99     opls_238     7.741810    1.396730    1.851400
100    opls_238     7.360630   18.321500    1.852690
101    opls_238    16.005970    0.301450    1.851400
102    opls_238    14.490070    6.909640    1.852690
103    opls_238    16.770190    6.006240    1.851400
104    opls_238    -8.621850   16.137000    1.852690
105    opls_238    13.586660   13.710850    1.851400
106    opls_238     8.621740    9.093950    1.852690
107    opls_238     8.264040   11.520290    1.851400
108    opls_238     9.664130   15.535240    5.433190
109    opls_238     7.741920   14.012300    5.431900
110    opls_238     1.261110   16.003590    5.433190
111    opls_238     3.183540   17.526540    5.431900
112    opls_238     3.564720    0.601760    5.433190
113    opls_238    -5.080620   18.621810    5.431900
114    opls_238    -3.564720   12.013620    5.433190
115    opls_238    -5.844840   12.917020    5.431900
116    opls_238    19.547200    2.786260    5.433190
117    opls_238    -2.661310    5.212410    5.431900
118    opls_238     2.303610    9.829310    5.433190
119    opls_238     2.661310    7.402970    5.431900
120    opls_474     1.028620    5.636290    0.874360
121    opls_474     9.896840    0.671400    0.874360
122    opls_474     5.529870   16.995930    0.874360
123    opls_474    16.320830    8.235210    0.874360
124    opls_474    -6.558490   15.214300    0.874360
125    opls_474     6.558380   10.016650    0.874360
126    opls_474     9.896730   13.286970    4.454860
127    opls_474     1.028510   18.251860    4.454860
128    opls_474     5.395480    1.927330    4.454860
129    opls_474    -5.395480   10.688050    4.454860
130    opls_474    17.483840    3.708960    4.454860
131    opls_474     4.366970    8.906610    4.454860
132    opls_281     2.308850    1.137480    0.405100
133    opls_281     8.616500    5.170400    0.405100
134    opls_281    19.711190    1.430790    0.405100
135    opls_281    13.064750    4.876900    0.405100
136    opls_281    10.756010   16.355000    0.405100
137    opls_281    11.094800    8.875960    0.405100
138    opls_281     8.616500   17.785780    3.985600
139    opls_281     2.308850   13.752860    3.985600
140    opls_281    -8.785840   17.492470    3.985600
141    opls_281    -2.139400   14.046360    3.985600
142    opls_281     0.169340    2.568270    3.985600
143    opls_281    -0.169450   10.047310    3.985600
144    opls_144    -0.767290    3.364750    1.130080
145    opls_910     3.356600    5.936040    1.917360
146    opls_146     3.265480    2.151760    2.133550
147    opls_910     1.552820    3.054030    2.785920
148    opls_702     5.567230    6.697890    1.731460
149    opls_702     6.805400    6.184880    2.909230
150    opls_702     5.073620    6.220640    3.341250
151    opls_144    11.692530    2.942950    1.130080
152    opls_910     7.568860    0.371650    1.917360
153    opls_146     7.659650    4.156120    2.133550
154    opls_910     9.372640    3.253670    2.785920
155    opls_702     5.358120   -0.390010    1.731460
156    opls_702     4.120060    0.122810    2.909230
157    opls_702     5.851840    0.087050    3.341250
158    opls_144     8.395040   16.576400    1.130080
159    opls_910    15.031640   -0.061120    1.917360
160    opls_146    18.354480    1.752100    2.133550
161    opls_910     7.504080   18.741030    2.785920
162    opls_702    13.266540    1.472420    1.731460
163    opls_702    13.091740    2.801210    2.909230
164    opls_702    13.926650    1.283560    3.341250
165    opls_144    13.455770    8.654550    1.130080
166    opls_910    17.744410    6.369000    1.917360
167    opls_146    14.421570    4.555400    2.133550
168    opls_910    14.346620    6.490110    2.785920
169    opls_702    19.509400    4.835270    1.731460
170    opls_702    19.684310    3.506670    2.909230
171    opls_702    18.849400    5.024320    3.341250
172    opls_144    -7.627750   17.905380    1.130080
173    opls_910    14.387810   13.048350    1.917360
174    opls_146    11.156090   15.019390    2.133550
175    opls_910    -9.056900   16.051470    2.785920
176    opls_702    13.942280   10.752950    1.731460
177    opls_702    12.878910    9.937170    2.909230
178    opls_702    13.775770   11.419050    3.341250
179    opls_144     7.627750    7.325760    1.130080
180    opls_910     7.462780   12.182610    1.917360
181    opls_146    10.694830   10.211750    2.133550
182    opls_910     9.056790    9.179480    2.785920
183    opls_702     7.908530   14.478000    1.731460
184    opls_702     8.971680   15.293780    2.909230
185    opls_702     8.074820   13.811900    3.341250
186    opls_144    11.692640   15.558520    4.710580
187    opls_910     7.568750   12.987220    5.497860
188    opls_146     7.659870   16.771500    5.714050
189    opls_910     9.372530   15.869240    6.366420
190    opls_702     5.358120   12.225370    5.311960
191    opls_702     4.119950   12.738380    6.489730
192    opls_702     5.851730   12.702620    6.921750
193    opls_144    -0.767180   15.980320    4.710580
194    opls_910     3.356490   18.551610    5.497860
195    opls_146     3.265700   14.767150    5.714050
196    opls_910     1.552710   15.669600    6.366420
197    opls_702     5.567230   19.313270    5.311960
198    opls_702     6.805290   18.800450    6.489730
199    opls_702     5.073510   18.836210    6.921750
200    opls_144     2.530310    2.346860    4.710580
201    opls_910    -4.106290   18.984380    5.497860
202    opls_146    -7.429130   17.171160    5.714050
203    opls_910     3.421270    0.182230    6.366420
204    opls_702    -2.341190   17.450840    5.311960
205    opls_702    -2.166390   16.122050    6.489730
206    opls_702    -3.001300   17.639700    6.921750
207    opls_144    -2.530420   10.268710    4.710580
208    opls_910    -6.819060   12.554260    5.497860
209    opls_146    -3.496220   14.367860    5.714050
210    opls_910    -3.421270   12.433150    6.366420
211    opls_702    -8.584050   14.087990    5.311960
212    opls_702    -8.758960   15.416590    6.489730
213    opls_702    -7.924050   13.898950    6.921750
214    opls_144    18.553100    1.017880    4.710580
215    opls_910    -3.462460    5.874920    5.497860
216    opls_146    -0.230740    3.903870    5.714050
217    opls_910    19.982250    2.871790    6.366420
218    opls_702    -3.016930    8.170310    5.311960
219    opls_702    -1.953560    8.986090    6.489730
220    opls_702    -2.850420    7.504210    6.921750
221    opls_144     3.297600   11.597500    4.710580
222    opls_910     3.462570    6.740650    5.497860
223    opls_146     0.230520    8.711510    5.714050
224    opls_910     1.868560    9.743780    6.366420
225    opls_702     3.016820    4.445260    5.311960
226    opls_702     1.953670    3.629480    6.489730
227    opls_702     2.850530    5.111360    6.921750
