0      opls_145    25.906220    6.931530    3.258260
1      opls_145    26.488770    8.176140    2.956040
2      opls_700    26.012870    8.948880    1.873760
3      opls_145    24.946500    8.448560    1.098280
4      opls_145    24.354290    7.211980    1.412150
5      opls_700    -9.281010   16.117350    2.398630
6      opls_700    28.736850   14.836930    2.401870
7      opls_145    27.772310   14.493560    3.370010
8      opls_145    27.172560   13.223190    3.409020
9      opls_145    27.522480   12.248310    2.459510
10     opls_145    28.487600   12.563230    1.481510
11     opls_145    29.086000   13.837290    1.460530
12     opls_142    26.577070   10.193820    1.564510
13     opls_700    20.808560    1.230550    2.402320
14     opls_145    21.917240    1.405920    3.271760
15     opls_145    22.712910    2.567200    3.243310
16     opls_145    22.428110    3.602640    2.328980
17     opls_145    21.323680    3.458740    1.472590
18     opls_145    20.535350    2.296120    1.517380
19     opls_142    24.231790    5.203330    2.846980
20     opls_700    24.819370    6.435900    2.501660
21     opls_145    19.687510   18.969680    3.258260
22     opls_145    18.318370   18.851870    2.956040
23     opls_700    17.887110   18.053370    1.873760
24     opls_145    18.853580   17.380030    1.098280
25     opls_145    20.220600   17.485450    1.412150
26     opls_700    10.004220   17.369990    2.398630
27     opls_700    11.425920   17.468380    2.401870
28     opls_145    12.205550   16.804740    3.370010
29     opls_145    13.605600   16.920540    3.409020
30     opls_145    14.274910   17.711010    2.459510
31     opls_145    13.519620   18.389370    1.481510
32     opls_145    12.117060   18.270570    1.460530
33     opls_142    16.526860   17.919510    1.564510
34     opls_700    27.173530   17.405460    2.402320
35     opls_145    26.467320   18.277930    3.271760
36     opls_145    25.063790   18.386360    3.243310
37     opls_145    24.309470   17.621990    2.328980
38     opls_145    24.986310   16.737480    1.472590
39     opls_145    26.387330   16.636070    1.517380
40     opls_142    22.021380   18.383680    2.846980
41     opls_700    20.660170   18.276260    2.501660
42     opls_145    12.371520    7.565050    3.258260
43     opls_145    13.158110    6.438240    2.956040
44     opls_700    14.065270    6.464010    1.873760
45     opls_145    14.165160    7.637670    1.098280
46     opls_145    13.390360    8.768830    1.412150
47     opls_700    -0.723210   33.445170    2.398630
48     opls_700    17.802480    1.160940    2.401870
49     opls_145    17.987390    2.167940    3.370010
50     opls_145    17.187080    3.322530    3.409020
51     opls_145    16.167860    3.506930    2.459510
52     opls_145    15.958030    2.513650    1.481510
53     opls_145    16.762200    1.358400    1.460530
54     opls_142    14.861320    5.352930    1.564510
55     opls_700     9.983160   14.830240    2.402320
56     opls_145     9.580690   13.782410    3.271760
57     opls_145    10.188550   12.512700    3.243310
58     opls_145    11.227680   12.241620    2.328980
59     opls_145    11.655270   13.270040    1.472590
60     opls_145    11.042570   14.534060    1.517380
61     opls_142    11.712070    9.879240    2.846980
62     opls_700    12.485710    8.754100    2.501660
63     opls_145    -6.584470   26.534720    3.258260
64     opls_145    -7.167020   25.290110    2.956040
65     opls_700    -6.691120   24.517380    1.873760
66     opls_145    -5.624750   25.017700    1.098280
67     opls_145    -5.032540   26.254280    1.412150
68     opls_700    28.602760   17.348910    2.398630
69     opls_700    -9.415100   18.629320    2.401870
70     opls_145    -8.450560   18.972690    3.370010
71     opls_145    -7.850810   20.243070    3.409020
72     opls_145    -8.200730   21.217940    2.459510
73     opls_145    -9.165850   20.903020    1.481510
74     opls_145    -9.764250   19.628960    1.460530
75     opls_142    -7.255320   23.272430    1.564510
76     opls_700    -1.486810   32.235700    2.402320
77     opls_145    -2.595490   32.060340    3.271760
78     opls_145    -3.391160   30.899060    3.243310
79     opls_145    -3.106360   29.863610    2.328980
80     opls_145    -2.001930   30.007520    1.472590
81     opls_145    -1.213600   31.170130    1.517380
82     opls_142    -4.910040   28.262920    2.846980
83     opls_700    -5.497620   27.030360    2.501660
84     opls_145    -0.365760   14.496580    3.258260
85     opls_145     1.003380   14.614380    2.956040
86     opls_700     1.434640   15.412880    1.873760
87     opls_145     0.468170   16.086220    1.098280
88     opls_145    -0.898850   15.980800    1.412150
89     opls_700     9.317530   16.096260    2.398630
90     opls_700     7.895830   15.997870    2.401870
91     opls_145     7.116200   16.661510    3.370010
92     opls_145     5.716150   16.545720    3.409020
93     opls_145     5.046840   15.755240    2.459510
94     opls_145     5.802130   15.076880    1.481510
95     opls_145     7.204690   15.195690    1.460530
96     opls_142     2.794890   15.546750    1.564510
97     opls_700    -7.851780   16.060790    2.402320
98     opls_145    -7.145570   15.188320    3.271760
99     opls_145    -5.742040   15.079890    3.243310
100    opls_145    -4.987720   15.844260    2.328980
101    opls_145    -5.664560   16.728780    1.472590
102    opls_145    -7.065580   16.830180    1.517380
103    opls_142    -2.699630   15.082570    2.846980
104    opls_700    -1.338420   15.190000    2.501660
105    opls_145     6.950230   25.901210    3.258260
106    opls_145     6.163640   27.028010    2.956040
107    opls_700     5.256480   27.002250    1.873760
108    opls_145     5.156590   25.828580    1.098280
109    opls_145     5.931390   24.697430    1.412150
110    opls_700    20.044960    0.021080    2.398630
111    opls_700     1.519270   32.305310    2.401870
112    opls_145     1.334360   31.298310    3.370010
113    opls_145     2.134670   30.143720    3.409020
114    opls_145     3.153890   29.959320    2.459510
115    opls_145     3.363720   30.952600    1.481510
116    opls_145     2.559550   32.107860    1.460530
117    opls_142     4.460430   28.113330    1.564510
118    opls_700     9.338590   18.636020    2.402320
119    opls_145     9.741060   19.683850    3.271760
120    opls_145     9.133200   20.953560    3.243310
121    opls_145     8.094070   21.224630    2.328980
122    opls_145     7.666480   20.196210    1.472590
123    opls_145     8.279180   18.932190    1.517380
124    opls_142     7.609680   23.587010    2.846980
125    opls_700     6.836040   24.712150    2.501660
126    opls_750    26.922930   11.043860    2.554870
127    opls_750    23.144940    4.739160    2.191070
128    opls_750    15.617770   17.794010    2.554870
129    opls_750    22.966800   17.674530    2.191070
130    opls_750    15.424550    4.628380    2.554870
131    opls_750    11.853510   11.052560    2.191070
132    opls_750    -7.601180   22.422390    2.554870
133    opls_750    -3.823190   28.727100    2.191070
134    opls_750     3.703980   15.672250    2.554870
135    opls_750    -3.645050   15.791720    2.191070
136    opls_750     3.897200   28.837870    2.554870
137    opls_750     7.468240   22.413690    2.191070
138    opls_146    26.277580    6.396070    4.048240
139    opls_146    27.265310    8.513150    3.530980
140    opls_146    24.585190    8.985350    0.303760
141    opls_146    23.577370    6.885010    0.832030
142    opls_146    27.501610   15.180630    4.054270
143    opls_146    26.474080   13.011340    4.127060
144    opls_146    28.766990   11.861110    0.792820
145    opls_146    29.789310   14.029390    0.751960
146    opls_144    26.675990   10.471590    0.583710
147    opls_146    22.167840    0.675350    3.933300
148    opls_146    23.502010    2.646180    3.886270
149    opls_146    21.091240    4.202020    0.807320
150    opls_146    19.749730    2.235210    0.892810
151    opls_144    24.633690    4.656490    3.612140
152    opls_146    19.965550   19.559020    4.048240
153    opls_146    17.638250   19.355880    3.530980
154    opls_146    18.569360   16.798720    0.303760
155    opls_146    20.892220   16.976090    0.832030
156    opls_146    11.745890   16.226780    4.054270
157    opls_146    14.138300   16.421560    4.127060
158    opls_146    13.987980   18.982390    0.792820
159    opls_146    11.599040   18.783600    0.751960
160    opls_144    16.236840   17.866290    0.583710
161    opls_146    26.974710   18.860240    3.933300
162    opls_146    24.600840   19.030250    3.886270
163    opls_146    24.458820   16.164530    0.807320
164    opls_146    26.832890   15.986160    0.892810
165    opls_144    22.294010   19.005150    3.612140
166    opls_146    11.722120    7.511170    4.048240
167    opls_146    13.061700    5.597230    3.530980
168    opls_146    14.810700    7.682180    0.303760
169    opls_146    13.495660    9.605150    0.832030
170    opls_146    18.717750    2.058840    4.054270
171    opls_146    17.352860    4.033350    4.127060
172    opls_146    15.210270    2.622750    0.792820
173    opls_146    16.576900    0.653260    0.751960
174    opls_144    15.052420    5.128370    0.583710
175    opls_146     8.822700   13.930660    3.933300
176    opls_146     9.862400   11.789830    3.886270
177    opls_146    12.415190   13.099700    0.807320
178    opls_146    11.382640   15.244880    0.892810
179    opls_144    11.037550    9.804610    3.612140
180    opls_146    -6.955830   27.070180    4.048240
181    opls_146    -7.943560   24.953110    3.530980
182    opls_146    -5.263440   24.480900    0.303760
183    opls_146    -4.255620   26.581240    0.832030
184    opls_146    -8.179860   18.285630    4.054270
185    opls_146    -7.152330   20.454910    4.127060
186    opls_146    -9.445240   21.605140    0.792820
187    opls_146   -10.467560   19.436860    0.751960
188    opls_144    -7.354240   22.994660    0.583710
189    opls_146    -2.846090   32.790900    3.933300
190    opls_146    -4.180260   30.820080    3.886270
191    opls_146    -1.769490   29.264230    0.807320
192    opls_146    -0.427980   31.231040    0.892810
193    opls_144    -5.311940   28.809760    3.612140
194    opls_146    -0.643800   13.907240    4.048240
195    opls_146     1.683500   14.110380    3.530980
196    opls_146     0.752390   16.667530    0.303760
197    opls_146    -1.570470   16.490160    0.832030
198    opls_146     7.575860   17.239470    4.054270
199    opls_146     5.183450   17.044700    4.127060
200    opls_146     5.333770   14.483860    0.792820
201    opls_146     7.722710   14.682650    0.751960
202    opls_144     3.084910   15.599960    0.583710
203    opls_146    -7.652960   14.606010    3.933300
204    opls_146    -5.279090   14.436000    3.886270
205    opls_146    -5.137070   17.301720    0.807320
206    opls_146    -7.511140   17.480090    0.892810
207    opls_144    -2.972260   14.461100    3.612140
208    opls_146     7.599630   25.955090    4.048240
209    opls_146     6.260050   27.869020    3.530980
210    opls_146     4.511050   25.784070    0.303760
211    opls_146     5.826090   23.861100    0.832030
212    opls_146     0.604000   31.407410    4.054270
213    opls_146     1.968890   29.432900    4.127060
214    opls_146     4.111480   30.843500    0.792820
215    opls_146     2.744850   32.812990    0.751960
216    opls_144     4.269330   28.337880    0.583710
217    opls_146    10.499050   19.535590    3.933300
218    opls_146     9.459350   21.676430    3.886270
219    opls_146     6.906560   20.366560    0.807320
220    opls_146     7.939110   18.221370    0.892810
221    opls_144     8.284200   23.661640    3.612140
