0      opls_145    13.316220    0.690640   10.087640
1      opls_700    11.961180    0.481500   10.384770
2      opls_700    11.570580    0.460600   11.745630
3      opls_700    13.933880    0.456960   12.428140
4      opls_145    14.283380    0.664800   11.086650
5      opls_700    10.978830    0.336060    9.371060
6      opls_145     9.639630    0.190870    9.742960
7      opls_700     9.218620    0.291780   11.071210
8      opls_700    11.280370    0.306010    7.911400
9      opls_700     7.754220    0.160400   11.329600
10     opls_145    12.314990    3.604850    7.387260
11     opls_145    12.560920    3.584610    6.011940
12     opls_145    11.734370    0.196630    5.131100
13     opls_145    10.679750    0.963810    5.644450
14     opls_145    10.462940    1.023430    7.019770
15     opls_145    17.298560    0.792450   14.039050
16     opls_145    18.668450    0.566990   13.900050
17     opls_145    19.149750    3.822910   12.894670
18     opls_145    18.239950    3.208360   12.017510
19     opls_145    16.865310    3.402820   12.180530
20     opls_142    21.237350    2.941030   11.965040
21     opls_700    22.694670    2.804100   12.127580
22     opls_142    12.923150    0.410020   21.748940
23     opls_700    12.479010    0.376820   23.155880
24     opls_727    23.287850    2.757160   13.398460
25     opls_727     0.628820    2.754220   13.522760
26     opls_727    11.120260    0.378700   23.505480
27     opls_727    10.682170    0.380380    0.349100
28     opls_145    10.813340    0.690640   14.427870
29     opls_700    12.168380    0.481500   14.130740
30     opls_700    12.558980    0.460600   12.769890
31     opls_700    10.195690    0.456960   12.087370
32     opls_145     9.846190    0.664800   13.428860
33     opls_700    13.150740    0.336060   15.144460
34     opls_145    14.489940    0.190870   14.772560
35     opls_700    14.910950    0.291780   13.444310
36     opls_700    12.849200    0.306010   16.604110
37     opls_700    16.375340    0.160400   13.185910
38     opls_145    11.814580    3.604850   17.128250
39     opls_145    11.568650    3.584610   18.503580
40     opls_145    12.395190    0.196630   19.384420
41     opls_145    13.449810    0.963810   18.871060
42     opls_145    13.666630    1.023430   17.495740
43     opls_145     6.831010    0.792450   10.476460
44     opls_145     5.461110    0.566990   10.615460
45     opls_145     4.979810    3.822910   11.620840
46     opls_145     5.889620    3.208360   12.498010
47     opls_145     7.264260    3.402820   12.334980
48     opls_142     2.892220    2.941030   12.550470
49     opls_700     1.434890    2.804100   12.387930
50     opls_142    11.206420    0.410020    2.766580
51     opls_700    11.650560    0.376820    1.359630
52     opls_727     0.841710    2.757160   11.117050
53     opls_727    23.500750    2.754220   10.992760
54     opls_727    13.009310    0.378700    1.010040
55     opls_727    13.447400    0.380380   24.166410
56     opls_750    20.557240    3.569970   12.867950
57     opls_750    12.097820    0.150670   20.782050
58     opls_750     3.572320    3.569970   11.647570
59     opls_750    12.031740    0.150670    3.733470
60     opls_146    13.650000    0.875660    9.080790
61     opls_146    15.308010    0.816250   10.789520
62     opls_146     8.903860   -0.012590    8.973900
63     opls_146    12.920490    2.989610    8.037900
64     opls_146    13.374710    2.993250    5.612830
65     opls_146    10.055000    1.559670    4.995280
66     opls_146     9.667610    1.654530    7.392410
67     opls_146    16.959370    1.460400   14.818400
68     opls_146    19.373420    1.037290   14.578400
69     opls_146    18.573410    2.523730   11.255320
70     opls_146    16.182130    2.853570   11.550730
71     opls_144    20.773130    2.601010   11.047430
72     opls_144    13.967270    0.613570   21.542520
73     opls_146    10.479570    0.875660   15.434720
74     opls_146     8.821560    0.816250   13.725990
75     opls_146    15.225710   -0.012590   15.541610
76     opls_146    11.209080    2.989610   16.477610
77     opls_146    10.754860    2.993250   18.902690
78     opls_146    14.074570    1.559670   19.520230
79     opls_146    14.461960    1.654530   17.123110
80     opls_146     7.170200    1.460400    9.697110
81     opls_146     4.756150    1.037290    9.937120
82     opls_146     5.556160    2.523730   13.260200
83     opls_146     7.947440    2.853570   12.964780
84     opls_144     3.356440    2.601010   13.468090
85     opls_144    10.162300    0.613570    2.973000
86     opls_719    22.495870    2.687160   14.493570
87     opls_719    10.175550    0.417470   22.533190
88     opls_719     1.237730    2.737700   14.734810
89     opls_719    14.751710    0.393420   23.798930
90     opls_719     1.633700    2.687160   10.021940
91     opls_719    13.954020    0.417470    1.982320
92     opls_719    22.891840    2.737700    9.780710
93     opls_719     9.377850    0.393420    0.716590
