0      opls_142    12.052420   15.199540    1.698790
1      opls_531    18.738890    9.417620    2.118750
2      opls_700    16.137970   12.075430    2.102430
3      opls_523    16.051530   13.477900    2.139540
4      opls_145    14.808860   14.115590    2.106180
5      opls_145    13.624430   13.359550    2.023770
6      opls_145    13.709190   11.963860    2.012000
7      opls_523    14.950750   11.324880    2.045570
8      opls_700    10.657020   15.695600    1.709300
9      opls_145     9.594890   14.835750    2.038780
10     opls_166     8.260170   15.298500    2.068350
11     opls_181    11.432390   19.201290    1.702440
12     opls_142     6.598720   17.131700    1.672660
13     opls_531    -0.066280   22.919770    1.131920
14     opls_700     2.529410   20.257430    1.159030
15     opls_523     2.613240   18.854310    1.136540
16     opls_145     3.854050   18.214680    1.192240
17     opls_145     5.038850   18.968790    1.282630
18     opls_145     4.957260   20.364790    1.274800
19     opls_523     3.717940   21.005720    1.219100
20     opls_700     7.993370   16.632410    1.700310
21     opls_145     9.057000   17.487090    1.365740
22     opls_166    10.387800   17.042770    1.412630
23     opls_181     7.431220   13.175870    2.967740
24     opls_142    18.150600    2.837930    1.698790
25     opls_531    19.814660   11.519550    2.118750
26     opls_700    18.813390    7.938180    2.102430
27     opls_523    17.642030    7.162080    2.139540
28     opls_145    17.711110    5.767050    2.106180
29     opls_145    18.958080    5.119330    2.023770
30     opls_145    20.124390    5.890580    2.012000
31     opls_523    20.056990    7.285290    2.045570
32     opls_700    18.418700    1.381450    1.709300
33     opls_145    19.694420    0.891540    2.038780
34     opls_166     1.291030   31.841660    2.068350
35     opls_181    14.995000    0.300090    1.702440
36     opls_142     0.534150   29.486200    1.672660
37     opls_531    -1.145960   20.820100    1.131920
38     opls_700    -0.138160   24.399210    1.159030
39     opls_523     1.035060   25.173360    1.136540
40     opls_145     0.968600   26.567750    1.192240
41     opls_145    -0.276880   27.216760    1.282630
42     opls_145    -1.445060   26.448100    1.274800
43     opls_523    -1.380460   25.054360    1.219100
44     opls_700     0.269220   30.943650    1.700310
45     opls_145    -1.002770   31.437440    1.365740
46     opls_166    17.386620    0.474710    1.412630
47     opls_181     3.543750   32.185080    2.967740
48     opls_142    25.806980   14.299920    1.698790
49     opls_531    17.456450   11.400220    2.118750
50     opls_700    21.058640   12.323780    2.102430
51     opls_523    22.316440   11.697400    2.139540
52     opls_145    23.490030   12.454750    2.106180
53     opls_145    23.427490   13.858510    2.023770
54     opls_145    22.176410   14.482950    2.012000
55     opls_523    21.002260   13.727220    2.045570
56     opls_700    26.934280   15.260340    1.709300
57     opls_145    26.720690   16.610100    2.038780
58     opls_166    -9.551200   17.534630    2.068350
59     opls_181    29.582620   12.836000    1.702440
60     opls_142    -7.132870   18.056870    1.672660
61     opls_531     1.212240   20.934900    1.131920
62     opls_700    -2.391250   20.018140    1.159030
63     opls_523    -3.648300   20.647100    1.136540
64     opls_145    -4.822650   19.892340    1.192240
65     opls_145    -4.761970   18.489230    1.282630
66     opls_145    -3.512200   17.861880    1.274800
67     opls_523    -2.337480   18.614690    1.219100
68     opls_700    -8.262600   17.098720    1.700310
69     opls_145    -8.054240   15.750250    1.365740
70     opls_166    28.235570   14.819900    1.412630
71     opls_181   -10.974970   19.313830    2.967740
72     opls_520    19.874030   10.162670    2.118100
73     opls_750    12.319960   13.960700    1.985180
74     opls_520    -1.202910   22.176660    1.132890
75     opls_750     6.340330   18.365050    1.354220
76     opls_520    18.601850   12.130080    2.118100
77     opls_750    19.089700    3.689050    1.985180
78     opls_520     0.065910   20.207310    1.132890
79     opls_750    -0.404770   28.645750    1.354220
80     opls_520    17.534120   10.044640    2.118100
81     opls_750    24.600340   14.687640    1.985180
82     opls_520     1.137000   22.290810    1.132890
83     opls_750    -5.935570   17.663980    1.354220
84     opls_179     7.170770   14.481980    2.451480
85     opls_179    11.452920   17.905210    1.095420
86     opls_179     2.542850   31.306470    2.451480
87     opls_179    16.107170    0.965920    1.095420
88     opls_179    -9.713630   18.886330    2.451480
89     opls_179    28.449910   13.466260    1.095420
90     opls_144    12.844030   15.879270    1.417900
91     opls_526    16.944520   14.086810    2.199320
92     opls_146    14.787570   15.193720    2.165240
93     opls_146    12.806310   11.368210    1.964530
94     opls_526    14.977820   10.243190    2.021740
95     opls_146     9.818550   13.804830    2.269350
96     opls_185    11.361440   19.982570    0.921160
97     opls_185    12.382690   19.350050    2.253940
98     opls_185    10.593730   19.339700    2.417650
99     opls_144     5.799280   16.462320    1.955280
100    opls_526     1.719510   18.246690    1.074160
101    opls_146     3.874030   17.135580    1.146430
102    opls_146     5.861070   20.958830    1.327470
103    opls_526     3.692930   22.087730    1.231330
104    opls_146     8.855370   18.505720    1.059350
105    opls_185     8.196690   13.215970    3.761910
106    opls_185     7.772510   12.485790    2.174270
107    opls_185     6.493800   12.766800    3.396400
108    opls_144    17.166130    3.183620    1.417900
109    opls_526    16.668200    7.630980    2.199320
110    opls_146    16.788060    5.209550    2.165240
111    opls_146    21.091690    5.406490    1.964530
112    opls_526    20.980230    7.849580    2.021740
113    opls_146    20.475390    1.600700    2.269350
114    opls_185    14.353870   -0.151990    0.921160
115    opls_185    14.391020    1.048700    2.253940
116    opls_185    15.294460   -0.495410    2.417650
117    opls_144     1.513580   29.128550    1.955280
118    opls_526     2.008150   24.703180    1.074160
119    opls_146     1.893140   27.124600    1.146430
120    opls_146    -2.411420   26.933810    1.327470
121    opls_526    -2.305000   24.491690    1.231330
122    opls_146    -1.784110   30.753500    1.059350
123    opls_185     3.126290   32.827950    3.761910
124    opls_185     3.970740   32.825680    2.174270
125    opls_185     4.366730   31.577780    3.396400
126    opls_144    25.999840   13.274500    1.417900
127    opls_526    22.397280   10.619600    2.199320
128    opls_146    24.434360   11.934110    2.165240
129    opls_146    22.112000   15.562690    1.964530
130    opls_526    20.051950   14.244620    2.021740
131    opls_146    25.716060   16.931860    2.269350
132    opls_185    30.294690   12.506810    0.921160
133    opls_185    29.236290   11.938640    2.253940
134    opls_185    30.121800   13.493100    2.417650
135    opls_144    -7.312850   19.083910    1.955280
136    opls_526    -3.727650   21.724900    1.074160
137    opls_146    -5.767160   20.414590    1.146430
138    opls_146    -3.449660   16.782130    1.327470
139    opls_526    -1.387930   18.095360    1.231330
140    opls_146    -7.071260   15.415560    1.059350
141    opls_185   -11.322980   18.630860    3.761910
142    opls_185   -11.743240   19.363300    2.174270
143    opls_185   -10.860530   20.330190    3.396400
