0      opls_602    16.492720   14.467310    1.053100
1      opls_601    18.029780   12.650540    0.435560
2      opls_599    15.105840    9.741770    1.778270
3      opls_146    16.223520   20.895360    4.301030
4      opls_146    17.772810   22.786350    4.373460
5      opls_146    20.923410   20.263660    2.864360
6      opls_146    19.369670   18.391820    2.733200
7      opls_144    19.894440   23.833590    3.536280
8      opls_547    22.752750   28.230180    2.533610
9      opls_547    26.536860   24.337480    2.283530
10     opls_146    25.495930   24.977430    4.410000
11     opls_146    23.954420   23.102350    4.723830
12     opls_146    21.354740   24.740360    1.724760
13     opls_146    23.003320   26.459060    1.227310
14     opls_602    11.317280   14.982690    1.053100
15     opls_601     9.780220   16.799460    0.435560
16     opls_599    12.704160   19.708230    1.778270
17     opls_146    11.586480    8.554640    4.301030
18     opls_146    10.037190    6.663650    4.373460
19     opls_146     6.886590    9.186340    2.864360
20     opls_146     8.440330   11.058180    2.733200
21     opls_144     7.915560    5.616410    3.536280
22     opls_547     5.057250    1.219820    2.533610
23     opls_547     1.273140    5.112520    2.283530
24     opls_146     2.314070    4.472570    4.410000
25     opls_146     3.855580    6.347650    4.723830
26     opls_146     6.455260    4.709640    1.724760
27     opls_146     4.806680    2.990940    1.227310
28     opls_602    11.317280   14.467310    3.286900
29     opls_601     9.780220   12.650540    3.904440
30     opls_599    12.704160    9.741770    2.561730
31     opls_146    11.586480   20.895360    0.038970
32     opls_146    10.037190   22.786350   -0.033460
33     opls_146     6.886590   20.263660    1.475640
34     opls_146     8.440330   18.391820    1.606800
35     opls_144     7.915560   23.833590    0.803720
36     opls_547     5.057250   28.230180    1.806390
37     opls_547     1.273140   24.337480    2.056470
38     opls_146     2.314070   24.977430   -0.070000
39     opls_146     3.855580   23.102350   -0.383830
40     opls_146     6.455260   24.740360    2.615240
41     opls_146     4.806680   26.459060    3.112690
42     opls_602    16.492720   14.982690    3.286900
43     opls_601    18.029780   16.799460    3.904440
44     opls_599    15.105840   19.708230    2.561730
45     opls_146    16.223520    8.554640    0.038970
46     opls_146    17.772810    6.663650   -0.033460
47     opls_146    20.923410    9.186340    1.475640
48     opls_146    19.369670   11.058180    1.606800
49     opls_144    19.894440    5.616410    0.803720
50     opls_547    22.752750    1.219820    1.806390
51     opls_547    26.536860    5.112520    2.056470
52     opls_146    25.495930    4.472570   -0.070000
53     opls_146    23.954420    6.347650   -0.383830
54     opls_146    21.354740    4.709640    2.615240
55     opls_146    23.003320    2.990940    3.112690
56     opls_594    14.942870   13.132050    1.723890
57     opls_593    16.184590   13.447160    1.181390
58     opls_592    17.060880   12.402570    0.846260
59     opls_700    16.695730   11.050230    1.060090
60     opls_590    15.416470   10.757790    1.575770
61     opls_700    14.570220   11.814750    1.885730
62     opls_700    17.670470   19.495610    3.501160
63     opls_145    17.246930   20.744870    3.985250
64     opls_145    18.132400   21.823330    4.034590
65     opls_700    19.461720   21.668130    3.624030
66     opls_145    19.905010   20.406790    3.199800
67     opls_145    19.015920   19.332750    3.131740
68     opls_142    20.341350   22.846430    3.549900
69     opls_700    25.399990   26.961770    2.528660
70     opls_716    23.648510   28.794440    2.340040
71     opls_507    24.967540   28.387150    2.373680
72     opls_507    26.740980   26.555360    2.329580
73     opls_716    27.139500   25.232170    2.252420
74     opls_700    24.366570   25.905690    2.820000
75     opls_145    24.604060   24.932080    3.806480
76     opls_145    23.723880   23.863630    3.990890
77     opls_145    22.523320   23.813270    3.284730
78     opls_145    22.251890   24.796310    2.325720
79     opls_145    23.186310   25.799380    2.063110
80     opls_594    12.867130   16.317950    1.723890
81     opls_593    11.625410   16.002840    1.181390
82     opls_592    10.749120   17.047430    0.846260
83     opls_700    11.114270   18.399770    1.060090
84     opls_590    12.393530   18.692210    1.575770
85     opls_700    13.239780   17.635250    1.885730
86     opls_700    10.139250    9.954390    3.501160
87     opls_145    10.563070    8.705130    3.985250
88     opls_145     9.677600    7.626670    4.034590
89     opls_700     8.348280    7.781870    3.624030
90     opls_145     7.904990    9.043210    3.199800
91     opls_145     8.794080   10.117250    3.131740
92     opls_142     7.468650    6.603570    3.549900
93     opls_700     2.410010    2.488230    2.528660
94     opls_716     4.161490    0.655560    2.340040
95     opls_507     2.842460    1.062850    2.373680
96     opls_507     1.069020    2.894640    2.329580
97     opls_716     0.670500    4.217830    2.252420
98     opls_700     3.443430    3.544310    2.820000
99     opls_145     3.205940    4.517920    3.806480
100    opls_145     4.086120    5.586370    3.990890
101    opls_145     5.286680    5.636730    3.284730
102    opls_145     5.558110    4.653690    2.325720
103    opls_145     4.623690    3.650620    2.063110
104    opls_594    12.867130   13.132050    2.616110
105    opls_593    11.625410   13.447160    3.158610
106    opls_592    10.749120   12.402570    3.493740
107    opls_700    11.114270   11.050230    3.279910
108    opls_590    12.393530   10.757790    2.764230
109    opls_700    13.239780   11.814750    2.454270
110    opls_700    10.139250   19.495610    0.838840
111    opls_145    10.563070   20.744870    0.354750
112    opls_145     9.677600   21.823330    0.305410
113    opls_700     8.348280   21.668130    0.715970
114    opls_145     7.904990   20.406790    1.140200
115    opls_145     8.794080   19.332750    1.208260
116    opls_142     7.468650   22.846430    0.790100
117    opls_700     2.410010   26.961770    1.811340
118    opls_716     4.161490   28.794440    1.999960
119    opls_507     2.842460   28.387150    1.966320
120    opls_507     1.069020   26.555360    2.010420
121    opls_716     0.670500   25.232170    2.087580
122    opls_700     3.443430   25.905690    1.520000
123    opls_145     3.205940   24.932080    0.533520
124    opls_145     4.086120   23.863630    0.349110
125    opls_145     5.286680   23.813270    1.055270
126    opls_145     5.558110   24.796310    2.014280
127    opls_145     4.623690   25.799380    2.276890
128    opls_594    14.942870   16.317950    2.616110
129    opls_593    16.184590   16.002840    3.158610
130    opls_592    17.060880   17.047430    3.493740
131    opls_700    16.695730   18.399770    3.279910
132    opls_590    15.416470   18.692210    2.764230
133    opls_700    14.570220   17.635250    2.454270
134    opls_700    17.670470    9.954390    0.838840
135    opls_145    17.246930    8.705130    0.354750
136    opls_145    18.132400    7.626670    0.305410
137    opls_700    19.461720    7.781870    0.715970
138    opls_145    19.905010    9.043210    1.140200
139    opls_145    19.015920   10.117250    1.208260
140    opls_142    20.341350    6.603570    0.790100
141    opls_700    25.399990    2.488230    1.811340
142    opls_716    23.648510    0.655560    1.999960
143    opls_507    24.967540    1.062850    1.966320
144    opls_507    26.740980    2.894640    2.010420
145    opls_716    27.139500    4.217830    2.087580
146    opls_700    24.366570    3.544310    1.520000
147    opls_145    24.604060    4.517920    0.533520
148    opls_145    23.723880    5.586370    0.349110
149    opls_145    22.523320    5.636730    1.055270
150    opls_145    22.251890    4.653690    2.014280
151    opls_145    23.186310    3.650620    2.276890
152    opls_750    21.630060   22.713900    3.489230
153    opls_750     6.179940    6.736100    3.489230
154    opls_750     6.179940   22.713900    0.850770
155    opls_750    21.630060    6.736100    0.850770
156    opls_542    25.787660    0.000000    2.170000
157    opls_542     2.022340    0.000000    2.170000
158    opls_542    13.905000   14.017910    2.170000
159    opls_542    13.905000   15.432090    2.170000
160    opls_542    27.810000   27.378490    2.170000
161    opls_542    27.810000    2.071510    2.170000
