0      opls_280    13.918450    8.173580    0.000000
1      opls_145    15.113290    7.311150    0.000000
2      opls_142    12.950640   10.488000    0.000000
3      opls_916    10.468020   11.024780    0.000000
4      opls_145    10.624340   12.405510    0.000000
5      opls_145     9.522900   13.243930    0.000000
6      opls_700     8.215770   12.740140    0.000000
7      opls_145     8.078490   11.346470    0.000000
8      opls_145     9.182060   10.513340    0.000000
9      opls_280    16.435050    7.966940    0.000000
10     opls_145    16.584520    9.432920    0.000000
11     opls_142    14.914610    5.971580    0.000000
12     opls_916    15.691050    3.553180    0.000000
13     opls_145    14.417140    2.998190    0.000000
14     opls_145    14.241770    1.625110    0.000000
15     opls_700    15.331630    0.745000    0.000000
16     opls_145    16.607220    1.322940    0.000000
17     opls_145    16.776950    2.695230    0.000000
18     opls_280    15.355700   10.249700    0.000000
19     opls_145    14.011390    9.646150    0.000000
20     opls_142    17.843960    9.930640    0.000000
21     opls_916    19.550130   11.812260    0.000000
22     opls_145    20.667720   10.986510    0.000000
23     opls_145    21.944530   11.521180    0.000000
24     opls_700    22.161800   12.905080    0.000000
25     opls_145    21.023490   13.720800    0.000000
26     opls_145    19.750180   13.181650    0.000000
27     opls_280     1.317950   18.216640    0.000000
28     opls_145     0.123110   19.079070    0.000000
29     opls_142     2.285760   15.902220    0.000000
30     opls_916     4.768380   15.365440    0.000000
31     opls_145     4.612060   13.984700    0.000000
32     opls_145     5.713500   13.146290    0.000000
33     opls_700     7.020630   13.650080    0.000000
34     opls_145     7.157910   15.043740    0.000000
35     opls_145     6.054340   15.876880    0.000000
36     opls_280    -1.198650   18.423280    0.000000
37     opls_145    -1.348120   16.957300    0.000000
38     opls_142     0.321790   20.418640    0.000000
39     opls_916    -0.454650   22.837040    0.000000
40     opls_145     0.819260   23.392030    0.000000
41     opls_145     0.994630   24.765110    0.000000
42     opls_700    -0.095230   25.645220    0.000000
43     opls_145    -1.370820   25.067280    0.000000
44     opls_145    -1.540550   23.694990    0.000000
45     opls_280    -0.119300   16.140520    0.000000
46     opls_145     1.225010   16.744070    0.000000
47     opls_142    -2.607560   16.459580    0.000000
48     opls_916    -4.313730   14.577960    0.000000
49     opls_145    -5.431320   15.403710    0.000000
50     opls_145    -6.708130   14.869040    0.000000
51     opls_700    -6.925400   13.485140    0.000000
52     opls_145    -5.787090   12.669420    0.000000
53     opls_145    -4.513780   13.208570    0.000000
54     opls_238    11.568690   10.112730    0.000000
55     opls_238    15.930570    4.962420    0.000000
56     opls_238    18.209940   11.315070    0.000000
57     opls_238     3.667710   16.277490    0.000000
58     opls_238    -0.694170   21.427800    0.000000
59     opls_238    -2.973540   15.075150    0.000000
60     opls_281    12.841240    7.637330    0.000000
61     opls_281    17.438060    7.302170    0.000000
62     opls_281    15.429900   11.450720    0.000000
63     opls_281     2.395160   18.752890    0.000000
64     opls_281    -2.201660   19.088050    0.000000
65     opls_281    -0.193500   14.939500    0.000000
66     opls_144    13.169730   11.532000    0.000000
67     opls_146    11.584230   12.866290    0.000000
68     opls_146     9.734380   14.286350    0.000000
69     opls_146     7.131240   10.862740    0.000000
70     opls_146     9.029700    9.453500    0.000000
71     opls_910    11.299920    9.120460    0.000000
72     opls_144    13.900930    5.639330    0.000000
73     opls_146    13.538150    3.599100    0.000000
74     opls_146    13.233270    1.287050    0.000000
75     opls_146    17.499770    0.744470    0.000000
76     opls_146    17.770980    3.093200    0.000000
77     opls_910    16.924290    5.225790    0.000000
78     opls_144    18.638540    9.218900    0.000000
79     opls_146    20.586810    9.924830    0.000000
80     opls_146    22.741550   10.816820    0.000000
81     opls_146    21.078190   14.783010    0.000000
82     opls_146    18.908520   13.843520    0.000000
83     opls_910    17.484990   12.043970    0.000000
84     opls_144     2.066670   14.858220    0.000000
85     opls_146     3.652170   13.523930    0.000000
86     opls_146     5.502020   12.103870    0.000000
87     opls_146     8.105160   15.527480    0.000000
88     opls_146     6.206700   16.936710    0.000000
89     opls_910     3.936480   17.269760    0.000000
90     opls_144     1.335470   20.750890    0.000000
91     opls_146     1.698250   22.791120    0.000000
92     opls_146     2.003130   25.103170    0.000000
93     opls_146    -2.263370   25.645750    0.000000
94     opls_146    -2.534580   23.297020    0.000000
95     opls_910    -1.687890   21.164430    0.000000
96     opls_144    -3.402140   17.171320    0.000000
97     opls_146    -5.350410   16.465390    0.000000
98     opls_146    -7.505150   15.573400    0.000000
99     opls_146    -5.841790   11.607210    0.000000
100    opls_146    -3.672120   12.546700    0.000000
101    opls_910    -2.248590   14.346250    0.000000
