0      opls_700     1.224240   15.888520    0.118380
1      opls_700    15.294990    1.444670    0.118380
2      opls_700    28.225250   15.888520    3.567100
3      opls_700    14.154500    1.444670    3.567100
4      opls_700    28.225250   12.999180    3.567100
5      opls_700    14.154500   27.443030    3.567100
6      opls_700     1.224240   12.999180    0.118380
7      opls_700    15.294990   27.443030    0.118380
8      opls_145     2.396770   13.745630    0.367810
9      opls_145    16.467520   28.189480    0.367810
10     opls_145    27.052720   13.745630    3.317670
11     opls_145    12.981970   28.189480    3.317670
12     opls_145    27.052720   15.142070    3.317670
13     opls_145    12.981970    0.698220    3.317670
14     opls_145     2.396770   15.142070    0.367810
15     opls_145    16.467520    0.698220    0.367810
16     opls_700     1.247320   11.574150    0.005010
17     opls_700    15.318070   26.018000    0.005010
18     opls_700    28.202160   11.574150    3.680430
19     opls_700    14.131410   26.018000    3.680430
20     opls_700    28.202160   17.313550    3.680430
21     opls_700    14.131410    2.869700    3.680430
22     opls_700     1.247320   17.313550    0.005010
23     opls_700    15.318070    2.869700    0.005010
24     opls_700     3.751150   10.804000    3.545690
25     opls_700    17.821900   25.247850    3.545690
26     opls_700    25.698340   10.804000    0.139790
27     opls_700    11.627590   25.247850    0.139790
28     opls_700    25.698340   18.083700    0.139790
29     opls_700    11.627590    3.639850    0.139790
30     opls_700     3.751150   18.083700    3.545690
31     opls_700    17.821900    3.639850    3.545690
32     opls_145     2.670870    9.595340    0.567640
33     opls_145    16.741620   24.039190    0.567640
34     opls_145    26.778610    9.595340    3.117800
35     opls_145    12.707860   24.039190    3.117800
36     opls_145    26.778610   19.292650    3.117800
37     opls_145    12.707860    4.848800    3.117800
38     opls_145     2.670870   19.292650    0.567640
39     opls_145    16.741620    4.848800    0.567640
40     opls_145     3.856330    8.846280    0.395970
41     opls_145    17.927080   23.290130    0.395970
42     opls_145    25.593160    8.846280    3.289510
43     opls_145    11.522410   23.290130    3.289510
44     opls_145    25.593160   20.041420    3.289510
45     opls_145    11.522410    5.597570    3.289510
46     opls_145     3.856330   20.041420    0.395970
47     opls_145    17.927080    5.597570    0.395970
48     opls_700     6.181690    9.279310    3.198260
49     opls_700    20.252440   23.723160    3.198260
50     opls_700    23.267800    9.279310    0.487220
51     opls_700     9.197050   23.723160    0.487220
52     opls_700    23.267800   19.608390    0.487220
53     opls_700     9.197050    5.164540    0.487220
54     opls_700     6.181690   19.608390    3.198260
55     opls_700    20.252440    5.164540    3.198260
56     opls_145     5.954940   10.472950    2.476900
57     opls_145    20.025690   24.916800    2.476900
58     opls_145    23.494820   10.472950    1.208540
59     opls_145     9.424080   24.916800    1.208580
60     opls_145    23.494820   18.414750    1.208540
61     opls_145     9.424080    3.970900    1.208580
62     opls_145     5.954940   18.414750    2.476900
63     opls_145    20.025690    3.970900    2.476900
64     opls_145     4.762560   11.202360    2.635410
65     opls_145    18.833310   25.646210    2.635410
66     opls_145    24.686930   11.202360    1.050070
67     opls_145    10.616180   25.646210    1.050070
68     opls_145    24.686930   17.685340    1.050070
69     opls_145    10.616180    3.241490    1.050070
70     opls_145     4.762560   17.685340    2.635410
71     opls_145    18.833310    3.241490    2.635410
72     opls_142     7.396390    8.580510    3.019360
73     opls_142    21.467140   23.024360    3.019360
74     opls_142    22.053100    8.580510    0.666110
75     opls_142     7.982350   23.024360    0.666110
76     opls_142    22.053100   20.307190    0.666110
77     opls_142     7.982350    5.863340    0.666110
78     opls_142     7.396390   20.307190    3.019360
79     opls_142    21.467140    5.863340    3.019360
80     opls_145    28.141500   10.903660    0.000000
81     opls_145    14.070750   25.347510    0.000000
82     opls_145     0.000000   17.984040    0.000000
83     opls_145    14.070750    3.540190    0.000000
84     opls_700    28.141500   15.163730    0.000000
85     opls_700    14.070750    0.719880    0.000000
86     opls_700     0.000000   13.723970    0.000000
87     opls_700    14.070750   28.167820    0.000000
88     opls_146     3.282060   13.281990    0.566720
89     opls_146    17.352810   27.725840    0.566720
90     opls_146    26.167430   13.281990    3.118760
91     opls_146    12.096680   27.725840    3.118760
92     opls_146    26.167430   15.605710    3.118760
93     opls_146    12.096680    1.161860    3.118760
94     opls_146     3.282060   15.605710    0.566720
95     opls_146    17.352810    1.161860    0.566720
96     opls_146     1.975440    9.250710    1.231940
97     opls_146    16.046190   23.694560    1.231940
98     opls_146    27.474050    9.250710    2.453530
99     opls_146    13.403300   23.694560    2.453530
100    opls_146    27.474050   19.636990    2.453530
101    opls_146    13.403300    5.193140    2.453530
102    opls_146     1.975440   19.636990    1.231940
103    opls_146    16.046190    5.193140    1.231940
104    opls_146     3.979620    7.984270    0.933640
105    opls_146    18.050370   22.428120    0.933640
106    opls_146    25.469870    7.984270    2.751830
107    opls_146    11.399120   22.428120    2.751830
108    opls_146    25.469870   20.903430    2.751830
109    opls_146    11.399120    6.459580    2.751830
110    opls_146     3.979620   20.903430    0.933640
111    opls_146    18.050370    6.459580    0.933640
112    opls_146     6.654670   10.822200    1.815940
113    opls_146    20.725420   25.266050    1.815940
114    opls_146    22.794820   10.822200    1.869530
115    opls_146     8.724070   25.266050    1.869530
116    opls_146    22.794820   18.065500    1.869530
117    opls_146     8.724070    3.621650    1.869530
118    opls_146     6.654670   18.065500    1.815940
119    opls_146    20.725420    3.621650    1.815940
120    opls_146     4.638120   12.037220    2.061950
121    opls_146    18.708870   26.481070    2.061950
122    opls_146    24.811370   12.037220    1.623530
123    opls_146    10.740620   26.481070    1.623530
124    opls_146    24.811370   16.850480    1.623530
125    opls_146    10.740620    2.406630    1.623530
126    opls_146     4.638120   16.850480    2.061950
127    opls_146    18.708870    2.406630    2.061950
128    opls_144     8.039420    8.889030    2.283520
129    opls_144    22.110170   23.332880    2.283520
130    opls_144    21.410070    8.889030    1.401960
131    opls_144     7.339320   23.332880    1.401960
132    opls_144    21.410070   19.998670    1.401960
133    opls_144     7.339320    5.554820    1.401960
134    opls_144     8.039420   19.998670    2.283520
135    opls_144    22.110170    5.554820    2.283520
136    opls_146    28.141500    9.881040    0.000000
137    opls_146    14.070750   24.324890    0.000000
138    opls_146     0.000000   19.006660    0.000000
139    opls_146    14.070750    4.562810    0.000000
140    opls_750     6.467570    7.525250    0.086680
141    opls_750    20.538320   21.969100    0.086680
142    opls_750    22.981920    7.525250    3.598790
143    opls_750     8.911170   21.969100    3.598790
144    opls_750    22.981920   21.362450    3.598790
145    opls_750     8.911170    6.918600    3.598790
146    opls_750     6.467570   21.362450    0.086680
147    opls_750    20.538320    6.918600    0.086680
