0      opls_145    11.070250   16.350900    8.280620
1      opls_916     9.834560   14.596110    7.026710
2      opls_145    10.720100   15.707620    7.034680
3      opls_142    10.428990   13.889720    4.618500
4      opls_700    10.304810   13.158890    3.355290
5      opls_145    11.489600   12.802640    2.638000
6      opls_145    11.452960   11.904890    1.515590
7      opls_700    10.217280   11.393920    1.010840
8      opls_145     9.024350   11.833640    1.669670
9      opls_145     9.063030   12.733430    2.792090
10     opls_423     8.431950   13.042860    5.772790
11     opls_701    10.178600   10.178600    0.000000
12     opls_145    19.465550   14.184900    1.639120
13     opls_916     0.344040   15.939690    0.385210
14     opls_145    19.815700   14.828180    0.393180
15     opls_142    20.106810   16.646080   11.260000
16     opls_700    20.230990   17.376910    9.996790
17     opls_145    19.046200   17.733160    9.279500
18     opls_145    19.082840   18.630910    8.157090
19     opls_700    20.318520   19.141880    7.652340
20     opls_145     1.154250   18.702160    8.311170
21     opls_145     1.115570   17.802370    9.433590
22     opls_423     1.746650   17.492940   12.414290
23     opls_701     0.000000    0.000000    6.641500
24     opls_145     4.006300    0.891650   11.601370
25     opls_916     5.761090   20.013160   10.347460
26     opls_145     4.649580    0.541500   10.355430
27     opls_142     6.467480    0.250390    7.939250
28     opls_700     7.198310    0.126210    6.676040
29     opls_145     7.554560    1.311000    5.958750
30     opls_145     8.452310    1.274360    4.836340
31     opls_700     8.963280    0.038680    4.331590
32     opls_145     8.523560   19.202950    4.990420
33     opls_145     7.623770   19.241630    6.112840
34     opls_423     7.314340   18.610550    9.093540
35     opls_701    10.178600    0.000000    3.320750
36     opls_145     6.172300    9.286950    4.959870
37     opls_916     4.417510   10.522640    3.705960
38     opls_145     5.529020    9.637100    3.713930
39     opls_142     3.711120    9.928210    1.297750
40     opls_700     2.980290   10.052390    0.034540
41     opls_145     2.624040    8.867600   12.600250
42     opls_145     1.726290    8.904240   11.477840
43     opls_700     1.215320   10.139920   10.973090
44     opls_145     1.655040   11.332850   11.631920
45     opls_145     2.554830   11.294170   12.754340
46     opls_423     2.864260   11.925250    2.452040
47     opls_701     0.000000   10.178600    9.962250
48     opls_145     9.286950   14.184900    8.323130
49     opls_916    10.522640   15.939690    9.577040
50     opls_145     9.637100   14.828180    9.569070
51     opls_142     9.928210   16.646080   11.985250
52     opls_700    10.052390   17.376910   13.248460
53     opls_145     8.867600   17.733160    0.682750
54     opls_145     8.904240   18.630910    1.805160
55     opls_700    10.139920   19.141880    2.309910
56     opls_145    11.332850   18.702160    1.651080
57     opls_145    11.294170   17.802370    0.528660
58     opls_423    11.925250   17.492940   10.830960
59     opls_145     0.891650   16.350900    1.681630
60     opls_916    20.013160   14.596110    2.935540
61     opls_145     0.541500   15.707620    2.927570
62     opls_142     0.250390   13.889720    5.343750
63     opls_700     0.126210   13.158890    6.606960
64     opls_145     1.311000   12.802640    7.324250
65     opls_145     1.274360   11.904890    8.446660
66     opls_700     0.038680   11.393920    8.951410
67     opls_145    19.202950   11.833640    8.292580
68     opls_145    19.241630   12.733430    7.170160
69     opls_423    18.610550   13.042860    4.189460
70     opls_145    16.350900    9.286950    5.002380
71     opls_916    14.596110   10.522640    6.256290
72     opls_145    15.707620    9.637100    6.248320
73     opls_142    13.889720    9.928210    8.664500
74     opls_700    13.158890   10.052390    9.927710
75     opls_145    12.802640    8.867600   10.645000
76     opls_145    11.904890    8.904240   11.767410
77     opls_700    11.393920   10.139920   12.272160
78     opls_145    11.833640   11.332850   11.613330
79     opls_145    12.733430   11.294170   10.490910
80     opls_423    13.042860   11.925250    7.510210
81     opls_145    14.184900    0.891650   11.643880
82     opls_916    15.939690   20.013160   12.897790
83     opls_145    14.828180    0.541500   12.889820
84     opls_142    16.646080    0.250390    2.023000
85     opls_700    17.376910    0.126210    3.286210
86     opls_145    17.733160    1.311000    4.003500
87     opls_145    18.630910    1.274360    5.125910
88     opls_700    19.141880    0.038680    5.630660
89     opls_145    18.702160   19.202950    4.971830
90     opls_145    17.802370   19.241630    3.849410
91     opls_423    17.492940   18.610550    0.868710
92     opls_145    14.184900   11.070250    4.959870
93     opls_916    15.939690    9.834560    3.705960
94     opls_145    14.828180   10.720100    3.713930
95     opls_142    16.646080   10.428990    1.297750
96     opls_700    17.376910   10.304810    0.034540
97     opls_145    17.733160   11.489600   12.600250
98     opls_145    18.630910   11.452960   11.477840
99     opls_700    19.141880   10.217280   10.973090
100    opls_145    18.702160    9.024350   11.631920
101    opls_145    17.802370    9.063030   12.754340
102    opls_423    17.492940    8.431950    2.452040
103    opls_145    16.350900   19.465550   11.601370
104    opls_916    14.596110    0.344040   10.347460
105    opls_145    15.707620   19.815700   10.355430
106    opls_142    13.889720   20.106810    7.939250
107    opls_700    13.158890   20.230990    6.676040
108    opls_145    12.802640   19.046200    5.958750
109    opls_145    11.904890   19.082840    4.836340
110    opls_700    11.393920   20.318520    4.331590
111    opls_145    11.833640    1.154250    4.990420
112    opls_145    12.733430    1.115570    6.112840
113    opls_423    13.042860    1.746650    9.093540
114    opls_145     9.286950    4.006300    8.280620
115    opls_916    10.522640    5.761090    7.026710
116    opls_145     9.637100    4.649580    7.034680
117    opls_142     9.928210    6.467480    4.618500
118    opls_700    10.052390    7.198310    3.355290
119    opls_145     8.867600    7.554560    2.638000
120    opls_145     8.904240    8.452310    1.515590
121    opls_700    10.139920    8.963280    1.010840
122    opls_145    11.332850    8.523560    1.669670
123    opls_145    11.294170    7.623770    2.792090
124    opls_423    11.925250    7.314340    5.772790
125    opls_145     0.891650    6.172300    1.639120
126    opls_916    20.013160    4.417510    0.385210
127    opls_145     0.541500    5.529020    0.393180
128    opls_142     0.250390    3.711120   11.260000
129    opls_700     0.126210    2.980290    9.996790
130    opls_145     1.311000    2.624040    9.279500
131    opls_145     1.274360    1.726290    8.157090
132    opls_700     0.038680    1.215320    7.652340
133    opls_145    19.202950    1.655040    8.311170
134    opls_145    19.241630    2.554830    9.433590
135    opls_423    18.610550    2.864260   12.414290
136    opls_145    19.465550    4.006300    1.681630
137    opls_916     0.344040    5.761090    2.935540
138    opls_145    19.815700    4.649580    2.927570
139    opls_142    20.106810    6.467480    5.343750
140    opls_700    20.230990    7.198310    6.606960
141    opls_145    19.046200    7.554560    7.324250
142    opls_145    19.082840    8.452310    8.446660
143    opls_700    20.318520    8.963280    8.951410
144    opls_145     1.154250    8.523560    8.292580
145    opls_145     1.115570    7.623770    7.170160
146    opls_423     1.746650    7.314340    4.189460
147    opls_145    11.070250    6.172300    8.323130
148    opls_916     9.834560    4.417510    9.577040
149    opls_145    10.720100    5.529020    9.569070
150    opls_142    10.428990    3.711120   11.985250
151    opls_700    10.304810    2.980290   13.248460
152    opls_145    11.489600    2.624040    0.682750
153    opls_145    11.452960    1.726290    1.805160
154    opls_700    10.217280    1.215320    2.309910
155    opls_145     9.024350    1.655040    1.651080
156    opls_145     9.063030    2.554830    0.528660
157    opls_423     8.431950    2.864260   10.830960
158    opls_145     6.172300   19.465550   11.643880
159    opls_916     4.417510    0.344040   12.897790
160    opls_145     5.529020   19.815700   12.889820
161    opls_142     3.711120   20.106810    2.023000
162    opls_700     2.980290   20.230990    3.286210
163    opls_145     2.624040   19.046200    4.003500
164    opls_145     1.726290   19.082840    5.125910
165    opls_700     1.215320   20.318520    5.630660
166    opls_145     1.655040    1.154250    4.971830
167    opls_145     2.554830    1.115570    3.849410
168    opls_423     2.864260    1.746650    0.868710
169    opls_145     4.006300   11.070250    5.002380
170    opls_916     5.761090    9.834560    6.256290
171    opls_145     4.649580   10.720100    6.248320
172    opls_142     6.467480   10.428990    8.664500
173    opls_700     7.198310   10.304810    9.927710
174    opls_145     7.554560   11.489600   10.645000
175    opls_145     8.452310   11.452960   11.767410
176    opls_700     8.963280   10.217280   12.272160
177    opls_145     8.523560    9.024350   11.613330
178    opls_145     7.623770    9.063030   10.490910
179    opls_423     7.314340    8.431950    7.510210
180    opls_239     9.525130   13.885650    5.771460
181    opls_753     7.501630   12.338500    5.784750
182    opls_239     0.653470   16.650150   12.412960
183    opls_753     2.676970   18.197300   12.426250
184    opls_239     6.471550   19.703730    9.092210
185    opls_753     8.018700   17.680230    9.105500
186    opls_239     3.707050   10.832070    2.450710
187    opls_753     2.159900   12.855570    2.464000
188    opls_239    10.832070   16.650150   10.832290
189    opls_753    12.855570   18.197300   10.819000
190    opls_239    19.703730   13.885650    4.190790
191    opls_753    17.680230   12.338500    4.177500
192    opls_239    13.885650   10.832070    7.511540
193    opls_753    12.338500   12.855570    7.498250
194    opls_239    16.650150   19.703730    0.870040
195    opls_753    18.197300   17.680230    0.856750
196    opls_239    16.650150    9.525130    2.450710
197    opls_753    18.197300    7.501630    2.464000
198    opls_239    13.885650    0.653470    9.092210
199    opls_753    12.338500    2.676970    9.105500
200    opls_239    10.832070    6.471550    5.771460
201    opls_753    12.855570    8.018700    5.784750
202    opls_239    19.703730    3.707050   12.412960
203    opls_753    17.680230    2.159900   12.426250
204    opls_239     0.653470    6.471550    4.190790
205    opls_753     2.676970    8.018700    4.177500
206    opls_239     9.525130    3.707050   10.832290
207    opls_753     7.501630    2.159900   10.819000
208    opls_239     3.707050    0.653470    0.870040
209    opls_753     2.159900    2.676970    0.856750
210    opls_239     6.471550    9.525130    7.511540
211    opls_753     8.018700    7.501630    7.498250
212    opls_146    11.731850   17.216080    8.210220
213    opls_146    11.125210   16.122900    6.078300
214    opls_144    11.412250   14.333500    4.796490
215    opls_146    12.464710   13.144640    3.005940
216    opls_146    12.401610   11.560850    1.090530
217    opls_146     8.051270   11.446850    1.346900
218    opls_146     8.110310   13.083570    3.199870
219    opls_146    18.803950   13.319720    1.568720
220    opls_146    19.410590   14.412900   -0.563200
221    opls_144    19.123550   16.202300   11.437990
222    opls_146    18.071090   17.391160    9.647440
223    opls_146    18.134190   18.974950    7.732030
224    opls_146     2.127330   19.088950    7.988400
225    opls_146     2.068290   17.452230    9.841370
226    opls_146     3.141120    1.553250   11.530970
227    opls_146     4.234300    0.946610    9.399050
228    opls_144     6.023700    1.233650    8.117240
229    opls_146     7.212560    2.286110    6.326690
230    opls_146     8.796350    2.223010    4.411280
231    opls_146     8.910350   18.229870    4.667650
232    opls_146     7.273630   18.288910    6.520620
233    opls_146     7.037480    8.625350    4.889470
234    opls_146     5.944300    9.231990    2.757550
235    opls_144     4.154900    8.944950    1.475740
236    opls_146     2.966040    7.892490   12.968190
237    opls_146     1.382250    7.955590   11.052780
238    opls_146     1.268250   12.305930   11.309150
239    opls_146     2.904970   12.246890   13.162120
240    opls_146     8.625350   13.319720    8.393530
241    opls_146     9.231990   14.412900   10.525450
242    opls_144     8.944950   16.202300   11.807260
243    opls_146     7.892490   17.391160    0.314810
244    opls_146     7.955590   18.974950    2.230220
245    opls_146    12.305930   19.088950    1.973850
246    opls_146    12.246890   17.452230    0.120880
247    opls_146     1.553250   17.216080    1.752030
248    opls_146     0.946610   16.122900    3.883950
249    opls_144     1.233650   14.333500    5.165760
250    opls_146     2.286110   13.144640    6.956310
251    opls_146     2.223010   11.560850    8.871720
252    opls_146    18.229870   11.446850    8.615350
253    opls_146    18.288910   13.083570    6.762380
254    opls_146    17.216080    8.625350    5.072780
255    opls_146    16.122900    9.231990    7.204700
256    opls_144    14.333500    8.944950    8.486510
257    opls_146    13.144640    7.892490   10.277060
258    opls_146    11.560850    7.955590   12.192470
259    opls_146    11.446850   12.305930   11.936100
260    opls_146    13.083570   12.246890   10.083130
261    opls_146    13.319720    1.553250   11.714280
262    opls_146    14.412900    0.946610   13.846200
263    opls_144    16.202300    1.233650    1.845010
264    opls_146    17.391160    2.286110    3.635560
265    opls_146    18.974950    2.223010    5.550970
266    opls_146    19.088950   18.229870    5.294600
267    opls_146    17.452230   18.288910    3.441630
268    opls_146    13.319720   11.731850    4.889470
269    opls_146    14.412900   11.125210    2.757550
270    opls_144    16.202300   11.412250    1.475740
271    opls_146    17.391160   12.464710   12.968190
272    opls_146    18.974950   12.401610   11.052780
273    opls_146    19.088950    8.051270   11.309150
274    opls_146    17.452230    8.110310   13.162120
275    opls_146    17.216080   18.803950   11.530970
276    opls_146    16.122900   19.410590    9.399050
277    opls_144    14.333500   19.123550    8.117240
278    opls_146    13.144640   18.071090    6.326690
279    opls_146    11.560850   18.134190    4.411280
280    opls_146    11.446850    2.127330    4.667650
281    opls_146    13.083570    2.068290    6.520620
282    opls_146     8.625350    3.141120    8.210220
283    opls_146     9.231990    4.234300    6.078300
284    opls_144     8.944950    6.023700    4.796490
285    opls_146     7.892490    7.212560    3.005940
286    opls_146     7.955590    8.796350    1.090530
287    opls_146    12.305930    8.910350    1.346900
288    opls_146    12.246890    7.273630    3.199870
289    opls_146     1.553250    7.037480    1.568720
290    opls_146     0.946610    5.944300   -0.563200
291    opls_144     1.233650    4.154900   11.437990
292    opls_146     2.286110    2.966040    9.647440
293    opls_146     2.223010    1.382250    7.732030
294    opls_146    18.229870    1.268250    7.988400
295    opls_146    18.288910    2.904970    9.841370
296    opls_146    18.803950    3.141120    1.752030
297    opls_146    19.410590    4.234300    3.883950
298    opls_144    19.123550    6.023700    5.165760
299    opls_146    18.071090    7.212560    6.956310
300    opls_146    18.134190    8.796350    8.871720
301    opls_146     2.127330    8.910350    8.615350
302    opls_146     2.068290    7.273630    6.762380
303    opls_146    11.731850    7.037480    8.393530
304    opls_146    11.125210    5.944300   10.525450
305    opls_144    11.412250    4.154900   11.807260
306    opls_146    12.464710    2.966040    0.314810
307    opls_146    12.401610    1.382250    2.230220
308    opls_146     8.051270    1.268250    1.973850
309    opls_146     8.110310    2.904970    0.120880
310    opls_146     7.037480   18.803950   11.714280
311    opls_146     5.944300   19.410590   13.846200
312    opls_144     4.154900   19.123550    1.845010
313    opls_146     2.966040   18.071090    3.635560
314    opls_146     1.382250   18.134190    5.550970
315    opls_146     1.268250    2.127330    5.294600
316    opls_146     2.904970    2.068290    3.441630
317    opls_146     3.141120   11.731850    5.072780
318    opls_146     4.234300   11.125210    7.204700
319    opls_144     6.023700   11.412250    8.486510
320    opls_146     7.212560   12.464710   10.277060
321    opls_146     8.796350   12.401610   12.192470
322    opls_146     8.910350    8.051270   11.936100
323    opls_146     7.273630    8.110310   10.083130
