0      opls_145    11.834700    3.918920    3.098470
1      opls_145    14.170270    3.428110    3.099590
2      opls_700    13.153600    4.410980    3.099830
3      opls_142    13.517200    5.825850    3.097600
4      opls_145    17.408610   11.287310    3.092090
5      opls_145    18.720690   11.735890    3.097730
6      opls_700    19.061370   13.103020    3.097850
7      opls_145    17.975490   13.996670    3.098350
8      opls_145    16.661380   13.562660    3.098100
9      opls_700    16.330710   12.192270    3.092340
10     opls_142    -4.442760   14.995120    3.097850
11     opls_302    -2.025800   17.580090    3.098530
12     opls_145     2.267230   14.422140    3.099030
13     opls_145     3.310160   13.512900    3.100580
14     opls_700     4.663740   13.902180    3.097670
15     opls_145     4.893280   15.291920    3.097790
16     opls_145     3.857310   16.211710    3.099400
17     opls_700     2.503730   15.807860    3.098720
18     opls_142     1.448180   16.815360    3.098470
19     opls_142     9.007550   10.019450    3.098220
20     opls_302    12.500530    9.202700    3.096060
21     opls_142    14.920840   11.809530    3.094320
22     opls_145    11.554230    2.563610    3.097980
23     opls_700    12.563650    1.577220    3.098350
24     opls_145    13.881530    2.072050    3.098780
25     opls_142    -3.105870   20.998400    3.098160
26     opls_145     5.548380   11.533590    3.097980
27     opls_145     6.589860   10.617820    3.098530
28     opls_700     7.946480   11.017900    3.098470
29     opls_145     8.169200   12.407390    3.098410
30     opls_145     7.125980   13.314120    3.098410
31     opls_700     5.770220   12.924080    3.097290
32     opls_145    21.568730   12.723290    3.096920
33     opls_145    -6.144850   13.198010    3.097540
34     opls_700    -5.843210   14.579460    3.098160
35     opls_145    -6.952880   15.444470    3.098470
36     opls_145    -8.249290   14.963210    3.098660
37     opls_700    20.459200   13.587540    3.097730
38     opls_145    -3.550150   24.748940    3.097850
39     opls_145    -1.217480   24.286280    3.098530
40     opls_700    12.271430    0.131690    3.098220
41     opls_145    -3.816250   23.388350    3.097980
42     opls_700    -2.786380   22.416790    3.098220
43     opls_145    -1.474000   22.928710    3.098470
44     opls_145    11.834700    3.918920    0.000370
45     opls_145    14.170270    3.428110    0.001490
46     opls_700    13.153600    4.410980    0.001730
47     opls_142    13.517200    5.825850    6.195700
48     opls_145    17.408610   11.287310    6.190190
49     opls_145    18.720690   11.735890    6.195830
50     opls_700    19.061370   13.103020    6.195950
51     opls_145    17.975490   13.996670    0.000250
52     opls_145    16.661380   13.562660    0.000000
53     opls_700    16.330710   12.192270    6.190440
54     opls_142    -4.442760   14.995120    6.195950
55     opls_302    -2.025800   17.580090    0.000430
56     opls_145     2.267230   14.422140    0.000930
57     opls_145     3.310160   13.512900    0.002480
58     opls_700     4.663740   13.902180    6.195770
59     opls_145     4.893280   15.291920    6.195890
60     opls_145     3.857310   16.211710    0.001300
61     opls_700     2.503730   15.807860    0.000620
62     opls_142     1.448180   16.815360    0.000370
63     opls_142     9.007550   10.019450    0.000120
64     opls_302    12.500530    9.202700    6.194160
65     opls_142    14.920840   11.809530    6.192420
66     opls_145    11.554230    2.563610    6.196080
67     opls_700    12.563650    1.577220    0.000250
68     opls_145    13.881530    2.072050    0.000680
69     opls_142    -3.105870   20.998400    0.000060
70     opls_145     5.548380   11.533590    6.196080
71     opls_145     6.589860   10.617820    0.000430
72     opls_700     7.946480   11.017900    0.000370
73     opls_145     8.169200   12.407390    0.000310
74     opls_145     7.125980   13.314120    0.000310
75     opls_700     5.770220   12.924080    6.195390
76     opls_145    21.568730   12.723290    6.195020
77     opls_145    -6.144850   13.198010    6.195640
78     opls_700    -5.843210   14.579460    0.000060
79     opls_145    -6.952880   15.444470    0.000370
80     opls_145    -8.249290   14.963210    0.000560
81     opls_700    20.459200   13.587540    6.195830
82     opls_145    -3.550150   24.748940    6.195950
83     opls_145    -1.217480   24.286280    0.000430
84     opls_700    12.271430    0.131690    0.000120
85     opls_145    -3.816250   23.388350    6.196080
86     opls_700    -2.786380   22.416790    0.000120
87     opls_145    -1.474000   22.928710    0.000370
88     opls_238    -2.769690   18.732850    3.098840
89     opls_238    -0.664380   17.674840    3.101010
90     opls_238    -2.627930   16.366770    3.096980
91     opls_750     0.165990   16.582900    3.095440
92     opls_750    -2.243150   20.006730    3.099960
93     opls_750    -4.008210   16.232820    3.097910
94     opls_238    13.242100    8.080100    3.093210
95     opls_238    11.125910    9.153440    3.099030
96     opls_238    13.103250   10.431100    3.097170
97     opls_750    10.297290   10.253420    3.100080
98     opls_750    12.662160    6.823300    3.100210
99     opls_750    14.460020   10.596210    3.079820
100    opls_238    -2.769690   18.732850    0.000740
101    opls_238    -0.664380   17.674840    0.002910
102    opls_238    -2.627930   16.366770    6.195080
103    opls_750     0.165990   16.582900    6.193540
104    opls_750    -2.243150   20.006730    0.001860
105    opls_750    -4.008210   16.232820    6.196010
106    opls_238    13.242100    8.080100    6.191300
107    opls_238    11.125910    9.153440    0.000930
108    opls_238    13.103250   10.431100    6.195270
109    opls_750    10.297290   10.253420    0.001980
110    opls_750    12.662160    6.823300    0.002110
111    opls_750    14.460020   10.596210    6.177920
112    opls_146    11.015500    4.634140    3.098040
113    opls_146    15.219290    3.725160    3.099650
114    opls_144    14.599310    6.030920    3.094690
115    opls_146    17.202870   10.214720    3.090230
116    opls_146    19.502160   10.978450    3.099770
117    opls_146    18.159470   15.068260    3.098840
118    opls_146    15.873810   14.318600    3.101010
119    opls_144    -3.718020   14.164550    3.098780
120    opls_910    -3.782880   18.575280    3.097790
121    opls_910    -0.302230   18.635340    3.098040
122    opls_910    -2.001860   15.516090    3.098220
123    opls_146     1.238370   14.047940    3.097600
124    opls_146     3.037680   12.459920    3.099400
125    opls_146     5.914010   15.668130    3.097540
126    opls_146     4.116880   17.271990    3.098600
127    opls_144     1.824260   17.857790    3.100890
128    opls_144     8.632920    8.979030    3.096740
129    opls_910    14.343070    8.177100    3.106220
130    opls_910    10.746200    8.201230    3.098720
131    opls_910    12.458310   11.229510    3.097540
132    opls_144    14.222940   12.670510    3.111420
133    opls_146    10.508110    2.264550    3.097670
134    opls_146    14.714220    1.371650    3.098600
135    opls_144    -4.191750   20.789810    3.097170
136    opls_146     4.527210   11.157130    3.098350
137    opls_146     6.328980    9.557800    3.098410
138    opls_146     9.193700   12.771040    3.097670
139    opls_146     7.377570   14.371630    3.098040
140    opls_146    21.410580   11.646180    3.096180
141    opls_146    -5.333780   12.469210    3.097480
142    opls_146    -6.791540   16.520070    3.099030
143    opls_146    -9.057170   15.689990    3.099590
144    opls_146    -4.391840   25.439790    3.097540
145    opls_146    -0.176720   24.598660    3.098780
146    opls_146    -4.862950   23.077730    3.097850
147    opls_146    -0.642330   22.228560    3.098720
148    opls_146    11.015500    4.634140   -0.000060
149    opls_146    15.219290    3.725160    0.001550
150    opls_144    14.599310    6.030920    6.192790
151    opls_146    17.202870   10.214720    6.188330
152    opls_146    19.502160   10.978450    6.197870
153    opls_146    18.159470   15.068260    0.000740
154    opls_146    15.873810   14.318600    0.002910
155    opls_144    -3.718020   14.164550    6.196880
156    opls_910    -3.782880   18.575280   -0.000310
157    opls_910    -0.302230   18.635340   -0.000060
158    opls_910    -2.001860   15.516090    6.196320
159    opls_146     1.238370   14.047940   -0.000500
160    opls_146     3.037680   12.459920    0.001300
161    opls_146     5.914010   15.668130    6.195640
162    opls_146     4.116880   17.271990    0.000500
163    opls_144     1.824260   17.857790    0.002790
164    opls_144     8.632920    8.979030   -0.001360
165    opls_910    14.343070    8.177100    6.204320
166    opls_910    10.746200    8.201230    0.000620
167    opls_910    12.458310   11.229510    6.195640
168    opls_144    14.222940   12.670510    6.209520
169    opls_146    10.508110    2.264550    6.195770
170    opls_146    14.714220    1.371650    0.000500
171    opls_144    -4.191750   20.789810   -0.000930
172    opls_146     4.527210   11.157130    6.196450
173    opls_146     6.328980    9.557800    0.000310
174    opls_146     9.193700   12.771040   -0.000430
175    opls_146     7.377570   14.371630   -0.000060
176    opls_146    21.410580   11.646180    6.194280
177    opls_146    -5.333780   12.469210    6.195580
178    opls_146    -6.791540   16.520070    0.000930
179    opls_146    -9.057170   15.689990    0.001490
180    opls_146    -4.391840   25.439790    6.195640
181    opls_146    -0.176720   24.598660    0.000680
182    opls_146    -4.862950   23.077730    6.195950
183    opls_146    -0.642330   22.228560    0.000620
