0      opls_543     9.866740   12.222350   12.500000
1      opls_700     1.361040    8.910340   12.500000
2      opls_521    13.244340   10.704560   12.500000
3      opls_543     7.661950   11.782130   12.500000
4      opls_700     5.022670    9.207530   12.500000
5      opls_700     2.715980    8.566100   12.500000
6      opls_521     3.672380    9.650890   12.500000
7      opls_521    15.419680   11.334510   12.500000
8      opls_543     8.660960    6.305350   12.500000
9      opls_700    17.166660    9.617360   12.500000
10     opls_521     5.283360    7.823140   12.500000
11     opls_543    10.865750    6.745570   12.500000
12     opls_700    13.505030    9.320170   12.500000
13     opls_700    15.811720    9.961600   12.500000
14     opls_521    14.855320    8.876810   12.500000
15     opls_521     3.108020    7.193190   12.500000
16     opls_543     6.305350    9.866740   12.500000
17     opls_700     9.617360    1.361040   12.500000
18     opls_521     7.823140   13.244340   12.500000
19     opls_543     6.745570    7.661950   12.500000
20     opls_700     9.320170    5.022670   12.500000
21     opls_700     9.961600    2.715980   12.500000
22     opls_521     8.876810    3.672380   12.500000
23     opls_521     7.193190   15.419680   12.500000
24     opls_543    12.222350    8.660960   12.500000
25     opls_700     8.910340   17.166660   12.500000
26     opls_521    10.704560    5.283360   12.500000
27     opls_543    11.782130   10.865750   12.500000
28     opls_700     9.207530   13.505030   12.500000
29     opls_700     8.566100   15.811720   12.500000
30     opls_521     9.650890   14.855320   12.500000
31     opls_521    11.334510    3.108020   12.500000
32     opls_543    17.924810    2.958500   12.500000
33     opls_700     7.902810   18.174190   12.500000
34     opls_521    14.547210    1.440710   12.500000
35     opls_543     1.601900    2.518280   12.500000
36     opls_700     4.241180   18.471380   12.500000
37     opls_700     6.547870   17.829950   12.500000
38     opls_521     5.591470    0.387040   12.500000
39     opls_521    12.371870    2.070660   12.500000
40     opls_543     0.602890   15.569200   12.500000
41     opls_700    10.624890    0.353510   12.500000
42     opls_521     3.980490   17.086990   12.500000
43     opls_543    16.925800   16.009420   12.500000
44     opls_700    14.286520    0.056320   12.500000
45     opls_700    11.979830    0.697750   12.500000
46     opls_521    12.936230   18.140660   12.500000
47     opls_521     6.155830   16.457040   12.500000
48     opls_543     2.958500    0.602890   12.500000
49     opls_700    18.174190   10.624890   12.500000
50     opls_521     1.440710    3.980490   12.500000
51     opls_543     2.518280   16.925800   12.500000
52     opls_700    18.471380   14.286520   12.500000
53     opls_700    17.829950   11.979830   12.500000
54     opls_521     0.387040   12.936230   12.500000
55     opls_521     2.070660    6.155830   12.500000
56     opls_543    15.569200   17.924810   12.500000
57     opls_700     0.353510    7.902810   12.500000
58     opls_521    17.086990   14.547210   12.500000
59     opls_543    16.009420    1.601900   12.500000
60     opls_700     0.056320    4.241180   12.500000
61     opls_700     0.697750    6.547870   12.500000
62     opls_521    18.140660    5.591470   12.500000
63     opls_521    16.457040   12.371870   12.500000
64     opls_531     2.016180   11.280030   12.500000
65     opls_700     1.001240   10.265090   12.500000
66     opls_531    16.511520    7.247670   12.500000
67     opls_700    17.526460    8.262610   12.500000
68     opls_531     7.247670    2.016180   12.500000
69     opls_700     8.262610    1.001240   12.500000
70     opls_531    11.280030   16.511520   12.500000
71     opls_700    10.265090   17.526460   12.500000
72     opls_520     3.331280   10.951720   12.500000
73     opls_520    11.705990    4.399400   12.500000
74     opls_750    11.186100   12.048930   12.500000
75     opls_542     8.908860   11.217230   12.500000
76     opls_520    15.196420    7.575980   12.500000
77     opls_520     6.821710   14.128300   12.500000
78     opls_750     7.341600    6.478770   12.500000
79     opls_542     9.618840    7.310470   12.500000
80     opls_520     7.575980    3.331280   12.500000
81     opls_520    14.128300   11.705990   12.500000
82     opls_750     6.478770   11.186100   12.500000
83     opls_542     7.310470    8.908860   12.500000
84     opls_520    10.951720   15.196420   12.500000
85     opls_520     4.399400    6.821710   12.500000
86     opls_750    12.048930    7.341600   12.500000
87     opls_542    11.217230    9.618840   12.500000
88     opls_520     5.932570    1.687870   12.500000
89     opls_520    16.085560   13.663250   12.500000
90     opls_750    16.605450    2.785080   12.500000
91     opls_542     0.354990    1.953380   12.500000
92     opls_520    12.595130   16.839830   12.500000
93     opls_520     2.442140    4.864450   12.500000
94     opls_750     1.922250   15.742620   12.500000
95     opls_542    18.172710   16.574320   12.500000
96     opls_520     1.687870   12.595130   12.500000
97     opls_520    13.663250    2.442140   12.500000
98     opls_750     2.785080    1.922250   12.500000
99     opls_542     1.953380   18.172710   12.500000
100    opls_520    16.839830    5.932570   12.500000
101    opls_520     4.864450   16.085560   12.500000
102    opls_750    15.742620   16.605450   12.500000
103    opls_542    16.574320    0.354990   12.500000
104    Zn2+         0.000000    0.000000   12.500000
105    Zn2+         9.263850    9.263850   12.500000
