0      opls_145    11.241830   27.395440    0.000000
1      opls_700    11.984120   28.579990    0.000000
2      opls_145     9.239920   28.604420    0.000000
3      opls_700     9.873410   27.372490    0.000000
4      opls_700     9.122750   26.070230    0.000000
5      opls_145     9.768670   24.828170    0.000000
6      opls_145     9.087760   23.638250    0.000000
7      opls_145     7.735310   23.622160    0.000000
8      opls_145     7.065040   24.827870    0.000000
9      opls_145     7.744940   26.031490    0.000000
10     opls_142    18.286590    7.473540    0.000000
11     opls_145    23.920060   12.481430    0.000000
12     opls_700    24.666400   13.671350    0.000000
13     opls_145    21.933360   13.712470    0.000000
14     opls_700    22.551130   12.473980    0.000000
15     opls_700    21.765980   11.193480    0.000000
16     opls_145    22.358390    9.923700    0.000000
17     opls_145    21.616360    8.759710    0.000000
18     opls_145    20.262640    8.808880    0.000000
19     opls_145    19.659830   10.055710    0.000000
20     opls_145    20.391720   11.214930    0.000000
21     opls_145    14.118170    2.404560    0.000000
22     opls_700    13.375880    1.220010    0.000000
23     opls_145    16.120080    1.195580    0.000000
24     opls_700    15.486590    2.427510    0.000000
25     opls_700    16.237250    3.729770    0.000000
26     opls_145    15.591330    4.971830    0.000000
27     opls_145    16.272240    6.161750    0.000000
28     opls_145    17.624690    6.177840    0.000000
29     opls_145    18.294960    4.972130    0.000000
30     opls_145    17.615060    3.768510    0.000000
31     opls_142     7.073410   22.326460    0.000000
32     opls_145     1.439940   17.318570    0.000000
33     opls_700     0.693600   16.128650    0.000000
34     opls_145     3.426640   16.087530    0.000000
35     opls_700     2.808870   17.326020    0.000000
36     opls_700     3.594020   18.606520    0.000000
37     opls_145     3.001610   19.876300    0.000000
38     opls_145     3.743640   21.040290    0.000000
39     opls_145     5.097360   20.991120    0.000000
40     opls_145     5.700170   19.744290    0.000000
41     opls_145     4.968280   18.585070    0.000000
42     opls_145    14.118170   27.395440    0.000000
43     opls_700    13.375880   28.579990    0.000000
44     opls_145    16.120080   28.604420    0.000000
45     opls_700    15.486590   27.372490    0.000000
46     opls_700    16.237250   26.070230    0.000000
47     opls_145    15.591330   24.828170    0.000000
48     opls_145    16.272240   23.638250    0.000000
49     opls_145    17.624690   23.622160    0.000000
50     opls_145    18.294960   24.827870    0.000000
51     opls_145    17.615060   26.031490    0.000000
52     opls_142     7.073410    7.473540    0.000000
53     opls_145     1.439940   12.481430    0.000000
54     opls_700     0.693600   13.671350    0.000000
55     opls_145     3.426640   13.712470    0.000000
56     opls_700     2.808870   12.473980    0.000000
57     opls_700     3.594020   11.193480    0.000000
58     opls_145     3.001610    9.923700    0.000000
59     opls_145     3.743640    8.759710    0.000000
60     opls_145     5.097360    8.808880    0.000000
61     opls_145     5.700170   10.055710    0.000000
62     opls_145     4.968280   11.214930    0.000000
63     opls_145    11.241830    2.404560    0.000000
64     opls_700    11.984120    1.220010    0.000000
65     opls_145     9.239920    1.195580    0.000000
66     opls_700     9.873410    2.427510    0.000000
67     opls_700     9.122750    3.729770    0.000000
68     opls_145     9.768670    4.971830    0.000000
69     opls_145     9.087760    6.161750    0.000000
70     opls_145     7.735310    6.177840    0.000000
71     opls_145     7.065040    4.972130    0.000000
72     opls_145     7.744940    3.768510    0.000000
73     opls_142    18.286590   22.326460    0.000000
74     opls_145    23.920060   17.318570    0.000000
75     opls_700    24.666400   16.128650    0.000000
76     opls_145    21.933360   16.087530    0.000000
77     opls_700    22.551130   17.326020    0.000000
78     opls_700    21.765980   18.606520    0.000000
79     opls_145    22.358390   19.876300    0.000000
80     opls_145    21.616360   21.040290    0.000000
81     opls_145    20.262640   20.991120    0.000000
82     opls_145    19.659830   19.744290    0.000000
83     opls_145    20.391720   18.585070    0.000000
84     opls_145    23.994620   14.900000    0.000000
85     opls_147    22.627970   14.900000    0.000000
86     opls_145     1.365380   14.900000    0.000000
87     opls_147     2.732030   14.900000    0.000000
88     opls_700    11.306250    0.000000    0.000000
89     opls_700     9.932500    0.000000    0.000000
90     opls_700    14.053750    0.000000    0.000000
91     opls_700    15.427500    0.000000    0.000000
92     opls_750    19.544700    7.580820    0.000000
93     opls_750     5.815300   22.219180    0.000000
94     opls_750     5.815300    7.580820    0.000000
95     opls_750    19.544700   22.219180    0.000000
96     opls_146    11.721900   26.474620    0.000000
97     opls_146     8.197870   28.666710    0.000000
98     opls_146    10.804630   24.717010    0.000000
99     opls_146     9.629450   22.718030    0.000000
100    opls_146     6.014630   24.843370    0.000000
101    opls_146     7.158110   26.912380    0.000000
102    opls_144    17.672880    8.338040    0.000000
103    opls_146    24.390740   11.548100    0.000000
104    opls_146    20.895370   13.795020    0.000000
105    opls_146    23.393080    9.785430    0.000000
106    opls_146    22.103520    7.809090    0.000000
107    opls_146    18.620330   10.169250    0.000000
108    opls_146    19.830510   12.110720    0.000000
109    opls_146    13.638100    3.325380    0.000000
110    opls_146    17.162130    1.133290    0.000000
111    opls_146    14.555370    5.082990    0.000000
112    opls_146    15.730550    7.081970    0.000000
113    opls_146    19.345370    4.956630    0.000000
114    opls_146    18.201890    2.887620    0.000000
115    opls_144     7.687120   21.461960    0.000000
116    opls_146     0.969260   18.251900    0.000000
117    opls_146     4.464630   16.004980    0.000000
118    opls_146     1.966920   20.014570    0.000000
119    opls_146     3.256480   21.990910    0.000000
120    opls_146     6.739670   19.630750    0.000000
121    opls_146     5.529490   17.689280    0.000000
122    opls_146    13.638100   26.474620    0.000000
123    opls_146    17.162130   28.666710    0.000000
124    opls_146    14.555370   24.717010    0.000000
125    opls_146    15.730550   22.718030    0.000000
126    opls_146    19.345370   24.843370    0.000000
127    opls_146    18.201890   26.912380    0.000000
128    opls_144     7.687120    8.338040    0.000000
129    opls_146     0.969260   11.548100    0.000000
130    opls_146     4.464630   13.795020    0.000000
131    opls_146     1.966920    9.785430    0.000000
132    opls_146     3.256480    7.809090    0.000000
133    opls_146     6.739670   10.169250    0.000000
134    opls_146     5.529490   12.110720    0.000000
135    opls_146    11.721900    3.325380    0.000000
136    opls_146     8.197870    1.133290    0.000000
137    opls_146    10.804630    5.082990    0.000000
138    opls_146     9.629450    7.081970    0.000000
139    opls_146     6.014630    4.956630    0.000000
140    opls_146     7.158110    2.887620    0.000000
141    opls_144    17.672880   21.461960    0.000000
142    opls_146    24.390740   18.251900    0.000000
143    opls_146    20.895370   16.004980    0.000000
144    opls_146    23.393080   20.014570    0.000000
145    opls_146    22.103520   21.990910    0.000000
146    opls_146    18.620330   19.630750    0.000000
147    opls_146    19.830510   17.689280    0.000000
