0      opls_700     0.000000   28.749480   11.668810
1      opls_700    39.484000   22.794110    0.906250
2      opls_145    39.484000   23.224490    2.274590
3      opls_145     0.000000   22.313590    3.377240
4      opls_700    39.484000   20.924940    3.162880
5      opls_700    39.484000   20.477590    1.837990
6      opls_145    39.484000   21.369930    0.723920
7      opls_700     0.000000   23.807270   16.474940
8      opls_145     0.000000   23.376900   15.118340
9      opls_145     0.000000   24.285420   14.022230
10     opls_145     0.000000   25.685920   14.195160
11     opls_145     0.000000   26.140780   15.534480
12     opls_145     0.000000   25.228300   16.640330
13     opls_142     0.000000   27.892680   12.951940
14     opls_145     0.000000   28.216060   10.360010
15     opls_145     0.000000   29.059430    9.206700
16     opls_700    19.742000    9.007480    3.282310
17     opls_700    19.742000    3.052110    9.292750
18     opls_145    19.742000    3.482490   10.661090
19     opls_145    19.742000    2.571590   11.763740
20     opls_700    19.742000    1.182940   11.549380
21     opls_700    19.742000    0.735590   10.224490
22     opls_145    19.742000    1.627930    9.110420
23     opls_700    19.742000    4.065270    8.088440
24     opls_145    19.742000    3.634900    6.731840
25     opls_145    19.742000    4.543420    5.635730
26     opls_145    19.742000    5.943920    5.808660
27     opls_145    19.742000    6.398780    7.147980
28     opls_145    19.742000    5.486300    8.253830
29     opls_142    19.742000    8.150680    4.565440
30     opls_145    19.742000    8.474060    1.973510
31     opls_145    19.742000    9.317430    0.820200
32     opls_700    19.742000   30.476520    3.282310
33     opls_700    19.742000   36.431890    9.292750
34     opls_145    19.742000   36.001510   10.661090
35     opls_145    19.742000   36.912410   11.763740
36     opls_700    19.742000   38.301060   11.549380
37     opls_700    19.742000   38.748410   10.224490
38     opls_145    19.742000   37.856070    9.110420
39     opls_700    19.742000   35.418730    8.088440
40     opls_145    19.742000   35.849100    6.731840
41     opls_145    19.742000   34.940580    5.635730
42     opls_145    19.742000   33.540080    5.808660
43     opls_145    19.742000   33.085220    7.147980
44     opls_145    19.742000   33.997700    8.253830
45     opls_142    19.742000   31.333320    4.565440
46     opls_145    19.742000   31.009940    1.973510
47     opls_145    19.742000   30.166570    0.820200
48     opls_700    39.484000   10.734520   11.668810
49     opls_700     0.000000   16.689890    0.906250
50     opls_145    39.484000   16.259510    2.274590
51     opls_145    39.484000   17.170410    3.377240
52     opls_700    39.484000   18.559060    3.162880
53     opls_700    39.484000   19.006410    1.837990
54     opls_145    39.484000   18.114070    0.723920
55     opls_700    39.484000   15.676730   16.474940
56     opls_145    39.484000   16.107100   15.118340
57     opls_145     0.000000   15.198580   14.022230
58     opls_145    39.484000   13.798080   14.195160
59     opls_145     0.000000   13.343220   15.534480
60     opls_145    39.484000   14.255700   16.640330
61     opls_142     0.000000   11.591320   12.951940
62     opls_145    39.484000   11.267940   10.360010
63     opls_145    39.484000   10.424570    9.206700
64     opls_700    10.734520   19.742000   15.862060
65     opls_700    16.689890   19.742000    5.099500
66     opls_145    16.259510   19.742000    6.467840
67     opls_145    17.170410   19.742000    7.570490
68     opls_700    18.559060   19.742000    7.356130
69     opls_700    19.006410   19.742000    6.031240
70     opls_145    18.114070   19.742000    4.917170
71     opls_700    15.676730   19.742000    3.895190
72     opls_145    16.107100   19.742000    2.538590
73     opls_145    15.198580   19.742000    1.442480
74     opls_145    13.798080   19.742000    1.615410
75     opls_145    13.343220   19.742000    2.954730
76     opls_145    14.255700   19.742000    4.060580
77     opls_142    11.591320   19.742000    0.372190
78     opls_145    11.267940   19.742000   14.553260
79     opls_145    10.424570   19.742000   13.399950
80     opls_700     9.007480   39.484000    7.475560
81     opls_700     3.052110    0.000000   13.486000
82     opls_145     3.482490    0.000000   14.854340
83     opls_145     2.571590    0.000000   15.956990
84     opls_700     1.182940   39.484000   15.742630
85     opls_700     0.735590    0.000000   14.417740
86     opls_145     1.627930   39.484000   13.303670
87     opls_700     4.065270    0.000000   12.281690
88     opls_145     3.634900    0.000000   10.925090
89     opls_145     4.543420   39.484000    9.828980
90     opls_145     5.943920    0.000000   10.001910
91     opls_145     6.398780    0.000000   11.341230
92     opls_145     5.486300    0.000000   12.447080
93     opls_142     8.150680    0.000000    8.758690
94     opls_145     8.474060    0.000000    6.166760
95     opls_145     9.317430    0.000000    5.013450
96     opls_700    19.742000   28.749480    0.910940
97     opls_700    19.742000   22.794110   11.673500
98     opls_145    19.742000   23.224490   10.305160
99     opls_145    19.742000   22.313590    9.202510
100    opls_700    19.742000   20.924940    9.416870
101    opls_700    19.742000   20.477590   10.741760
102    opls_145    19.742000   21.369930   11.855830
103    opls_700    19.742000   23.807270   12.877810
104    opls_145    19.742000   23.376900   14.234410
105    opls_145    19.742000   24.285420   15.330520
106    opls_145    19.742000   25.685920   15.157590
107    opls_145    19.742000   26.140780   13.818270
108    opls_145    19.742000   25.228300   12.712420
109    opls_142    19.742000   27.892680   16.400810
110    opls_145    19.742000   28.216060    2.219740
111    opls_145    19.742000   29.059430    3.373050
112    opls_700     0.000000    9.007480    9.297440
113    opls_700    39.484000    3.052110    3.287000
114    opls_145     0.000000    3.482490    1.918660
115    opls_145    39.484000    2.571590    0.816010
116    opls_700    39.484000    1.182940    1.030370
117    opls_700     0.000000    0.735590    2.355260
118    opls_145     0.000000    1.627930    3.469330
119    opls_700    39.484000    4.065270    4.491310
120    opls_145     0.000000    3.634900    5.847910
121    opls_145    39.484000    4.543420    6.944020
122    opls_145     0.000000    5.943920    6.771090
123    opls_145     0.000000    6.398780    5.431770
124    opls_145    39.484000    5.486300    4.325920
125    opls_142    39.484000    8.150680    8.014310
126    opls_145     0.000000    8.474060   10.606240
127    opls_145    39.484000    9.317430   11.759550
128    opls_700     0.000000   30.476520    9.297440
129    opls_700     0.000000   36.431890    3.287000
130    opls_145    39.484000   36.001510    1.918660
131    opls_145    39.484000   36.912410    0.816010
132    opls_700    39.484000   38.301060    1.030370
133    opls_700    39.484000   38.748410    2.355260
134    opls_145    39.484000   37.856070    3.469330
135    opls_700    39.484000   35.418730    4.491310
136    opls_145    39.484000   35.849100    5.847910
137    opls_145     0.000000   34.940580    6.944020
138    opls_145    39.484000   33.540080    6.771090
139    opls_145     0.000000   33.085220    5.431770
140    opls_145     0.000000   33.997700    4.325920
141    opls_142    39.484000   31.333320    8.014310
142    opls_145    39.484000   31.009940   10.606240
143    opls_145    39.484000   30.166570   11.759550
144    opls_700    19.742000   10.734520    0.910940
145    opls_700    19.742000   16.689890   11.673500
146    opls_145    19.742000   16.259510   10.305160
147    opls_145    19.742000   17.170410    9.202510
148    opls_700    19.742000   18.559060    9.416870
149    opls_700    19.742000   19.006410   10.741760
150    opls_145    19.742000   18.114070   11.855830
151    opls_700    19.742000   15.676730   12.877810
152    opls_145    19.742000   16.107100   14.234410
153    opls_145    19.742000   15.198580   15.330520
154    opls_145    19.742000   13.798080   15.157590
155    opls_145    19.742000   13.343220   13.818270
156    opls_145    19.742000   14.255700   12.712420
157    opls_142    19.742000   11.591320   16.400810
158    opls_145    19.742000   11.267940    2.219740
159    opls_145    19.742000   10.424570    3.373050
160    opls_700     9.007480   19.742000   13.490690
161    opls_700     3.052110   19.742000    7.480250
162    opls_145     3.482490   19.742000    6.111910
163    opls_145     2.571590   19.742000    5.009260
164    opls_700     1.182940   19.742000    5.223620
165    opls_700     0.735590   19.742000    6.548510
166    opls_145     1.627930   19.742000    7.662580
167    opls_700     4.065270   19.742000    8.684560
168    opls_145     3.634900   19.742000   10.041160
169    opls_145     4.543420   19.742000   11.137270
170    opls_145     5.943920   19.742000   10.964340
171    opls_145     6.398780   19.742000    9.625020
172    opls_145     5.486300   19.742000    8.519170
173    opls_142     8.150680   19.742000   12.207560
174    opls_145     8.474060   19.742000   14.799490
175    opls_145     9.317430   19.742000   15.952800
176    opls_700    10.734520   39.484000    5.104190
177    opls_700    16.689890    0.000000   15.866750
178    opls_145    16.259510    0.000000   14.498410
179    opls_145    17.170410    0.000000   13.395760
180    opls_700    18.559060    0.000000   13.610120
181    opls_700    19.006410   39.484000   14.935010
182    opls_145    18.114070    0.000000   16.049080
183    opls_700    15.676730    0.000000    0.298060
184    opls_145    16.107100   39.484000    1.654660
185    opls_145    15.198580    0.000000    2.750770
186    opls_145    13.798080   39.484000    2.577840
187    opls_145    13.343220    0.000000    1.238520
188    opls_145    14.255700    0.000000    0.132670
189    opls_142    11.591320    0.000000    3.821060
190    opls_145    11.267940    0.000000    6.412990
191    opls_145    10.424570    0.000000    7.566300
192    opls_700    30.476520   19.742000   13.490690
193    opls_700    36.431890   19.742000    7.480250
194    opls_145    36.001510   19.742000    6.111910
195    opls_145    36.912410   19.742000    5.009260
196    opls_700    38.301060   19.742000    5.223620
197    opls_700    38.748410   19.742000    6.548510
198    opls_145    37.856070   19.742000    7.662580
199    opls_700    35.418730   19.742000    8.684560
200    opls_145    35.849100   19.742000   10.041160
201    opls_145    34.940580   19.742000   11.137270
202    opls_145    33.540080   19.742000   10.964340
203    opls_145    33.085220   19.742000    9.625020
204    opls_145    33.997700   19.742000    8.519170
205    opls_142    31.333320   19.742000   12.207560
206    opls_145    31.009940   19.742000   14.799490
207    opls_145    30.166570   19.742000   15.952800
208    opls_700    28.749480   39.484000    5.104190
209    opls_700    22.794110    0.000000   15.866750
210    opls_145    23.224490    0.000000   14.498410
211    opls_145    22.313590    0.000000   13.395760
212    opls_700    20.924940    0.000000   13.610120
213    opls_700    20.477590   39.484000   14.935010
214    opls_145    21.369930    0.000000   16.049080
215    opls_700    23.807270    0.000000    0.298060
216    opls_145    23.376900   39.484000    1.654660
217    opls_145    24.285420    0.000000    2.750770
218    opls_145    25.685920   39.484000    2.577840
219    opls_145    26.140780    0.000000    1.238520
220    opls_145    25.228300    0.000000    0.132670
221    opls_142    27.892680    0.000000    3.821060
222    opls_145    28.216060    0.000000    6.412990
223    opls_145    29.059430    0.000000    7.566300
224    opls_700    30.476520   39.484000    7.475560
225    opls_700    36.431890    0.000000   13.486000
226    opls_145    36.001510    0.000000   14.854340
227    opls_145    36.912410    0.000000   15.956990
228    opls_700    38.301060   39.484000   15.742630
229    opls_700    38.748410    0.000000   14.417740
230    opls_145    37.856070   39.484000   13.303670
231    opls_700    35.418730    0.000000   12.281690
232    opls_145    35.849100    0.000000   10.925090
233    opls_145    34.940580   39.484000    9.828980
234    opls_145    33.540080    0.000000   10.001910
235    opls_145    33.085220    0.000000   11.341230
236    opls_145    33.997700    0.000000   12.447080
237    opls_142    31.333320    0.000000    8.758690
238    opls_145    31.009940    0.000000    6.166760
239    opls_145    30.166570    0.000000    5.013450
240    opls_700    28.749480   19.742000   15.862060
241    opls_700    22.794110   19.742000    5.099500
242    opls_145    23.224490   19.742000    6.467840
243    opls_145    22.313590   19.742000    7.570490
244    opls_700    20.924940   19.742000    7.356130
245    opls_700    20.477590   19.742000    6.031240
246    opls_145    21.369930   19.742000    4.917170
247    opls_700    23.807270   19.742000    3.895190
248    opls_145    23.376900   19.742000    2.538590
249    opls_145    24.285420   19.742000    1.442480
250    opls_145    25.685920   19.742000    1.615410
251    opls_145    26.140780   19.742000    2.954730
252    opls_145    25.228300   19.742000    4.060580
253    opls_142    27.892680   19.742000    0.372190
254    opls_145    28.216060   19.742000   14.553260
255    opls_145    29.059430   19.742000   13.399950
256    opls_701     0.000000   19.742000    4.193250
257    opls_701    19.742000   39.484000   12.579750
258    opls_701    19.742000   19.742000    8.386500
259    opls_701     0.000000    0.000000    0.000000
260    opls_146    39.484000   24.337150    2.522160
261    opls_146    39.484000   20.955740   -0.338140
262    opls_146     0.000000   22.263450   14.873630
263    opls_146     0.000000   23.889000   12.953280
264    opls_146     0.000000   27.258960   15.756720
265    opls_146     0.000000   25.680390   17.686790
266    opls_146     0.000000   28.599050    8.163750
267    opls_146     0.000000   27.086810   10.204860
268    opls_146    19.742000    4.595150   10.908660
269    opls_146    19.742000    1.213740    8.048360
270    opls_146    19.742000    2.521450    6.487130
271    opls_146    19.742000    4.147000    4.566780
272    opls_146    19.742000    7.516960    7.370220
273    opls_146    19.742000    5.938390    9.300290
274    opls_146    19.742000    8.857050   -0.222750
275    opls_146    19.742000    7.344810    1.818360
276    opls_146    19.742000   34.888850   10.908660
277    opls_146    19.742000   38.270260    8.048360
278    opls_146    19.742000   36.962550    6.487130
279    opls_146    19.742000   35.337000    4.566780
280    opls_146    19.742000   31.967040    7.370220
281    opls_146    19.742000   33.545610    9.300290
282    opls_146    19.742000   30.626950   -0.222750
283    opls_146    19.742000   32.139190    1.818360
284    opls_146    39.484000   15.146850    2.522160
285    opls_146    39.484000   18.528260   -0.338140
286    opls_146    39.484000   17.220550   14.873630
287    opls_146     0.000000   15.595000   12.953280
288    opls_146     0.000000   12.225040   15.756720
289    opls_146    39.484000   13.803610   17.686790
290    opls_146    39.484000   10.884950    8.163750
291    opls_146    39.484000   12.397190   10.204860
292    opls_146    15.146850   19.742000    6.715410
293    opls_146    18.528260   19.742000    3.855110
294    opls_146    17.220550   19.742000    2.293880
295    opls_146    15.595000   19.742000    0.373530
296    opls_146    12.225040   19.742000    3.176970
297    opls_146    13.803610   19.742000    5.107040
298    opls_146    10.884950   19.742000   12.357000
299    opls_146    12.397190   19.742000   14.398110
300    opls_146     4.595150    0.000000   15.101910
301    opls_146     1.213740   39.484000   12.241610
302    opls_146     2.521450    0.000000   10.680380
303    opls_146     4.147000   39.484000    8.760030
304    opls_146     7.516960    0.000000   11.563470
305    opls_146     5.938390    0.000000   13.493540
306    opls_146     8.857050    0.000000    3.970500
307    opls_146     7.344810    0.000000    6.011610
308    opls_146    19.742000   24.337150   10.057590
309    opls_146    19.742000   20.955740   12.917890
310    opls_146    19.742000   22.263450   14.479120
311    opls_146    19.742000   23.889000   16.399470
312    opls_146    19.742000   27.258960   13.596030
313    opls_146    19.742000   25.680390   11.665960
314    opls_146    19.742000   28.599050    4.416000
315    opls_146    19.742000   27.086810    2.374890
316    opls_146     0.000000    4.595150    1.671090
317    opls_146     0.000000    1.213740    4.531390
318    opls_146     0.000000    2.521450    6.092620
319    opls_146    39.484000    4.147000    8.012970
320    opls_146     0.000000    7.516960    5.209530
321    opls_146    39.484000    5.938390    3.279460
322    opls_146    39.484000    8.857050   12.802500
323    opls_146     0.000000    7.344810   10.761390
324    opls_146    39.484000   34.888850    1.671090
325    opls_146    39.484000   38.270260    4.531390
326    opls_146    39.484000   36.962550    6.092620
327    opls_146     0.000000   35.337000    8.012970
328    opls_146     0.000000   31.967040    5.209530
329    opls_146     0.000000   33.545610    3.279460
330    opls_146    39.484000   30.626950   12.802500
331    opls_146    39.484000   32.139190   10.761390
332    opls_146    19.742000   15.146850   10.057590
333    opls_146    19.742000   18.528260   12.917890
334    opls_146    19.742000   17.220550   14.479120
335    opls_146    19.742000   15.595000   16.399470
336    opls_146    19.742000   12.225040   13.596030
337    opls_146    19.742000   13.803610   11.665960
338    opls_146    19.742000   10.884950    4.416000
339    opls_146    19.742000   12.397190    2.374890
340    opls_146     4.595150   19.742000    5.864340
341    opls_146     1.213740   19.742000    8.724640
342    opls_146     2.521450   19.742000   10.285870
343    opls_146     4.147000   19.742000   12.206220
344    opls_146     7.516960   19.742000    9.402780
345    opls_146     5.938390   19.742000    7.472710
346    opls_146     8.857050   19.742000   16.995750
347    opls_146     7.344810   19.742000   14.954640
348    opls_146    15.146850    0.000000   14.250840
349    opls_146    18.528260    0.000000   17.111140
350    opls_146    17.220550   39.484000    1.899370
351    opls_146    15.595000    0.000000    3.819720
352    opls_146    12.225040    0.000000    1.016280
353    opls_146    13.803610    0.000000   -0.913790
354    opls_146    10.884950    0.000000    8.609250
355    opls_146    12.397190    0.000000    6.568140
356    opls_146    34.888850   19.742000    5.864340
357    opls_146    38.270260   19.742000    8.724640
358    opls_146    36.962550   19.742000   10.285870
359    opls_146    35.337000   19.742000   12.206220
360    opls_146    31.967040   19.742000    9.402780
361    opls_146    33.545610   19.742000    7.472710
362    opls_146    30.626950   19.742000   16.995750
363    opls_146    32.139190   19.742000   14.954640
364    opls_146    24.337150    0.000000   14.250840
365    opls_146    20.955740    0.000000   17.111140
366    opls_146    22.263450   39.484000    1.899370
367    opls_146    23.889000    0.000000    3.819720
368    opls_146    27.258960    0.000000    1.016280
369    opls_146    25.680390    0.000000   -0.913790
370    opls_146    28.599050    0.000000    8.609250
371    opls_146    27.086810    0.000000    6.568140
372    opls_146    34.888850    0.000000   15.101910
373    opls_146    38.270260   39.484000   12.241610
374    opls_146    36.962550    0.000000   10.680380
375    opls_146    35.337000   39.484000    8.760030
376    opls_146    31.967040    0.000000   11.563470
377    opls_146    33.545610    0.000000   13.493540
378    opls_146    30.626950    0.000000    3.970500
379    opls_146    32.139190    0.000000    6.011610
380    opls_146    24.337150   19.742000    6.715410
381    opls_146    20.955740   19.742000    3.855110
382    opls_146    22.263450   19.742000    2.293880
383    opls_146    23.889000   19.742000    0.373530
384    opls_146    27.258960   19.742000    3.176970
385    opls_146    25.680390   19.742000    5.107040
386    opls_146    28.599050   19.742000   12.357000
387    opls_146    27.086810   19.742000   14.398110
388    opls_146     0.000000   22.711590    4.445520
389    opls_144     0.000000   28.397290   13.974260
390    opls_146    19.742000    2.969590   12.832020
391    opls_144    19.742000    8.655290    5.587760
392    opls_146    19.742000   36.514410   12.832020
393    opls_144    19.742000   30.828710    5.587760
394    opls_146    39.484000   16.772410    4.445520
395    opls_144     0.000000   11.086710   13.974260
396    opls_146    16.772410   19.742000    8.638770
397    opls_144    11.086710   19.742000    1.394510
398    opls_146     2.969590    0.000000   17.025270
399    opls_144     8.655290    0.000000    9.781010
400    opls_146    19.742000   22.711590    8.134230
401    opls_144    19.742000   28.397290   15.378490
402    opls_146    39.484000    2.969590   -0.252270
403    opls_144    39.484000    8.655290    6.991990
404    opls_146    39.484000   36.514410   -0.252270
405    opls_144    39.484000   30.828710    6.991990
406    opls_146    19.742000   16.772410    8.134230
407    opls_144    19.742000   11.086710   15.378490
408    opls_146     2.969590   19.742000    3.940980
409    opls_144     8.655290   19.742000   11.185240
410    opls_146    16.772410    0.000000   12.327480
411    opls_144    11.086710    0.000000    2.798740
412    opls_146    36.514410   19.742000    3.940980
413    opls_144    30.828710   19.742000   11.185240
414    opls_146    22.711590    0.000000   12.327480
415    opls_144    28.397290    0.000000    2.798740
416    opls_146    36.514410    0.000000   17.025270
417    opls_144    30.828710    0.000000    9.781010
418    opls_146    22.711590   19.742000    8.638770
419    opls_144    28.397290   19.742000    1.394510
420    opls_750     0.000000   26.571150   13.005450
421    opls_750    19.742000    6.829150    4.618950
422    opls_750    19.742000   32.654850    4.618950
423    opls_750     0.000000   12.912850   13.005450
424    opls_750    12.912850   19.742000    0.425700
425    opls_750     6.829150   39.484000    8.812200
426    opls_750    19.742000   26.571150   16.347300
427    opls_750    39.484000    6.829150    7.960800
428    opls_750     0.000000   32.654850    7.960800
429    opls_750    19.742000   12.912850   16.347300
430    opls_750     6.829150   19.742000   12.154050
431    opls_750    12.912850   39.484000    3.767550
432    opls_750    32.654850   19.742000   12.154050
433    opls_750    26.571150   39.484000    3.767550
434    opls_750    32.654850   39.484000    8.812200
435    opls_750    26.571150   19.742000    0.425700
