0      opls_142    18.090430   16.413180    2.535580
1      opls_700    16.792260   17.108320    2.577090
2      opls_166    15.633240   16.273350    2.604810
3      opls_166    16.602740   18.511760    2.622270
4      opls_700    14.327650   16.815740    2.697380
5      opls_700    15.310980   19.086270    2.763290
6      opls_166    14.192900   18.215790    2.832780
7      opls_142    13.077120   16.043060    2.697740
8      opls_142    15.277230   20.562990    2.784430
9      opls_181    15.129190   13.942820    2.935680
10     opls_181    18.791890   19.191740    2.103170
11     opls_181    12.537430   19.809470    3.355850
12     opls_142    32.797730   10.778420    2.495660
13     opls_142     2.360240    2.079660    0.024260
14     opls_261     2.390460    3.467670    0.074300
15     opls_145    14.417510   22.662230    2.515690
16     opls_145    15.560230   23.366400    2.268160
17     opls_145    43.111750   23.375420    2.742780
18     opls_700    15.566820   24.768710    2.267830
19     opls_145    43.124490   24.765320    2.753150
20     opls_700    44.270940   25.478590    2.520950
21     opls_280    16.794590   25.494320    2.003390
22     opls_280    28.931630    1.328570    2.555730
23     opls_700    31.547870    9.993690    2.552680
24     opls_166    31.715350    8.577660    2.566570
25     opls_166    30.230260   10.518690    2.612670
26     opls_700    30.602110    7.703910    2.630800
27     opls_700    29.089570    9.668960    2.713000
28     opls_166    29.297020    8.270050    2.733220
29     opls_142    30.653730    6.233530    2.617340
30     opls_142    27.781130   10.356130    2.755830
31     opls_181    33.454640    6.973430    2.867340
32     opls_181    30.718470   12.795210    2.187500
33     opls_181    27.089570    7.563190    3.219680
34     opls_145    11.681680   14.364860    2.307760
35     MOF2_C_3     1.200210    1.358180    0.229700
36     opls_145     2.630650    2.074780    1.857880
37     opls_145    30.189230    3.446700    2.352680
38     opls_145     2.652630    3.463300    1.908800
39     opls_145    31.361380    4.167760    2.165190
40     opls_147     9.268650   14.191390    2.552270
41     opls_700     1.474660    1.345370    2.061920
42     opls_700    30.173510    2.049370    2.312900
43     opls_145    34.208910   12.513260    2.830650
44     opls_145    35.440790   11.923280    2.615470
45     opls_145    34.194010   13.854050    3.056190
46     opls_147    36.626350   12.670710    2.600360
47     opls_145    35.373920   14.591120    3.052730
48     opls_147    36.600790   14.017940    2.821970
49     opls_280     8.049380   12.028890    2.334300
50     opls_280    37.850490   14.827240    2.826230
51     opls_147     9.295220   12.845200    2.328900
52     opls_145    10.520210   12.284440    2.085600
53     opls_145    10.450380   14.945030    2.531680
54     opls_145    20.304480   16.096870    2.841820
55     opls_145    20.409110   14.726040    2.678660
56     opls_145    21.464440   16.793630    3.015010
57     opls_700    21.652520   14.079160    2.658700
58     opls_145    22.696060   16.147400    3.007660
59     opls_700    22.812700   14.790340    2.824360
60     opls_280    21.730590   12.644960    2.444520
61     opls_280    24.143150   14.121800    2.818810
62     opls_700    23.057960   11.970950    2.447860
63     opls_700    24.217450   12.682900    2.613850
64     opls_145    23.174580   10.608930    2.273860
65     opls_145    25.458620   12.033370    2.603080
66     opls_145    24.403430    9.959270    2.277610
67     opls_145    25.561940   10.658080    2.450910
68     opls_145    11.695950   13.029020    2.074900
69     opls_750    19.092820   16.811160    2.862590
70     opls_750    12.905410   15.059500    2.291690
71     opls_750    14.377910   21.256630    2.511210
72     opls_750    32.985430   11.818490    2.861530
73     opls_750    31.420450    5.570580    2.193420
74     opls_750    26.776380    9.947840    2.435440
75     opls_179    17.595280   19.458600    2.527310
76     opls_179    15.933870   14.928850    2.562570
77     opls_179    12.889790   18.583450    2.998620
78     opls_179    29.884230   11.848350    2.566790
79     opls_179    33.041400    8.190240    2.544850
80     opls_179    28.305860    7.312890    2.807040
81     opls_281    17.748320   24.886550    1.741750
82     opls_281    27.956890    1.940150    2.793180
83     opls_281     8.055540   10.887780    2.113280
84     opls_281    37.847740   15.958500    3.059720
85     opls_281    20.745560   12.061890    2.257580
86     opls_281    25.134120   14.712920    2.993100
87     opls_185    15.747240   13.098350    3.387760
88     opls_185    14.559720   13.553190    2.028280
89     opls_185    14.389070   14.329540    3.711680
90     opls_185    18.865580   19.438970    0.992690
91     opls_185    19.013150   18.084600    2.261550
92     opls_185    19.548750   19.817130    2.682520
93     opls_185    11.794080   19.754970    4.218510
94     opls_185    12.053180   20.338960    2.469960
95     opls_185    13.461580   20.389430    3.686500
96     opls_185    33.541770    6.339300    1.924060
97     opls_185    32.705030    6.493960    3.579890
98     opls_185    34.472920    7.040080    3.375550
99     opls_185    30.594940   12.985080    1.070220
100    opls_185    31.788850   12.466410    2.401140
101    opls_185    30.493030   13.753140    2.763000
102    opls_185    26.619410    6.604860    3.619810
103    opls_185    26.466930    7.957700    2.350040
104    opls_185    27.122910    8.345000    4.048660
105    opls_144    18.153550   15.347000    2.136990
106    opls_144    16.204260   21.150060    3.094200
107    opls_144    33.734610   10.325300    2.030160
108    opls_144     3.315170    1.496090   -0.192490
109    MOF2_H_      3.370550    4.022990   -0.099850
110    opls_146    16.535160   22.814840    2.056110
111    opls_146    42.129700   22.825660    2.924870
112    opls_146    42.163240   25.342580    2.958840
113    opls_144    29.813840    5.629290    3.095820
114    opls_144    27.710950   11.424430    3.147440
115    opls_146     3.589450    1.497110    1.641530
116    opls_146    29.207850    3.994080    2.544740
117    opls_146     3.629670    4.024770    1.735900
118    opls_146    35.512140   10.798630    2.443860
119    opls_146    33.206080   14.388330    3.251400
120    opls_146    35.344990   15.714290    3.246330
121    opls_146    10.604660   11.165990    1.881260
122    opls_146    10.373340   16.068870    2.706970
123    opls_146    19.468810   14.093160    2.556130
124    opls_146    21.433590   17.922790    3.168760
125    opls_146    23.654670   16.745930    3.157180
126    opls_146    22.241660    9.971990    2.119490
127    opls_146    26.418550   12.636540    2.721350
128    opls_146    24.451210    8.829240    2.134750
129    opls_146    12.682590   12.497420    1.865820
130    opls_144    12.136600   16.481250    3.169790
