0      opls_143     8.909140   19.960180    0.500010
1      opls_700    16.028740   11.843910    0.500010
2      opls_523    15.835780   13.232090    0.500010
3      opls_700    14.544750   13.765850    0.500010
4      opls_521    13.427660   12.914670    0.500010
5      opls_522    13.619870   11.530370    0.500010
6      opls_523    14.911270   10.997250    0.500010
7      opls_141     8.168450   16.983300    0.500010
8      opls_142    10.573590   16.698820    0.500010
9      opls_531     1.252250   21.009950    0.500010
10     opls_521    -6.811050   17.581000    0.500010
11     opls_700    24.767110   12.368310    0.500010
12     opls_522    25.993070   13.300220    0.500010
13     opls_608    25.029230   10.850650    0.500010
14     opls_145    24.153750    9.918090    0.500010
15     opls_145    24.415870    8.400430    0.500010
16     opls_145    25.553660    7.815640    0.500010
17     opls_145    26.429320    8.748520    0.500010
18     opls_145    26.167010   10.265860    0.500010
19     opls_143    -3.097540   30.026160    0.500010
20     opls_700    19.014610    7.959340    0.500010
21     opls_523    17.908890    7.098140    0.500010
22     opls_700    18.092150    5.713200    0.500010
23     opls_521    19.387840    5.171360    0.500010
24     opls_522    20.490580    6.029970    0.500010
25     opls_523    20.306570    7.414920    0.500010
26     opls_141    -0.149140   30.873150    0.500010
27     opls_142    17.537700    0.807590    0.500010
28     opls_531    -0.178230   22.870220    0.500010
29     opls_521     6.822980   17.601670    0.500010
30     opls_700    14.191280   15.264790    0.500010
31     opls_522    12.771230   15.860550    0.500010
32     opls_608    15.374550   16.250620    0.500010
33     opls_145    16.619910   15.958710    0.500010
34     opls_145    17.803180   16.944550    0.500010
35     opls_145    17.740730   18.222290    0.500010
36     opls_145    16.495000   18.514200    0.500010
37     opls_145    15.312100   17.528370    0.500010
38     opls_143    -5.811600   14.595080    0.500010
39     opls_700    20.885810   12.487460    0.500010
40     opls_523    22.184480   11.960480    0.500010
41     opls_700    23.292250   12.811660    0.500010
42     opls_521    23.113650   14.204680    0.500010
43     opls_522    21.818710   14.730380    0.500010
44     opls_523    20.711310   13.878550    0.500010
45     opls_141    -8.019310   16.724970    0.500010
46     opls_142    27.817850   14.784300    0.500010
47     opls_531    -1.074030   20.701250    0.500010
48     opls_521    -0.011930   29.398750    0.500010
49     opls_700    16.970770    4.657610    0.500010
50     opls_522    17.164840    3.129940    0.500010
51     opls_608    15.525370    5.189440    0.500010
52     opls_145    15.155490    6.413900    0.500010
53     opls_145    13.710100    6.945730    0.500010
54     opls_145    12.634770    6.252770    0.500010
55     opls_145    13.004830    5.027990    0.500010
56     opls_145    14.450040    4.496480    0.500010
57     opls_143     9.733910   12.330530    0.500010
58     opls_700     2.614310   20.446800    0.500010
59     opls_523     2.807270   19.058620    0.500010
60     opls_700     4.098300   18.524860    0.500010
61     opls_521     5.215390   19.376040    0.500010
62     opls_522     5.023180   20.760340    0.500010
63     opls_523     3.731780   21.293460    0.500010
64     opls_141    10.474600   15.307410    0.500010
65     opls_142     8.069460   15.591890    0.500010
66     opls_531    17.390800   11.280760    0.500010
67     opls_521    25.454100   14.709710    0.500010
68     opls_700    -6.124060   19.922400    0.500010
69     opls_522    -7.350020   18.990490    0.500010
70     opls_608    -6.386180   21.440060    0.500010
71     opls_145    -5.510700   22.372620    0.500010
72     opls_145    -5.772820   23.890280    0.500010
73     opls_145    -6.910610   24.475070    0.500010
74     opls_145    -7.786270   23.542190    0.500010
75     opls_145    -7.523960   22.024850    0.500010
76     opls_143    21.740590    2.264550    0.500010
77     opls_700    -0.371560   24.331370    0.500010
78     opls_523     0.734160   25.192570    0.500010
79     opls_700     0.550900   26.577510    0.500010
80     opls_521    -0.744790   27.119350    0.500010
81     opls_522    -1.847530   26.260740    0.500010
82     opls_523    -1.663520   24.875790    0.500010
83     opls_141    18.792190    1.417560    0.500010
84     opls_142     1.105350   31.483120    0.500010
85     opls_531    18.821280    9.420490    0.500010
86     opls_521    11.820070   14.689040    0.500010
87     opls_700     4.451770   17.025920    0.500010
88     opls_522     5.871820   16.430160    0.500010
89     opls_608     3.268500   16.040090    0.500010
90     opls_145     2.023140   16.332000    0.500010
91     opls_145     0.839870   15.346160    0.500010
92     opls_145     0.902320   14.068420    0.500010
93     opls_145     2.148050   13.776510    0.500010
94     opls_145     3.330950   14.762340    0.500010
95     opls_143    24.454650   17.695630    0.500010
96     opls_700    -2.242760   19.803250    0.500010
97     opls_523    -3.541430   20.330230    0.500010
98     opls_700    -4.649200   19.479050    0.500010
99     opls_521    -4.470600   18.086030    0.500010
100    opls_522    -3.175660   17.560330    0.500010
101    opls_523    -2.068260   18.412160    0.500010
102    opls_141    26.662360   15.565740    0.500010
103    opls_142    -9.174800   17.506410    0.500010
104    opls_531    19.717080   11.589460    0.500010
105    opls_521    18.654980    2.891960    0.500010
106    opls_700     1.672280   27.633100    0.500010
107    opls_522     1.478210   29.160770    0.500010
108    opls_608     3.117680   27.101270    0.500010
109    opls_145     3.487560   25.876810    0.500010
110    opls_145     4.932950   25.344980    0.500010
111    opls_145     6.008280   26.037940    0.500010
112    opls_145     5.638220   27.262720    0.500010
113    opls_145     4.193010   27.794230    0.500010
114    MOF2_O_3     9.479620   17.565500    0.500010
115    opls_180     9.864410   18.921710    0.500010
116    MOF2_O_3    -1.308930   31.717550    0.500010
117    opls_180    -2.675840   31.372680    0.500010
118    MOF2_O_3    -8.170690   15.298370    0.500010
119    opls_180    -7.188570   14.287020    0.500010
120    MOF2_O_3     9.163430   14.725210    0.500010
121    opls_180     8.778640   13.369000    0.500010
122    MOF2_O_3    19.951980    0.573160    0.500010
123    opls_180    21.318890    0.918020    0.500010
124    MOF2_O_3    26.813740   16.992340    0.500010
125    opls_180    25.831620   18.003690    0.500010
126    opls_520     0.177110   20.191380    0.500010
127    opls_520    -5.582660   17.186080    0.500010
128    opls_520     1.068250   22.348400    0.500010
129    opls_520     6.550790   18.862940    0.500010
130    opls_520    -1.245360   22.041640    0.500010
131    opls_520    -0.968130   28.532390    0.500010
132    opls_520    18.465940   12.099330    0.500010
133    opls_520    24.225710   15.104630    0.500010
134    opls_520    17.574800    9.942310    0.500010
135    opls_520    12.092260   13.427770    0.500010
136    opls_520    19.888410   10.249070    0.500010
137    opls_520    19.611180    3.758320    0.500010
138    opls_144     7.813490   19.726720    0.289440
139    opls_144     9.233340   21.032550    0.710590
140    opls_526    16.735310   13.932470    0.500010
141    opls_525    12.720340   10.829980    0.500010
142    opls_526    15.061530    9.867070    0.500010
143    opls_144    11.633640   17.118600    0.500010
144    opls_525    27.044170   12.859130    0.500010
145    opls_146    23.043740   10.178350    0.500010
146    opls_146    23.540020    7.670660    0.500010
147    opls_146    25.609210    6.677070    0.500010
148    opls_146    27.539140    8.488580    0.500010
149    opls_146    27.042860   10.995630    0.500010
150    opls_144    -2.347530   29.194030    0.289440
151    opls_144    -4.188160   29.770420    0.710590
152    opls_526    16.852760    7.526640    0.500010
153    opls_525    21.546890    5.601150    0.500010
154    opls_526    21.210200    8.110130    0.500010
155    opls_144    16.644330    1.515400    0.500010
156    opls_525    12.627680   16.991370    0.500010
157    opls_146    16.949520   14.867290    0.500010
158    opls_146    18.873110   16.550930    0.500010
159    opls_146    18.698980   18.839690    0.500010
160    opls_146    16.165020   19.605630    0.500010
161    opls_146    14.242170   17.921990    0.500010
162    opls_144    -5.465960   15.660670    0.289440
163    opls_144    -5.044620   13.778120    0.710590
164    opls_526    22.341640   10.831270    0.500010
165    opls_525    21.661920   15.859580    0.500010
166    opls_526    19.657420   14.313500    0.500010
167    opls_144    27.651740   13.656390    0.500010
168    opls_525    16.257300    2.440210    0.500010
169    opls_146    15.935890    7.245070    0.500010
170    opls_146    13.516020    8.069130    0.500010
171    opls_146    11.620960    6.773950    0.500010
172    opls_146    12.224430    4.196820    0.500010
173    opls_146    14.644120    3.373090    0.500010
174    opls_144    10.829560   12.563990    0.289440
175    opls_144     9.409710   11.258160    0.710590
176    opls_526     1.907740   18.358240    0.500010
177    opls_525     5.922710   21.460730    0.500010
178    opls_526     3.581520   22.423640    0.500010
179    opls_144     7.009410   15.172110    0.500010
180    opls_525    -8.401120   19.431580    0.500010
181    opls_146    -4.400690   22.112360    0.500010
182    opls_146    -4.896970   24.620050    0.500010
183    opls_146    -6.966160   25.613640    0.500010
184    opls_146    -8.896090   23.802130    0.500010
185    opls_146    -8.399810   21.295080    0.500010
186    opls_144    20.990580    3.096680    0.289440
187    opls_144    22.831210    2.520290    0.710590
188    opls_526     1.790290   24.764070    0.500010
189    opls_525    -2.903840   26.689560    0.500010
190    opls_526    -2.567150   24.180580    0.500010
191    opls_144     1.998720   30.775310    0.500010
192    opls_525     6.015370   15.299340    0.500010
193    opls_146     1.693530   17.423420    0.500010
194    opls_146    -0.230060   15.739780    0.500010
195    opls_146    -0.055930   13.451020    0.500010
196    opls_146     2.478030   12.685080    0.500010
197    opls_146     4.400880   14.368720    0.500010
198    opls_144    24.109010   16.630040    0.289440
199    opls_144    23.687670   18.512590    0.710590
200    opls_526    -3.698590   21.459440    0.500010
201    opls_525    -3.018870   16.431130    0.500010
202    opls_526    -1.014370   17.977210    0.500010
203    opls_144    -9.008690   18.634320    0.500010
204    opls_525     2.385750   29.850500    0.500010
205    opls_146     2.707160   25.045640    0.500010
206    opls_146     5.127030   24.221580    0.500010
207    opls_146     7.022090   25.516760    0.500010
208    opls_146     6.418620   28.093890    0.500010
209    opls_146     3.998930   28.917620    0.500010
