0      opls_641    12.334720    1.743450    5.735840
1      opls_641    10.038960    1.743450    6.178910
2      opls_641    11.568860    1.743450    7.950620
3      opls_641    -0.345820    1.743450   11.893170
4      opls_641    -1.149390    1.743450   14.088550
5      opls_641     1.158820    1.743450   13.686850
6      opls_642    11.056450    1.743450    5.290580
7      opls_642    10.288880    1.743450    7.510710
8      opls_642    12.594460    1.743450    7.063680
9      opls_142     9.183380    1.743450    8.486550
10     opls_142     7.892760    1.743450    8.102670
11     opls_700     6.706260    1.743450    9.020900
12     opls_142    13.992940    1.743450    7.516060
13     opls_142    14.334390    1.743450    8.815990
14     opls_700    15.735020    1.743450    9.329540
15     opls_142    10.749540    1.743450    3.852860
16     opls_142    11.704760    1.743450    2.907710
17     opls_700    11.449040    1.743450    1.437920
18     opls_166     5.370300    1.743450    8.516450
19     opls_145     4.291330    1.743450    9.396060
20     opls_700     4.469470    1.743450   10.789240
21     opls_166     5.780410    1.743450   11.297850
22     opls_145     6.877430    1.743450   10.424960
23     opls_142     3.322160    1.743450   11.743690
24     opls_142     2.028000    1.743450   11.381390
25     opls_642     0.925470    1.743450   12.352080
26     opls_642    -1.387420    1.743450   12.757540
27     opls_642     0.122930    1.743450   14.558360
28     opls_142     0.396930    1.743450   16.006770
29     opls_142    -0.587200    1.743450   16.925190
30     opls_142    -2.778690    1.743450   12.270520
31     opls_142    -3.082430    1.743450   10.958710
32     opls_166    15.949160    1.743450   10.718960
33     opls_145    -5.601450    1.743450   11.233500
34     opls_700    -4.469920    1.743450   10.385560
35     opls_166    -4.699710    1.743450    8.975760
36     opls_145    16.852500    1.743450    8.479030
37     opls_166    12.545500    1.743450    0.558500
38     opls_145     0.909740    1.743450   18.970110
39     opls_700    -0.390440    1.743450   18.413590
40     opls_166    -1.496730    1.743450   19.316770
41     opls_145    10.154000    1.743450    0.894670
42     opls_167     5.981410    1.743450   12.680730
43     opls_167     5.026120    1.743450    7.160690
44     opls_167    13.842370    1.743450    1.077600
45     opls_167    -2.841740    1.743450   18.932890
46     opls_167    14.851800    1.743450   11.584120
47     opls_167    -3.695800    1.743450    8.002490
48     opls_144     9.474940    1.743450    9.522570
49     opls_144     7.724960    1.743450    7.041110
50     opls_144    14.733770    1.743450    6.734040
51     opls_144    13.541460    1.743450    9.560390
52     opls_144     9.702180    1.743450    3.601030
53     opls_144    12.746170    1.743450    3.222890
54     opls_146     3.315310    1.743450    8.941900
55     opls_146     7.855160    1.743450   10.872190
56     opls_144     3.565260    1.743450   12.804270
57     opls_144     1.728890    1.743450   10.346960
58     opls_144     1.437550    1.743450   16.279780
59     opls_144    -1.587680    1.743450   16.532400
60     opls_144    -3.535520    1.743450   13.034710
61     opls_144    -2.242320    1.743450   10.287760
62     opls_168     6.954830    1.743450   12.960870
63     opls_168     5.765210    1.743450    6.481820
64     opls_146    -5.503470    1.743450   12.303970
65     opls_146    16.755550    1.743450    7.406380
66     opls_146     1.788010    1.743450   18.350640
67     opls_146     9.273670    1.743450    1.514540
68     opls_168    14.574160    1.743450    0.376950
69     opls_168    -3.053090    1.743450   17.951910
70     opls_168    15.095030    1.743450   12.567290
71     opls_168    -2.739520    1.743450    8.307180
