0      opls_145    -2.437470   15.836650    0.753180
1      opls_145    -3.664550   15.094460    0.661960
2      opls_523    17.439320    9.356930    3.686590
3      opls_145    18.567620   10.241290    3.783160
4      opls_916    -1.296650   15.316150    1.432810
5      opls_700    -3.784200   13.783570    1.233110
6      opls_531    15.032460    8.865340    2.970400
7      opls_700    18.538410   11.540130    3.188580
8      opls_700    16.251190    9.771400    3.018060
9      opls_145    -2.658680   13.279940    1.949310
10     opls_145    -1.439940   14.036590    2.048750
11     opls_145    17.366970   11.940140    2.491700
12     opls_523    16.224760   11.070230    2.421840
13     opls_234    -5.047460   12.916080    1.099980
14     opls_142    19.716800   12.487150    3.295830
15     opls_145     1.416290   14.067920    0.753180
16     opls_145     2.672590   13.376330    0.661960
17     opls_523    11.002010   10.424430    3.686590
18     opls_145     9.671970   10.959390    3.783160
19     opls_916     1.296650   15.316150    1.432810
20     opls_700     3.867680   13.928160    1.233110
21     opls_531    12.631160    8.585820    2.970400
22     opls_700     8.561750   10.284670    3.188580
23     opls_700    11.237130    9.188250    3.018060
24     opls_145     3.741070   15.154700    1.949310
25     opls_145     2.476420   15.831830    2.048750
26     opls_145     8.801050    9.070170    2.491700
27     opls_523    10.125520    8.515940    2.421840
28     opls_234     5.250580   13.267890    1.099980
29     opls_142     7.152420   10.831670    3.295830
30     opls_145     1.021180   18.289740    0.753180
31     opls_145     0.991960   19.723520    0.661960
32     opls_523    13.296180    4.315800    3.686590
33     opls_145    13.497910    2.896480    3.783160
34     opls_916     0.000000   17.562010    1.432810
35     opls_700    -0.083470   20.482580    1.233110
36     opls_531    14.073890    6.646000    2.970400
37     opls_700    14.637340    2.272360    3.188580
38     opls_700    14.249180    5.137510    3.018060
39     opls_145    -1.082390   19.759670    1.949310
40     opls_145    -1.036480   18.325890    2.048750
41     opls_145    15.569480    3.086850    2.491700
42     opls_523    15.387230    4.510990    2.421840
43     opls_234    -0.203120   22.010340    1.099980
44     opls_142    14.868290    0.778340    3.295830
45     opls_146    -2.380430   16.822230    0.287220
46     opls_146    -4.504870   15.561940    0.140530
47     opls_526    17.475490    8.364120    4.162010
48     opls_146    19.469150    9.908750    4.321440
49     opls_146    -2.721280   12.284730    2.422670
50     opls_146    -0.594060   13.602850    2.578400
51     opls_146    17.328020   12.932940    2.015880
52     opls_526    15.317660   11.402770    1.890140
53     opls_144    19.814180   13.330550    2.616610
54     opls_910    -5.955940   14.031770   -0.416650
55     opls_146     0.534240   13.624530    0.287220
56     opls_146     2.687900   12.414860    0.140530
57     opls_526    11.843710   10.952160    4.162010
58     opls_146     9.509190   11.906410    4.321440
59     opls_146     4.634250   15.598090    2.422670
60     opls_146     2.429120   16.781260    2.578400
61     opls_146     7.960730    8.540030    2.015880
62     opls_526    10.291080    7.564100    1.890140
63     opls_144     6.373320   10.494310    2.616610
64     opls_910     4.738600   11.923270   -0.416650
65     opls_146     1.846190   17.747560    0.287220
66     opls_146     1.816970   20.217510    0.140530
67     opls_526    12.418300    4.780880    4.162010
68     opls_146    12.759150    2.282000    4.321440
69     opls_146    -1.912970   20.311490    2.422670
70     opls_146    -1.835060   17.810210    2.578400
71     opls_146    16.448750    2.624180    2.015880
72     opls_526    16.128760    5.130280    1.890140
73     opls_144    15.550000    0.272300    2.616610
74     opls_910     1.217340   22.239270   -0.416650
75     opls_520    15.189670    7.479760    2.972450
76     opls_238    -6.076980   13.224520    0.235450
77     opls_750    20.619720   12.335330    0.100670
78     opls_520    13.752510    9.414760    2.972450
79     opls_238     5.498220   12.222080    0.235450
80     opls_750     6.832430   11.689530    0.100670
81     opls_520    12.795330    7.202640    2.972450
82     opls_238     0.578760   22.747720    0.235450
83     opls_750    14.285350    0.072290    0.100670
84     opls_239    -0.000140   16.064850    1.470200
85     opls_236    -5.160150   11.887130    1.766870
86     opls_236     6.198020   13.684780    1.766870
87     opls_236    -1.037870   22.622410    1.766870
