0      opls_142   -13.925500   29.236160    3.205000
1      opls_145    19.288320   31.497380    3.205000
2      opls_700   -17.610230   32.446290    3.205000
3      opls_234   -16.159400   32.057260    3.205000
4      opls_700   -12.479220   28.942420    3.205000
5      opls_521   -12.043860   27.612700    3.205000
6      opls_523   -11.514410   29.960990    3.205000
7      opls_522   -10.153690   29.642600    3.205000
8      opls_521    -9.754180   28.292180    3.205000
9      opls_142    -4.322310   26.366100    3.205000
10     opls_145    -0.065830   23.299230    3.205000
11     opls_700    -1.260940   22.555350    3.205000
12     opls_234    -2.614450   23.200330    3.205000
13     opls_700    -5.705610   26.881960    3.205000
14     opls_523    -5.938940   28.261950    3.205000
15     opls_521    -6.810420   26.017820    3.205000
16     opls_522    -7.245970   28.756780    3.205000
17     opls_521    -8.331240   27.858800    3.205000
18     opls_142     0.613490    6.179090    3.205000
19     opls_145     1.018310    0.955480    3.205000
20     opls_700    -0.324200    1.382950    3.205000
21     opls_234    -0.712700    2.833920    3.205000
22     opls_700     0.144740    7.578470    3.205000
23     opls_521     1.078630    8.620360    3.205000
24     opls_523    -1.219770    7.904740    3.205000
25     opls_522    -1.624400    9.242350    3.205000
26     opls_521    -0.654650   10.263540    3.205000
27     opls_142    -1.702560   15.930720    3.205000
28     opls_145    -1.174810   21.150380    3.205000
29     opls_700     0.066960   20.487330    3.205000
30     opls_234     0.185150   18.992660    3.205000
31     opls_700    -1.457650   14.474820    3.205000
32     opls_523    -2.536100   13.582760    3.205000
33     opls_521    -0.156880   13.950100    3.205000
34     opls_522    -2.311120   12.203420    3.205000
35     opls_521    -0.990800   11.712540    3.205000
36     opls_142    13.312010   30.298760    3.205000
37     opls_145    36.603370    0.404140    3.205000
38     opls_700    17.934430   31.884770    3.205000
39     opls_234    16.872110   30.822830    3.205000
40     opls_700    12.334480   29.193120    3.205000
41     opls_521    10.965230   29.480950    3.205000
42     opls_523    12.734180   27.848280    3.205000
43     opls_522    11.778090   26.829060    3.205000
44     opls_521    10.408840   27.158290    3.205000
45     opls_142     6.024870   23.417190    3.205000
46     opls_145     1.240640   21.264400    3.205000
47     opls_700     1.193970   22.671330    3.205000
48     opls_234     2.429300   23.521010    3.205000
49     opls_700     7.163260   24.357230    3.205000
50     opls_523     8.475040   23.869300    3.205000
51     opls_521     6.967300   25.746090    3.205000
52     opls_522     9.557090   24.753810    3.205000
53     opls_521     9.322050   26.142680    3.205000
54     opls_142     5.045640   18.305290    0.000000
55     opls_145     0.325900   20.547460    0.000000
56     opls_700     1.361100   21.501950    0.000000
57     opls_234     2.811920   21.121470    0.000000
58     opls_700     6.490590   18.009250    0.000000
59     opls_521     6.921390   16.678220    0.000000
60     opls_523     7.457490   19.025520    0.000000
61     opls_522     8.817070   18.703190    0.000000
62     opls_521     9.211830   17.351130    0.000000
63     opls_142    14.635920   15.406320    0.000000
64     opls_145    18.900190   12.347000    0.000000
65     opls_700    17.706600   11.599840    0.000000
66     opls_234    16.349670   12.242190    0.000000
67     opls_700    13.254150   15.925460    0.000000
68     opls_523    13.025560   17.306440    0.000000
69     opls_521    12.146680   15.065260    0.000000
70     opls_522    11.720800   17.806520    0.000000
71     opls_521    10.632870   16.912490    0.000000
72     opls_142     0.594330   28.074010    0.000000
73     opls_145     1.012430   22.865520    0.000000
74     opls_700    -0.331790   23.284770    0.000000
75     opls_234    -0.727690   24.731470    0.000000
76     opls_700     0.128240   29.473390    0.000000
77     opls_521     1.065540   30.512000    0.000000
78     opls_523    -1.235330   29.802620    0.000000
79     opls_522    -1.635970   31.141210    0.000000
80     opls_521    -0.662430   32.159120    0.000000
81     opls_142    17.279770    4.971920    0.000000
82     opls_145    17.797080   10.194540    0.000000
83     opls_700    19.040950    9.534450    0.000000
84     opls_234    19.163110    8.038140    0.000000
85     opls_700    17.521070    3.515700    0.000000
86     opls_523    16.439400    2.627250    0.000000
87     opls_521    18.819760    2.986700    0.000000
88     opls_522    16.658700    1.247250    0.000000
89     opls_521    17.976920    0.752100    0.000000
90     opls_142    -5.639970   19.334700    0.000000
91     opls_145    -1.338330   22.301030    0.000000
92     opls_700    -1.029310   20.927280    0.000000
93     opls_234    -2.084230   19.861070    0.000000
94     opls_700    -6.618820   18.231370    0.000000
95     opls_521    -7.986940   18.523790    0.000000
96     opls_523    -6.222160   16.885870    0.000000
97     opls_522    -7.181090   15.869600    0.000000
98     opls_521    -8.549400   16.203760    0.000000
99     opls_142    24.994300   12.478760    0.000000
100    opls_145    20.212720   10.315460    0.000000
101    opls_700    20.162450   11.722720    0.000000
102    opls_234    21.397210   12.576680    0.000000
103    opls_700    26.134780   13.415840    0.000000
104    opls_523    27.445040   12.923320    0.000000
105    opls_521    25.943560   14.805040    0.000000
106    opls_522    28.530500   13.803230    0.000000
107    opls_521    28.300200   15.192420    0.000000
108    opls_238   -15.738270   30.751530    3.205000
109    opls_750   -14.363700   30.457130    3.205000
110    opls_520   -10.716340   27.326840    3.205000
111    opls_238    -2.792000   24.560610    3.205000
112    opls_520    -8.071550   26.521190    3.205000
113    opls_750    -4.092970   25.089610    3.205000
114    opls_238     0.207530    3.851500    3.205000
115    opls_750    -0.224790    5.189110    3.205000
116    opls_520     0.662430    9.912960    3.205000
117    opls_238    -0.904110   18.158750    3.205000
118    opls_520     0.037750   12.606250    3.205000
119    opls_750    -0.711750   16.767590    3.205000
120    opls_238    15.530740   31.110980    3.205000
121    opls_750    14.588500   30.067770    3.205000
122    opls_520    10.053910   28.474210    3.205000
123    opls_238     3.696110   22.994650    3.205000
124    opls_520     8.033790   26.586570    3.205000
125    opls_750     4.804720   23.856810    3.205000
126    opls_238     3.235900   19.818030    0.000000
127    opls_750     4.610090   19.526260    0.000000
128    opls_520     8.247780   16.388420    0.000000
129    opls_238    16.167750   13.602140    0.000000
130    opls_520    10.887450   15.573890    0.000000
131    opls_750    14.864890   14.129830    0.000000
132    opls_238     0.189130   25.750360    0.000000
133    opls_750    -0.245280   27.086330    0.000000
134    opls_520     0.653330   31.805580    0.000000
135    opls_238    18.076320    7.200610    0.000000
136    opls_520    19.008890    1.641860    0.000000
137    opls_750    18.270770    5.808460    0.000000
138    opls_238    -3.425030   20.145610    0.000000
139    opls_750    -4.364810   19.101420    0.000000
140    opls_520    -8.901100   17.520010    0.000000
141    opls_238    22.665930   12.054250    0.000000
142    opls_520    27.013660   15.641250    0.000000
143    opls_750    23.774340   12.918720    0.000000
144    opls_236     3.654380    0.082800    3.205000
145    opls_236    -3.603920   22.484700    3.205000
146    opls_236    36.041100    3.123390    3.205000
147    opls_236     1.299630   18.493560    3.205000
148    opls_236    17.214520   29.650820    3.205000
149    opls_236     2.304290   24.735740    3.205000
150    opls_236     3.652670   22.007290    0.000000
151    opls_236    15.362100   11.523940    0.000000
152    opls_236    -1.915210   25.016670    0.000000
153    opls_236    20.278930    7.542000    0.000000
154    opls_236    -1.737460   18.690050    0.000000
155    opls_236    21.268970   13.791070    0.000000
156    opls_144   -14.629660   28.411450    3.205000
157    opls_910   -16.413030   29.958690    3.205000
158    opls_146    19.509320   30.444310    3.205000
159    opls_144    -3.493700   27.065300    3.205000
160    opls_910    -1.987680   25.221690    3.205000
161    opls_146    -0.092190   24.374640    3.205000
162    opls_524   -12.758460   26.799490    3.205000
163    opls_526   -11.809010   31.002880    3.205000
164    opls_525    -9.443650   30.454500    3.205000
165    opls_526    -5.109190   28.958520    3.205000
166    opls_524    -6.676680   24.943720    3.205000
167    opls_525    -7.381990   29.826930    3.205000
168    opls_144     1.679790    5.981620    3.205000
169    opls_910     1.231530    3.663560    3.205000
170    opls_146     1.819790    1.673410    3.205000
171    opls_144    -2.722380   16.298720    3.205000
172    opls_910    -1.878790   18.524780    3.205000
173    opls_146    -2.092960   20.589840    3.205000
174    opls_524     2.140200    8.408110    3.205000
175    opls_526    -1.974780    7.128660    3.205000
176    opls_525    -2.682550    9.451320    3.205000
177    opls_526    -3.554220   13.953060    3.205000
178    opls_524     0.706440   14.602970    3.205000
179    opls_525    -3.169890   11.550550    3.205000
180    opls_144    12.949870   31.320940    3.205000
181    opls_910    15.181500   32.091760    3.205000
182    opls_146    35.580890    0.739280    3.205000
183    opls_144     6.216090   22.349990    3.205000
184    opls_910     3.866470   21.967540    3.205000
185    opls_146     2.185150   20.749530    3.205000
186    opls_524    10.618270   30.506410    3.205000
187    opls_526    13.783790   27.582470    3.205000
188    opls_525    12.126190   25.808190    3.205000
189    opls_526     8.663410   22.802430    3.205000
190    opls_524     5.970240   26.167320    3.205000
191    opls_525    10.551870   24.336530    3.205000
192    opls_144     4.340720   17.481240    0.000000
193    opls_910     2.563800   19.023220    0.000000
194    opls_146     0.549940   19.495700    0.000000
195    opls_144    15.464720   16.105190    0.000000
196    opls_910    16.970180   14.265200    0.000000
197    opls_146    18.870790   13.422410    0.000000
198    opls_524     6.204520   15.866980    0.000000
199    opls_526     7.165350   20.068400    0.000000
200    opls_525     9.529390   19.513120    0.000000
201    opls_526    13.857770   18.000050    0.000000
202    opls_524    12.276250   13.991170    0.000000
203    opls_525    11.588770   18.877010    0.000000
204    opls_144     1.660440   27.875550    0.000000
205    opls_910     1.213510   25.565710    0.000000
206    opls_146     1.811260   23.585410    0.000000
207    opls_144    16.260140    5.340250    0.000000
208    opls_910    17.100890    7.564010    0.000000
209    opls_146    16.880450    9.631370    0.000000
210    opls_524     2.126540   30.296790    0.000000
211    opls_526    -1.992420   29.028180    0.000000
212    opls_525    -2.693550   31.353140    0.000000
213    opls_526    15.422610    3.001160    0.000000
214    opls_524    19.685170    3.635960    0.000000
215    opls_525    15.797650    0.597670    0.000000
216    opls_144    -6.001160   20.357210    0.000000
217    opls_910    -3.777310   21.125080    0.000000
218    opls_146    -2.361200   22.632890    0.000000
219    opls_144    25.185140   11.411570    0.000000
220    opls_910    22.838930   11.027800    0.000000
221    opls_146    21.158760    9.803220    0.000000
222    opls_524    -8.331050   19.550250    0.000000
223    opls_526    -5.172930   16.617430    0.000000
224    opls_525    -6.835840   14.847750    0.000000
225    opls_526    27.629620   11.855790    0.000000
226    opls_524    24.948590   15.229880    0.000000
227    opls_525    29.523580   13.382330    0.000000
