0      opls_182    31.164440    8.228880    3.650700
1      opls_137    31.164440    9.731480    3.311800
2      opls_136    30.550330    9.966940    1.910560
3      opls_135    32.599310   10.282700    3.401630
4      opls_135    30.368030   11.450480    1.577350
5      opls_166    29.109960    3.548250    4.004780
6      opls_145    28.072510    4.450960    3.677540
7      opls_234    27.175520    6.756570    3.313670
8      opls_700    28.306870    5.836840    3.603920
9      opls_142    23.755320    7.341820    4.277430
10     opls_916    20.657500   10.308560    3.932290
11     opls_145    22.838880    9.455860    3.257670
12     opls_145    21.831680   10.424590    3.166260
13     opls_145    20.501520    9.193860    4.775750
14     opls_145    21.504990    8.223440    4.863530
15     opls_700    22.686830    8.350690    4.116040
16     opls_182    27.720080    1.579830    3.553050
17     opls_137    27.781370    0.041850    3.640540
18     opls_136     9.343160   33.517790    2.839570
19     opls_135     6.807970   33.468450    3.144640
20     opls_135     9.574190   32.019280    3.059290
21     opls_166    29.609140    6.340770    3.813110
22     opls_145    30.637160    5.441460    4.172130
23     opls_234    31.508420    3.159330    4.670830
24     opls_700    30.393170    4.062040    4.288330
25     opls_142    34.452030    3.080390    6.740080
26     opls_916    38.033900    0.732920    7.176630
27     opls_145    35.754880    0.972810    6.341180
28     opls_145    36.936140    0.234780    6.448990
29     opls_145    37.903650    1.982700    7.812860
30     opls_145    36.726520    2.730600    7.691360
31     opls_700    35.649390    2.239600    6.939670
32     opls_182    16.581360   22.874750    3.650700
33     opls_137    15.280080   22.123450    3.311800
34     opls_136    15.383210   21.473900    1.910560
35     opls_135    14.085270   23.090480    3.401630
36     opls_135    14.189580   20.574240    1.577350
37     opls_166    21.662150   23.435840    4.004780
38     opls_145    21.399100   22.086030    3.677540
39     opls_234    19.850880   20.156400    3.313670
40     opls_700    20.081710   21.596050    3.603920
41     opls_142    21.054140   16.901800    4.277430
42     opls_916    20.033770   12.735640    3.932290
43     opls_145    19.681540   15.051120    3.257670
44     opls_145    19.346200   13.694500    3.166260
45     opls_145    21.077120   13.157910    4.775750
46     opls_145    21.415800   14.512150    4.863530
47     opls_700    20.714670   15.472030    4.116040
48     opls_182    24.061790   23.216370    3.553050
49     opls_137    25.363070   24.038450    3.640540
50     opls_136   -14.053840   25.358660    2.839570
51     opls_135   -12.743520   23.187790    3.144640
52     opls_135   -12.871600   26.307990    3.059290
53     opls_166    18.994160   22.471880    3.813110
54     opls_145    19.258980   23.811830    4.172130
55     opls_234    20.799730   25.707430    4.670830
56     opls_700    20.575580   24.290240    4.288330
57     opls_142    19.396290   28.296140    6.740080
58     opls_916    19.638320   32.571860    7.176630
59     opls_145    20.570080   30.478230    6.341180
60     opls_145    20.618610   31.870240    6.448990
61     opls_145    18.621100   31.834170    7.812860
62     opls_145    18.561970   30.440800    7.691360
63     opls_700    19.525750   29.753480    6.939670
64     opls_182    11.189200    2.922510    3.650700
65     opls_137    12.490490    2.171210    3.311800
66     opls_136    13.001450    2.585310    1.910560
67     opls_135    12.250430    0.652960    3.401630
68     opls_135    14.377390    2.001420    1.577350
69     opls_166     8.162890    7.042050    4.004780
70     opls_145     9.463390    7.489150    3.677540
71     opls_234    11.908600    7.113160    3.313670
72     opls_700    10.546420    6.593240    3.603920
73     opls_142    14.125540    9.782510    4.277430
74     opls_916    18.243720   10.981940    3.932290
75     opls_145    16.414580    9.519150    3.257670
76     opls_145    17.757120    9.907050    3.166260
77     opls_145    17.356360   11.674370    4.775750
78     opls_145    16.014210   11.290550    4.863530
79     opls_700    15.533500   10.203420    4.116040
80     opls_182     7.153140    9.229930    3.553050
81     opls_137     5.790560    9.945840    3.640540
82     opls_136     4.710670    9.175830    2.839570
83     opls_135     5.935540   11.396030    3.144640
84     opls_135     3.297410    9.725010    3.059290
85     opls_166    10.331700    5.213480    3.813110
86     opls_145     9.038860    4.772850    4.172130
87     opls_234     6.626850    5.159380    4.670830
88     opls_700     7.966240    5.673860    4.288330
89     opls_142     5.086680    2.649620    6.740080
90     opls_916     1.262780    0.721350    7.176630
91     opls_145     2.610030    2.575100    6.341180
92     opls_145     1.380260    1.921120    6.448990
93     opls_145     2.410250    0.209260    7.812860
94     opls_145     3.646500    0.854740    7.691360
95     opls_700     3.759860    2.033060    6.939670
96     opls_182   -11.519440   25.797260    8.309700
97     opls_137   -11.519440   24.294660    7.970800
98     opls_136   -10.905330   24.059200    6.569560
99     opls_135   -12.954310   23.743440    8.060630
100    opls_135   -10.723030   22.575660    6.236350
101    opls_166    -9.464960   30.477890    8.663780
102    opls_145    -8.427510   29.575180    8.336540
103    opls_234    -7.530520   27.269570    7.972670
104    opls_700    -8.661870   28.189290    8.262920
105    opls_142    -4.110320   26.684320    8.936430
106    opls_916    -1.012500   23.717580    8.591290
107    opls_145    -3.193880   24.570270    7.916670
108    opls_145    -2.186680   23.601550    7.825260
109    opls_145    -0.856520   24.832280    0.116750
110    opls_145    -1.859990   25.802700    0.204530
111    opls_700    -3.041830   25.675440    8.775040
112    opls_182    -8.075080   32.446300    8.212050
113    opls_137    -8.136370   33.984290    8.299540
114    opls_136    10.301840    0.508350    7.498570
115    opls_135    12.837030    0.557690    7.803640
116    opls_135    10.070810    2.006860    7.718290
117    opls_166    -9.964140   27.685370    8.472110
118    opls_145   -10.992160   28.584680    8.831130
119    opls_234   -11.863420   30.866810    0.011830
120    opls_700   -10.748170   29.964100    8.947330
121    opls_142   -14.807030   30.945750    2.081080
122    opls_916   -18.388900   33.293220    2.517630
123    opls_145   -16.109880   33.053330    1.682180
124    opls_145   -17.291140   33.791360    1.789990
125    opls_145   -18.258650   32.043440    3.153860
126    opls_145   -17.081520   31.295540    3.032360
127    opls_700   -16.004390   31.786540    2.280670
128    opls_182     3.063640   11.151390    8.309700
129    opls_137     4.364920   11.902680    7.970800
130    opls_136     4.261790   12.552240    6.569560
131    opls_135     5.559730   10.935660    8.060630
132    opls_135     5.455420   13.451890    6.236350
133    opls_166    -2.017150   10.590300    8.663780
134    opls_145    -1.754100   11.940110    8.336540
135    opls_234    -0.205880   13.869730    7.972670
136    opls_700    -0.436710   12.430090    8.262920
137    opls_142    -1.409140   17.124330    8.936430
138    opls_916    -0.388770   21.290490    8.591290
139    opls_145    -0.036540   18.975020    7.916670
140    opls_145     0.298800   20.331640    7.825260
141    opls_145    -1.432120   20.868230    0.116750
142    opls_145    -1.770800   19.513990    0.204530
143    opls_700    -1.069670   18.554110    8.775040
144    opls_182    -4.416790   10.809760    8.212050
145    opls_137    -5.718070    9.987690    8.299540
146    opls_136    33.698840    8.667480    7.498570
147    opls_135    32.388520   10.838350    7.803640
148    opls_135    32.516600    7.718150    7.718290
149    opls_166     0.650840   11.554260    8.472110
150    opls_145     0.386020   10.214310    8.831130
151    opls_234    -1.154730    8.318710    0.011830
152    opls_700    -0.930580    9.735900    8.947330
153    opls_142     0.248710    5.730000    2.081080
154    opls_916     0.006680    1.454280    2.517630
155    opls_145    -0.925080    3.547910    1.682180
156    opls_145    -0.973610    2.155900    1.789990
157    opls_145     1.023900    2.191960    3.153860
158    opls_145     1.083030    3.585330    3.032360
159    opls_700     0.119250    4.272660    2.280670
160    opls_182     8.455800   31.103630    8.309700
161    opls_137     7.154510   31.854930    7.970800
162    opls_136     6.643550   31.440830    6.569560
163    opls_135     7.394570   33.373180    8.060630
164    opls_135     5.267610   32.024720    6.236350
165    opls_166    11.482110   26.984090    8.663780
166    opls_145    10.181610   26.536990    8.336540
167    opls_234     7.736400   26.912970    7.972670
168    opls_700     9.098580   27.432890    8.262920
169    opls_142     5.519460   24.243620    8.936430
170    opls_916     1.401280   23.044200    8.591290
171    opls_145     3.230420   24.506990    7.916670
172    opls_145     1.887880   24.119090    7.825260
173    opls_145     2.288640   22.351770    0.116750
174    opls_145     3.630790   22.735580    0.204530
175    opls_700     4.111500   23.822720    8.775040
176    opls_182    12.491860   24.796210    8.212050
177    opls_137    13.854440   24.080300    8.299540
178    opls_136    14.934330   24.850310    7.498570
179    opls_135    13.709460   22.630100    7.803640
180    opls_135    16.347590   24.301130    7.718290
181    opls_166     9.313300   28.812650    8.472110
182    opls_145    10.606140   29.253290    8.831130
183    opls_234    13.018150   28.866750    0.011830
184    opls_700    11.678760   28.352280    8.947330
185    opls_142    14.558320   31.376520    2.081080
186    opls_916    18.382220   33.304780    2.517630
187    opls_145    17.034970   31.451040    1.682180
188    opls_145    18.264740   32.105020    1.789990
189    opls_145    17.234750   33.816880    3.153860
190    opls_145    15.998500   33.171400    3.032360
191    opls_700    15.885140   31.993080    2.280670
192    opls_236    27.349180    7.717470    2.579690
193    opls_179    28.912140    2.150110    4.105700
194    opls_236    31.622360    2.072530    4.124050
195    opls_179    29.818950    7.735160    3.685180
196    opls_236    18.931890   19.826350    2.579690
197    opls_179    22.971880   23.963590    4.105700
198    opls_236    21.683950   26.349500    4.124050
199    opls_179    17.681680   21.956390    3.685180
200    opls_236    12.653930    6.482320    2.579690
201    opls_179     7.050980    7.912440    4.105700
202    opls_236     5.628690    5.604100    4.124050
203    opls_179    11.434370    4.334590    3.685180
204    opls_236    -7.704180   26.308670    7.238690
205    opls_179    -9.267140   31.876030    8.764700
206    opls_236   -11.977360   31.953610    8.783050
207    opls_179   -10.173950   26.290980    8.344180
208    opls_236     0.713110   14.199790    7.238690
209    opls_179    -3.326880   10.062550    8.764700
210    opls_236    -2.038950    7.676640    8.783050
211    opls_179     1.963320   12.069750    8.344180
212    opls_236     6.991070   27.543820    7.238690
213    opls_179    12.594020   26.113700    8.764700
214    opls_236    14.016310   28.422030    8.783050
215    opls_179     8.210630   29.691550    8.344180
216    opls_238    25.947310    6.553090    3.885230
217    opls_750    24.903180    7.474860    3.685080
218    opls_238    32.418960    3.538040    5.620620
219    opls_750    33.534410    2.728220    5.892980
220    opls_238    20.641200   19.194480    3.885230
221    opls_750    20.364990   17.829360    3.685080
222    opls_238    20.016490   26.306630    5.620620
223    opls_750    20.160090   27.677540    5.892980
224    opls_238    12.346490    8.278560    3.885230
225    opls_750    13.666830    8.721920    3.685080
226    opls_238     6.499550    4.181470    5.620620
227    opls_750     5.240500    3.620380    5.892980
228    opls_238    -6.302310   27.473040    8.544230
229    opls_750    -5.258180   26.551280    8.344080
230    opls_238   -12.773960   30.488100    0.961620
231    opls_750   -13.889410   31.297920    1.233980
232    opls_238    -0.996200   14.831650    8.544230
233    opls_750    -0.719990   16.196780    8.344080
234    opls_238    -0.371490    7.719510    0.961620
235    opls_750    -0.515090    6.348600    1.233980
236    opls_238     7.298510   25.747580    8.544230
237    opls_750     5.978170   25.304220    8.344080
238    opls_238    13.145450   29.844670    0.961620
239    opls_750    14.404500   30.405760    1.233980
240    opls_239    19.645200   11.341930    3.886070
241    opls_239    -0.000200   22.684210    8.545070
242    opls_239    39.290000    0.000000    7.223500
243    opls_239    39.290000    0.000000    2.564500
244    opls_185    31.634540    8.082230    4.648190
245    opls_185    31.753980    7.683440    2.877580
246    opls_140    30.541100   10.255140    4.072250
247    opls_140    29.545880    9.490230    1.861460
248    opls_140    31.183690    9.489210    1.131480
249    opls_140    33.240720    9.844100    2.606520
250    opls_140    33.045440   10.040090    4.388590
251    opls_140    32.602650   11.389570    3.305280
252    opls_140    31.351850   11.946580    1.434410
253    opls_140    29.804410   11.965290    2.384850
254    opls_140    29.795180   11.547790    0.630460
255    opls_146    27.074540    4.087560    3.471700
256    opls_910    25.806460    5.748380    4.540100
257    opls_144    23.586770    6.498650    4.940120
258    opls_146    23.738820    9.578700    2.666070
259    opls_146    21.969400   11.271500    2.504400
260    opls_146    19.612980    9.088720    5.387110
261    opls_146    21.367080    7.382310    5.533870
262    opls_185    26.838800    1.933710    4.134580
263    opls_185    27.611050    1.883690    2.487160
264    opls_140    27.908670   -0.229680    4.711370
265    opls_140    10.270600   34.044850    3.155820
266    opls_140     9.204270   33.712080    1.754490
267    opls_140     6.675570   33.652870    2.057130
268    opls_140     5.951060   33.923720    3.687780
269    opls_140     6.773400   32.374170    3.333420
270    opls_140     8.756170   31.421100    2.604010
271    opls_140     9.641770   31.790620    4.144270
272    opls_140    10.528540   31.718490    2.575030
273    opls_146    31.641420    5.802140    4.352900
274    opls_910    32.292450    4.439730    6.137490
275    opls_144    34.372860    4.030060    7.260680
276    opls_146    34.934900    0.563810    5.763460
277    opls_146    37.000960   -0.714550    5.932120
278    opls_146    38.730120    2.396120    8.375860
279    opls_146    36.667980    3.707150    8.158470
280    opls_185    16.473310   23.355200    4.648190
281    opls_185    16.758950   23.658030    2.877580
282    opls_140    15.138240   21.321800    4.072250
283    opls_140    16.298280   20.842370    1.861460
284    opls_140    15.480260   22.261260    1.131480
285    opls_140    14.144400   23.865250    2.606520
286    opls_140    14.072300   23.598150    4.388590
287    opls_140    13.125020   22.539930    3.305280
288    opls_140    13.268040   21.178210    1.434410
289    opls_140    14.025550   19.828730    2.384850
290    opls_140    14.391730   20.029490    0.630460
291    opls_146    22.212800   21.403460    3.471700
292    opls_910    21.408530   19.474860    4.540100
293    opls_144    21.868620   17.177420    4.940120
294    opls_146    19.125190   15.769070    2.666070
295    opls_146    18.543900   13.390310    2.504400
296    opls_146    21.612450   12.440980    5.387110
297    opls_146    22.213190   14.813280    5.533870
298    opls_185    24.195960   22.276230    4.134580
299    opls_185    23.853160   22.970030    2.487160
300    opls_140    25.534570   24.284450    4.711370
301    opls_140   -14.974010   25.898310    3.155820
302    opls_140   -14.152650   25.141230    1.754490
303    opls_140   -12.837030   22.980910    2.057130
304    opls_140   -12.709330   22.218050    3.687780
305    opls_140   -11.778550   23.704990    3.333420
306    opls_140   -11.944550   25.898650    2.604010
307    opls_140   -12.707370   26.480840    4.144270
308    opls_140   -13.088280   27.284880    2.575030
309    opls_146    18.444490   24.501200    4.352900
310    opls_910    19.298860   25.746220    6.137490
311    opls_144    18.613440   27.752740    7.260680
312    opls_146    21.334270   29.972600    5.763460
313    opls_146    21.408340   32.401050    5.932120
314    opls_146    17.849840   32.343210    8.375860
315    opls_146    17.745520   29.901830    8.158470
316    opls_185    10.827150    2.588710    4.648190
317    opls_185    10.422070    2.684660    2.877580
318    opls_140    13.255660    2.449200    4.072250
319    opls_140    13.090840    3.693540    1.861460
320    opls_140    12.271050    2.275670    1.131480
321    opls_140    11.549880    0.316780    2.606520
322    opls_140    11.817250    0.387900    4.388590
323    opls_140    13.207330    0.096630    3.305280
324    opls_140    14.315120    0.901350    1.434410
325    opls_140    15.105040    2.232110    2.384850
326    opls_140    14.748090    2.448860    0.630460
327    opls_146     9.647660    8.535120    3.471700
328    opls_910    11.720010    8.802900    4.540100
329    opls_144    13.479610   10.350070    4.940120
330    opls_146    16.070990    8.678370    2.666070
331    opls_146    18.421710    9.364330    2.504400
332    opls_146    17.709570   12.496440    5.387110
333    opls_146    15.354730   11.830550    5.533870
334    opls_185     7.900240    9.816200    4.134580
335    opls_185     7.470800    9.172430    2.487160
336    opls_140     5.491760    9.971360    4.711370
337    opls_140     4.703410    8.109110    3.155820
338    opls_140     4.948380    9.198970    1.754490
339    opls_140     6.161460   11.418490    2.057130
340    opls_140     6.758270   11.910510    3.687780
341    opls_140     5.005150   11.973120    3.333420
342    opls_140     3.188380   10.732520    2.604010
343    opls_140     3.065600    9.780810    4.144270
344    opls_140     2.559740    9.048910    2.575030
345    opls_146     8.849090    3.722800    4.352900
346    opls_910     7.343690    3.840190    6.137490
347    opls_144     5.948700    2.243340    7.260680
348    opls_146     2.665830    3.489720    5.763460
349    opls_146     0.525700    2.339640    5.932120
350    opls_146     2.355040   -0.713190    8.375860
351    opls_146     4.521490    0.417160    8.158470
352    opls_185   -11.989540   25.943910    9.307190
353    opls_185   -12.108980   26.342700    7.536580
354    opls_140   -10.896100   23.771000    8.731250
355    opls_140    -9.900880   24.535910    6.520460
356    opls_140   -11.538690   24.536930    5.790480
357    opls_140   -13.595720   24.182040    7.265520
358    opls_140   -13.400440   23.986050    9.047590
359    opls_140   -12.957650   22.636570    7.964280
360    opls_140   -11.706850   22.079560    6.093410
361    opls_140   -10.159410   22.060850    7.043850
362    opls_140   -10.150180   22.478350    5.289460
363    opls_146    -7.429540   29.938580    8.130700
364    opls_910    -6.161460   28.277760    9.199100
365    opls_144    -3.941770   27.527490    9.599120
366    opls_146    -4.093820   24.447440    7.325070
367    opls_146    -2.324400   22.754640    7.163400
368    opls_146     0.032020   24.937420    0.728110
369    opls_146    -1.722080   26.643830    0.874870
370    opls_185    -7.193800   32.092430    8.793580
371    opls_185    -7.966050   32.142450    7.146160
372    opls_140    -8.263670   34.255810    9.370370
373    opls_140     9.374400   -0.018710    7.814820
374    opls_140    10.440730    0.314060    6.413490
375    opls_140    12.969430    0.373270    6.716130
376    opls_140    13.693940    0.102420    8.346780
377    opls_140    12.871600    1.651970    7.992420
378    opls_140    10.888830    2.605040    7.263010
379    opls_140    10.003230    2.235520    8.803270
380    opls_140     9.116460    2.307650    7.234030
381    opls_146   -11.996420   28.224000    9.011900
382    opls_910   -12.647450   29.586410    1.478490
383    opls_144   -14.727860   29.996080    2.601680
384    opls_146   -15.289900   33.462330    1.104460
385    opls_146   -17.355960   34.740690    1.273120
386    opls_146   -19.085120   31.630020    3.716860
387    opls_146   -17.022980   30.318990    3.499470
388    opls_185     3.171690   10.670940    9.307190
389    opls_185     2.886050   10.368100    7.536580
390    opls_140     4.506760   12.704340    8.731250
391    opls_140     3.346720   13.183770    6.520460
392    opls_140     4.164740   11.764880    5.790480
393    opls_140     5.500600   10.160890    7.265520
394    opls_140     5.572700   10.427990    9.047590
395    opls_140     6.519980   11.486200    7.964280
396    opls_140     6.376960   12.847930    6.093410
397    opls_140     5.619450   14.197410    7.043850
398    opls_140     5.253270   13.996650    5.289460
399    opls_146    -2.567800   12.622680    8.130700
400    opls_910    -1.763530   14.551280    9.199100
401    opls_144    -2.223620   16.848720    9.599120
402    opls_146     0.519810   18.257060    7.325070
403    opls_146     1.101100   20.635830    7.163400
404    opls_146    -1.967450   21.585160    0.728110
405    opls_146    -2.568190   19.212860    0.874870
406    opls_185    -4.550960   11.749910    8.793580
407    opls_185    -4.208160   11.056110    7.146160
408    opls_140    -5.889570    9.741680    9.370370
409    opls_140    34.619010    8.127820    7.814820
410    opls_140    33.797650    8.884910    6.413490
411    opls_140    32.482030   11.045220    6.716130
412    opls_140    32.354330   11.808090    8.346780
413    opls_140    31.423550   10.321150    7.992420
414    opls_140    31.589550    8.127480    7.263010
415    opls_140    32.352370    7.545300    8.803270
416    opls_140    32.733280    6.741260    7.234030
417    opls_146     1.200510    9.524940    9.011900
418    opls_910     0.346140    8.279920    1.478490
419    opls_144     1.031560    6.273400    2.601680
420    opls_146    -1.689270    4.053530    1.104460
421    opls_146    -1.763340    1.625090    1.273120
422    opls_146     1.795160    1.682930    3.716860
423    opls_146     1.899480    4.124310    3.499470
424    opls_185     8.817850   31.437430    9.307190
425    opls_185     9.222930   31.341480    7.536580
426    opls_140     6.389340   31.576940    8.731250
427    opls_140     6.554160   30.332600    6.520460
428    opls_140     7.373950   31.750470    5.790480
429    opls_140     8.095120   33.709350    7.265520
430    opls_140     7.827750   33.638240    9.047590
431    opls_140     6.437670   33.929500    7.964280
432    opls_140     5.329880   33.124790    6.093410
433    opls_140     4.539960   31.794020    7.043850
434    opls_140     4.896910   31.577280    5.289460
435    opls_146     9.997340   25.491020    8.130700
436    opls_910     7.924990   25.223240    9.199100
437    opls_144     6.165390   23.676070    9.599120
438    opls_146     3.574010   25.347770    7.325070
439    opls_146     1.223290   24.661800    7.163400
440    opls_146     1.935430   21.529700    0.728110
441    opls_146     4.290270   22.195590    0.874870
442    opls_185    11.744760   24.209940    8.793580
443    opls_185    12.174200   24.853710    7.146160
444    opls_140    14.153240   24.054780    9.370370
445    opls_140    14.941590   25.917030    7.814820
446    opls_140    14.696620   24.827170    6.413490
447    opls_140    13.483540   22.607650    6.716130
448    opls_140    12.886730   22.115630    8.346780
449    opls_140    14.639850   22.053020    7.992420
450    opls_140    16.456620   23.293610    7.263010
451    opls_140    16.579400   24.245320    8.803270
452    opls_140    17.085260   24.977230    7.234030
453    opls_146    10.795910   30.303340    9.011900
454    opls_910    12.301310   30.185950    1.478490
455    opls_144    13.696300   31.782790    2.601680
456    opls_146    16.979170   30.536420    1.104460
457    opls_146    19.119300   31.686500    1.273120
458    opls_146    17.289960   34.739330    3.716860
459    opls_146    15.123510   33.608980    3.499470
