0      opls_750     0.474880   28.700930    0.000000
1      opls_750    -6.411680   18.418100    0.000000
2      opls_750     5.936790   17.595580    0.000000
3      opls_750    18.206620    3.656380    0.000000
4      opls_750    25.093180   13.939200    0.000000
5      opls_750    12.744710   14.761730    0.000000
6      opls_145     0.305260   27.312160    0.000000
7      opls_145    -0.942860   26.653040    0.000000
8      opls_145    -1.006370   25.264910    0.000000
9      opls_700     0.156920   24.465360    0.000000
10     opls_145     1.398310   25.134830    0.000000
11     opls_145     1.473410   26.522310    0.000000
12     opls_145     1.242320   22.202290    0.000000
13     opls_700     0.076220   22.988570    0.000000
14     opls_142     7.145110   18.053110    0.000000
15     opls_700     8.274040   17.124130    0.000000
16     opls_142     8.016980   15.736650    0.000000
17     opls_261     9.058660   14.817060    0.000000
18     opls_145    -5.124150   18.965590    0.000000
19     opls_145    -3.929280   18.214250    0.000000
20     opls_145    -2.695370   18.853310    0.000000
21     opls_700    -2.584590   20.260530    0.000000
22     opls_145    -3.785060   21.000860    0.000000
23     opls_145    -5.024200   20.372160    0.000000
24     opls_145    -1.167410   22.332040    0.000000
25     opls_700    -1.265300   20.929030    0.000000
26     opls_142    -0.525510   29.518600    0.000000
27     opls_700    -0.285450   30.960770    0.000000
28     opls_142     1.044670   31.431890    0.000000
29     opls_261    20.001720    0.436500    0.000000
30     opls_145     4.818890   18.436870    0.000000
31     opls_145     4.872140   19.847330    0.000000
32     opls_145     3.701740   20.596400    0.000000
33     opls_700     2.427660   19.988730    0.000000
34     opls_145     2.386750   18.578920    0.000000
35     opls_145     3.550790   17.820140    0.000000
36     opls_145    -0.074910   20.180280    0.000000
37     opls_700     1.189080   20.797010    0.000000
38     opls_142    -6.619600   17.142900    0.000000
39     opls_700    -7.988580   16.629710    0.000000
40     opls_142    -9.061650   17.546070    0.000000
41     opls_261    26.984120   17.103750    0.000000
42     opls_145    18.376240    5.045150    0.000000
43     opls_145    19.624360    5.704270    0.000000
44     opls_145    19.687870    7.092400    0.000000
45     opls_700    18.524580    7.891950    0.000000
46     opls_145    17.283190    7.222470    0.000000
47     opls_145    17.208090    5.834990    0.000000
48     opls_145    17.439180   10.155020    0.000000
49     opls_700    18.605280    9.368730    0.000000
50     opls_142    11.536390   14.304190    0.000000
51     opls_700    10.407460   15.233170    0.000000
52     opls_142    10.664520   16.620650    0.000000
53     opls_261     9.622840   17.540250    0.000000
54     opls_145    23.805650   13.391720    0.000000
55     opls_145    22.610780   14.143060    0.000000
56     opls_145    21.376870   13.504000    0.000000
57     opls_700    21.266090   12.096780    0.000000
58     opls_145    22.466560   11.356440    0.000000
59     opls_145    23.705700   11.985150    0.000000
60     opls_145    19.848910   10.025260    0.000000
61     opls_700    19.946800   11.428280    0.000000
62     opls_142    19.207010    2.838710    0.000000
63     opls_700    18.966950    1.396540    0.000000
64     opls_142    17.636830    0.925420    0.000000
65     opls_261    -1.320220   31.920810    0.000000
66     opls_145    13.862610   13.920440    0.000000
67     opls_145    13.809360   12.509980    0.000000
68     opls_145    14.979760   11.760910    0.000000
69     opls_700    16.253840   12.368580    0.000000
70     opls_145    16.294750   13.778390    0.000000
71     opls_145    15.130710   14.537170    0.000000
72     opls_145    18.756410   12.177030    0.000000
73     opls_700    17.492420   11.560300    0.000000
74     opls_142    25.301100   15.214410    0.000000
75     opls_700    26.670080   15.727590    0.000000
76     opls_142    27.743150   14.811230    0.000000
77     opls_261    -8.302620   15.253560    0.000000
78     opls_146    -1.880670   27.224470    0.000000
79     opls_146    -2.000420   24.798640    0.000000
80     opls_146     2.337990   24.567290    0.000000
81     opls_146     2.454380   27.015760    0.000000
82     opls_146     2.219180   22.698330    0.000000
83     opls_144     7.390960   19.143550    0.000000
84     opls_144     6.968010   15.410810    0.000000
85     opls_146    -3.955250   17.116370    0.000000
86     opls_146    -1.794540   18.225580    0.000000
87     opls_146    -3.763390   22.098420    0.000000
88     opls_146    -5.942020   20.974980    0.000000
89     opls_146    -2.085420   22.930010    0.000000
90     opls_144    -1.592780   29.186290    0.000000
91     opls_144     1.851340   30.686380    0.000000
92     opls_146     5.835910   20.373780    0.000000
93     opls_146     3.794960   21.690400    0.000000
94     opls_146     1.425400   18.048910    0.000000
95     opls_146     3.487650   16.723870    0.000000
96     opls_146    -0.133760   19.086280    0.000000
97     opls_144    -5.798180   16.384770    0.000000
98     opls_144    -8.819350   18.617420    0.000000
99     opls_146    20.562170    5.132840    0.000000
100    opls_146    20.681920    7.558670    0.000000
101    opls_146    16.343510    7.790020    0.000000
102    opls_146    16.227120    5.341540    0.000000
103    opls_146    16.462320    9.658980    0.000000
104    opls_144    11.290540   13.213750    0.000000
105    opls_144    11.713490   16.946490    0.000000
106    opls_146    22.636750   15.240940    0.000000
107    opls_146    20.476040   14.131730    0.000000
108    opls_146    22.444890   10.258880    0.000000
109    opls_146    24.623520   11.382330    0.000000
110    opls_146    20.766920    9.427300    0.000000
111    opls_144    20.274280    3.171020    0.000000
112    opls_144    16.830160    1.670930    0.000000
113    opls_146    12.845590   11.983530    0.000000
114    opls_146    14.886540   10.666910    0.000000
115    opls_146    17.256100   14.308400    0.000000
116    opls_146    15.193850   15.633430    0.000000
117    opls_146    18.815260   13.271030    0.000000
118    opls_144    24.479680   15.972540    0.000000
119    opls_144    27.500850   13.739880    0.000000
