0      opls_700     0.370300    1.358930    0.012040
1      opls_700     0.765720    2.797570    0.124170
2      opls_145     0.439650    3.725750   11.660170
3      opls_145     0.683370    5.077400   11.857330
4      opls_700     1.261190    5.530230    0.521750
5      opls_145     1.665910    4.591230    1.489740
6      opls_145     1.415050    3.236930    1.293830
7      opls_142    19.973990    4.463180   11.593700
8      opls_145     0.534230    9.152660    0.279440
9      opls_145    -0.736650    9.748340    0.118150
10     opls_523    -0.877630   11.120740    0.264390
11     opls_700     0.249460   11.928370    0.523000
12     opls_523     1.511800   11.327170    0.703860
13     opls_145     1.658650    9.949470    0.594740
14     opls_531     0.117530   13.393280    0.537050
15     opls_700    12.373940   20.716070   12.540870
16     opls_700    12.037550   19.266170   12.320880
17     opls_145    11.380820   18.458540    0.727190
18     opls_145    11.189870   17.099390    0.482990
19     opls_700    11.646980   16.515630   11.822840
20     opls_145    12.260240   17.339380   10.857360
21     opls_145    12.450170   18.693680   11.099920
22     opls_142    -7.358490   17.477590    0.811090
23     opls_145    11.438310   12.834480   12.275860
24     opls_145    12.791030   12.415870   12.290280
25     opls_523    13.102950   11.062670   12.250650
26     opls_700    12.082420   10.091220   12.181420
27     opls_523    10.738370   10.519540   12.123470
28     opls_145    10.411280   11.870750   12.196340
29     opls_531    12.428630    8.656110   12.202240
30     opls_700    13.117480    8.718370    4.192670
31     opls_700    13.512890   10.157010    4.304790
32     opls_145    13.186820   11.085190    3.298800
33     opls_145    13.430550   12.436840    3.495960
34     opls_700    14.008370   12.889670    4.702370
35     opls_145    14.413090   11.950670    5.670360
36     opls_145    14.162230   10.596370    5.474460
37     opls_142     7.227070   11.822620    3.232320
38     opls_145    13.281410   16.512100    4.460060
39     opls_145    12.010530   17.107780    4.298770
40     opls_523    11.869540   18.480180    4.445010
41     opls_700    12.996640   19.287810    4.703630
42     opls_523    14.258980   18.686610    4.884480
43     opls_145    14.405820   17.308910    4.775370
44     opls_531    12.864710   20.752720    4.717670
45     opls_700    12.374070    5.996970    4.179500
46     opls_700    12.037680    4.547070    3.959510
47     opls_145    11.380950    3.739440    4.907810
48     opls_145    11.190000    2.380290    4.663620
49     opls_700    11.647110    1.796530    3.461470
50     opls_145    12.260370    2.620280    2.495980
51     opls_145    12.450300    3.974580    2.738550
52     opls_142    18.135740    2.758490    4.991720
53     opls_145    -1.308610   20.193910    3.914480
54     opls_145     0.044100   19.775310    3.928910
55     opls_523     0.356030   18.422110    3.889270
56     opls_700    -0.664500   17.450660    3.820040
57     opls_523    -2.008550   17.878980    3.762100
58     opls_145    -2.335640   19.230190    3.834970
59     opls_531    -0.318290   16.015550    3.840860
60     opls_700     0.370170   16.078030    8.373420
61     opls_700     0.765590   17.516670    8.485540
62     opls_145     0.439520   18.444850    7.479550
63     opls_145     0.683240   19.796500    7.676710
64     opls_700     1.261070   20.249330    8.883120
65     opls_145     1.665780   19.310330    9.851110
66     opls_145     1.414920   17.956030    9.655210
67     opls_142    -5.520240   19.182280    7.413070
68     opls_145    13.281150    1.793220    8.640810
69     opls_145    12.010270    2.388900    8.479520
70     opls_523    11.869290    3.761300    8.625760
71     opls_700    12.996380    4.568930    8.884380
72     opls_523    14.258720    3.967730    9.065230
73     opls_145    14.405570    2.590030    8.956120
74     opls_531    12.864450    6.033840    8.898420
75     opls_700    -0.373230   13.356630    8.360250
76     opls_700    -0.709630   11.906730    8.140260
77     opls_145    -1.366360   11.099100    9.088560
78     opls_145    -1.557310    9.739950    8.844370
79     opls_700    -1.100200    9.156190    7.642220
80     opls_145    -0.486940    9.979940    6.676730
81     opls_145    -0.297010   11.334240    6.919300
82     opls_142     5.388430   10.118150    9.172470
83     opls_145    -1.308870    5.475040    8.095230
84     opls_145     0.043850    5.056430    8.109660
85     opls_523     0.355770    3.703230    8.070020
86     opls_700    -0.664760    2.731780    8.000790
87     opls_523    23.485290    3.160100    7.942850
88     opls_145    -2.335900    4.511310    8.015720
89     opls_531    -0.318550    1.296670    8.021610
90     opls_700    11.385030   21.719760    0.012040
91     opls_700     9.941420   21.342880    0.124170
92     opls_145     9.300630   20.596410   11.660170
93     opls_145     8.008210   20.131650   11.857330
94     opls_700     7.327130   20.405650    0.521750
95     opls_145     7.937970   21.225640    1.489740
96     opls_145     9.236260   21.685540    1.293830
97     opls_142    11.641880   15.066390   11.593700
98     opls_145     4.553500   17.964860    0.279440
99     opls_145     4.673070   16.566410    0.118150
100    opls_523     3.555020   15.758120    0.264390
101    opls_700     2.292050   16.330390    0.523000
102    opls_523     2.181530   17.724210    0.703860
103    opls_145     3.301230   18.540230    0.594740
104    opls_531     1.089360   15.483680    0.537050
105    opls_700     1.366480    0.358110   12.540870
106    opls_700     2.790330    0.791740   12.320880
107    opls_145     3.818120    0.626810    0.727190
108    opls_145     5.090660    1.141020    0.482990
109    opls_700     5.367660    1.828770   11.822840
110    opls_145     4.347640    1.947990   10.857360
111    opls_145     3.079810    1.435330   11.099920
112    opls_142     1.290260    6.967100    0.811090
113    opls_145     8.659960    3.488630   12.275860
114    opls_145     8.346130    4.869420   12.290280
115    opls_523     9.362070    5.816150   12.250650
116    opls_700    10.713640    5.418070   12.181420
117    opls_523    11.014730    4.039930   12.123470
118    opls_145    10.008090    3.081060   12.196340
119    opls_531    11.783370    6.435450   12.202240
120    opls_700    11.385160    7.000660    4.192670
121    opls_700     9.941550    6.623780    4.304790
122    opls_145     9.300760    5.877310    3.298800
123    opls_145     8.008330    5.412550    3.495960
124    opls_700     7.327260    5.686550    4.702370
125    opls_145     7.938100    6.506550    5.670360
126    opls_145     9.236380    6.966440    5.474460
127    opls_142    11.642010    0.347300    3.232320
128    opls_145     4.553630    3.245770    4.460060
129    opls_145     4.673200    1.847310    4.298770
130    opls_523     3.555150    1.039020    4.445010
131    opls_700     2.292170    1.611290    4.703630
132    opls_523     2.181660    3.005110    4.884480
133    opls_145     3.301360    3.821130    4.775370
134    opls_531     1.089490    0.764580    4.717670
135    opls_700    14.113660    7.717550    4.179500
136    opls_700    15.537510    8.151180    3.959510
137    opls_145    16.565300    7.986250    4.907810
138    opls_145    17.837840    8.500460    4.663620
139    opls_700    18.114830    9.188200    3.461470
140    opls_145    17.094810    9.307430    2.495980
141    opls_145    15.826990    8.794760    2.738550
142    opls_142    14.037430   14.326540    4.991720
143    opls_145    -4.086960   10.848070    3.914480
144    opls_145    -4.400790   12.228860    3.928910
145    opls_523    -3.384850   13.175590    3.889270
146    opls_700    -2.033280   12.777510    3.820040
147    opls_523    -1.732200   11.399370    3.762100
148    opls_145    -2.738830   10.440500    3.834970
149    opls_531    -0.963550   13.794890    3.840860
150    opls_700    -1.362150   14.360320    8.373420
151    opls_700    -2.805750   13.983440    8.485540
152    opls_145    -3.446550   13.236970    7.479550
153    opls_145    -4.738970   12.772210    7.676710
154    opls_700    -5.420050   13.046210    8.883120
155    opls_145    -4.809210   13.866210    9.851110
156    opls_145    -3.510920   14.326100    9.655210
157    opls_142    -1.105300    7.706960    7.413070
158    opls_145    17.300420   10.605430    8.640810
159    opls_145    17.419990    9.206970    8.479520
160    opls_523    16.301950    8.398680    8.625760
161    opls_700    15.038970    8.970950    8.884380
162    opls_523    14.928450   10.364770    9.065230
163    opls_145    16.048150   11.180790    8.956120
164    opls_531    13.836290    8.124240    8.898420
165    opls_700     1.366360   15.077210    8.360250
166    opls_700     2.790200   15.510840    8.140260
167    opls_145     3.818000   15.345910    9.088560
168    opls_145     5.090530   15.860120    8.844370
169    opls_700     5.367530   16.547860    7.642220
170    opls_145     4.347510   16.667090    6.676730
171    opls_145     3.079690   16.154420    6.919300
172    opls_142     1.290130   21.686200    9.172470
173    opls_145     8.659840   18.207730    8.095230
174    opls_145     8.346000   19.588520    8.109660
175    opls_523     9.361940   20.535250    8.070020
176    opls_700    10.713510   20.137170    8.000790
177    opls_523    11.014600   18.759030    7.942850
178    opls_145    10.007960   17.800160    8.015720
179    opls_531    11.783250   21.154550    8.021610
180    opls_700   -11.755330   21.078380    0.012040
181    opls_700   -10.707140   20.016620    0.124170
182    opls_145    -9.740280   19.834920   11.660170
183    opls_145    -8.691580   18.948020   11.857330
184    opls_700    -8.588320   18.221200    0.521750
185    opls_145    -9.603880   18.340200    1.489740
186    opls_145   -10.651310   19.234600    1.293830
187    opls_142     6.625280    2.548970   11.593700
188    opls_145    -5.087730   17.039550    0.279440
189    opls_145    -3.936420   17.842330    0.118150
190    opls_523    -2.677390   17.278220    0.264390
191    opls_700    -2.541510   15.898310    0.523000
192    opls_523    -3.693330   15.105690    0.703860
193    opls_145    -4.959880   15.667370    0.594740
194    opls_531    -1.206890   15.280110    0.537050
195    opls_700    24.500720    1.004350   12.540870
196    opls_700    23.413270    2.020630   12.320880
197    opls_145    23.042200    2.993190    0.727190
198    opls_145    21.960620    3.838130    0.482990
199    opls_700    21.226520    3.734140   11.822840
200    opls_145    21.633270    2.791170   10.857360
201    opls_145    22.711160    1.949530   11.099920
202    opls_142     6.068230   19.712380    0.811090
203    opls_145    18.142880    5.755430   12.275860
204    opls_145    17.103990    4.793250   12.290280
205    opls_523    15.776130    5.199720   12.250650
206    opls_700    15.445090    6.569250   12.181420
207    opls_523    16.488050    7.519070   12.123470
208    opls_145    17.821780    7.126730   12.196340
209    opls_531    14.029150    6.986970   12.202240
210    opls_700    13.738900    6.359280    4.192670
211    opls_700    14.787090    5.297520    4.304790
212    opls_145    15.753950    5.115820    3.298800
213    opls_145    16.802650    4.228920    3.495960
214    opls_700    16.905900    3.502100    4.702370
215    opls_145    15.890350    3.621100    5.670360
216    opls_145    14.842920    4.515500    5.474460
217    opls_142    19.372460    9.908410    3.232320
218    opls_145    20.406500    2.320450    4.460060
219    opls_145    21.557810    3.123230    4.298770
220    opls_523    22.816840    2.559120    4.445010
221    opls_700    22.952720    1.179210    4.703630
222    opls_523    21.800900    0.386600    4.884480
223    opls_145    20.534350    0.948270    4.775370
224    opls_531    24.287340    0.561020    4.717670
225    opls_700    11.753800    8.363790    4.179500
226    opls_700    10.666350    9.380070    3.959510
227    opls_145    10.295280   10.352630    4.907810
228    opls_145     9.213700   11.197570    4.663620
229    opls_700     8.479590   11.093580    3.461470
230    opls_145     8.886350   10.150610    2.495980
231    opls_145     9.964240    9.308970    2.738550
232    opls_142     6.068360    4.993280    4.991720
233    opls_145     5.395950   13.114870    3.914480
234    opls_145     4.357070   12.152690    3.928910
235    opls_523     3.029210   12.559160    3.889270
236    opls_700     2.698170   13.928690    3.820040
237    opls_523     3.741130   14.878510    3.762100
238    opls_145     5.074860   14.486170    3.834970
239    opls_531     1.282230   14.346410    3.840860
240    opls_700     0.991590   13.718940    8.373420
241    opls_700     2.039780   12.657180    8.485540
242    opls_145     3.006650   12.475480    7.479550
243    opls_145     4.055350   11.588580    7.676710
244    opls_700     4.158600   10.861760    8.883120
245    opls_145     3.143040   10.980760    9.851110
246    opls_145     2.095620   11.875160    9.655210
247    opls_142     6.625150   17.268070    7.413070
248    opls_145     7.659190    9.680110    8.640810
249    opls_145     8.810510   10.482890    8.479520
250    opls_523    10.069530    9.918780    8.625760
251    opls_700    10.205420    8.538870    8.884380
252    opls_523     9.053590    7.746260    9.065230
253    opls_145     7.787050    8.307930    8.956120
254    opls_531    11.540030    7.920680    8.898420
255    opls_700    -0.993510   15.723450    8.360250
256    opls_700    -2.080960   16.739730    8.140260
257    opls_145    -2.452020   17.712290    9.088560
258    opls_145    -3.533610   18.557230    8.844370
259    opls_700    -4.267710   18.453240    7.642220
260    opls_145    -3.860950   17.510270    6.676730
261    opls_145    -2.783060   16.668630    6.919300
262    opls_142    -6.678940   12.352940    9.172470
263    opls_145    -7.351350   20.474530    8.095230
264    opls_145    -8.390240   19.512350    8.109660
265    opls_523    -9.718100   19.918820    8.070020
266    opls_700   -10.049140   21.288350    8.000790
267    opls_523     3.740880    0.159630    7.942850
268    opls_145    -7.672450   21.845830    8.015720
269    opls_531   -11.465080   21.706070    8.021610
270    opls_750     0.638750    7.777610    0.040130
271    opls_520     1.249590   14.137990    0.529270
272    opls_750    11.152900   14.206210   12.429000
273    opls_520    11.423910    7.744710   12.212650
274    opls_750    13.385930   15.137050    4.220760
275    opls_520   -11.497330   21.497430    4.709900
276    opls_750    -1.594020   21.565650    4.067620
277    opls_520    -1.323020   15.104150    3.851270
278    opls_750    13.385680    0.418170    8.401510
279    opls_520    13.996520    6.778550    8.890650
280    opls_750    -1.594270    6.846780    8.248370
281    opls_520    24.170830    0.385270    8.032020
282    opls_750     5.692070   18.742910    0.040130
283    opls_520    -0.121610   16.091720    0.529270
284    opls_750     7.614710    2.555590   12.429000
285    opls_520    13.075030    6.021040   12.212650
286    opls_750     5.692200    4.023810    4.220760
287    opls_520    -0.121480    1.372620    4.709900
288    opls_750    -5.132220    9.915030    4.067620
289    opls_520     0.328110   13.380480    3.851270
290    opls_750    18.438990   11.383470    8.401510
291    opls_520    12.625320    8.732280    8.890650
292    opls_750     7.614580   17.274690    8.248370
293    opls_520    13.074900   20.740140    8.032020
294    opls_750    -6.330820   17.636560    0.040130
295    opls_520    -1.127990   13.927360    0.529270
296    opls_750    19.473540    5.316730   12.429000
297    opls_520    13.742210    8.312790   12.212650
298    opls_750    19.163410    2.917460    4.220760
299    opls_520    11.619190   21.286800    4.709900
300    opls_750     6.726620   12.676170    4.067620
301    opls_520     0.995290   15.672230    3.851270
302    opls_750     6.416100   10.277120    8.401510
303    opls_520    11.618940    6.567920    8.890650
304    opls_750    -6.020690   20.035830    8.248370
305    opls_520     0.995030    0.953350    8.032020
306    opls_146    -0.032890    3.386410   10.741220
307    opls_146     0.389930    5.798930   11.095410
308    opls_146     2.132200    4.929480    2.415210
309    opls_146     1.686180    2.518280    2.064410
310    opls_144    19.422810    4.180570   10.666090
311    opls_146    -1.598480    9.121530   -0.105100
312    opls_526    -1.855720   11.586380    0.146620
313    opls_526     2.377710   11.952660    0.919580
314    opls_146     2.641570    9.492670    0.710630
315    opls_146    11.045060   18.893490    1.667840
316    opls_146    10.711600   16.476330    1.238650
317    opls_146    12.612060   16.905760    9.919970
318    opls_146    12.936470   19.311660   10.346150
319    opls_144    -7.314770   16.886550    1.755880
320    opls_146    13.586830   13.156600   12.364910
321    opls_526    14.145530   10.745850   12.282510
322    opls_526     9.945760    9.776820   12.032790
323    opls_146     9.369850   12.187790   12.160720
324    opls_146    12.714290   10.745850    2.379840
325    opls_146    13.137110   13.158370    2.734030
326    opls_146    14.879380   12.288910    6.595840
327    opls_146    14.433360    9.877720    6.245040
328    opls_144     6.675890   11.540010    2.304720
329    opls_146    11.148700   16.480970    4.075520
330    opls_526    10.891460   18.945810    4.327240
331    opls_526    15.124880   19.312100    5.100200
332    opls_146    15.388750   16.852110    4.891250
333    opls_146    11.045190    4.174390    5.848460
334    opls_146    10.711730    1.757230    5.419270
335    opls_146    12.612190    2.186660    1.558590
336    opls_146    12.936600    4.592560    1.984770
337    opls_144    18.179460    2.167450    5.936500
338    opls_146     0.839900   20.516040    4.003530
339    opls_526     1.398610   18.105280    3.921130
340    opls_526    -2.801160   17.136260    3.671420
341    opls_146    -3.377080   19.547230    3.799350
342    opls_146    -0.033010   18.105510    6.560590
343    opls_146     0.389800   20.518030    6.914780
344    opls_146     2.132070   19.648570   10.776590
345    opls_146     1.686050   17.237380   10.425790
346    opls_144    -6.071420   18.899670    6.485470
347    opls_146    11.148440    1.762090    8.256270
348    opls_526    10.891210    4.226940    8.507990
349    opls_526    15.124630    4.593220    9.280950
350    opls_146    15.388490    2.133230    9.072000
351    opls_146    -1.702110   11.534050   10.029210
352    opls_146    -2.035580    9.116890    9.600020
353    opls_146    -0.135120    9.546320    5.739340
354    opls_146     0.189290   11.952220    6.165520
355    opls_144     5.432160    9.527110   10.117260
356    opls_146     0.839650    5.797160    8.184280
357    opls_526     1.398350    3.386410    8.101880
358    opls_526    22.692680    2.417380    7.852170
359    opls_146    -3.377330    4.828360    7.980100
360    opls_146     9.830780   20.356850   10.741220
361    opls_146     7.530060   19.516770   11.095410
362    opls_146     7.411900   21.460340    2.415210
363    opls_146     9.723070   22.279670    2.064410
364    opls_144    12.162220   14.730360   10.666090
365    opls_146     5.646820   16.133450   -0.105100
366    opls_526     3.640810   14.678250    0.146620
367    opls_526     1.206890   18.161360    0.919580
368    opls_146     3.205370   19.619870    0.710630
369    opls_146     3.609330    0.118560    1.667840
370    opls_146     5.869380    1.038350    1.238650
371    opls_146     4.547260    2.469480    9.919970
372    opls_146     2.301480    1.547480   10.346150
373    opls_144     1.780250    7.300490    1.755880
374    opls_146     7.306740    5.188240   12.364910
375    opls_526     9.115160    6.877460   12.282510
376    opls_526    12.054250    3.724870   12.032790
377    opls_146    10.254240    2.020630   12.160720
378    opls_146     9.830910    5.637750    2.379840
379    opls_146     7.530190    4.797670    2.734030
380    opls_146     7.412030    6.741240    6.595840
381    opls_146     9.723190    7.560570    6.245040
382    opls_144    12.162340    0.011260    2.304720
383    opls_146     5.646940    1.414350    4.075520
384    opls_526     3.640940   -0.040850    4.327240
385    opls_526     1.207020    3.442260    5.100200
386    opls_146     3.205500    4.900770    4.891250
387    opls_146    16.356500    7.478000    5.848460
388    opls_146    18.616560    8.397790    5.419270
389    opls_146    17.294430    9.828920    1.558590
390    opls_146    15.048660    8.906920    1.984770
391    opls_144    14.527430   14.659930    5.936500
392    opls_146    -5.440190   12.547670    4.003530
393    opls_526    -3.631760   14.236900    3.921130
394    opls_526    -0.692670   11.084310    3.671420
395    opls_146    -2.492690    9.380070    3.799350
396    opls_146    -2.916400   12.997410    6.560590
397    opls_146    -5.217110   12.157330    6.914780
398    opls_146    -5.335280   14.100900   10.776590
399    opls_146    -3.024110   14.920230   10.425790
400    opls_144    -0.584960    7.370920    6.485470
401    opls_146    18.393740    8.774010    8.256270
402    opls_526    16.387730    7.318810    8.507990
403    opls_526    13.953810   10.801920    9.280950
404    opls_146    15.952300   12.260430    9.072000
405    opls_146     3.609200   14.837660   10.029210
406    opls_146     5.869250   15.757450    9.600020
407    opls_146     4.547130   17.188580    5.739340
408    opls_146     2.301350   16.266580    6.165520
409    opls_144     1.780130   22.019590   10.117260
410    opls_146     7.306610   19.907330    8.184280
411    opls_526     9.115030   21.596560    8.101880
412    opls_526    12.054120   18.443970    7.852170
413    opls_146    10.254110   16.739730    7.980100
414    opls_146    -9.797890   20.413820   10.741220
415    opls_146    -7.920000   18.841380   11.095410
416    opls_146    -9.544100   17.767260    2.415210
417    opls_146   -11.409250   19.359120    2.064410
418    opls_144     6.656130    3.167610   10.666090
419    opls_146    -4.048340   18.902100   -0.105100
420    opls_526    -1.785100   17.892450    0.146620
421    opls_526    -3.584600   14.043050    0.919580
422    opls_146    -5.846940   15.044540    0.710630
423    opls_146    23.586760    3.066490    1.667840
424    opls_146    21.660170    4.563850    1.238650
425    opls_146    21.081840    2.703300    9.919970
426    opls_146    23.003200    1.219400   10.346150
427    opls_144     5.534510   19.970040    1.755880
428    opls_146    17.347590    3.733700   12.364910
429    opls_526    14.980460    4.455230   12.282510
430    opls_526    16.241140    8.576850   12.032790
431    opls_146    18.617070    7.870120   12.160720
432    opls_146    15.696330    5.694720    2.379840
433    opls_146    17.574230    4.122280    2.734030
434    opls_146    15.950130    3.048160    6.595840
435    opls_146    14.084980    4.640030    6.245040
436    opls_144    19.403300   10.527050    2.304720
437    opls_146    21.445890    4.183000    4.075520
438    opls_526    23.709130    3.173350    4.327240
439    opls_526    21.909630   -0.676040    5.100200
440    opls_146    19.647280    0.325440    4.891250
441    opls_146    10.839840   10.425930    5.848460
442    opls_146     8.913250   11.923290    5.419270
443    opls_146     8.334910   10.062740    1.558590
444    opls_146    10.256280    8.578840    1.984770
445    opls_144     5.534640    5.250940    5.936500
446    opls_146     4.600670   11.093140    4.003530
447    opls_526     2.233540   11.814670    3.921130
448    opls_526     3.494220   15.936290    3.671420
449    opls_146     5.870140   15.229550    3.799350
450    opls_146     2.949030   13.054380    6.560590
451    opls_146     4.826930   11.481940    6.914780
452    opls_146     3.202820   10.407820   10.776590
453    opls_146     1.337680   11.999690   10.425790
454    opls_144     6.656000   17.886710    6.485470
455    opls_146     8.698590   11.542660    8.256270
456    opls_526    10.961830   10.533010    8.507990
457    opls_526     9.162320    6.683620    9.280950
458    opls_146     6.899980    7.685100    9.072000
459    opls_146    -1.907470   17.785590   10.029210
460    opls_146    -3.834060   19.282950    9.600020
461    opls_146    -4.412390   17.422400    5.739340
462    opls_146    -2.491030   15.938500    6.165520
463    opls_144    -7.212660   12.610600   10.117260
464    opls_146    -8.146640   18.452800    8.184280
465    opls_526   -10.513770   19.174330    8.101880
466    opls_526     3.493970    1.217410    7.852170
467    opls_146    -6.877160   22.589210    7.980100
