0      opls_700     9.597820    0.003310    9.305910
1      opls_700    10.043740    0.059850    7.889180
2      opls_700     8.100950    6.188910    9.516780
3      opls_145    10.495660    5.156030    7.233190
4      opls_145    10.749090    5.176540    5.853410
5      opls_145    10.480710    0.075610    5.103870
6      opls_145    10.056620    1.241900    5.758690
7      opls_145     9.861520    1.239080    7.145150
8      opls_145    12.838350    1.037950   10.434340
9      opls_145    14.259890    0.906730   10.442790
10     opls_145    14.867800    5.946870   10.100250
11     opls_145    14.039170    4.850380    9.758890
12     opls_145    12.614840    4.964960    9.804290
13     opls_142    17.080910    5.150900    9.398270
14     opls_700    18.569430    5.094480    9.620340
15     opls_142    10.454060    0.479510   16.779050
16     opls_700    10.294070    0.442480   18.246870
17     opls_145    19.122160    5.092230   10.926820
18     opls_145     0.652610    5.067470   11.131200
19     opls_145     8.993970    0.431290   18.827600
20     opls_145     8.644340    0.449990    0.571290
21     opls_700    10.504960    0.003310   10.346300
22     opls_700    10.059050    0.059850   11.763020
23     opls_700    12.001830    6.188910   10.135430
24     opls_145     9.607120    5.156030   12.419010
25     opls_145     9.353690    5.176540   13.798790
26     opls_145     9.622070    0.075610   14.548330
27     opls_145    10.046170    1.241900   13.893520
28     opls_145    10.241260    1.239080   12.507060
29     opls_145     7.264430    1.037950    9.217870
30     opls_145     5.842890    0.906730    9.209420
31     opls_145     5.234980    5.946870    9.551950
32     opls_145     6.063620    4.850380    9.893310
33     opls_145     7.487940    4.964960    9.847920
34     opls_142     3.021870    5.150900   10.253930
35     opls_700     1.533350    5.094480   10.031860
36     opls_142     9.648730    0.479510    2.873150
37     opls_700     9.808720    0.442480    1.405330
38     opls_145     0.980620    5.092230    8.725380
39     opls_145    19.450180    5.067470    8.521000
40     opls_145    11.108810    0.431290    0.824610
41     opls_145    11.458440    0.449990   19.080910
42     opls_750    16.321550    5.824850   10.216590
43     opls_750     9.498650    0.038590   15.978030
44     opls_750     3.781230    5.824850    9.435610
45     opls_750    10.604140    0.038590    3.674180
46     opls_146    10.658070    4.193750    7.822560
47     opls_146    11.174740    4.252980    5.338320
48     opls_146     9.870060    2.194970    5.161650
49     opls_146     9.552730    2.202540    7.670450
50     opls_146    12.357340    2.044060   10.670950
51     opls_146    14.912740    1.795960   10.730500
52     opls_146    14.506180    3.859720    9.442690
53     opls_146    11.962400    4.059660    9.571020
54     opls_144    16.618330    4.602590    8.512350
55     opls_144    11.419630    0.896350   16.339040
56     opls_146    18.435200    5.110370   11.836330
57     opls_146     8.071040    0.407270   18.158830
58     opls_146     1.075120    5.025560   12.189080
59     opls_146     7.607750    0.471250    1.045100
60     opls_146     9.444710    4.193750   11.829640
61     opls_146     8.928050    4.252980   14.313880
62     opls_146    10.232730    2.194970   14.490550
63     opls_146    10.550060    2.202540   11.981750
64     opls_146     7.745450    2.044060    8.981250
65     opls_146     5.190050    1.795960    8.921710
66     opls_146     5.596610    3.859720   10.209520
67     opls_146     8.140390    4.059660   10.081190
68     opls_144     3.484450    4.602590   11.139850
69     opls_144     8.683150    0.896350    3.313160
70     opls_146     1.667580    5.110370    7.815880
71     opls_146    12.031740    0.407270    1.493370
72     opls_146    19.027660    5.025560    7.463120
73     opls_146    12.495040    0.471250   18.607100
