0      opls_750    30.168980   30.109440    2.346160
1      opls_750     7.231780    5.822540    2.346160
2      opls_750    16.902020   30.109440    1.403020
3      opls_750    39.839220    5.822540    1.403020
4      opls_750    16.902020   18.464360    1.403020
5      opls_750    39.839220   42.751260    1.403020
6      opls_750    30.168980   18.464360    2.346160
7      opls_750     7.231780   42.751260    2.346160
8      opls_700    25.882900   25.515330    0.250410
9      opls_700    24.705720   25.518730    1.052320
10     opls_145    24.108720   26.712680    1.484410
11     opls_700    27.840650   26.747160    3.604600
12     opls_145    27.215110   27.842020    2.987150
13     opls_145    27.950650   28.966500    2.590980
14     opls_145    29.347670   29.000990    2.762460
15     opls_145    29.977460   27.902730    3.354460
16     opls_145    28.040880   26.790390    0.026360
17     opls_142    29.779380   31.197010    1.744940
18     opls_700    30.746400   32.258830    1.385580
19     opls_145    32.132190   32.069390    1.529060
20     opls_145    30.275020   33.485320    0.890350
21     opls_145    14.042660   33.089440    2.565780
22     opls_700    14.517570   34.323220    3.041850
23     opls_145    15.900810   34.509260    3.190320
24     opls_145    11.308210   13.430170    0.519410
25     opls_166    10.395670   12.420320    0.887050
26     opls_700    13.571560   13.162040    3.393750
27     opls_143     9.173550   13.929020    2.390400
28     opls_700     2.945700    1.228430    0.250410
29     opls_700     1.768520    1.231830    1.052320
30     opls_145     1.171520    2.425780    1.484410
31     opls_700     4.903450    2.460260    3.604600
32     opls_145     4.277910    3.555120    2.987150
33     opls_145     5.013450    4.679600    2.590980
34     opls_145     6.410470    4.714090    2.762460
35     opls_145     7.040260    3.615830    3.354460
36     opls_145     5.103680    2.503490    0.026360
37     opls_142     6.842180    6.910110    1.744940
38     opls_700     7.809200    7.971930    1.385580
39     opls_145     9.194990    7.782490    1.529060
40     opls_145     7.337820    9.198420    0.890350
41     opls_145    36.979860    8.802540    2.565780
42     opls_700    37.454770   10.036320    3.041850
43     opls_145    38.838010   10.222360    3.190320
44     opls_145    34.245410   37.717070    0.519410
45     opls_166    33.332870   36.707220    0.887050
46     opls_700    36.508760   37.448940    3.393750
47     opls_143    32.110750   38.215920    2.390400
48     opls_700    21.188110   25.515330    3.498760
49     opls_700    22.365290   25.518730    2.696850
50     opls_145    22.962280   26.712680    2.264760
51     opls_700    19.230360   26.747160    0.144570
52     opls_145    19.855890   27.842020    0.762020
53     opls_145    19.120360   28.966500    1.158190
54     opls_145    17.723340   29.000990    0.986710
55     opls_145    17.093540   27.902730    0.394710
56     opls_145    19.030130   26.790390    3.722820
57     opls_142    17.291630   31.197010    2.004230
58     opls_700    16.324610   32.258830    2.363590
59     opls_145    14.938820   32.069390    2.220110
60     opls_145    16.795990   33.485320    2.858820
61     opls_145    33.028340   33.089440    1.183390
62     opls_700    32.553440   34.323220    0.707320
63     opls_145    31.170190   34.509260    0.558850
64     opls_145    35.762800   13.430170    3.229760
65     opls_166    36.675340   12.420320    2.862120
66     opls_700    33.499450   13.162040    0.355420
67     opls_143    37.897460   13.929020    1.358770
68     opls_700    44.125310    1.228430    3.498760
69     opls_700    45.302490    1.231830    2.696850
70     opls_145    45.899480    2.425780    2.264760
71     opls_700    42.167560    2.460260    0.144570
72     opls_145    42.793090    3.555120    0.762020
73     opls_145    42.057560    4.679600    1.158190
74     opls_145    40.660540    4.714090    0.986710
75     opls_145    40.030740    3.615830    0.394710
76     opls_145    41.967330    2.503490    3.722820
77     opls_142    40.228830    6.910110    2.004230
78     opls_700    39.261810    7.971930    2.363590
79     opls_145    37.876020    7.782490    2.220110
80     opls_145    39.733190    9.198420    2.858820
81     opls_145    10.091140    8.802540    1.183390
82     opls_700     9.616240   10.036320    0.707320
83     opls_145     8.232990   10.222360    0.558850
84     opls_145    12.825600   37.717070    3.229760
85     opls_166    13.738140   36.707220    2.862120
86     opls_700    10.562250   37.448940    0.355420
87     opls_143    14.960260   38.215920    1.358770
88     opls_700    21.188110   23.058470    3.498760
89     opls_700    22.365290   23.055070    2.696850
90     opls_145    22.962280   21.861120    2.264760
91     opls_700    19.230360   21.826640    0.144570
92     opls_145    19.855890   20.731780    0.762020
93     opls_145    19.120360   19.607300    1.158190
94     opls_145    17.723340   19.572810    0.986710
95     opls_145    17.093540   20.671070    0.394710
96     opls_145    19.030130   21.783410    3.722820
97     opls_142    17.291630   17.376790    2.004230
98     opls_700    16.324610   16.314970    2.363590
99     opls_145    14.938820   16.504410    2.220110
100    opls_145    16.795990   15.088480    2.858820
101    opls_145    33.028340   15.484360    1.183390
102    opls_700    32.553440   14.250580    0.707320
103    opls_145    31.170190   14.064540    0.558850
104    opls_145    35.762800   35.143630    3.229760
105    opls_166    36.675340   36.153480    2.862120
106    opls_700    33.499450   35.411760    0.355420
107    opls_143    37.897460   34.644780    1.358770
108    opls_700    44.125310   47.345370    3.498760
109    opls_700    45.302490   47.341970    2.696850
110    opls_145    45.899480   46.148020    2.264760
111    opls_700    42.167560   46.113540    0.144570
112    opls_145    42.793090   45.018680    0.762020
113    opls_145    42.057560   43.894200    1.158190
114    opls_145    40.660540   43.859710    0.986710
115    opls_145    40.030740   44.957970    0.394710
116    opls_145    41.967330   46.070310    3.722820
117    opls_142    40.228830   41.663690    2.004230
118    opls_700    39.261810   40.601870    2.363590
119    opls_145    37.876020   40.791310    2.220110
120    opls_145    39.733190   39.375380    2.858820
121    opls_145    10.091140   39.771260    1.183390
122    opls_700     9.616240   38.537480    0.707320
123    opls_145     8.232990   38.351440    0.558850
124    opls_145    12.825600   10.856730    3.229760
125    opls_166    13.738140   11.866580    2.862120
126    opls_700    10.562250   11.124860    0.355420
127    opls_143    14.960260   10.357880    1.358770
128    opls_700    25.882900   23.058470    0.250410
129    opls_700    24.705720   23.055070    1.052320
130    opls_145    24.108720   21.861120    1.484410
131    opls_700    27.840650   21.826640    3.604600
132    opls_145    27.215110   20.731780    2.987150
133    opls_145    27.950650   19.607300    2.590980
134    opls_145    29.347670   19.572810    2.762460
135    opls_145    29.977460   20.671070    3.354460
136    opls_145    28.040880   21.783410    0.026360
137    opls_142    29.779380   17.376790    1.744940
138    opls_700    30.746400   16.314970    1.385580
139    opls_145    32.132190   16.504410    1.529060
140    opls_145    30.275020   15.088480    0.890350
141    opls_145    14.042660   15.484360    2.565780
142    opls_700    14.517570   14.250580    3.041850
143    opls_145    15.900810   14.064540    3.190320
144    opls_145    11.308210   35.143630    0.519410
145    opls_166    10.395670   36.153480    0.887050
146    opls_700    13.571560   35.411760    3.393750
147    opls_143     9.173550   34.644780    2.390400
148    opls_700     2.945700   47.345370    0.250410
149    opls_700     1.768520   47.341970    1.052320
150    opls_145     1.171520   46.148020    1.484410
151    opls_700     4.903450   46.113540    3.604600
152    opls_145     4.277910   45.018680    2.987150
153    opls_145     5.013450   43.894200    2.590980
154    opls_145     6.410470   43.859710    2.762460
155    opls_145     7.040260   44.957970    3.354460
156    opls_145     5.103680   46.070310    0.026360
157    opls_142     6.842180   41.663690    1.744940
158    opls_700     7.809200   40.601870    1.385580
159    opls_145     9.194990   40.791310    1.529060
160    opls_145     7.337820   39.375380    0.890350
161    opls_145    36.979860   39.771260    2.565780
162    opls_700    37.454770   38.537480    3.041850
163    opls_145    38.838010   38.351440    3.190320
164    opls_145    34.245410   10.856730    0.519410
165    opls_166    33.332870   11.866580    0.887050
166    opls_700    36.508760   11.124860    3.393750
167    opls_143    32.110750   10.357880    2.390400
168    opls_145    19.454770   24.286900    0.154920
169    opls_700    22.952660   24.286900    2.292090
170    opls_145    42.391970    0.000000    0.154920
171    opls_700    45.889860   48.573800    2.292090
172    opls_145    27.616230   24.286900    3.594260
173    opls_700    24.118350   24.286900    1.457080
174    opls_145     4.679030   48.573800    3.594260
175    opls_700     1.181150   48.573800    1.457080
176    opls_180     9.326620   12.641330    1.787720
177    opls_180    32.263820   36.928230    1.787720
178    opls_180    37.744380   12.641330    1.961450
179    opls_180    14.807180   36.928230    1.961450
180    opls_180    37.744380   35.932470    1.961450
181    opls_180    14.807180   11.645570    1.961450
182    opls_180     9.326620   35.932470    1.787720
183    opls_180    32.263820   11.645570    1.787720
184    opls_146    24.565860   27.716210    1.194790
185    opls_146    26.090400   27.825500    2.800710
186    opls_146    27.418420   29.861230    2.126460
187    opls_146    31.108000   27.904190    3.500230
188    opls_146    28.583210   25.913150    0.512470
189    opls_144    28.678710   31.342730    1.487220
190    opls_146    32.533750   31.080430    1.929140
191    opls_146    29.155760   33.653390    0.755500
192    opls_146    12.919880   32.921380    2.461560
193    opls_146    16.303440   35.500650    3.583680
194    opls_146    11.187510   14.485680    0.933210
195    opls_185    10.076230   14.615860    2.505010
196    opls_185     8.148960   14.269040    2.756240
197    opls_146     1.628660    3.429310    1.194790
198    opls_146     3.153200    3.538600    2.800710
199    opls_146     4.481220    5.574330    2.126460
200    opls_146     8.170800    3.617290    3.500230
201    opls_146     5.646010    1.626250    0.512470
202    opls_144     5.741510    7.055830    1.487220
203    opls_146     9.596550    6.793530    1.929140
204    opls_146     6.218560    9.366490    0.755500
205    opls_146    35.857080    8.634480    2.461560
206    opls_146    39.240640   11.213750    3.583680
207    opls_146    34.124710   38.772580    0.933210
208    opls_185    33.013430   38.902760    2.505010
209    opls_185    31.086160   38.555940    2.756240
210    opls_146    22.481080   27.699700    2.570960
211    opls_146    20.980600   27.825500    0.948470
212    opls_146    19.652590   29.861230    1.622720
213    opls_146    15.963010   27.904190    0.248950
214    opls_146    18.487790   25.913150    3.236700
215    opls_144    18.392300   31.342730    2.261950
216    opls_146    14.545730   31.077030    1.819250
217    opls_146    17.917350   33.643670    2.990230
218    opls_146    34.151130   32.921380    1.287620
219    opls_146    30.777390   35.504050    0.164660
220    opls_146    35.883490   14.485680    2.815970
221    opls_185    38.649860   14.077660    0.515250
222    opls_185    37.267410   14.806750    1.721810
223    opls_146    45.442350    3.429310    2.554390
224    opls_146    43.917800    3.538600    0.948470
225    opls_146    42.589790    5.574330    1.622720
226    opls_146    38.900210    3.617290    0.248950
227    opls_146    41.424990    1.626250    3.236700
228    opls_144    41.329500    7.055830    2.261950
229    opls_146    37.482930    6.790130    1.819250
230    opls_146    40.854550    9.356770    2.990230
231    opls_146    11.213930    8.634480    1.287620
232    opls_146     7.840190   11.217150    0.164660
233    opls_146    12.946290   38.772580    2.815970
234    opls_185    14.330210   39.093650    1.721810
235    opls_185    15.712660   38.364560    0.515250
236    opls_146    22.505150   20.857590    2.554390
237    opls_146    20.980600   20.748300    0.948470
238    opls_146    19.652590   18.712570    1.622720
239    opls_146    15.963010   20.669610    0.248950
240    opls_146    18.487790   22.660650    3.236700
241    opls_144    18.392300   17.231070    2.261950
242    opls_146    14.537260   17.493370    1.820040
243    opls_146    17.915240   14.920410    2.993680
244    opls_146    34.149320   15.660680    1.290580
245    opls_146    30.767560   13.073150    0.165490
246    opls_146    35.883490   34.088120    2.815970
247    opls_185    36.994770   33.957940    1.244160
248    opls_185    38.922050   34.304760    0.992930
249    opls_146    45.442350   45.144490    2.554390
250    opls_146    43.917800   45.035200    0.948470
251    opls_146    42.589790   42.999470    1.622720
252    opls_146    38.900210   44.956510    0.248950
253    opls_146    41.424990   46.947550    3.236700
254    opls_144    41.329500   41.517970    2.261950
255    opls_146    37.474460   41.780270    1.820040
256    opls_146    40.852440   39.207310    2.993680
257    opls_146    11.213930   39.939320    1.287620
258    opls_146     7.830360   37.360050    0.165490
259    opls_146    12.946290    9.801220    2.815970
260    opls_185    15.984850   10.017860    0.992930
261    opls_185    14.057570    9.671040    1.244160
262    opls_146    24.589930   20.874100    1.178210
263    opls_146    26.090400   20.748300    2.800710
264    opls_146    27.418420   18.712570    2.126460
265    opls_146    31.108000   20.669610    3.500230
266    opls_146    28.583210   22.660650    0.512470
267    opls_144    28.678710   17.231070    1.487220
268    opls_146    32.525280   17.496770    1.929920
269    opls_146    29.153650   14.930130    0.758940
270    opls_146    12.919880   15.652420    2.461560
271    opls_146    16.293610   13.069750    3.584510
272    opls_146    11.187510   34.088120    0.933210
273    opls_185     8.421150   34.496140    3.233920
274    opls_185     9.803600   33.767050    2.027360
275    opls_146     1.628660   45.144490    1.194790
276    opls_146     3.153200   45.035200    2.800710
277    opls_146     4.481220   42.999470    2.126460
278    opls_146     8.170800   44.956510    3.500230
279    opls_146     5.646010   46.947550    0.512470
280    opls_144     5.741510   41.517970    1.487220
281    opls_146     9.588080   41.783670    1.929920
282    opls_146     6.216450   39.217030    0.758940
283    opls_146    35.857080   39.939320    2.461560
284    opls_146    39.230810   37.356650    3.584510
285    opls_146    34.124710    9.801220    0.933210
286    opls_185    31.358350   10.209240    3.233920
287    opls_185    32.740800    9.480150    2.027360
288    opls_146    18.545480   24.261160    0.841760
289    opls_146    41.482680   -0.025740    0.841760
290    opls_146    28.525530   24.261160    2.907410
291    opls_146     5.588330   48.548060    2.907410
