0      opls_280    10.133930    7.389930    0.000000
1      opls_727     5.270050    7.768040    0.000000
2      opls_145     9.189320    6.401020    0.000000
3      opls_142     7.914020    6.697280    0.000000
4      opls_145     6.418320    8.440780    0.000000
5      opls_727     4.133380    8.406190    0.000000
6      opls_280     9.443170    5.081270    0.000000
7      opls_727    11.547650    0.679980    0.000000
8      opls_145    10.771890    4.757670    0.000000
9      opls_142    11.152980    3.505100    0.000000
10     opls_145    10.390910    1.338040    0.000000
11     opls_727     1.108330   17.485110    0.000000
12     opls_280    11.787910    5.637390    0.000000
13     opls_727    14.547300    9.660570    0.000000
14     opls_145    11.403790    6.949900    0.000000
15     opls_142    12.298010    7.906210    0.000000
16     opls_145    14.555760    8.329770    0.000000
17     opls_727    -5.241720   10.325880    0.000000
18     opls_280     0.321070   10.718660    0.000000
19     opls_727     5.184950   10.340550    0.000000
20     opls_145     1.265680   11.707570    0.000000
21     opls_142     2.540980   11.411310    0.000000
22     opls_145     4.036680    9.667810    0.000000
23     opls_727     6.321620    9.702400    0.000000
24     opls_280     1.011830   13.027320    0.000000
25     opls_727    -1.092650   17.428610    0.000000
26     opls_145    -0.316890   13.350920    0.000000
27     opls_142    -0.697980   14.603490    0.000000
28     opls_145     0.064090   16.770550    0.000000
29     opls_727     9.346670    0.623480    0.000000
30     opls_280    -1.332910   12.471210    0.000000
31     opls_727    -4.092300    8.448020    0.000000
32     opls_145    -0.948790   11.158690    0.000000
33     opls_142    -1.843010   10.202380    0.000000
34     opls_145    -4.100760    9.778820    0.000000
35     opls_727    15.696720    7.782710    0.000000
36     MOF2_F_      5.247990    6.482880    0.000000
37     MOF2_F_      3.039580    7.744500    0.000000
38     MOF2_F_     12.671670    1.303460    0.000000
39     MOF2_F_      2.228270   16.868700    0.000000
40     MOF2_F_     13.445340   10.322260    0.000000
41     MOF2_F_     -5.267860   11.603990    0.000000
42     MOF2_F_      5.207010   11.625720    0.000000
43     MOF2_F_      7.415420   10.364090    0.000000
44     MOF2_F_     -2.216670   16.805130    0.000000
45     MOF2_F_      8.226730    1.239900    0.000000
46     MOF2_F_     -2.990340    7.786330    0.000000
47     MOF2_F_     15.722860    6.504610    0.000000
48     opls_144     7.203500    5.946500    0.000000
49     opls_910     8.467190    8.506150    0.000000
50     opls_144    12.158430    3.265160    0.000000
51     opls_910     9.309860    3.079730    0.000000
52     opls_144    12.003070    8.896930    0.000000
53     opls_910    13.587950    6.522710    0.000000
54     opls_144     3.251500   12.162090    0.000000
55     opls_910     1.987810    9.602440    0.000000
56     opls_144    -1.703430   14.843430    0.000000
57     opls_910     1.145140   15.028860    0.000000
58     opls_144    -1.548070    9.211660    0.000000
59     opls_910    -3.132950   11.585880    0.000000
60     opls_238     7.596920    7.919070    0.000000
61     opls_238    10.253430    2.619590    0.000000
62     opls_238    13.514660    7.569930    0.000000
63     opls_238     2.858080   10.189520    0.000000
64     opls_238     0.201570   15.489000    0.000000
65     opls_238    -3.059660   10.538660    0.000000
66     opls_281     9.833660    8.560840    0.000000
67     opls_281     8.579270    4.235780    0.000000
68     opls_281    12.952070    5.311970    0.000000
69     opls_281     0.621340    9.547750    0.000000
70     opls_281     1.875730   13.872810    0.000000
71     opls_281    -2.497070   12.796620    0.000000
