0      opls_700    23.695800   23.454780    2.109500
1      opls_145    23.858910   22.305430    2.898070
2      opls_145    22.919460   21.271850    2.859710
3      opls_145    21.776870   21.380590    2.043060
4      opls_145    21.604840   22.535350    1.273920
5      opls_145    22.557000   23.555680    1.297300
6      opls_700     9.626820   10.528400    2.238750
7      opls_145     9.592200    9.349560    1.475880
8      opls_145     8.513450    8.466650    1.576540
9      opls_700     7.431720    8.761500    2.422570
10     opls_145     7.443620    9.958460    3.149970
11     opls_145     8.534000   10.825680    3.066340
12     opls_142    19.218210    6.296430    1.740480
13     opls_700     2.333330    2.501040    2.130410
14     opls_700    11.438630   16.235680    2.123760
15     opls_543    10.898170   14.952160    1.888490
16     opls_543    10.616040   12.811150    1.931340
17     opls_716     9.418540   13.362700    1.510140
18     opls_716     9.600320   14.712770    1.470100
19     opls_543    24.224630    0.979480    2.426460
20     opls_543    25.871160    2.753420    1.927970
21     opls_716    26.220920    4.024770    1.507080
22     opls_716     0.532890    4.068050    1.478130
23     opls_700     3.354200    3.595220    2.109500
24     opls_145     3.191090    4.744570    2.898070
25     opls_145     4.130540    5.778150    2.859710
26     opls_145     5.273130    5.669410    2.043060
27     opls_145     5.445170    4.514640    1.273920
28     opls_145     4.493010    3.494320    1.297300
29     opls_700    17.423180   16.521600    2.238750
30     opls_145    17.457800   17.700440    1.475880
31     opls_145    18.536550   18.583350    1.576540
32     opls_700    19.618280   18.288510    2.422570
33     opls_145    19.606380   17.091540    3.149970
34     opls_145    18.516000   16.224320    3.066340
35     opls_142     7.831790   20.753570    1.740480
36     opls_700    24.716670   24.548960    2.130410
37     opls_700    15.611370   10.814320    2.123760
38     opls_543    16.151830   12.097840    1.888490
39     opls_543    16.433960   14.238850    1.931340
40     opls_716    17.631460   13.687300    1.510140
41     opls_716    17.449680   12.337230    1.470100
42     opls_543     2.825370   26.070520    2.426460
43     opls_543     1.178840   24.296580    1.927970
44     opls_716     0.829080   23.025230    1.507080
45     opls_716    26.517120   22.981950    1.478130
46     opls_700     3.595220   23.695800    2.109500
47     opls_145     4.744570   23.858910    2.898070
48     opls_145     5.778150   22.919460    2.859710
49     opls_145     5.669410   21.776870    2.043060
50     opls_145     4.514640   21.604840    1.273920
51     opls_145     3.494320   22.557000    1.297300
52     opls_700    16.521600    9.626820    2.238750
53     opls_145    17.700440    9.592200    1.475880
54     opls_145    18.583350    8.513450    1.576540
55     opls_700    18.288510    7.431720    2.422570
56     opls_145    17.091540    7.443620    3.149970
57     opls_145    16.224320    8.534000    3.066340
58     opls_142    20.753570   19.218210    1.740480
59     opls_700    24.548960    2.333330    2.130410
60     opls_700    10.814320   11.438630    2.123760
61     opls_543    12.097840   10.898170    1.888490
62     opls_543    14.238850   10.616040    1.931340
63     opls_716    13.687300    9.418540    1.510140
64     opls_716    12.337230    9.600320    1.470100
65     opls_543    26.070520   24.224630    2.426460
66     opls_543    24.296580   25.871160    1.927970
67     opls_716    23.025230   26.220920    1.507080
68     opls_716    22.981950    0.532890    1.478130
69     opls_700    23.454780    3.354200    2.109500
70     opls_145    22.305430    3.191090    2.898070
71     opls_145    21.271850    4.130540    2.859710
72     opls_145    21.380590    5.273130    2.043060
73     opls_145    22.535350    5.445170    1.273920
74     opls_145    23.555680    4.493010    1.297300
75     opls_700    10.528400   17.423180    2.238750
76     opls_145     9.349560   17.457800    1.475880
77     opls_145     8.466650   18.536550    1.576540
78     opls_700     8.761500   19.618280    2.422570
79     opls_145     9.958460   19.606380    3.149970
80     opls_145    10.825680   18.516000    3.066340
81     opls_142     6.296430    7.831790    1.740480
82     opls_700     2.501040   24.716670    2.130410
83     opls_700    16.235680   15.611370    2.123760
84     opls_543    14.952160   16.151830    1.888490
85     opls_543    12.811150   16.433960    1.931340
86     opls_716    13.362700   17.631460    1.510140
87     opls_716    14.712770   17.449680    1.470100
88     opls_543     0.979480    2.825370    2.426460
89     opls_543     2.753420    1.178840    1.927970
90     opls_716     4.024770    0.829080    1.507080
91     opls_716     4.068050   26.517120    1.478130
92     opls_750     6.685950   20.762230    2.352280
93     opls_542    11.533040   13.784140    2.150370
94     opls_542    26.980210    2.007380    2.150280
95     opls_750    20.364050    6.287770    2.352280
96     opls_542    15.516960   13.265860    2.150370
97     opls_542     0.069790   25.042620    2.150280
98     opls_750     6.287770    6.685950    2.352280
99     opls_542    13.265860   11.533040    2.150370
100    opls_542    25.042620   26.980210    2.150280
101    opls_750    20.762230   20.364050    2.352280
102    opls_542    13.784140   15.516960    2.150370
103    opls_542     2.007380    0.069790    2.150280
104    opls_146    24.718830   22.208050    3.543310
105    opls_146    23.095020   20.411660    3.485640
106    opls_146    20.733820   22.637330    0.639750
107    opls_146    22.404970   24.428040    0.682820
108    opls_146    10.410460    9.105030    0.814970
109    opls_146     8.526970    7.557230    0.990140
110    opls_146     6.621840   10.209480    3.808470
111    opls_146     8.530760   11.727800    3.654980
112    opls_144    18.925530    5.487360    1.089120
113    opls_547     8.490990   12.855780    1.289650
114    opls_547     8.841830   15.432020    1.198240
115    opls_547    25.569820    4.855200    1.278200
116    opls_547     1.119870    4.936080    1.216430
117    opls_146     2.331170    4.841950    3.543310
118    opls_146     3.954980    6.638340    3.485640
119    opls_146     6.316180    4.412670    0.639750
120    opls_146     4.645030    2.621960    0.682820
121    opls_146    16.639540   17.944970    0.814970
122    opls_146    18.523030   19.492770    0.990140
123    opls_146    20.428160   16.840520    3.808470
124    opls_146    18.519240   15.322200    3.654980
125    opls_144     8.124470   21.562640    1.089120
126    opls_547    18.559000   14.194220    1.289650
127    opls_547    18.208170   11.617970    1.198240
128    opls_547     1.480180   22.194800    1.278200
129    opls_547    25.930130   22.113920    1.216430
130    opls_146     4.841950   24.718830    3.543310
131    opls_146     6.638340   23.095020    3.485640
132    opls_146     4.412670   20.733820    0.639750
133    opls_146     2.621960   22.404970    0.682820
134    opls_146    17.944970   10.410460    0.814970
135    opls_146    19.492770    8.526970    0.990140
136    opls_146    16.840520    6.621840    3.808470
137    opls_146    15.322200    8.530760    3.654980
138    opls_144    21.562640   18.925530    1.089120
139    opls_547    14.194220    8.490990    1.289650
140    opls_547    11.617970    8.841830    1.198240
141    opls_547    22.194800   25.569820    1.278200
142    opls_547    22.113920    1.119870    1.216430
143    opls_146    22.208050    2.331170    3.543310
144    opls_146    20.411660    3.954980    3.485640
145    opls_146    22.637330    6.316180    0.639750
146    opls_146    24.428040    4.645030    0.682820
147    opls_146     9.105030   16.639540    0.814970
148    opls_146     7.557230   18.523030    0.990140
149    opls_146    10.209480   20.428160    3.808470
150    opls_146    11.727800   18.519240    3.654980
151    opls_144     5.487360    8.124470    1.089120
152    opls_547    12.855780   18.559000    1.289650
153    opls_547    15.432020   18.208170    1.198240
154    opls_547     4.855200    1.480180    1.278200
155    opls_547     4.936080   25.930130    1.216430
156    Zn2+        13.525000   13.525000    2.160000
157    Zn2+         0.000000    0.000000    2.160000
