0      opls_140    12.008120   21.946330    2.555170
1      opls_140    18.640080   -0.574210    2.555170
2      opls_140    34.827460   16.429510    2.555170
3      opls_140     9.816880   15.855670    2.555170
4      opls_140    25.010360    0.574210    2.555170
5      opls_140    30.647540   21.372500    2.555170
6      opls_140     9.816880   15.855670    0.964830
7      opls_140    25.010360    0.574210    0.964830
8      opls_140    30.647540   21.372500    0.964830
9      opls_140    12.008120   21.946330    0.964830
10     opls_140    18.640080   -0.574210    0.964830
11     opls_140    34.827460   16.429510    0.964830
12     opls_146     7.590730   17.918150    1.760000
13     opls_146     1.540850   21.811760    1.760000
14     opls_146     3.679700   20.602090    1.760000
15     opls_146    11.722210   15.532850    1.760000
16     opls_146    18.119120   12.240290    1.760000
17     opls_146    16.002090   13.487760    1.760000
18     opls_146     0.000000   22.722790    1.760000
19     opls_140    13.368690   21.557730    1.760000
20     opls_146     2.512060   35.416700    1.760000
21     opls_146     2.165040   28.230540    1.760000
22     opls_146     2.143220   30.687670    1.760000
23     opls_146    24.337060    2.385310    1.760000
24     opls_146    23.990040    9.571470    1.760000
25     opls_146    23.968220    7.114340    1.760000
26     opls_146     2.146490   26.440620    1.760000
27     opls_140    18.295900    0.799130    1.760000
28     opls_146   -10.102790   22.269160    1.760000
29     opls_146    -3.705880   25.561720    1.760000
30     opls_146    -5.822910   24.314250    1.760000
31     opls_146    29.415740   19.883860    1.760000
32     opls_146    23.365850   15.990250    1.760000
33     opls_146    25.504700   17.199910    1.760000
34     opls_146    -2.146490   26.440620    1.760000
35     opls_140    33.809760   15.445520    1.760000
36     opls_146    14.234270   19.883860    1.760000
37     opls_146    20.284150   15.990250    1.760000
38     opls_146    18.145310   17.199910    1.760000
39     opls_146    10.102790   22.269160    1.760000
40     opls_146     3.705880   25.561720    1.760000
41     opls_146     5.822910   24.314250    1.760000
42     opls_146    21.825000   15.079220    1.760000
43     opls_140     8.456310   16.244280    1.760000
44     opls_146    19.312940    2.385310    1.760000
45     opls_146    19.659960    9.571470    1.760000
46     opls_146    19.681790    7.114340    1.760000
47     opls_146    -2.512060   35.416700    1.760000
48     opls_146    -2.165040   28.230540    1.760000
49     opls_146    -2.143220   30.687670    1.760000
50     opls_146    19.678510   11.361390    1.760000
51     opls_140    25.354100   -0.799130    1.760000
52     opls_146    31.927790   15.532850    1.760000
53     opls_146    25.530890   12.240290    1.760000
54     opls_146    27.647910   13.487760    1.760000
55     opls_146    -7.590730   17.918150    1.760000
56     opls_146    -1.540850   21.811760    1.760000
57     opls_146    -3.679700   20.602090    1.760000
58     opls_146    23.971490   11.361390    1.760000
59     opls_140    31.665240   22.356490    1.760000
60     opls_148    12.320210   21.339230    1.760000
61     opls_145    11.595620   20.084210    1.760000
62     opls_166     7.527440   20.061530    1.760000
63     opls_147     9.546260   18.893440    1.760000
64     opls_145     8.177830   18.897220    1.760000
65     opls_145     2.507690   22.412810    1.760000
66     opls_145     3.675330   21.743720    1.760000
67     opls_166    13.610070   16.549720    1.760000
68     opls_147    11.589070   17.714020    1.760000
69     opls_145    12.276560   16.530820    1.760000
70     opls_145    18.156220   13.378130    1.760000
71     opls_145    16.992940   14.054790    1.760000
72     opls_145     4.842970   22.405250    1.760000
73     opls_145     1.192740   24.512710    1.760000
74     opls_145     2.466230   23.777460    1.760000
75     opls_145     0.000000   23.864410    1.760000
76     opls_148    19.009580    0.000000    1.760000
77     opls_145    20.458760    0.000000    1.760000
78     opls_166     0.687490   34.290200    1.760000
79     opls_147     0.689670   36.622590    1.760000
80     opls_145     1.370610   35.435600    1.760000
81     opls_145     1.161090   28.767330    1.760000
82     opls_145     1.156730   30.113080    1.760000
83     opls_166    22.512490    3.511810    1.760000
84     opls_147    22.514670    1.179420    1.760000
85     opls_145    23.195610    2.366410    1.760000
86     opls_145    22.986090    9.034680    1.760000
87     opls_145    22.981730    7.688930    1.760000
88     opls_145     0.000000   30.793520    1.760000
89     opls_145     0.000000   26.578590    1.760000
90     opls_145     0.000000   28.049090    1.760000
91     opls_145     1.157820   25.869800    1.760000
92     opls_148    34.145210   16.462770    1.760000
93     opls_145    33.420620   17.717800    1.760000
94     opls_166    -8.214930   21.252290    1.760000
95     opls_147   -10.235920   20.087990    1.760000
96     opls_145    -9.548440   21.271190    1.760000
97     opls_145    -3.668780   24.423880    1.760000
98     opls_145    -4.832060   23.747220    1.760000
99     opls_166    29.352440   17.740480    1.760000
100    opls_147    31.371260   18.908560    1.760000
101    opls_145    30.002830   18.904780    1.760000
102    opls_145    24.332690   15.389200    1.760000
103    opls_145    25.500330   16.058290    1.760000
104    opls_145    -4.842970   22.405250    1.760000
105    opls_145    -1.192740   24.512710    1.760000
106    opls_145    -2.466230   23.777460    1.760000
107    opls_145    -1.157820   25.869800    1.760000
108    opls_148     9.504790   16.462770    1.760000
109    opls_145    10.229380   17.717800    1.760000
110    opls_166    14.297560   17.740480    1.760000
111    opls_147    12.278750   18.908560    1.760000
112    opls_145    13.647170   18.904780    1.760000
113    opls_145    19.317310   15.389200    1.760000
114    opls_145    18.149670   16.058290    1.760000
115    opls_166     8.214930   21.252290    1.760000
116    opls_147    10.235920   20.087990    1.760000
117    opls_145     9.548440   21.271190    1.760000
118    opls_145     3.668780   24.423880    1.760000
119    opls_145     4.832060   23.747220    1.760000
120    opls_145    16.982030   15.396760    1.760000
121    opls_145    20.632260   13.289300    1.760000
122    opls_145    19.358780   14.024550    1.760000
123    opls_145    21.825000   13.937600    1.760000
124    opls_148    24.640430    0.000000    1.760000
125    opls_145    23.191240    0.000000    1.760000
126    opls_166    21.137510    3.511810    1.760000
127    opls_147    21.135330    1.179420    1.760000
128    opls_145    20.454390    2.366410    1.760000
129    opls_145    20.663910    9.034680    1.760000
130    opls_145    20.668280    7.688930    1.760000
131    opls_166    -0.687490   34.290200    1.760000
132    opls_147    -0.689670   36.622590    1.760000
133    opls_145    -1.370610   35.435600    1.760000
134    opls_145    -1.161090   28.767330    1.760000
135    opls_145    -1.156730   30.113080    1.760000
136    opls_145    21.825000    7.008490    1.760000
137    opls_145    21.825000   11.223420    1.760000
138    opls_145    21.825000    9.752920    1.760000
139    opls_145    20.667180   11.932200    1.760000
140    opls_148    31.329790   21.339230    1.760000
141    opls_145    32.054380   20.084210    1.760000
142    opls_166    30.039930   16.549720    1.760000
143    opls_147    32.060920   17.714020    1.760000
144    opls_145    31.373440   16.530820    1.760000
145    opls_145    25.493780   13.378130    1.760000
146    opls_145    26.657050   14.054790    1.760000
147    opls_166    -7.527440   20.061530    1.760000
148    opls_147    -9.546260   18.893440    1.760000
149    opls_145    -8.177830   18.897220    1.760000
150    opls_145    -2.507690   22.412810    1.760000
151    opls_145    -3.675330   21.743720    1.760000
152    opls_145    26.667970   15.396760    1.760000
153    opls_145    23.017740   13.289300    1.760000
154    opls_145    24.291230   14.024550    1.760000
155    opls_145    22.982820   11.932200    1.760000
156    opls_167     6.211400   20.239200    1.760000
157    opls_167    14.421960   15.498820    1.760000
158    opls_167     1.191650   33.061640    1.760000
159    opls_167    23.016650    4.740370    1.760000
160    opls_167    -7.403040   22.303190    1.760000
161    opls_167    28.036390   17.562810    1.760000
162    opls_167    15.613600   17.562810    1.760000
163    opls_167     7.403040   22.303190    1.760000
164    opls_167    20.633360    4.740370    1.760000
165    opls_167    -1.191650   33.061640    1.760000
166    opls_167    29.228040   15.498820    1.760000
167    opls_167    -6.211400   20.239200    1.760000
168    MOF2_B_2     6.145920   21.652990    1.760000
169    MOF2_B_2     0.000000   32.298040    1.760000
170    MOF2_B_2    -6.145920   21.652990    1.760000
171    MOF2_B_2    15.679080   16.149020    1.760000
172    MOF2_B_2    21.825000    5.503970    1.760000
173    MOF2_B_2    27.970920   16.149020    1.760000
