0      opls_700    12.384330   16.296920    0.025770
1      opls_700    11.820600   13.767280    3.722120
2      opls_145     9.666480   12.712300    3.339300
3      opls_700    11.812920   17.677260    0.110380
4      opls_145    12.714960   17.393620    3.404510
5      opls_145    12.235240   18.697910    3.542520
6      opls_700    10.828490   20.316410    0.373270
7      opls_145    10.158550   19.245290    0.980110
8      opls_145    10.659330   17.943360    0.871950
9      opls_142    10.276570   21.682470    0.472610
10     opls_145    23.201610   11.731060    3.269140
11     opls_145    24.577810   11.498550    3.379330
12     opls_145    11.584990   23.646180    3.316520
13     opls_145    11.208770   24.988190    3.206260
14     opls_700    11.366160    8.852380    3.827250
15     opls_700    12.194850   10.019000    3.865730
16     opls_145    14.155630   12.450420    0.170110
17     opls_700    11.878780    7.434970    3.856520
18     opls_145    11.261380    6.437720    3.068710
19     opls_145    11.721800    5.115720    3.086980
20     opls_700    12.836030    4.765960    3.862930
21     opls_145    13.229890    7.112160    0.756400
22     opls_145    12.719450    8.410700    0.795000
23     opls_142    13.091930    4.741380    0.046640
24     opls_700    14.385110   14.898880    0.225380
25     opls_700    13.588830   13.731380    0.120870
26     opls_145    13.373370   11.313050    0.035450
27     opls_700    15.864400   14.865640    0.383950
28     opls_145    16.469750   15.546310    1.451900
29     opls_145    17.857340   15.530840    1.609430
30     opls_700    18.667820   14.836580    0.699740
31     opls_145    18.296480   12.824620    3.491920
32     opls_145    16.907250   12.852380    3.327600
33     opls_142    20.123840   14.771620    0.931840
34     opls_145     9.120090   24.432890    0.140850
35     opls_145     8.736660   25.774230    0.020330
36     opls_700     9.384630   10.283410    3.587840
37     opls_700    10.202400   11.437670    3.586830
38     opls_145    10.462000   13.849100    3.381890
39     opls_700     7.904610   10.341230    3.435490
40     opls_145     7.270040    9.596420    2.428210
41     opls_145     5.884420    9.669840    2.255060
42     opls_700     5.105650   10.464520    3.108240
43     opls_145     5.505210   12.538820    0.260560
44     opls_145     6.891810   12.476330    0.421610
45     opls_142     3.652460   10.576150    2.882740
46     opls_145    23.100980   14.749410    1.139000
47     opls_145    24.476690   14.526760    1.247780
48     opls_700     9.892210   25.384050    3.504160
49     opls_700    -0.937360   13.580630    0.430280
50     opls_700    12.413400   12.482040    3.839150
51     opls_145    13.765210   16.151230    0.213370
52     opls_700    11.601120   11.310170    3.778280
53     opls_145     9.976450    9.025170    3.721730
54     opls_145    22.334220   14.019400    0.213760
55     opls_234     0.525760   13.338220    0.615090
56     opls_145    10.668640   22.679310    3.737900
57     opls_234    12.122950    0.032540    3.356400
58     opls_238     1.512410   11.327020    3.560480
59     opls_750     2.891790   11.145140    3.764250
60     opls_238    12.986620    1.057240    3.640310
61     opls_750    12.589420    2.397960    3.497170
62     opls_750    20.910730   14.177490    0.083790
63     opls_750    11.106150   21.312540    3.779220
64     opls_236     1.058380   13.725660    1.643040
65     opls_236    10.989100    0.280830    2.979670
66     opls_146     8.625550   12.846090    3.094910
67     opls_146    13.609470   17.230530    2.820520
68     opls_146    12.763340   19.509230    3.056470
69     opls_146     9.263260   19.421400    1.563640
70     opls_146    10.163600   17.147440    1.413970
71     opls_144     9.368390   21.832510    1.040430
72     opls_146    22.618220   11.176480    2.546200
73     opls_146    25.015170   10.740440    2.746560
74     opls_910     1.096360   11.079630    2.638240
75     opls_146    12.591480   23.345440    3.056430
76     opls_146    11.933770   25.707250    2.845660
77     opls_910    13.915420    0.831680    4.059790
78     opls_146    15.217830   12.304890    0.294800
79     opls_146    10.446470    6.685620    2.400570
80     opls_146    11.228440    4.367670    2.472830
81     opls_146    14.063390    6.854700    1.399160
82     opls_146    13.160420    9.105770    1.484510
83     opls_144    14.025000    4.530930    0.555660
84     opls_146    13.910170   10.388080   -0.077540
85     opls_146    15.863980   16.069770    2.178850
86     opls_146    18.297170   16.034310    2.461790
87     opls_146    18.908430   12.306740    2.762800
88     opls_146    16.465880   12.374540    2.462450
89     opls_144    20.506450   15.183100    1.855560
90     opls_146     8.376030   23.709190    0.436190
91     opls_146     7.716990   26.062520    0.254880
92     opls_146    10.000350   14.794040    3.129540
93     opls_146     7.852360    8.974430    1.762280
94     opls_146     5.421680    9.116220    1.447160
95     opls_146     4.919430   13.153310    0.936390
96     opls_146     7.354150   13.041530    1.217150
97     opls_144     3.224040   10.196490    1.962910
98     opls_146    22.653080   15.494280    1.777440
99     opls_146    25.043950   15.091250    1.980590
100    opls_146    14.375790   17.032280    0.367550
101    opls_146     9.329670    8.158700    3.740120
