0      opls_280    12.313940    8.400670    1.645000
1      opls_522    12.549430    7.005950    1.645000
2      opls_166    16.174510    6.808400    1.645000
3      opls_567    17.522760    5.096550    1.645000
4      opls_522    18.653940    5.874730    1.645000
5      opls_166    18.447100    7.190040    1.645000
6      opls_142    19.070750    9.330790    1.645000
7      opls_142    19.847470   10.338670    1.645000
8      opls_523    19.744870    5.038650    1.645000
9      opls_567    19.147560    3.731370    1.645000
10     opls_145    19.878990    2.653080    1.645000
11     opls_142    20.035210   11.607190    1.645000
12     opls_143    -6.262500   12.420340    1.645000
13     opls_280    13.854840    6.463850    1.645000
14     opls_522    14.944950    7.365150    1.645000
15     opls_166    13.303500   10.603340    1.645000
16     opls_567    14.111880   12.626880    1.645000
17     opls_522    12.872370   13.217420    1.645000
18     opls_166    11.836690   12.380640    1.645000
19     opls_142     9.670920   11.850360    1.645000
20     opls_142     8.409720   12.019080    1.645000
21     opls_523    13.050960   14.580240    1.645000
22     opls_567    14.481760   14.716590    1.645000
23     opls_145    15.049870   15.889170    1.645000
24     opls_142     7.217280   11.547400    1.645000
25     opls_143     6.018420   11.997580    1.645000
26     opls_280    14.761720    8.766720    1.645000
27     opls_522    13.436120    9.260140    1.645000
28     opls_166    11.452490    6.219500    1.645000
29     opls_567     9.295860    5.907810    1.645000
30     opls_522     9.404190    4.539090    1.645000
31     opls_166    10.646710    4.060560    1.645000
32     opls_142    12.188830    2.450090    1.645000
33     opls_142    12.673310    1.273490    1.645000
34     opls_523     8.134660    4.012350    1.645000
35     opls_567     7.301180    5.183280    1.645000
36     opls_145     6.001640    5.088990    1.645000
37     opls_142    13.678020    0.476640    1.645000
38     opls_143     0.244080   22.844550    1.645000
39     opls_280     1.329560   15.230570    4.935000
40     opls_522     1.094070   16.625280    4.935000
41     opls_166    -2.531010   16.822840    4.935000
42     opls_567    -3.879260   18.534690    4.935000
43     opls_522    -5.010440   17.756510    4.935000
44     opls_166    -4.803600   16.441200    4.935000
45     opls_142    -5.427250   14.300440    4.935000
46     opls_142    -6.203970   13.292570    4.935000
47     opls_523    -6.101370   18.592580    4.935000
48     opls_567    -5.504060   19.899860    4.935000
49     opls_145    -6.235490   20.978160    4.935000
50     opls_142    -6.391710   12.024050    4.935000
51     opls_143    19.906000   11.210890    4.935000
52     opls_280    -0.211340   17.167380    4.935000
53     opls_522    -1.301450   16.266090    4.935000
54     opls_166     0.340000   13.027900    4.935000
55     opls_567    -0.468380   11.004360    4.935000
56     opls_522     0.771130   10.413810    4.935000
57     opls_166     1.806810   11.250590    4.935000
58     opls_142     3.972580   11.780880    4.935000
59     opls_142     5.233780   11.612150    4.935000
60     opls_523     0.592540    9.051000    4.935000
61     opls_567    -0.838260    8.914650    4.935000
62     opls_145    -1.406370    7.742070    4.935000
63     opls_142     6.426220   12.083830    4.935000
64     opls_143     7.625080   11.633660    4.935000
65     opls_280    -1.118220   14.864520    4.935000
66     opls_522     0.207380   14.371100    4.935000
67     opls_166     2.191010   17.411730    4.935000
68     opls_567     4.347640   17.723430    4.935000
69     opls_522     4.239310   19.092150    4.935000
70     opls_166     2.996790   19.570680    4.935000
71     opls_142     1.454670   21.181150    4.935000
72     opls_142     0.970190   22.357750    4.935000
73     opls_523     5.508840   19.618890    4.935000
74     opls_567     6.342320   18.447960    4.935000
75     opls_145     7.641860   18.542250    4.935000
76     opls_142    -0.034520   23.154590    4.935000
77     opls_143    13.399420    0.786680    4.935000
78     opls_522    12.549700   22.759950    4.935000
79     opls_166   -11.112220   22.562390    4.935000
80     opls_567    -9.764240   20.850550    4.935000
81     opls_522    -8.632790   21.628720    4.935000
82     opls_166    -8.839620   22.944040    4.935000
83     opls_142     5.427520    1.453560    4.935000
84     opls_142     6.203290    2.463080    4.935000
85     opls_523    -7.541850   20.792650    4.935000
86     opls_567    -8.139170   19.485370    4.935000
87     opls_145    -7.407740   18.407080    4.935000
88     opls_142     6.391980    3.729950    4.935000
89     opls_143     7.381270    4.543100    4.935000
90     opls_280    25.957710    0.523430    4.935000
91     opls_522   -12.342050   23.119620    4.935000
92     opls_166    -0.340000    2.726570    4.935000
93     opls_567     0.468520    4.749880    4.935000
94     opls_522    -0.771130    5.340660    4.935000
95     opls_166    -1.806810    4.503880    4.935000
96     opls_142    23.314420    3.973590    4.935000
97     opls_142    22.052260    4.140670    4.935000
98     opls_523    -0.592540    6.703470    4.935000
99     opls_567     0.838260    6.839820    4.935000
100    opls_145     1.406370    8.012410    4.935000
101    opls_142    20.860780    3.670640    4.935000
102    opls_143    19.661920    4.120810    4.935000
103    opls_280    13.854840   22.218320    4.935000
104    opls_522    -0.207650    1.382900    4.935000
105    opls_166    11.452220   21.973500    4.935000
106    opls_567     9.295730   21.662040    4.935000
107    opls_522     9.403920   20.293090    4.935000
108    opls_166    10.646430   19.814550    4.935000
109    opls_142    12.188560   18.204090    4.935000
110    opls_142    12.674950   17.027490    4.935000
111    opls_523     8.134390   19.766350    4.935000
112    opls_567     7.300910   20.937270    4.935000
113    opls_145     6.001370   20.842990    4.935000
114    opls_142    13.677750   16.230640    4.935000
115    opls_143    13.887310   14.967320    4.935000
116    opls_280     1.117950    0.889480    4.935000
117    opls_522     1.093800    0.871280    1.645000
118    opls_166    24.755720    1.068840    1.645000
119    opls_567    23.407740    2.780690    1.645000
120    opls_522    22.276290    2.002510    1.645000
121    opls_166    22.483120    0.687200    1.645000
122    opls_142     8.215980   22.177680    1.645000
123    opls_142     7.440210   21.168150    1.645000
124    opls_523    21.185350    2.838580    1.645000
125    opls_567    21.782670    4.145860    1.645000
126    opls_145    21.051240    5.224160    1.645000
127    opls_142     7.251520   19.901280    1.645000
128    opls_143     6.262230   19.088130    1.645000
129    opls_280   -12.314210   23.107800    1.645000
130    opls_522    25.985550    0.511620    1.645000
131    opls_166    13.983500   20.904660    1.645000
132    opls_567    13.174980   18.881360    1.645000
133    opls_522    14.414630   18.290580    1.645000
134    opls_166    15.450310   19.127360    1.645000
135    opls_142    -9.670920   19.657640    1.645000
136    opls_142    -8.408760   19.490570    1.645000
137    opls_523    14.236040   16.927760    1.645000
138    opls_567    12.805240   16.791410    1.645000
139    opls_145    12.237130   15.618830    1.645000
140    opls_142    -7.217280   19.960600    1.645000
141    opls_143    -6.018420   19.510420    1.645000
142    opls_280    -0.211340    1.412910    1.645000
143    opls_522    13.851150   22.248340    1.645000
144    opls_166     2.191280    1.657730    1.645000
145    opls_567     4.347770    1.969190    1.645000
146    opls_522     4.239580    3.338150    1.645000
147    opls_166     2.997070    3.816680    1.645000
148    opls_142     1.454940    5.427150    1.645000
149    opls_142     0.968550    6.603750    1.645000
150    opls_523     5.509110    3.864890    1.645000
151    opls_567     6.342590    2.693960    1.645000
152    opls_145     7.642130    2.788250    1.645000
153    opls_142    -0.034250    7.400590    1.645000
154    opls_143    -0.243810    8.663920    1.645000
155    opls_280    12.525550   22.741760    1.645000
156    opls_281    14.037660    5.276620    1.645000
157    opls_180    17.243880    7.648250    1.645000
158    opls_180    19.396690    8.057310    1.645000
159    opls_566    17.807500    3.831100    1.645000
160    opls_281    15.698480    9.518660    1.645000
161    opls_180    12.041480   11.109520    1.645000
162    opls_180    10.610820   12.769370    1.645000
163    opls_566    15.065430   13.506200    1.645000
164    opls_281    11.194360    8.835960    1.645000
165    opls_180    11.645140    4.873470    1.645000
166    opls_180    10.922990    2.804550    1.645000
167    opls_566     8.057580    6.293940    1.645000
168    opls_281    -0.394160   18.354620    4.935000
169    opls_180    -3.600380   15.982990    4.935000
170    opls_180    -5.753190   15.573930    4.935000
171    opls_566    -4.164000   19.800140    4.935000
172    opls_281    -2.054980   14.112570    4.935000
173    opls_180     1.602020   12.521720    4.935000
174    opls_180     3.032680   10.861860    4.935000
175    opls_566    -1.421930   10.125040    4.935000
176    opls_281     2.449140   14.795280    4.935000
177    opls_180     1.998360   18.757770    4.935000
178    opls_180     2.720510   20.826680    4.935000
179    opls_566     5.585920   17.337290    4.935000
180    opls_281    14.037930   21.030620    4.935000
181    opls_180   -10.042840   23.402250    4.935000
182    opls_180     5.753460    0.180070    4.935000
183    opls_566    -9.479230   19.585100    4.935000
184    opls_281     2.054980    1.641900    4.935000
185    opls_180    -1.602020    3.232750    4.935000
186    opls_180    24.254320    4.892610    4.935000
187    opls_566     1.421930    5.629430    4.935000
188    opls_281    24.837580    0.958720    4.935000
189    opls_180    11.644860   20.627470    4.935000
190    opls_180    10.922710   18.558550    4.935000
191    opls_566     8.057310   22.047940    4.935000
192    opls_281    -0.394430    2.600620    1.645000
193    opls_180    23.686340    0.228990    1.645000
194    opls_180     7.890040   23.451170    1.645000
195    opls_566    23.122730    4.046140    1.645000
196    opls_281    11.588520   21.989340    1.645000
197    opls_180    15.245520   20.398480    1.645000
198    opls_180   -10.610820   18.738620    1.645000
199    opls_566    12.221570   18.001800    1.645000
200    opls_281   -11.194080   22.672520    1.645000
201    opls_180     1.998640    3.003770    1.645000
202    opls_180     2.720790    5.072680    1.645000
203    opls_566     5.586190    1.583290    1.645000
204    opls_520    16.334410    5.526640    1.645000
205    opls_520    14.333590   11.382690    1.645000
206    opls_520    10.262500    6.721900    1.645000
207    opls_520    -2.690910   18.104600    4.935000
208    opls_520    -0.690090   12.248540    4.935000
209    opls_520     3.381000   16.909330    4.935000
210    opls_520   -10.952320   21.280640    4.935000
211    opls_520     0.690090    3.505930    4.935000
212    opls_520    10.262230   22.475900    4.935000
213    opls_520    24.595820    2.350600    1.645000
214    opls_520    12.953410   20.125310    1.645000
215    opls_520     3.381270    1.155330    1.645000
216    opls_185    17.972860    9.638240    1.645000
217    opls_144    20.977430   10.187430    1.645000
218    opls_146    19.381960    1.627250    1.645000
219    opls_144    19.142100   12.315650    1.645000
220    opls_144    -5.375950   12.239330    0.951670
221    opls_144    -6.268370   13.325180    2.338330
222    opls_185     9.953480   10.746070    1.645000
223    opls_144     7.975720   13.073270    1.645000
224    opls_146    16.186780   15.971640    1.645000
225    opls_144     7.050280   10.419720    1.645000
226    opls_144     5.191900   11.417670    1.115770
227    opls_144     5.777750   12.978270    2.174230
228    opls_185    13.003760    3.247170    1.645000
229    opls_144    11.977360    0.370540    1.645000
230    opls_146     5.361760    6.032350    1.645000
231    opls_144    14.738120    0.895860    1.645000
232    opls_144     1.256290   22.434550    1.317580
233    opls_144    -0.581490   22.129710    1.972420
234    opls_185    -4.329360   13.993000    4.935000
235    opls_144    -7.333930   13.443810    4.935000
236    opls_146    -5.738460   22.003990    4.935000
237    opls_144    -5.498600   11.315580    4.935000
238    opls_144    19.911870   10.306050    4.241670
239    opls_144    19.019450   11.391910    5.628330
240    opls_185     3.690020   12.885170    4.935000
241    opls_144     5.667780   10.557960    4.935000
242    opls_146    -2.543280    7.659590    4.935000
243    opls_144     6.593220   13.211510    4.935000
244    opls_144     7.865750   10.652960    4.405770
245    opls_144     8.451600   12.213570    5.464230
246    opls_185     0.639740   20.384070    4.935000
247    opls_144     1.666140   23.260700    4.935000
248    opls_146     8.281740   17.598890    4.935000
249    opls_144    -1.094620   22.735380    4.935000
250    opls_144    14.224990    1.501530    4.607580
251    opls_144    12.387210    1.196690    5.262420
252    opls_185     4.329630    1.761000    4.935000
253    opls_144     7.333380    2.313500    4.935000
254    opls_146    -7.904770   17.381250    4.935000
255    opls_144     5.499560    4.439130    4.935000
256    opls_144     8.267820    4.362090    4.241670
257    opls_144     7.375400    5.447940    5.628330
258    opls_185    23.596980    2.869300    4.935000
259    opls_144    21.616760    5.194150    4.935000
260    opls_146     2.543280    8.094880    4.935000
261    opls_144    20.692820    2.543190    4.935000
262    opls_144    18.835400    3.540900    4.405770
263    opls_144    19.421250    5.101510    5.464230
264    opls_185    13.003480   19.001170    4.935000
265    opls_144    11.980360   16.123590    4.935000
266    opls_146     5.361490   21.786340    4.935000
267    opls_144    14.738120   16.648910    4.935000
268    opls_144    14.899520   14.557310    4.607580
269    opls_144    13.061740   14.252470    5.262420
270    opls_185     9.313870   21.870240    1.645000
271    opls_144     6.310120   21.317740    1.645000
272    opls_146    21.548270    6.249990    1.645000
273    opls_144     8.143940   19.192110    1.645000
274    opls_144     6.268100   18.183290    0.951670
275    opls_144     5.375680   19.269150    2.338330
276    opls_185    -9.953480   20.761930    1.645000
277    opls_144    -7.973260   18.437090    1.645000
278    opls_146    11.100220   15.536360    1.645000
279    opls_144    -7.049320   21.088040    1.645000
280    opls_144    -5.777750   18.529720    1.115770
281    opls_144    -5.191900   20.090330    2.174230
282    opls_185     0.640020    4.630070    1.645000
283    opls_144     1.663140    7.507640    1.645000
284    opls_146     8.282010    1.844890    1.645000
285    opls_144    -1.094620    6.982320    1.645000
286    opls_144     0.581760    9.378760    1.317580
287    opls_144    -1.256020    9.073920    1.972420
