0      opls_700     2.449110    1.490300    1.942040
1      opls_145     3.644210    1.010700    1.338950
2      opls_145     4.861590    1.712260    1.444330
3      opls_916     4.912010    2.947660    2.110090
4      opls_145     3.738350    3.465360    2.684210
5      opls_145     2.534760    2.738930    2.616740
6      opls_145     8.405520    6.436420    1.602040
7      opls_700     7.912770    5.109650    1.625010
8      opls_235     6.438440    4.832810    1.631410
9      opls_145    -8.097780   15.475700    1.887830
10     opls_700     1.229590    0.749830    1.896260
11     opls_700    16.124810    1.375840    1.942040
12     opls_145    15.942610    2.650630    1.338950
13     opls_145    14.726350    3.354130    1.444330
14     opls_916    13.631250    2.780100    2.110090
15     opls_145    13.769740    1.504820    2.684210
16     opls_145    15.000630    0.825700    2.616740
17     opls_145     8.863130    4.061180    1.602040
18     opls_700    10.258520    4.297840    1.625010
19     opls_235    11.235450    3.159450    1.631410
20     opls_145    -0.033460    1.391990    1.887830
21     opls_700    17.375840    0.689940    1.896260
22     opls_700     9.386080   13.276570    1.942040
23     opls_145     8.373180   12.481380    1.338950
24     opls_145     8.372060   11.076320    1.444330
25     opls_916     9.416740   10.414960    2.110090
26     opls_145    10.451910   11.172530    2.684210
27     opls_145    10.424610   12.578080    2.616740
28     opls_145    10.691340    5.645110    1.602040
29     opls_700     9.788700    6.735220    1.625010
30     opls_235    10.286110    8.150460    1.631410
31     opls_145     8.131230   15.417740    1.887830
32     opls_700     9.354580   14.702940    1.896260
33     opls_238     6.097520    3.579160    2.238410
34     opls_238    12.491600    3.491020    2.238410
35     opls_238     9.370890    9.072530    2.238410
36     opls_146     3.643090    0.145450    0.795640
37     opls_146     5.705800    1.327740    1.016030
38     opls_146     3.762110    4.352080    3.190320
39     opls_146     1.725690    3.127490    3.104750
40     opls_146     7.735510    7.206910    1.559770
41     opls_146    -7.204730   14.987220    1.886040
42     opls_241     8.670680    8.720460    2.807960
43     opls_146    16.692490    3.082290    0.795640
44     opls_146    14.637250    4.277500    1.016030
45     opls_146    12.989940    1.082050    3.190320
46     opls_146    15.068670   -0.069250    3.104750
47     opls_146     8.530880    3.095690    1.559770
48     opls_146    -0.056950    2.409620    1.886040
49     opls_241     6.752530    3.148800    2.807960
50     opls_146     7.624410   12.914980    0.795640
51     opls_146     7.616960   10.537480    1.016030
52     opls_146    11.207950   10.708590    3.190320
53     opls_146    11.165640   13.084480    3.104750
54     opls_146    11.693620    5.840110    1.559770
55     opls_146     7.261680   14.888590    1.886040
56     opls_241    12.536800    4.273460    2.807960
57     opls_236    11.470310    8.260230    2.221830
58     opls_236     5.751280    5.803470    2.221830
59     opls_236    10.738410    2.079020    2.221830
