0      opls_700    12.004670    7.257140    1.746700
1      opls_700    -0.868890   11.597890    1.746700
2      opls_700     9.665820    6.767780    1.746700
3      opls_700     1.367000   12.460260    1.746700
4      opls_700    11.258930    4.986760    1.746700
5      opls_700    -0.497890   13.965220    1.746700
6      opls_145    10.701550    7.698210    1.746700
7      opls_145     0.486360   11.374120    1.746700
8      opls_145     9.935180    5.418710    1.746700
9      opls_145     0.882940   13.745830    1.746700
10     opls_145    12.292470    5.894760    1.746700
11     opls_145    -1.369310   12.903420    1.746700
12     opls_142    13.062140    8.215330    1.746700
13     opls_142    -1.769070   10.480950    1.746700
14     opls_142     8.307050    7.204480    1.746700
15     opls_142     2.784270   12.238960    1.746700
16     opls_142    11.560020    3.591880    1.746700
17     opls_142    -1.014990   15.303450    1.746700
18     opls_145    15.435560    8.519710    1.746700
19     opls_145    -4.131190    9.957370    1.746700
20     opls_145     6.856740    9.107740    1.746700
21     opls_145     4.418660   10.455280    1.746700
22     opls_145    10.636900    1.384240    1.746700
23     opls_145    -0.287470   17.610710    1.746700
24     opls_716    16.647140    7.845930    1.746700
25     opls_145    -5.347810   10.627720    1.746700
26     opls_716     6.834570   10.493690    1.746700
27     opls_145     4.446540    9.066290    1.746700
28     opls_716     9.447830    0.671870    1.746700
29     opls_145     0.901600   18.329160    1.746700
30     opls_716    -4.098040    8.560390    1.746700
31     opls_145    15.416460    9.925430    1.746700
32     opls_716     5.611900   11.182480    1.746700
33     opls_145     5.649000    8.388140    1.746700
34     opls_716    -1.513870   18.280490    1.746700
35     opls_145    11.864060    0.697920    1.746700
36     opls_750    14.260980    7.759810    1.746700
37     opls_750    -3.009950   10.784570    1.746700
38     opls_750     8.102120    8.470470    1.746700
39     opls_750     3.141670   11.012710    1.746700
40     opls_750    10.566100    2.781410    1.746700
41     opls_750    -0.131720   16.226090    1.746700
42     opls_750    16.824850    6.518350    1.746700
43     opls_750     7.895320   11.311570    1.746700
44     opls_750     8.208810    1.181770    1.746700
45     opls_750    -3.030040    7.752010    1.746700
46     opls_750     5.777870   12.511780    1.746700
47     opls_750    -2.748160   17.759760    1.746700
48     opls_146    10.496290    8.763240    1.746700
49     opls_146     0.849900   10.353190    1.746700
50     opls_146     9.115460    4.708430    1.746700
51     opls_146     1.585320   14.571120    1.746700
52     opls_146    13.317450    5.540000    1.746700
53     opls_146    -2.435220   13.099050    1.746700
54     opls_144    12.824610    9.267430    1.746700
55     opls_144    -1.402450    9.465730    1.746700
56     opls_144     7.514660    6.472720    1.746700
57     opls_144     3.480070   13.064260    1.746700
58     opls_144    12.589930    3.271530    1.746700
59     opls_144    -2.077610   15.493380    1.746700
60     opls_146    14.506520   10.501860    1.746700
61     opls_146    -5.363510   11.711960    1.746700
62     opls_146     5.604660    7.312080    1.746700
63     opls_146     3.515300    8.510770    1.746700
64     opls_146    12.818020    1.197740    1.746700
65     opls_146     1.848210   17.800640    1.746700
66     opls_202     7.420270   12.940870    1.746700
67     opls_202    -3.940860   18.967390    1.746700
68     opls_202    -3.479410    6.115110    1.746700
