0      opls_166     1.736410    3.132750    0.507990
1      opls_145     2.242430    3.840080    5.771840
2      opls_145     3.535660    4.449060    5.797270
3      opls_145     4.375610    4.394400    0.562020
4      opls_145     3.858130    3.667220    1.642270
5      opls_145     2.570290    3.045150    1.623580
6      opls_142     6.238650    5.832880    6.128280
7      opls_700     7.500870    6.579220    0.061280
8      opls_145     8.011340    7.488610    5.464920
9      opls_145     9.192100    8.258770    5.667710
10     opls_166     9.943980    8.133800    0.472260
11     opls_145     9.462770    7.227450    1.435790
12     opls_145     8.265560    6.471770    1.229630
13     opls_642    12.309000    8.281900    0.800220
14     opls_642     0.260160    1.249500    0.683630
15     opls_166    -9.951530   23.033000    3.617070
16     opls_145     3.932840    0.514140    4.664700
17     opls_145     5.111040    1.318650    4.575320
18     opls_145     5.940060    1.319350    3.445620
19     opls_145     5.529390    0.465090    2.409180
20     opls_145    -9.128170   23.010340    2.491750
21     opls_142     7.697370    2.904530    4.203310
22     opls_700     9.043880    3.511410    3.976940
23     opls_145     9.681120    4.217570    5.011540
24     opls_145    10.979350    4.793620    4.890380
25     opls_166    11.706280    4.690830    3.713190
26     opls_145    11.085760    4.004760    2.661870
27     opls_145     9.780520    3.435720    2.791870
28     opls_642    12.544880    8.647480    3.831680
29     opls_642   -12.313040   22.856870    3.872750
30     opls_166     9.905400   23.296960    0.507990
31     opls_145    22.526480    0.021960    5.771840
32     opls_145    21.352470    0.837440    5.797270
33     opls_145    20.979830    1.592190    0.562020
34     opls_145    21.868330    1.507630    1.642270
35     opls_145    23.050980    0.703360    1.623580
36     opls_142    18.802550    2.486390    6.128280
37     opls_700    17.525090    3.206330    0.061280
38     opls_145    16.482300    3.193720    5.464920
39     opls_145    15.224940    3.831200    5.667710
40     opls_166    14.957230    4.544840    0.472260
41     opls_145    15.982760    4.581280    1.435790
42     opls_145    17.235800    3.922300    1.229630
43     opls_642    13.646470    6.518950    0.800220
44     opls_642    12.274470   22.960110    0.683630
45     opls_166    -1.484750    3.224790    3.617070
46     opls_145    24.561620    3.148870    4.664700
47     opls_145    23.275800    3.766960    4.575320
48     opls_145    22.860680    4.484570    3.445620
49     opls_145    23.805830    4.556050    2.409180
50     opls_145    -1.876800    3.949170    2.491750
51     opls_142    20.609220    5.213850    4.203310
52     opls_700    19.410390    6.076520    3.976940
53     opls_145    18.480220    6.275310    5.011540
54     opls_145    17.332230    7.111590    4.890380
55     opls_166    17.057780    7.792520    3.713190
56     opls_145    17.962190    7.598170    2.661870
57     opls_145    19.107620    6.752320    2.791870
58     opls_642    13.211930    6.540440    3.831680
59     opls_642    -0.151460    1.267720    3.872750
60     opls_166   -11.641810   20.289420    0.507990
61     opls_145    15.691040   19.497530    5.771840
62     opls_145    15.571820   18.073060    5.797270
63     opls_145    15.104510   17.372970    0.562020
64     opls_145    14.733490   18.184720    1.642270
65     opls_145    14.838690   19.611050    1.623580
66     opls_142    15.418750   15.040290    6.128280
67     opls_700    15.433990   13.574010    0.061280
68     opls_145    15.966310   12.677230    5.464920
69     opls_145    16.042910   11.269590    5.667710
70     opls_166    15.558740   10.680930    0.472260
71     opls_145    15.014420   11.550840    1.435790
72     opls_145    14.958580   12.965490    1.229630
73     opls_642    14.504490    8.558710    0.800220
74     opls_642   -12.534630   22.509510    0.683630
75     opls_166    11.436270   20.461340    3.617070
76     opls_145    11.965490   19.696550    4.664700
77     opls_145    12.073110   18.273950    4.575320
78     opls_145    11.659210   17.555650    3.445620
79     opls_145    11.124730   18.338420    2.409180
80     opls_145    11.004970   19.759620    2.491750
81     opls_142    12.153360   15.241180    4.203310
82     opls_700    12.005680   13.771630    3.976940
83     opls_145    12.298610   12.866680    5.011540
84     opls_145    12.148370   11.454360    4.890380
85     opls_166    11.695890   10.876210    3.713190
86     opls_145    11.412000   11.756630    2.661870
87     opls_145    11.571820   13.171520    2.791870
88     opls_642    14.703150    8.171640    3.831680
89     opls_642    12.464500   22.594540    3.872750
90     opls_180     0.419970    2.624210    0.487200
91     opls_180    11.085080    8.943210    0.647460
92     opls_180   -11.089940   22.203500    3.687250
93     opls_180    13.026080    5.174380    3.603590
94     opls_180    11.004030   22.411160    0.487200
95     opls_180    13.685710    5.128360    0.647460
96     opls_180    -0.197170    2.653650    3.687250
97     opls_180    15.979120    8.693730    3.603590
98     opls_180   -11.424000   21.683750    0.487200
99     opls_180    15.689150    9.288000    0.647460
100    opls_180    11.287110   21.861980    3.687250
101    opls_180    11.454750    9.491460    3.603590
102    opls_750     5.671950    5.051270    0.651660
103    opls_641    25.973130    0.891870    0.638120
104    opls_750     7.150760    2.112870    3.321600
105    opls_641    12.209330    7.381860    3.784070
106    opls_641    13.645520   22.029940    3.828690
107    opls_641    12.425660    6.992690    0.793670
108    opls_750    19.762800    2.386410    0.651660
109    opls_641    13.214350   22.047460    0.638120
110    opls_750    21.568120    5.136300    3.321600
111    opls_641    14.475760    6.882660    3.784070
112    opls_641     1.072050    0.802400    3.828690
113    opls_641    14.704630    7.264590    0.793670
114    opls_750    15.025210   15.921880    0.651660
115    opls_641     1.272470    0.420240    0.638120
116    opls_750    11.741070   16.110390    3.321600
117    opls_641    13.774860    9.095050    3.784070
118    opls_641    25.742370    0.527230    3.828690
119    opls_641    13.329670    9.102290    0.793670
120    opls_146     1.594800    3.929780    4.891080
121    opls_146     3.871340    5.004320    4.915230
122    opls_146     4.473390    3.608350    2.544960
123    opls_146     2.196440    2.512550    2.503640
124    opls_144     5.776740    6.023730    5.160550
125    opls_146     7.468910    7.623160    4.527200
126    opls_146     9.539780    8.982920    4.908560
127    opls_146    10.028400    7.123270    2.364610
128    opls_146     7.922730    5.776590    2.016890
129    opls_146     3.318120    0.530960    5.569240
130    opls_146     5.383200    1.954490    5.427350
131    opls_146     6.151670    0.421170    1.509340
132    opls_146    -9.409770   22.335250    1.668780
133    opls_144     7.228170    3.091170    5.168300
134    opls_146     9.164720    4.307500    5.966300
135    opls_146    11.441530    5.309630    5.738650
136    opls_146    11.649230    3.913660    1.730570
137    opls_146     9.339770    2.898450    1.940660
138    opls_146    22.772610   -0.583760    4.891080
139    opls_146    20.703760    0.850520    4.915230
140    opls_146    21.611680    2.069890    2.544960
141    opls_146    23.699150    0.645890    2.503640
142    opls_144    18.868230    1.990940    5.160550
143    opls_146    16.637000    2.656680    4.527200
144    opls_146    14.423970    3.770230    4.908560
145    opls_146    15.790170    5.123220    2.364610
146    opls_146    18.009260    3.972990    2.016890
147    opls_146    24.854410    2.608100    5.569240
148    opls_146    22.589060    3.684740    5.427350
149    opls_146    23.532720    5.116910    1.509340
150    opls_146    -1.151360    4.042840    1.668780
151    opls_144    20.682180    4.714190    5.168300
152    opls_146    18.660530    5.783130    5.966300
153    opls_146    16.654260    7.253850    5.738650
154    opls_146    17.759360    8.131700    1.730570
155    opls_146    19.793280    6.639260    1.940660
156    opls_146    16.092540   20.013540    4.891080
157    opls_146    15.884850   17.504720    4.915230
158    opls_146    14.374880   17.681320    2.544960
159    opls_146    14.564370   20.201120    2.503640
160    opls_144    15.814990   15.344900    5.160550
161    opls_146    16.354050   13.079720    4.527200
162    opls_146    16.496200   10.606410    4.908560
163    opls_146    14.641380   11.113080    2.364610
164    opls_146    14.527950   13.609980    2.016890
165    opls_146    12.287420   20.220500    5.569240
166    opls_146    12.487690   17.720330    5.427350
167    opls_146    10.775560   17.821480    1.509340
168    opls_146    10.561130   20.341040    1.668780
169    opls_144    12.549600   15.554200    5.168300
170    opls_146    12.634700   13.268930    5.966300
171    opls_146    12.364160   10.796090    5.738650
172    opls_146    11.051370   11.314200    1.730570
173    opls_146    11.326900   13.821850    1.940660
