0      opls_916     3.422070   35.215910    2.462130
1      opls_916     1.428890   36.550080    3.029690
2      opls_145    -0.763300   35.484430    3.167450
3      opls_145     0.621600   35.405310    3.160610
4      opls_145     4.629740   34.780720    3.025880
5      opls_145     5.200360   33.576230    2.651180
6      opls_145     4.586380   32.733310    1.711220
7      opls_145     3.366450   33.164840    1.162800
8      opls_145     2.807450   34.384350    1.517290
9      opls_142     6.313490   31.187400    1.618840
10     opls_700     6.920910   29.884730    1.417120
11     opls_145     6.330410   28.835570    0.691050
12     opls_145     6.955390   27.597740    0.635620
13     opls_700     8.157980   27.355970    1.327420
14     opls_145     8.761600   28.416120    2.027290
15     opls_145     8.158610   29.659070    2.050530
16     opls_142     8.731990   26.017400    1.355790
17     opls_145    10.238710   24.451710    2.265780
18     opls_145     9.795410   23.302170    1.583130
19     opls_145    10.424410   22.080100    1.764480
20     opls_916    11.496290   21.943090    2.662790
21     opls_145    11.922680   23.077250    3.358720
22     opls_145    11.317370   24.308840    3.147940
23     opls_916   -11.058910   21.988520    2.462130
24     opls_916   -11.217750   19.595290    3.029690
25     opls_145    -9.198770   18.229620    3.167450
26     opls_145    -9.822690   19.468540    3.160610
27     opls_145   -11.285850   23.251980    3.025880
28     opls_145   -10.528050   24.348410    2.651180
29     opls_145    -9.491060   24.238140    1.711220
30     opls_145    -9.254820   22.965880    1.162800
31     opls_145   -10.031440   21.872020    1.517290
32     opls_142    -9.015820   26.506820    1.618840
33     opls_700    -8.191390   27.684200    1.417120
34     opls_145    -6.987540   27.697380    0.691050
35     opls_145    -6.228040   28.857550    0.635620
36     opls_700    -6.619950   30.019910    1.327420
37     opls_145    -7.839880   30.012580    2.027290
38     opls_145    -8.614820   28.868900    2.050530
39     opls_142    -5.747720   31.186300    1.355790
40     opls_145    -5.145160   33.274010    2.265780
41     opls_145    -3.927980   33.464860    1.583130
42     opls_145    -3.184130   34.620630    1.764480
43     opls_916    -3.601420   35.617410    2.662790
44     opls_145    -4.796820   35.419590    3.358720
45     opls_145    -5.560760   34.279580    3.147940
46     opls_916     7.636840   16.061320    2.462130
47     opls_916     9.788850   17.120370    3.029690
48     opls_145     9.962070   19.551700    3.167450
49     opls_145     9.201100   18.391900    3.160610
50     opls_145     6.656120   15.233050    3.025880
51     opls_145     5.327680   15.341120    2.651180
52     opls_145     4.904680   16.294300    1.711220
53     opls_145     5.888370   17.135030    1.162800
54     opls_145     7.223990   17.009380    1.517290
55     opls_142     2.702340   15.571540    1.618840
56     opls_700     1.270480   15.696820    1.417120
57     opls_145     0.657130   16.732800    0.691050
58     opls_145    -0.727350   16.810460    0.635620
59     opls_700    -1.538030   15.889880    1.327420
60     opls_145    -0.921720   14.837050    2.027290
61     opls_145     0.456210   14.737770    2.050530
62     opls_142    -2.984270   16.062050    1.355790
63     opls_145    -5.093550   15.540030    2.265780
64     opls_145    -5.867430   16.498710    1.583130
65     opls_145    -7.240280   16.565020    1.764480
66     opls_916    -7.894870   15.705250    2.662790
67     opls_145    -7.125860   14.768910    3.358720
68     opls_145    -5.756610   14.677330    3.147940
69     opls_916    17.727930    1.416960    2.462130
70     opls_916    19.721110    0.082790    3.029690
71     opls_145    21.913300    1.148440    3.167450
72     opls_145    20.528400    1.227570    3.160610
73     opls_145    16.520260    1.852160    3.025880
74     opls_145    15.949640    3.056650    2.651180
75     opls_145    16.563620    3.899570    1.711220
76     opls_145    17.783550    3.468030    1.162800
77     opls_145    18.342550    2.248530    1.517290
78     opls_142    14.836510    5.445480    1.618840
79     opls_700    14.229090    6.748140    1.417120
80     opls_145    14.819590    7.797310    0.691050
81     opls_145    14.194610    9.035130    0.635620
82     opls_700    12.992020    9.276910    1.327420
83     opls_145    12.388400    8.216750    2.027290
84     opls_145    12.991390    6.973800    2.050530
85     opls_142    12.418010   10.615470    1.355790
86     opls_145    10.911280   12.181160    2.265780
87     opls_145    11.354590   13.330700    1.583130
88     opls_145    10.725590   14.552780    1.764480
89     opls_916     9.653710   14.689780    2.662790
90     opls_145     9.227320   13.555630    3.358720
91     opls_145     9.832630   12.324030    3.147940
92     opls_916    32.208910   14.644360    2.462130
93     opls_916    32.367750   17.037580    3.029690
94     opls_145    30.348770   18.403260    3.167450
95     opls_145    30.972690   17.164330    3.160610
96     opls_145    32.435850   13.380890    3.025880
97     opls_145    31.678050   12.284470    2.651180
98     opls_145    30.641060   12.394730    1.711220
99     opls_145    30.404820   13.666990    1.162800
100    opls_145    31.181450   14.760850    1.517290
101    opls_142    30.165820   10.126060    1.618840
102    opls_700    29.341390    8.948680    1.417120
103    opls_145    28.137540    8.935490    0.691050
104    opls_145    27.378040    7.775330    0.635620
105    opls_700    27.769950    6.612970    1.327420
106    opls_145    28.989880    6.620290    2.027290
107    opls_145    29.764820    7.763970    2.050530
108    opls_142    26.897720    5.446580    1.355790
109    opls_145    26.295160    3.358870    2.265780
110    opls_145    25.077980    3.168010    1.583130
111    opls_145    24.334130    2.012240    1.764480
112    opls_916    24.751420    1.015460    2.662790
113    opls_145    25.946820    1.213280    3.358720
114    opls_145    26.710760    2.353300    3.147940
115    opls_916    13.513160   20.571560    2.462130
116    opls_916    11.361150   19.512500    3.029690
117    opls_145    11.187930   17.081180    3.167450
118    opls_145    11.948900   18.240970    3.160610
119    opls_145    14.493880   21.399830    3.025880
120    opls_145    15.822310   21.291760    2.651180
121    opls_145    16.245320   20.338570    1.711220
122    opls_145    15.261630   19.497850    1.162800
123    opls_145    13.926010   19.623500    1.517290
124    opls_142    18.447660   21.061340    1.618840
125    opls_700    19.879520   20.936050    1.417120
126    opls_145    20.492870   19.900080    0.691050
127    opls_145    21.877350   19.822410    0.635620
128    opls_700    22.688030   20.743000    1.327420
129    opls_145    22.071720   21.795830    2.027290
130    opls_145    20.693790   21.895100    2.050530
131    opls_142    24.134260   20.570820    1.355790
132    opls_145    26.243550   21.092840    2.265780
133    opls_145    27.017430   20.134160    1.583130
134    opls_145    28.390280   20.067860    1.764480
135    opls_916    29.044870   20.927630    2.662790
136    opls_145    28.275860   21.863960    3.358720
137    opls_145    26.906610   21.955550    3.147940
138    opls_750     5.093340   31.485960    1.323150
139    opls_750     9.695370   25.734960    2.162670
140    opls_239    12.137560   20.674860    2.841510
141    opls_750    -8.664310   25.300860    1.323150
142    opls_750    -5.984820   32.161830    2.162670
143    opls_239    18.326260    0.174010    2.841510
144    opls_750     3.570970   16.478930    1.323150
145    opls_750    -3.710560   15.368960    2.162670
146    opls_239    32.986170   15.784010    2.841510
147    opls_750    16.056660    5.146920    1.323150
148    opls_750    11.454630   10.897910    2.162670
149    opls_239     9.012440   15.958010    2.841510
150    opls_750    29.814310   11.332010    1.323150
151    opls_750    27.134820    4.471040    2.162670
152    opls_239     2.823740   36.458870    2.841510
153    opls_750    17.579030   20.153940    1.323150
154    opls_750    24.860560   21.263920    2.162670
155    opls_239   -11.836170   20.848870    2.841510
156    opls_146    -1.331390   34.561290    3.247200
157    opls_146     1.082880   34.423910    3.233340
158    opls_146     5.086150   35.333140    3.836780
159    opls_146     6.092260   33.243230    3.177660
160    opls_146     2.894380   32.558930    0.392780
161    opls_146     1.886370   34.705620    1.036600
162    opls_144     6.985000   31.908700    2.120970
163    opls_146     5.394940   29.014700    0.165310
164    opls_146     6.517370   26.790720    0.048750
165    opls_146     9.682260   28.226000    2.573570
166    opls_146     8.602340   30.477450    2.618550
167    opls_144     8.278110   25.275220    0.675840
168    opls_146     8.997630   23.380570    0.847180
169    opls_146    10.104620   21.218490    1.181250
170    opls_146    12.678790   22.991890    4.129890
171    opls_146    11.628690   25.177040    3.724520
172    opls_146    -8.115250   18.199210    3.247200
173    opls_146    -9.203420   20.358720    3.233340
174    opls_146   -11.992470   23.371040    3.836780
175    opls_146   -10.685610   25.287310    3.177660
176    opls_146    -8.494050   22.860010    0.392780
177    opls_146    -9.849130   20.913710    1.036600
178    opls_144    -9.976240   26.727710    2.120970
179    opls_146    -6.674940   26.797680    0.165310
180    opls_146    -5.310130   28.881720    0.048750
181    opls_146    -8.135560   30.904960    2.573570
182    opls_146    -9.545420   28.843990    2.618550
183    opls_144    -4.878040   31.164320    0.675840
184    opls_146    -3.596980   32.734770    0.847180
185    opls_146    -2.278070   34.774490    1.181250
186    opls_146    -5.100960   36.117080    4.129890
187    opls_146    -6.468300   34.115100    3.724520
188    opls_146     9.446650   20.505250    3.247200
189    opls_146     8.120540   18.483120    3.233340
190    opls_146     6.906320   14.561570    3.836780
191    opls_146     4.593360   14.735210    3.177660
192    opls_146     5.599670   17.846800    0.392780
193    opls_146     7.962760   17.646420    1.036600
194    opls_144     2.991240   14.629340    2.120970
195    opls_146     1.280000   17.453370    0.165310
196    opls_146    -1.207240   17.593300    0.048750
197    opls_146    -1.546700   14.134790    2.573570
198    opls_146     0.943080   13.944300    2.618550
199    opls_144    -3.400070   16.826210    0.675840
200    opls_146    -5.400650   17.150410    0.847180
201    opls_146    -7.826560   17.272770    1.181250
202    opls_146    -7.577830   14.156770    4.129890
203    opls_146    -5.160390   13.973610    3.724520
204    opls_146    22.481390    2.071590    3.247200
205    opls_146    20.067120    2.208960    3.233340
206    opls_146    16.063850    1.299730    3.836780
207    opls_146    15.057740    3.389640    3.177660
208    opls_146    18.255620    4.073940    0.392780
209    opls_146    19.263630    1.927260    1.036600
210    opls_144    14.165000    4.724180    2.120970
211    opls_146    15.755060    7.618170    0.165310
212    opls_146    14.632630    9.842150    0.048750
213    opls_146    11.467740    8.406880    2.573570
214    opls_146    12.547660    6.155420    2.618550
215    opls_144    12.871890   11.357660    0.675840
216    opls_146    12.152370   13.252310    0.847180
217    opls_146    11.045380   15.414380    1.181250
218    opls_146     8.471210   13.640980    4.129890
219    opls_146     9.521310   11.455830    3.724520
220    opls_146    29.265250   18.433660    3.247200
221    opls_146    30.353420   16.274150    3.233340
222    opls_146    33.142470   13.261830    3.836780
223    opls_146    31.835610   11.345570    3.177660
224    opls_146    29.644050   13.772860    0.392780
225    opls_146    30.999130   15.719170    1.036600
226    opls_144    31.126240    9.905160    2.120970
227    opls_146    27.824940    9.835190    0.165310
228    opls_146    26.460130    7.751150    0.048750
229    opls_146    29.285560    5.727920    2.573570
230    opls_146    30.695420    7.788880    2.618550
231    opls_144    26.028040    5.468560    0.675840
232    opls_146    24.746980    3.898100    0.847180
233    opls_146    23.428070    1.858390    1.181250
234    opls_146    26.250960    0.515790    4.129890
235    opls_146    27.618300    2.517780    3.724520
236    opls_146    11.703350   16.127620    3.247200
237    opls_146    13.029460   18.149760    3.233340
238    opls_146    14.243680   22.071310    3.836780
239    opls_146    16.556640   21.897670    3.177660
240    opls_146    15.550330   18.786070    0.392780
241    opls_146    13.187240   18.986450    1.036600
242    opls_144    18.158760   22.003540    2.120970
243    opls_146    19.870000   19.179510    0.165310
244    opls_146    22.357240   19.039570    0.048750
245    opls_146    22.696700   22.498080    2.573570
246    opls_146    20.206920   22.688570    2.618550
247    opls_144    24.550070   19.806660    0.675840
248    opls_146    26.550650   19.482460    0.847180
249    opls_146    28.976560   19.360110    1.181250
250    opls_146    28.727830   22.476100    4.129890
251    opls_146    26.310390   22.659260    3.724520
