0      opls_146     9.880510    8.008860    0.134120
1      opls_146    20.607900   14.214690    0.611610
2      opls_146    22.542220   10.383530    0.267870
3      opls_146    24.949610   26.451840    1.732960
4      opls_146    24.724890   13.984070    3.021100
5      opls_146    31.767870    5.258310    0.595130
6      opls_146     0.137430    2.472100    0.863010
7      opls_146    24.622560   24.602410    3.203740
8      opls_146    20.690590   37.563040    0.009700
9      opls_146    33.396320    4.034530    3.027980
10     opls_146    11.525880    8.660780    1.697950
11     opls_146   -20.161240   37.516450    3.243380
12     opls_146    24.120150    9.535490    2.497730
13     opls_146    26.186560    8.196940    2.465400
14     opls_146    28.379620   11.513610    0.504280
15     opls_146    26.333880   12.835980    0.608890
16     opls_144    16.950990    7.563960    0.920900
17     opls_146    29.826070    6.735740    0.335660
18     opls_146    34.360720    8.441320    2.828390
19     opls_146    32.422120    9.924190    2.624210
20     opls_146    35.355200    2.579890    3.273110
21     opls_146    37.707040    5.949650    0.983400
22     opls_146    35.740690    7.400860    0.794210
23     opls_144    37.732340    2.209410    0.256000
24     opls_146    39.441870    1.213910    1.444630
25     opls_146    41.551140   -0.029220    1.412950
26     opls_146    43.538180    3.424740   -0.296910
27     opls_146    41.426690    4.671790   -0.184520
28     opls_146    24.717200   15.983950    0.623920
29     opls_146    24.776210   18.427490    0.332400
30     opls_146    20.742400   18.333410    2.407570
31     opls_146    20.695330   15.919190    2.635180
32     opls_144    30.025840   10.413850    2.969930
33     opls_146    24.266370   22.176090    3.246750
34     opls_146    20.654490   25.144880    1.554380
35     opls_146    20.293130   22.720510    1.632370
36     opls_146    25.303550   28.879010    1.797050
37     opls_146    21.198560   29.450750    3.023450
38     opls_146    20.850030   27.022840    3.008530
39     opls_144    24.534560   31.167810    2.356590
40     opls_146    24.634520   33.034500    3.689620
41     opls_146    24.740730   35.437520    4.053810
42     opls_146    20.820820   35.862820    2.231990
43     opls_146    20.703360   33.428570    1.969550
44     opls_146    18.861520   13.102770   -0.219900
45     opls_146    16.726570   11.954900    0.115900
46     opls_146    18.778110    8.597150    1.862370
47     opls_146    20.913600    9.755900    1.632630
48     opls_144    21.077630   20.436990    2.078220
49     opls_146    13.810830    9.553160    1.741470
50     opls_146    13.057870    4.832080    0.376750
51     opls_146    15.344820    5.718700    0.474340
52     opls_146     7.596470    7.153840   -0.082740
53     opls_146     8.886230    3.306080    1.397810
54     opls_146    11.173490    4.168860    1.658440
55     opls_144     5.943540    5.359590    0.093930
56     opls_146     4.008140    4.492500   -0.262800
57     opls_146     1.884990    3.333870    3.163760
58     opls_146     3.678430   -0.241440    1.199500
59     opls_146     5.838440    0.932240    1.357040
60     opls_700    22.665610   14.268760    3.600980
61     opls_145    21.473500   13.616140    0.353830
62     opls_700    20.082460   11.528780    0.672510
63     opls_145    25.037610    9.979590    2.870070
64     opls_145    26.214520    9.215850    2.835890
65     opls_145    27.433790    9.763510    3.257470
66     opls_145    27.462500   11.085340    0.115620
67     opls_145    26.286230   11.843290    0.173480
68     opls_142    16.121180    8.249730    1.061000
69     opls_700    30.980130    8.439670    3.267830
70     opls_145    30.813390    7.108360    0.079010
71     opls_145    31.923860    6.263610    0.219820
72     opls_700    33.223050    6.730080    3.541600
73     opls_145    33.381010    8.059440    3.096810
74     opls_145    32.272360    8.905740    2.968560
75     opls_700    34.409060    5.835880    0.078650
76     opls_145    34.322690    4.462410    3.398390
77     opls_145    35.443860    3.631170    3.529220
78     opls_700    36.678140    4.156800    0.327110
79     opls_145    36.767380    5.526050    0.639410
80     opls_145    35.644850    6.355740    0.521300
81     opls_142    37.864660    3.276470    0.407890
82     opls_145    40.280450    3.027040    0.595820
83     opls_145    40.329700    1.695370    1.050860
84     opls_145    41.539700    0.985340    1.030290
85     opls_700    42.720860    1.586490    0.538570
86     opls_145    42.664960    2.933640    0.119420
87     opls_145    41.459940    3.646780    0.167180
88     opls_700    43.989060    0.805300    0.397030
89     opls_145    21.647210   38.063340    0.075240
90     opls_700    21.396240   12.210050    0.419010
91     opls_145    22.572330   11.461640    0.195490
92     opls_700    25.054780   11.302600    3.365050
93     opls_145    23.853780   16.482770    0.195380
94     opls_145    23.888050   17.875670    0.041060
95     opls_145    22.782360   18.571080    3.151560
96     opls_145    21.622600   17.845380    2.802000
97     opls_145    21.588100   16.452090    2.947700
98     opls_142    29.829340    9.362850    3.159490
99     opls_700    22.251660   22.267520    2.445480
100    opls_145    23.476610   22.818650    2.870690
101    opls_145    23.682170   24.204290    2.836000
102    opls_700    22.665910   25.067760    2.376430
103    opls_145    21.444540   24.510440    1.942540
104    opls_145    21.240330   23.124800    1.977370
105    opls_700    22.871860   26.543420    2.367920
106    opls_145    24.126730   27.093680    2.031250
107    opls_145    24.327790   28.480130    2.057680
108    opls_700    23.276210   29.345280    2.408480
109    opls_145    22.018220   28.801190    2.731280
110    opls_145    21.818960   27.414750    2.715380
111    opls_142    23.517710   30.803220    2.470070
112    opls_145    22.663600   33.060180    2.778530
113    opls_145    23.811840   33.648880    3.342850
114    opls_145    23.871390   35.034280    3.545260
115    opls_700    22.793780   35.868830    3.167960
116    opls_145    21.656050   35.266600    2.580430
117    opls_145    21.588120   33.876970    2.410650
118    opls_700    22.834960   37.341590    3.452350
119    opls_145   -21.078000   38.028470    3.511800
120    opls_700    23.794110   12.095760    3.501260
121    opls_145    23.814890   13.495620    3.353710
122    opls_700    22.704110   15.752830    3.454300
123    opls_145    18.869470   12.138880    0.275190
124    opls_145    17.645230   11.480730    0.446350
125    opls_145    17.598800   10.186580    0.971560
126    opls_145    18.794400    9.573800    1.394550
127    opls_145    20.021200   10.242390    1.256600
128    opls_142    22.006560   20.808880    2.492340
129    opls_700    14.746000    7.704300    1.102490
130    opls_145    13.651870    8.520390    1.446800
131    opls_145    12.346670    8.010840    1.413240
132    opls_700    12.106650    6.676690    1.023950
133    opls_145    13.209090    5.854830    0.705350
134    opls_145    14.515860    6.362460    0.752280
135    opls_700    10.712440    6.157050    0.912760
136    opls_145     9.675870    6.987670    0.437480
137    opls_145     8.370340    6.497370    0.303500
138    opls_700     8.071730    5.165240    0.635360
139    opls_145     9.099710    4.333070    1.119400
140    opls_145    10.406610    4.824920    1.259310
141    opls_142     6.689830    4.664090    0.454780
142    opls_145     5.097320    2.794860    0.574060
143    opls_145     3.960810    3.466320    0.071080
144    opls_145     2.731490    2.802600    3.586320
145    opls_700     2.605480    1.453880    0.363790
146    opls_145     3.744280    0.786290    0.859240
147    opls_145     4.974490    1.453110    0.959070
148    opls_700     1.292200    0.752680    0.262080
149    opls_145     0.094720    1.440470    0.530720
150    opls_750    16.319080    9.536890    1.070370
151    opls_750    39.057430    3.782230    0.554470
152    opls_750    28.605020    8.927560    3.268080
153    opls_750    22.528630   31.635800    2.634570
154    opls_750    22.886420   20.002620    3.018420
155    opls_750     6.389110    3.422300    0.713610
