0      opls_700     4.820330    9.422290   12.854070
1      opls_145     6.111010    9.934590   12.654990
2      opls_145     6.972370    9.340660   11.729880
3      opls_700     6.558200    8.241400   10.945150
4      opls_145     5.277960    7.698960   11.201940
5      opls_145     4.417360    8.294400   12.128240
6      opls_142     3.890670   10.031660   13.826500
7      opls_700    10.323170    5.721210   12.854070
8      opls_145     9.032490    5.208910   12.654990
9      opls_145     8.171130    5.802840   11.729880
10     opls_700     8.585300    6.902100   10.945150
11     opls_145     9.865540    7.444540   11.201940
12     opls_145    10.726140    6.849100   12.128240
13     opls_142    11.252830    5.111840   13.826500
14     opls_700    13.292960   12.392080    2.870170
15     opls_145    12.780660   13.682760    2.671090
16     opls_145    13.374590   14.544120    1.745980
17     opls_700    14.473850   14.129950    0.961250
18     opls_145    15.016290   12.849710    1.218040
19     opls_145    14.420850   11.989110    2.144340
20     opls_142    12.683590   11.462420    3.842600
21     opls_700     1.850540    2.751420    2.870170
22     opls_145     2.362840    1.460740    2.671090
23     opls_145     1.768910    0.599380    1.745980
24     opls_700     0.669650    1.013550    0.961250
25     opls_145     0.127210    2.293790    1.218040
26     opls_145     0.722650    3.154390    2.144340
27     opls_142     2.459910    3.681080    3.842600
28     opls_700     2.751420   13.292960   17.097630
29     opls_145     1.460740   12.780660   17.296710
30     opls_145     0.599380   13.374590   18.221820
31     opls_700     1.013550   14.473850   19.006550
32     opls_145     2.293790   15.016290   18.749760
33     opls_145     3.154390   14.420850   17.823460
34     opls_142     3.681080   12.683590   16.125200
35     opls_700    12.392080    1.850540   17.097630
36     opls_145    13.682760    2.362840   17.296710
37     opls_145    14.544120    1.768910   18.221820
38     opls_700    14.129950    0.669650   19.006550
39     opls_145    12.849710    0.127210   18.749760
40     opls_145    11.989110    0.722650   17.823460
41     opls_142    11.462420    2.459910   16.125200
42     opls_700     9.422290   10.323170    7.113730
43     opls_145     9.934590    9.032490    7.312810
44     opls_145     9.340660    8.171130    8.237920
45     opls_700     8.241400    8.585300    9.022650
46     opls_145     7.698960    9.865540    8.765860
47     opls_145     8.294400   10.726140    7.839560
48     opls_142    10.031660   11.252830    6.141300
49     opls_700     5.721210    4.820330    7.113730
50     opls_145     5.208910    6.111010    7.312810
51     opls_145     5.802840    6.972370    8.237920
52     opls_700     6.902100    6.558200    9.022650
53     opls_145     7.444540    5.277960    8.765860
54     opls_145     6.849100    4.417360    7.839560
55     opls_142     5.111840    3.890670    6.141300
56     opls_701     7.571750    7.571750    9.983900
57     opls_701     0.000000    0.000000    0.000000
58     opls_146     6.460070   10.789140   13.221280
59     opls_146     7.971080    9.744390   11.619260
60     opls_146     4.939960    6.795040   10.715920
61     opls_146     3.437880    7.860840   12.290180
62     opls_144     2.905430    9.600070   13.962480
63     opls_146     8.683430    4.354360   13.221280
64     opls_146     7.172420    5.399110   11.619260
65     opls_146    10.203540    8.348460   10.715920
66     opls_146    11.705620    7.282660   12.290180
67     opls_144    12.238070    5.543430   13.962480
68     opls_146    11.926110   14.031820    3.237380
69     opls_146    12.970860   15.542830    1.635360
70     opls_146    15.920210   12.511710    0.732020
71     opls_146    14.854410   11.009630    2.306280
72     opls_144    13.115180   10.477180    3.978580
73     opls_146     3.217390    1.111680    3.237380
74     opls_146     2.172640   -0.399330    1.635360
75     opls_146    -0.776710    2.631790    0.732020
76     opls_146     0.289090    4.133870    2.306280
77     opls_144     2.028320    4.666320    3.978580
78     opls_146     1.111680   11.926110   16.730420
79     opls_146    -0.399330   12.970860   18.332440
80     opls_146     2.631790   15.920210   19.235780
81     opls_146     4.133870   14.854410   17.661520
82     opls_144     4.666320   13.115180   15.989220
83     opls_146    14.031820    3.217390   16.730420
84     opls_146    15.542830    2.172640   18.332440
85     opls_146    12.511710   -0.776710   19.235780
86     opls_146    11.009630    0.289090   17.661520
87     opls_144    10.477180    2.028320   15.989220
88     opls_146    10.789140    8.683430    6.746520
89     opls_146     9.744390    7.172420    8.348540
90     opls_146     6.795040   10.203540    9.251880
91     opls_146     7.860840   11.705620    7.677620
92     opls_144     9.600070   12.238070    6.005320
93     opls_146     4.354360    6.460070    6.746520
94     opls_146     5.399110    7.971080    8.348540
95     opls_146     8.348460    4.939960    9.251880
96     opls_146     7.282660    3.437880    7.677620
97     opls_144     5.543430    2.905430    6.005320
98     opls_750     4.231250   11.072930   14.516990
99     opls_750    10.912250    4.070570   14.516990
100    opls_750    11.642320   11.803000    4.533090
101    opls_750     3.501180    3.340500    4.533090
102    opls_750     3.340500   11.642320   15.434710
103    opls_750    11.803000    3.501180   15.434710
104    opls_750    11.072930   10.912250    5.450810
105    opls_750     4.070570    4.231250    5.450810
