0      opls_238     2.237760    2.275480   20.252700
1      opls_238     2.237800   15.862030    4.789810
2      opls_238     2.237800    1.799000   13.122130
3      opls_238     2.237800   10.826420    9.084750
4      opls_238     2.237760   -4.136120   17.097780
5      opls_238     2.237760   17.072810   11.289650
6      opls_900     2.237800   19.120560    0.851600
7      opls_900     2.237800    5.784660    8.229100
8      opls_900     2.237720   18.850920   16.077690
9      opls_910     2.237760    3.260140   19.740380
10     opls_910     2.237800   14.769140    4.595000
11     opls_910     2.237800    0.885480   12.491650
12     opls_910     2.237800   11.564510    9.913830
13     opls_910     2.237760   -4.186070   18.206430
14     opls_910     2.237760   17.783440   10.436780
15     opls_144     2.237800    0.100500   19.948090
16     opls_146     2.237800   -0.024390   21.769950
17     opls_617     2.237800   -0.098160   24.303750
18     opls_526     2.237800    4.443300   21.926810
19     opls_144     2.237800   17.446160    6.265560
20     opls_525     2.237800   18.524010    3.619430
21     opls_526     2.237800   14.361750    0.604920
22     opls_617     2.237800   14.083780    3.171620
23     opls_144     2.237760    2.625610   15.157020
24     opls_146     2.237800    4.263350   14.351460
25     opls_617     2.237800    6.493250   13.146170
26     opls_526     2.237800    2.161250   10.405920
27     opls_144     2.237800   11.319400    6.976490
28     opls_525     2.237800    8.480820    7.360300
29     opls_526     2.237800    7.951610   12.472170
30     opls_617     2.237800   10.312100   11.429810
31     opls_144     2.237760   -2.783360   15.367510
32     opls_146     2.237760   -4.296060   14.347410
33     opls_617     2.237760   -6.450890   13.013090
34     opls_526     2.237760   -6.671600   18.134580
35     opls_144     2.237760   15.005630   11.934290
36     opls_525     2.237720   16.759050   14.175370
37     opls_526     2.237720   21.451690   12.082050
38     opls_617     2.237720   19.368440   10.555440
39     opls_526     2.237800    4.070390    5.836220
40     opls_146     2.237800    2.035050    4.450280
41     opls_146     2.237800   -0.343260    5.663170
42     opls_146     2.237800   -0.493130    8.239730
43     opls_526     2.237800    1.638610    9.606440
44     opls_526     2.237720  -11.583500   18.755190
45     opls_146     2.237720  -11.771050   21.210820
46     opls_146     2.237720   -9.535450   22.668860
47     opls_146     2.237720   -7.226520   21.514920
48     opls_526     2.237720   -7.103530   18.985930
49     opls_526     2.237800    7.443870   25.865020
50     opls_146     2.237800    9.662380   24.796850
51     opls_146     2.237800    9.802610   22.130730
52     opls_146     2.237800    7.646760   20.711650
53     opls_526     2.237800    5.396990   21.872920
54     opls_140     1.700390   19.791460    3.846370
55     opls_140     1.700390   21.620550    3.500260
56     opls_140     3.312580   20.706150    3.673320
57     opls_140     1.379990   20.970830    1.322430
58     opls_140     3.168580   20.959730    1.511170
59     opls_140     1.700390    8.041740    6.149430
60     opls_140     1.700390    6.826580    4.738960
61     opls_140     3.312610    7.433940    5.444320
62     opls_140     1.380020    5.266260    6.391560
63     opls_140     3.168610    5.435260    6.306800
64     opls_140     2.775130   15.301270   16.900190
65     opls_140     2.775130   15.927620   15.146900
66     opls_140     1.162910   15.614590   16.023540
67     opls_140     1.379230   17.511160   17.440350
68     opls_140     3.168540   17.354870   17.336620
69     opls_142     2.237760    1.131020   19.460560
70     opls_916     2.237800    2.214710   21.635100
71     opls_145     2.237800    0.958510   22.347550
72     opls_608     2.237800    0.908560   23.768910
73     opls_700     2.237800    2.151760   24.542840
74     opls_700     2.237800    3.473690   23.909320
75     opls_523     2.237800    3.422860   22.435340
76     opls_142     2.237800   16.323760    6.065690
77     opls_523     2.237800   16.281550    3.511140
78     opls_522     2.237800   17.609610    2.938350
79     opls_521     2.237800   17.839820    1.478540
80     opls_700     2.237800   16.628320    0.671970
81     opls_523     2.237800   15.285200    1.273350
82     opls_145     2.237800   15.117950    2.692430
83     opls_142     2.237760    1.687110   14.509590
84     opls_916     2.237800    3.025110   12.481030
85     opls_145     2.237800    4.270940   13.211440
86     opls_608     2.237800    5.526120   12.542760
87     opls_700     2.237800    5.573300   11.079150
88     opls_700     2.237800    4.363400   10.252090
89     opls_523     2.237800    3.112460   11.034370
90     opls_142     2.237800   11.703860    8.049720
91     opls_523     2.237800    9.508430    9.356720
92     opls_522     2.237800    8.348190    8.492730
93     opls_521     2.237800    6.968710    9.023520
94     opls_700     2.237800    6.875810   10.476250
95     opls_523     2.237800    8.068180   11.338220
96     opls_145     2.237800    9.380320   10.773270
97     opls_142     2.237760   -2.877430   16.503490
98     opls_916     2.237760   -5.301760   16.352440
99     opls_145     2.237760   -5.288610   14.908320
100    opls_608     2.237760   -6.493100   14.152350
101    opls_700     2.237760   -7.785680   14.840260
102    opls_700     2.237760   -7.900780   16.301590
103    opls_523     2.237760   -6.599880   16.996840
104    opls_142     2.237760   15.735540   11.058660
105    opls_523     2.237720   17.974500   12.288240
106    opls_522     2.237720   17.806370   13.724020
107    opls_521     2.237720   18.952870   14.655320
108    opls_700     2.237720   20.257430   14.010420
109    opls_523     2.237720   20.410510   12.546560
110    opls_145     2.237720   19.265760   11.690650
111    opls_521     2.237800    4.724630   24.714370
112    opls_521     2.237800    4.434690    8.765970
113    opls_521     2.237720   -9.224900   16.980390
114    opls_700     2.237800    3.169720    7.927020
115    opls_523     2.237800    3.107640    6.447220
116    opls_145     2.237800    1.917170    5.583980
117    opls_145     2.237800    0.622260    6.269360
118    opls_145     2.237800    0.528770    7.733720
119    opls_523     2.237800    1.799440    8.477800
120    opls_700     2.237720   -9.322480   18.494850
121    opls_523     2.237720  -10.574450   19.285480
122    opls_145     2.237720  -10.729280   20.747830
123    opls_145     2.237720   -9.490750   21.529850
124    opls_145     2.237720   -8.174080   20.881160
125    opls_523     2.237720   -8.162100   19.408690
126    opls_700     2.237800    6.084110   24.039110
127    opls_523     2.237800    7.396550   24.726010
128    opls_145     2.237800    8.739510   24.127410
129    opls_145     2.237800    8.794580   22.663290
130    opls_145     2.237800    7.573580   21.849390
131    opls_523     2.237800    6.293430   22.577020
132    opls_135     2.237800   20.635450    3.299890
133    opls_908     2.237800   20.337620    1.725970
134    opls_135     2.237800    7.146180    5.692260
135    opls_908     2.237800    5.932490    6.737910
136    opls_135     2.237720   15.972320   16.151310
137    opls_908     2.237720   17.482100   16.690710
138    opls_280     2.237800   13.989710    7.093630
139    opls_700     2.237800   15.429960    7.209000
140    opls_280     2.237760    1.410600   16.937640
141    opls_700     2.237760    0.607070   18.121930
142    opls_280     2.237760   13.759360    9.561150
143    opls_700     2.237800   13.140310    8.254650
144    opls_280     2.237760   -0.636720   15.529940
145    opls_700     2.237760    0.790530   15.633420
146    opls_280     2.237760   16.010290    8.524350
147    opls_700     2.237760   15.189670    9.713960
148    opls_280     2.237760   -0.832450   18.006820
149    opls_700     2.237760   -1.456030   16.718790
150    opls_403     0.437620   20.025170    6.985100
151    opls_403     0.437800   10.647630    4.388550
152    opls_403     0.435420   14.839250   19.736580
153    opls_281     2.237800   13.422230    5.957910
154    opls_281     2.237760    2.674540   17.066410
155    opls_281     2.237760   13.062020   10.623240
156    opls_281     2.237760   -1.157310   14.370690
157    opls_281     2.237760   17.277740    8.598990
158    opls_281     2.237760   -1.576240   19.037030
