0      opls_700    18.460220   10.947560    2.289320
1      opls_700    15.993010   10.949100    2.000260
2      opls_700    17.281250    8.844860    1.709330
3      opls_145    18.465160    9.562970    1.999100
4      opls_145    17.204330   11.596420    2.348170
5      opls_145    16.072560    9.578240    1.651520
6      opls_700    19.670430   11.665130    2.486150
7      opls_700    14.751080   11.645070    2.001380
8      opls_700    17.300370    7.438010    1.512420
9      opls_916    -1.437670   19.349460    2.200780
10     opls_916     0.973910   19.365850    2.006990
11     opls_916    -0.272420   21.430390    1.809080
12     opls_145    20.769900   11.110780    3.187770
13     opls_145    -1.341020   22.093380    1.145480
14     opls_145    14.665740   13.014080    1.647150
15     opls_145    -1.634580   18.017200    1.747310
16     opls_145    16.277730    6.620100    2.054350
17     opls_145     2.074970   19.753350    1.196640
18     opls_145    18.347690    6.788940    0.812480
19     opls_145    -2.562300   19.914480    2.862300
20     opls_145    13.539410   11.003540    2.357060
21     opls_145     0.760240   22.295210    2.263040
22     opls_145    19.835130   12.963690    1.942730
23     opls_145     1.217770   18.225190    2.818710
24     opls_145    21.987450   11.806450    3.310720
25     opls_145    -1.407610   23.490240    0.990840
26     opls_145    13.442920   13.708840    1.678600
27     opls_145    -2.843270   17.314570    1.909120
28     opls_145    16.309190    5.221190    1.919780
29     opls_145     3.308770   19.076410    1.191870
30     opls_145    18.389720    5.387190    0.690160
31     opls_145    -3.788540   19.241370    3.015460
32     opls_145    12.308440   11.684190    2.328500
33     opls_145     0.727690   23.692540    2.099980
34     opls_145    21.045060   13.666290    2.077780
35     opls_145     2.439050   17.526560    2.825240
36     opls_700    22.152530   13.089460    2.739950
37     opls_700    12.223300   13.062340    2.004350
38     opls_700    17.380500    4.577160    1.259780
39     opls_700    -3.948660   17.926860    2.533060
40     opls_700     3.510410   17.944890    2.008960
41     opls_700    -0.371280   24.314470    1.473880
42     opls_700     4.742780   17.254210    2.009400
43     opls_700     7.235440   15.857490    2.008840
44     opls_700    10.979620   13.759540    2.005750
45     opls_700     8.467330   15.167210    2.008000
46     opls_700    -0.438450   25.719100    1.357610
47     opls_700    -0.550400   28.572920    1.209060
48     opls_700    17.448730    3.165840    1.199810
49     opls_700    17.572720    0.303180    1.173560
50     opls_700    -5.181380   17.250160    2.647880
51     opls_700    -7.673570   15.854970    2.794230
52     opls_700    23.391940   13.768040    2.800960
53     opls_700    25.898210   15.156580    2.828970
54     opls_145     5.964170   17.948780    2.172890
55     opls_145     7.191750   17.261380    2.171490
56     opls_145     9.914300   13.385050    2.867150
57     opls_145     8.680370   14.060470    2.858330
58     opls_145    -1.551690   26.426980    1.863570
59     opls_145    -1.602510   27.830500    1.797260
60     opls_145    18.634820    2.484930    1.559970
61     opls_145    18.695410    1.079360    1.548310
62     opls_145    -5.261500   15.974160    3.250310
63     opls_145    -6.489250   15.290050    3.325270
64     opls_145    23.468350   15.125440    3.190970
65     opls_145    24.700320   15.804330    3.213890
66     opls_145     4.787970   15.849920    1.845980
67     opls_145     6.015250   15.161960    1.846740
68     opls_145    10.741920   14.864470    1.145680
69     opls_145     9.521490   15.564060    1.156700
70     opls_145    -6.366120   17.829290    2.139520
71     opls_145    -7.589380   17.139520    2.204780
72     opls_145    24.592430   13.111360    2.442520
73     opls_145    25.822860   13.793670    2.455020
74     opls_145     0.608680   26.453220    0.756150
75     opls_145     0.551050   27.857600    0.680150
76     opls_145    16.331530    2.391330    0.809150
77     opls_145    16.395340    0.986500    0.787040
78     opls_146    19.356140    9.063660    1.998900
79     opls_146    17.175760   12.569340    2.659660
80     opls_146    15.227110    9.095150    1.340310
81     opls_146    20.697470   10.189000    3.621330
82     opls_146    -2.112420   21.557800    0.771770
83     opls_146    15.498310   13.530150    1.355010
84     opls_146    -0.882380   17.525350    1.286620
85     opls_146    15.503910    7.033190    2.581020
86     opls_146     1.996630   20.559590    0.593170
87     opls_146    19.097010    7.331190    0.379760
88     opls_146    -2.509250   20.852500    3.235560
89     opls_146    13.534190   10.023640    2.648200
90     opls_146     1.572060   21.911270    2.724880
91     opls_146    19.079520   13.407390    1.414820
92     opls_146     0.488590   17.871570    3.421780
93     opls_146    22.754720   11.368000    3.826610
94     opls_146    -2.216830   23.899910    0.516890
95     opls_146    13.464690   14.706670    1.460660
96     opls_146    -2.914850   16.359040    1.547350
97     opls_146    15.551180    4.674580    2.333990
98     opls_146     4.054840   19.411050    0.575660
99     opls_146    19.164950    4.961150    0.175600
100    opls_146    -4.561370   19.717540    3.487920
101    opls_146    11.469200   11.144830    2.547440
102    opls_146     1.504020   24.253660    2.462310
103    opls_146    21.116430   14.598040    1.662530
104    opls_146     2.542540   16.716180    3.442090
105    opls_146     5.969130   18.963630    2.305860
106    opls_146     8.054830   17.795250    2.301940
107    opls_146    10.025170   12.621530    3.537080
108    opls_146     7.944140   13.750900    3.498300
109    opls_146    -2.328060   25.926560    2.303700
110    opls_146    -2.412230   28.307710    2.202180
111    opls_146    19.462920    3.007820    1.857960
112    opls_146    19.565470    0.626800    1.838490
113    opls_146    -4.424900   15.535470    3.644730
114    opls_146    -6.510180   14.372660    3.777460
115    opls_146    22.624950   15.633490    3.466130
116    opls_146    24.714020   16.781230    3.518530
117    opls_146     3.925410   15.315700    1.713290
118    opls_146     6.010840   14.146880    1.716060
119    opls_146    11.449940   15.168950    0.474990
120    opls_146     9.400330   16.354640    0.517570
121    opls_146    -6.344160   18.752290    1.698550
122    opls_146    -8.418590   17.580180    1.798310
123    opls_146    24.578920   12.132330    2.145170
124    opls_146    26.663220   13.287620    2.166040
125    opls_146     1.420360   25.968980    0.363290
126    opls_146     1.322660   28.354480    0.228720
127    opls_146    15.458150    2.845460    0.532840
128    opls_146    15.569520    0.464570    0.481840
129    opls_239    -0.243860   20.047790    2.005670
