0      opls_700    13.842030   24.365570    1.619400
1      opls_145    15.338190   24.808970    1.619400
2      opls_145    14.337390   21.571350    1.619400
3      opls_145    16.123930   25.929780    1.619400
4      opls_145    17.427400   25.974210    1.619400
5      opls_145    18.123900   24.911550    1.619400
6      opls_145    17.438320   23.847000    1.619400
7      opls_145    16.147950   23.892380    1.619400
8      opls_145    15.660780   21.229580    1.619400
9      opls_145    16.218360   20.062450    1.619400
10     opls_145    15.534690   18.999320    1.619400
11     opls_145    14.286080   19.197380    1.619400
12     opls_145    13.790450   20.391460    1.619400
13     opls_145    19.515800   24.903990    1.619400
14     opls_145    16.109740   17.732920    1.619400
15     opls_145    20.210660   25.998790    1.619400
16     opls_145    21.495840   25.981300    1.619400
17     opls_145    22.146220   24.866170    1.619400
18     opls_145    21.456820   23.779870    1.619400
19     opls_145    20.181450   23.793580    1.619400
20     opls_145    17.394650   17.576920    1.619400
21     opls_145    17.933130   16.418300    1.619400
22     opls_145    17.219160   15.344290    1.619400
23     opls_145    15.937800   15.492250    1.619400
24     opls_145    15.393590   16.654180    1.619400
25     opls_142    23.515460   24.715370    1.619400
26     opls_142    17.707690   14.051890    1.619400
27     opls_141    24.436850   25.554910    1.619400
28     opls_145    25.774980   25.173430    1.619400
29     opls_423    24.178660   26.852990    1.619400
30     opls_145    26.711650   26.067810    1.619400
31     opls_145    27.954530   25.745420    1.619400
32     opls_145    28.327340   24.505020    1.619400
33     opls_145    27.389310   23.614900    1.619400
34     opls_145    26.153790   23.934920    1.619400
35     opls_141    29.657560   24.099430    1.619400
36     opls_423    19.911530   14.471190    1.619400
37     opls_700    -0.730070   47.076160    1.619400
38     opls_145    25.430010    0.878780    1.619400
39     opls_145    28.734270    1.630860    1.619400
40     opls_145    24.066490    0.998840    1.619400
41     opls_145    23.376270    2.105470    1.619400
42     opls_145    23.948320    3.239980    1.619400
43     opls_145    25.213030    3.178530    1.619400
44     opls_145    25.818920    2.038340    1.619400
45     opls_145    28.368550    2.947840    1.619400
46     opls_145    29.100530    4.014290    1.619400
47     opls_145    30.363060    3.953780    1.619400
48     opls_145    30.815840    2.773410    1.619400
49     opls_145    30.029550    1.747150    1.619400
50     opls_145    23.258920    4.449180    1.619400
51     opls_145    31.172270    5.084980    1.619400
52     opls_145    21.963360    4.503550    1.619400
53     opls_145    21.335910    5.625300    1.619400
54     opls_145    21.976460    6.746100    1.619400
55     opls_145    23.261920    6.692210    1.619400
56     opls_145    23.887730    5.580860    1.619400
57     opls_145    30.664910    6.275750    1.619400
58     opls_145    31.399070    7.321390    1.619400
59     opls_145    32.686170    7.240090    1.619400
60     opls_145    33.198720    6.056410    1.619400
61     opls_145    32.464560    5.004150    1.619400
62     opls_142    21.422430    8.007300    1.619400
63     opls_142    33.561160    8.309370    1.619400
64     opls_141    20.234670    8.385470    1.619400
65     opls_145    19.895980    9.735070    1.619400
66     opls_423    19.239600    7.512840    1.619400
67     opls_145    18.653090   10.099060    1.619400
68     opls_145    18.310850   11.336620    1.619400
69     opls_145    19.198660   12.279690    1.619400
70     opls_145    20.438550   11.912390    1.619400
71     opls_145    20.779150   10.682390    1.619400
72     opls_141    18.884800   13.634490    1.619400
73     opls_423    32.096110   10.008300    1.619400
74     opls_700   -13.111970   23.101060    1.619400
75     opls_145    41.108260   21.583640    1.619400
76     opls_145    38.804800   24.069170    1.619400
77     opls_145    41.686030   20.342770    1.619400
78     opls_145    41.072780   19.191710    1.619400
79     opls_145    39.804240   19.119860    1.619400
80     opls_145    39.225100   20.245860    1.619400
81     opls_145    39.909580   21.340670    1.619400
82     opls_145    37.847120   23.093970    1.619400
83     opls_145    36.557560   23.194650    1.619400
84     opls_145    35.978700   24.318290    1.619400
85     opls_145    36.774530   25.300590    1.619400
86     opls_145    38.056450   25.132780    1.619400
87     opls_145    39.101740   17.918220    1.619400
88     opls_145    34.594440   24.453490    1.619400
89     opls_145    39.702440   16.769050    1.619400
90     opls_145    39.044700   15.664790    1.619400
91     opls_145    37.753780   15.659120    1.619400
92     opls_145    37.157720   16.799310    1.619400
93     opls_145    37.807270   17.896950    1.619400
94     opls_145    33.816880   23.418720    1.619400
95     opls_145    32.544250   23.531700    1.619400
96     opls_145    31.971120   24.687010    1.619400
97     opls_145    32.739940   25.722730    1.619400
98     opls_145    34.018300   25.613060    1.619400
99     opls_142    36.938560   14.548720    1.619400
100    opls_142    30.607600   24.910130    1.619400
101    opls_141    37.204930   13.331000    1.619400
102    opls_145    36.205490   12.362890    1.619400
103    opls_423    38.458190   12.905560    1.619400
104    opls_145    36.511710   11.104520    1.619400
105    opls_145    35.611070   10.189350    1.619400
106    opls_145    34.350450   10.486690    1.619400
107    opls_145    34.048590   11.744100    1.619400
108    opls_145    34.943500   12.654080    1.619400
109    opls_141    33.334090    9.537480    1.619400
110    opls_423    29.868800   22.791900    1.619400
111    opls_700    13.450120   22.905820    1.619400
112    opls_145    11.953960   22.462420    1.619400
113    opls_145    12.954760   25.700040    1.619400
114    opls_145    11.168220   21.341610    1.619400
115    opls_145     9.864750   21.297180    1.619400
116    opls_145     9.168250   22.359840    1.619400
117    opls_145     9.853830   23.424390    1.619400
118    opls_145    11.144200   23.379010    1.619400
119    opls_145    11.631370   26.041810    1.619400
120    opls_145    11.073790   27.208940    1.619400
121    opls_145    11.757460   28.272070    1.619400
122    opls_145    13.006070   28.074010    1.619400
123    opls_145    13.501700   26.879930    1.619400
124    opls_145     7.776350   22.367400    1.619400
125    opls_145    11.182410   29.538470    1.619400
126    opls_145     7.081490   21.272600    1.619400
127    opls_145     5.796310   21.290090    1.619400
128    opls_145     5.145930   22.405220    1.619400
129    opls_145     5.835330   23.491520    1.619400
130    opls_145     7.110700   23.477810    1.619400
131    opls_145     9.897500   29.694470    1.619400
132    opls_145     9.359020   30.853090    1.619400
133    opls_145    10.072990   31.927100    1.619400
134    opls_145    11.354350   31.779140    1.619400
135    opls_145    11.898560   30.617210    1.619400
136    opls_142     3.776690   22.556020    1.619400
137    opls_142     9.584460   33.219500    1.619400
138    opls_141     2.855300   21.716480    1.619400
139    opls_145     1.517170   22.097960    1.619400
140    opls_423     3.113490   20.418400    1.619400
141    opls_145     0.580500   21.203580    1.619400
142    opls_145    -0.662380   21.525970    1.619400
143    opls_145    -1.035190   22.766370    1.619400
144    opls_145    -0.097160   23.656490    1.619400
145    opls_145     1.138360   23.336470    1.619400
146    opls_141    -2.365410   23.171960    1.619400
147    opls_423     7.380620   32.800200    1.619400
148    opls_700    28.022220    0.195230    1.619400
149    opls_145     1.862140   46.392620    1.619400
150    opls_145    -1.442120   45.640530    1.619400
151    opls_145     3.225660   46.272550    1.619400
152    opls_145     3.915880   45.165920    1.619400
153    opls_145     3.343830   44.031410    1.619400
154    opls_145     2.079120   44.092860    1.619400
155    opls_145     1.473230   45.233050    1.619400
156    opls_145    -1.076400   44.323550    1.619400
157    opls_145    -1.808380   43.257100    1.619400
158    opls_145    -3.070910   43.317610    1.619400
159    opls_145    -3.523690   44.497980    1.619400
160    opls_145    -2.737400   45.524240    1.619400
161    opls_145     4.033230   42.822210    1.619400
162    opls_145    -3.880120   42.186410    1.619400
163    opls_145     5.328790   42.767850    1.619400
164    opls_145     5.956240   41.646090    1.619400
165    opls_145     5.315690   40.525290    1.619400
166    opls_145     4.030230   40.579180    1.619400
167    opls_145     3.404420   41.690530    1.619400
168    opls_145    -3.372760   40.995640    1.619400
169    opls_145    -4.106920   39.950000    1.619400
170    opls_145    -5.394020   40.031300    1.619400
171    opls_145    -5.906570   41.214980    1.619400
172    opls_145    -5.172410   42.267240    1.619400
173    opls_142     5.869720   39.264090    1.619400
174    opls_142    -6.269010   38.962030    1.619400
175    opls_141     7.057480   38.885920    1.619400
176    opls_145     7.396170   37.536320    1.619400
177    opls_423     8.052550   39.758550    1.619400
178    opls_145     8.639060   37.172330    1.619400
179    opls_145     8.981300   35.934770    1.619400
180    opls_145     8.093490   34.991700    1.619400
181    opls_145     6.853600   35.359000    1.619400
182    opls_145     6.513000   36.589000    1.619400
183    opls_141     8.407350   33.636900    1.619400
184    opls_423    -4.803960   37.263090    1.619400
185    opls_700    40.404120   24.170330    1.619400
186    opls_145   -13.816110   25.687750    1.619400
187    opls_145   -11.512650   23.202220    1.619400
188    opls_145   -14.393880   26.928620    1.619400
189    opls_145   -13.780630   28.079680    1.619400
190    opls_145   -12.512090   28.151530    1.619400
191    opls_145   -11.932950   27.025530    1.619400
192    opls_145   -12.617430   25.930720    1.619400
193    opls_145   -10.554970   24.177430    1.619400
194    opls_145    -9.265410   24.076740    1.619400
195    opls_145    -8.686550   22.953100    1.619400
196    opls_145    -9.482380   21.970800    1.619400
197    opls_145   -10.764300   22.138610    1.619400
198    opls_145   -11.809590   29.353170    1.619400
199    opls_145    -7.302290   22.817900    1.619400
200    opls_145   -12.410290   30.502340    1.619400
201    opls_145   -11.752550   31.606600    1.619400
202    opls_145   -10.461630   31.612270    1.619400
203    opls_145    -9.865570   30.472080    1.619400
204    opls_145   -10.515120   29.374440    1.619400
205    opls_145    -6.524730   23.852670    1.619400
206    opls_145    -5.252100   23.739690    1.619400
207    opls_145    -4.678970   22.584380    1.619400
208    opls_145    -5.447790   21.548660    1.619400
209    opls_145    -6.726150   21.658330    1.619400
210    opls_142    -9.646410   32.722670    1.619400
211    opls_142    -3.315450   22.361260    1.619400
212    opls_141    -9.912780   33.940390    1.619400
213    opls_145    -8.913340   34.908500    1.619400
214    opls_423   -11.166040   34.365830    1.619400
215    opls_145    -9.219560   36.166870    1.619400
216    opls_145    -8.318920   37.082040    1.619400
217    opls_145    -7.058300   36.784710    1.619400
218    opls_145    -6.756440   35.527290    1.619400
219    opls_145    -7.651350   34.617310    1.619400
220    opls_141    -6.041940   37.733910    1.619400
221    opls_423    -2.576650   24.479490    1.619400
222    opls_753    20.754590   15.116450    1.619400
223    opls_753    23.994990   27.898160    1.619400
224    opls_753    31.115780   10.415780    1.619400
225    opls_753    18.426300    6.831190    1.619400
226    opls_753    30.006080   21.739170    1.619400
227    opls_753    39.455170   12.542050    1.619400
228    opls_753     6.537560   32.154950    1.619400
229    opls_753     3.297160   19.373230    1.619400
230    opls_753    -3.823630   36.855610    1.619400
231    opls_753     8.865850   40.440200    1.619400
232    opls_753    -2.713930   25.532220    1.619400
233    opls_753   -12.163020   34.729350    1.619400
234    opls_146    16.004940   26.897890    1.619400
235    opls_146    17.879910   26.857240    1.619400
236    opls_146    17.879630   22.973900    1.619400
237    opls_146    15.621750   23.221130    1.619400
238    opls_146    16.469990   21.739640    1.619400
239    opls_146    17.208790   20.020380    1.619400
240    opls_146    13.649620   18.439150    1.619400
241    opls_146    12.938390   20.273280    1.619400
242    opls_146    19.788170   26.890330    1.619400
243    opls_146    21.940160   26.855820    1.619400
244    opls_146    21.907680   22.894950    1.619400
245    opls_146    19.751870   22.906770    1.619400
246    opls_146    18.025370   18.333740    1.619400
247    opls_146    18.910180   16.419240    1.619400
248    opls_146    15.342010   14.697620    1.619400
249    opls_146    14.407250   16.675930    1.619400
250    opls_144    23.766280   23.766640    1.619400
251    opls_144    16.985820   13.382060    1.619400
252    opls_146    26.495770   27.035450    1.619400
253    opls_146    28.597530   26.494200    1.619400
254    opls_146    27.593730   22.645360    1.619400
255    opls_146    25.526620   23.174800    1.619400
256    opls_146    23.287570    0.411730    1.619400
257    opls_146    22.385290    2.055830    1.619400
258    opls_146    25.748510    3.997270    1.619400
259    opls_146    26.663340    1.918270    1.619400
260    opls_146    27.522220    3.393610    1.619400
261    opls_146    28.641750    4.893060    1.619400
262    opls_146    31.790720    2.601340    1.619400
263    opls_146    30.557930    1.068330    1.619400
264    opls_146    21.402500    3.691900    1.619400
265    opls_146    20.356400    5.572820    1.619400
266    opls_146    23.802850    7.525130    1.619400
267    opls_146    24.870520    5.652240    1.619400
268    opls_146    29.694130    6.443560    1.619400
269    opls_146    30.909720    8.167080    1.619400
270    opls_146    34.184780    5.937760    1.619400
271    opls_146    32.938900    4.139080    1.619400
272    opls_144    22.118650    8.698880    1.619400
273    opls_144    34.502190    8.019120    1.619400
274    opls_146    17.923030    9.428280    1.619400
275    opls_146    17.340890   11.519090    1.619400
276    opls_146    21.175980   12.574190    1.619400
277    opls_146    21.751020   10.519300    1.619400
278    opls_146    42.583940   19.961760    1.619400
279    opls_146    41.611250   18.358320    1.619400
280    opls_146    38.248310   20.300230    1.619400
281    opls_146    39.591360   22.131990    1.619400
282    opls_146    37.884230   22.138140    1.619400
283    opls_146    36.025910   22.357950    1.619400
284    opls_146    36.436110   26.230890    1.619400
285    opls_146    38.380130   25.929780    1.619400
286    opls_146    40.685770   16.689160    1.619400
287    opls_146    39.579890   14.842740    1.619400
288    opls_146    36.165920   16.851310    1.619400
289    opls_146    37.254060   18.712380    1.619400
290    opls_146    34.156940   22.494090    1.619400
291    opls_146    32.056540   22.685070    1.619400
292    opls_146    32.349660   26.636010    1.619400
293    opls_146    34.530300   26.456380    1.619400
294    opls_144    35.991520   14.805870    1.619400
295    opls_144    30.388440   25.870210    1.619400
296    opls_146    37.457660   10.807660    1.619400
297    opls_146    35.938030    9.258100    1.619400
298    opls_146    33.106740   12.051840    1.619400
299    opls_146    34.598800   13.577290    1.619400
300    opls_146    11.287210   20.373500    1.619400
301    opls_146     9.412240   20.414150    1.619400
302    opls_146     9.412520   24.297490    1.619400
303    opls_146    11.670400   24.050270    1.619400
304    opls_146    10.822160   25.531750    1.619400
305    opls_146    10.083360   27.251010    1.619400
306    opls_146    13.642530   28.832240    1.619400
307    opls_146    14.353760   26.998110    1.619400
308    opls_146     7.503980   20.381060    1.619400
309    opls_146     5.351990   20.415570    1.619400
310    opls_146     5.384470   24.376440    1.619400
311    opls_146     7.540280   24.364620    1.619400
312    opls_146     9.266780   28.937650    1.619400
313    opls_146     8.381970   30.852150    1.619400
314    opls_146    11.950140   32.573770    1.619400
315    opls_146    12.884900   30.595460    1.619400
316    opls_144     3.525870   23.504750    1.619400
317    opls_144    10.306330   33.889330    1.619400
318    opls_146     0.796380   20.235940    1.619400
319    opls_146    -1.305380   20.777190    1.619400
320    opls_146    -0.301580   24.626030    1.619400
321    opls_146     1.765530   24.096590    1.619400
322    opls_146     4.004580   46.859660    1.619400
323    opls_146     4.906860   45.215560    1.619400
324    opls_146     1.543640   43.274120    1.619400
325    opls_146     0.628810   45.353120    1.619400
326    opls_146    -0.230070   43.877780    1.619400
327    opls_146    -1.349600   42.378330    1.619400
328    opls_146    -4.498570   44.670050    1.619400
329    opls_146    -3.265780   46.203060    1.619400
330    opls_146     5.889650   43.579490    1.619400
331    opls_146     6.935750   41.698570    1.619400
332    opls_146     3.489300   39.746260    1.619400
333    opls_146     2.421630   41.619150    1.619400
334    opls_146    -2.401980   40.827830    1.619400
335    opls_146    -3.617570   39.104310    1.619400
336    opls_146    -6.892630   41.333630    1.619400
337    opls_146    -5.646750   43.132310    1.619400
338    opls_144     5.173500   38.572510    1.619400
339    opls_144    -7.210040   39.252270    1.619400
340    opls_146     9.369120   37.843110    1.619400
341    opls_146     9.951260   35.752300    1.619400
342    opls_146     6.116170   34.697200    1.619400
343    opls_146     5.541130   36.752090    1.619400
344    opls_146   -15.291790   27.309630    1.619400
345    opls_146   -14.319100   28.913070    1.619400
346    opls_146   -10.956160   26.971160    1.619400
347    opls_146   -12.299210   25.139400    1.619400
348    opls_146   -10.592080   25.133250    1.619400
349    opls_146    -8.733760   24.913440    1.619400
350    opls_146    -9.143960   21.040500    1.619400
351    opls_146   -11.087980   21.341610    1.619400
352    opls_146   -13.393620   30.582230    1.619400
353    opls_146   -12.287740   32.428650    1.619400
354    opls_146    -8.873770   30.420090    1.619400
355    opls_146    -9.961910   28.559010    1.619400
356    opls_146    -6.864790   24.777300    1.619400
357    opls_146    -4.764390   24.586320    1.619400
358    opls_146    -5.057510   20.635380    1.619400
359    opls_146    -7.238150   20.815010    1.619400
360    opls_144    -8.699370   32.465520    1.619400
361    opls_144    -3.096290   21.401180    1.619400
362    opls_146   -10.165510   36.463730    1.619400
363    opls_146    -8.645880   38.013290    1.619400
364    opls_146    -5.814590   35.219550    1.619400
365    opls_146    -7.306650   33.694100    1.619400
