0      opls_700     1.172630    0.849600    3.690910
1      opls_700    22.539000    1.387160    0.037650
2      opls_700    21.403380    0.557430    0.100520
3      opls_700    32.901990   18.845640    3.768050
4      opls_700    11.497750   18.277520    3.695740
5      opls_700    12.650120   19.098570    3.700460
6      opls_142     2.305600    1.777130    3.447770
7      opls_142    20.040830    1.098850    0.314620
8      opls_142    11.704560   16.825560    3.522530
9      opls_145    18.313060    2.665770    3.591140
10     opls_700    18.214000    4.080120    3.565170
11     opls_700    17.137670    1.870250    3.638040
12     opls_700    16.962010    4.708790    3.657570
13     opls_700    15.884040    2.499920    3.591260
14     opls_145    15.783730    3.915790    3.613270
15     opls_145     4.507840    2.519270    0.041800
16     opls_700     5.789280    1.914770    0.054830
17     opls_700     4.394940    3.934680    0.039760
18     opls_700     6.950260    2.691280    0.152630
19     opls_700     5.558670    4.716740    0.141870
20     opls_145     6.837570    4.105310    0.185780
21     opls_145    11.230470   14.509150    0.209270
22     opls_700    10.069620   13.708420    0.123820
23     opls_700    12.517870   13.905310    0.193220
24     opls_700    10.209480   12.366870    3.681850
25     opls_700    12.615290   12.510450    0.081790
26     opls_145    11.487350   11.762950    3.676330
27     opls_148    31.670120   17.995970    3.629430
28     opls_148    22.418010    2.875820    0.207530
29     opls_148    14.004230   18.447230    3.741890
30     opls_700    11.482910    5.146330    0.004760
31     opls_142     9.081330    4.874020    3.514830
32     opls_142    13.986910    5.435840    0.255530
33     opls_700    12.532830    7.418900    3.736860
34     opls_700    11.250830    8.003420    3.747510
35     opls_700    10.235500    5.782780    3.682640
36     opls_700    10.095220    7.184050    3.699330
37     opls_700    12.624950    5.967860    0.034320
38     opls_142    11.002780    9.414760    0.174300
39     opls_148     8.272320    1.996150    0.354540
40     opls_148    16.892340    6.207240    3.771760
41     opls_148     8.958180   11.583440    3.386740
42     opls_148     3.085490    4.646790    3.736260
43     opls_148    17.220870    0.368550    3.672260
44     opls_148    13.762510   14.745330    0.312510
45     opls_148     5.494950    6.220320    0.187630
46     opls_148     5.919130    0.458920    3.722890
47     opls_148    13.937800   11.794280    0.160070
48     opls_148     8.717940   14.362900    0.221540
49     opls_148    19.486880    4.875460    3.450600
50     opls_148    14.609710    1.701590    3.563130
51     opls_148    13.778960    8.254000    3.627810
52     opls_148    11.586900    3.657580    0.178040
53     opls_148     8.746060    7.834190    3.568560
54     opls_144     2.075710    2.560960    2.708820
55     opls_144    19.457540    0.590240    1.098470
56     opls_144    12.450790   16.550360    2.760630
57     opls_702    31.238210   17.724910    4.604230
58     opls_702    30.897480   18.528650    3.064230
59     opls_702    31.896850   17.060690    3.111320
60     opls_702    23.265790    3.271310    0.778970
61     opls_702    22.397870    3.403230   -0.757940
62     opls_702    21.495440    3.137160    0.732190
63     opls_702    14.010460   17.641840    4.486270
64     opls_702    14.277220   17.989390    2.779430
65     opls_702    14.769080   19.171340    4.021240
66     opls_144    10.215880    9.643530    0.914610
67     opls_144    14.572180    5.997720    0.997460
68     opls_144     9.234320    4.060190    2.786500
69     opls_702     8.140510    1.060530    0.910790
70     opls_702     8.783600    1.745650   -0.587300
71     opls_702     8.955260    2.629450    0.930510
72     opls_702    16.659550    6.518440    4.799950
73     opls_702    17.840850    6.684380    3.510980
74     opls_702    16.109760    6.633760    3.131740
75     opls_702     8.458220   11.213980    4.295950
76     opls_702     8.228040   12.198740    2.847180
77     opls_702     9.182330   10.709110    2.766110
78     opls_702     2.335260    4.112070    4.330010
79     opls_702     3.116380    5.681430    4.090040
80     opls_702     2.707690    4.676680    2.704210
81     opls_702    16.331400   -0.105480    3.246500
82     opls_702    18.090670    0.007600    3.114030
83     opls_702    17.322380   -0.014530    4.698560
84     opls_702    14.576770   14.211950    0.814840
85     opls_702    14.145280   15.047300   -0.674150
86     opls_702    13.571470   15.665960    0.873560
87     opls_702     6.395400    6.605260    0.677700
88     opls_702     5.461960    6.656430   -0.822660
89     opls_702     4.616480    6.589140    0.729540
90     opls_702     5.847520   -0.032530    4.705890
91     opls_702     5.106200    0.066250    3.104750
92     opls_702     6.864460    0.147410    3.262850
93     opls_702    13.838090   10.870920    0.740420
94     opls_702    14.302680   11.509740   -0.838520
95     opls_702    14.715670   12.401090    0.633860
96     opls_702     8.806880   15.306000    0.771460
97     opls_702     8.302600   14.604490   -0.769570
98     opls_702     7.991600   13.715410    0.730030
99     opls_702    19.873070    5.190460    4.431860
100    opls_702    20.256300    4.250670    2.985120
101    opls_702    19.354480    5.779670    2.844460
102    opls_702    14.263150    1.460290    4.579880
103    opls_702    13.820720    2.292040    3.085070
104    opls_702    14.715110    0.752730    3.025110
105    opls_702    14.307940    8.341410    4.589020
106    opls_702    13.539790    9.256280    3.269080
107    opls_702    14.479210    7.790200    2.922060
108    opls_702     8.811550    8.756480    2.980250
109    opls_702    10.774340    3.287220    0.813220
110    opls_702    11.518830    3.122550   -0.781610
111    opls_702     8.321910    8.099460    4.548880
112    opls_702     8.032720    7.161070    3.087260
113    opls_702    12.540980    3.380680    0.631170
114    opls_750    19.607530    2.142530    3.438780
115    opls_750    11.015760   15.885970    0.393430
116    opls_750     3.429550    1.636540    0.214030
117    opls_750    11.712880   10.401020    3.400190
118    opls_750    14.488800    4.432340    3.449920
119    opls_750     7.928600    4.974590    0.355970
