0      opls_166     9.241820   10.514300    3.518530
1      opls_166    15.323440    2.746500    3.518530
2      opls_166    19.009740   11.897240    3.518530
3      opls_166     4.484740   13.260800    0.391470
4      opls_166    -5.283180   14.643740    0.391470
5      opls_166     0.798440   22.411530    0.391470
6      opls_700    10.326110   11.302000    2.993970
7      opls_700    14.099130    3.291680    2.993970
8      opls_700    19.149760   10.564360    2.993970
9      opls_700     4.624760   14.593670    0.916030
10     opls_700    -4.198890   13.856040    0.916030
11     opls_700    -0.425870   21.866360    0.916030
12     opls_145    11.606350   10.742990    3.002960
13     opls_145    13.943130    4.679900    3.002960
14     opls_145    18.025520    9.735150    3.002960
15     opls_145     3.500530   15.422880    0.907040
16     opls_145    -2.918650   14.415050    0.907040
17     opls_145    -0.581870   20.478140    0.907040
18     opls_700    11.849930    9.445080    3.457770
19     opls_700    14.945350    5.539800    3.457770
20     opls_700    16.779720   10.173160    3.457770
21     opls_700     2.254720   14.984880    0.452230
22     opls_700    -2.675070   15.712960    0.452230
23     opls_700     0.420350   19.618240    0.452230
24     opls_145    10.785830    8.683300    0.030500
25     opls_145    16.137130    4.999150    0.030500
26     opls_145    16.652040   11.475590    0.030500
27     opls_145     2.127040   13.682450    3.879500
28     opls_145    -3.739170   16.474740    3.879500
29     opls_145     1.612130   20.158880    3.879500
30     opls_145     9.504140    9.220670    0.070460
31     opls_145    16.312590    3.620490    0.070460
32     opls_145    17.758270   12.316870    0.070460
33     opls_145     3.233260   12.841170    3.839540
34     opls_145    -5.020860   15.937370    3.839540
35     opls_145     1.787590   21.537540    3.839540
36     opls_700    13.218190    8.902170    3.448350
37     opls_700    14.731400    6.996200    3.448350
38     opls_700    15.625410    9.259670    3.448350
39     opls_700     1.100410   15.898370    0.461650
40     opls_700    -1.306810   16.255870    0.461650
41     opls_700     0.206400   18.161840    0.461650
42     opls_145    13.433300    7.519740    3.448850
43     opls_145    15.821070    7.873710    3.448850
44     opls_145    14.320630    9.764590    3.448850
45     opls_145    -0.204370   15.393450    0.461150
46     opls_145    -1.091700   17.638300    0.461150
47     opls_145     1.296070   17.284330    0.461150
48     opls_142    10.346590   12.709590    2.509670
49     opls_142    12.869880    2.605620    2.509670
50     opls_142    20.358530    9.842830    2.509670
51     opls_142     5.833530   15.315210    1.400330
52     opls_142    -4.178410   12.448450    1.400330
53     opls_142    -1.655120   22.552420    1.400330
54     opls_137     8.128340   15.511190    2.254230
55     opls_137    -2.972250   24.441790    2.254230
56     opls_137    -5.156080   10.363100    2.254230
57     opls_137     9.368920   14.794940    1.655770
58     opls_137    22.653340    9.646850    1.655770
59     opls_137    11.552750    0.716250    1.655770
60     opls_136    -3.832860    9.668230    1.868350
61     opls_136     8.068490   17.004570    1.868350
62     opls_136    -4.235640   23.643270    1.868350
63     opls_136    10.289360    1.514770    2.041650
64     opls_136    10.692140   15.489800    2.041650
65     opls_136    22.593490    8.153470    2.041650
66     opls_136    -3.989440    8.181900    1.536830
67     opls_136     9.433990   17.612140    1.536830
68     opls_136    -5.444550   24.522040    1.536830
69     opls_136     9.080450    0.636000    2.373170
70     opls_136    10.535560   16.976140    2.373170
71     opls_136    23.958990    7.545900    2.373170
72     opls_167     7.924840   10.942740    3.690450
73     opls_167    15.610890    1.391740    3.690450
74     opls_167    20.039270   12.823560    3.690450
75     opls_167     5.514270   12.334480    0.219550
76     opls_167    -6.600160   14.215300    0.219550
77     opls_167     1.085890   23.766300    0.219550
78     opls_900     6.897780   14.783620    1.912110
79     opls_900    -1.726880   23.739880    1.912110
80     opls_900    -5.170900   11.792580    1.912110
81     opls_900     9.354100   13.365460    1.997890
82     opls_900    21.422780   10.374420    1.997890
83     opls_900    12.798120    1.418160    1.997890
84     opls_146    12.496150   11.350300    2.630410
85     opls_146    12.972280    5.146830    2.630410
86     opls_146    18.106570    8.660910    2.630410
87     opls_146     3.581570   16.497130    1.279590
88     opls_146    -2.028850   13.807740    1.279590
89     opls_146    -1.552720   20.011210    1.279590
90     opls_146    10.966230    7.617600    0.393270
91     opls_146    16.969850    5.688230    0.393270
92     opls_146    15.638920   11.852200    0.393270
93     opls_146     1.113920   13.305830    3.516730
94     opls_146    -3.558770   17.540440    3.516730
95     opls_146     2.444850   19.469810    3.516730
96     opls_146     8.640490    8.603800    0.486170
97     opls_146    17.278650    3.180980    0.486170
98     opls_146    17.655860   13.373260    0.486170
99     opls_146     3.130860   11.784780    3.423830
100    opls_146    -5.884510   16.554240    3.423830
101    opls_146     2.753650   21.977060    3.423830
102    opls_146    12.545530    6.804750    3.449710
103    opls_146    16.884150    7.462380    3.449710
104    opls_146    14.145320   10.890910    3.449710
105    opls_146    -0.379680   14.267120    0.460290
106    opls_146    -1.979470   18.353290    0.460290
107    opls_146     2.359150   17.695660    0.460290
108    opls_144    11.307710   13.319670    2.571570
109    opls_144    11.860970    3.132930    2.571570
110    opls_144    20.406320    8.705440    2.571570
111    opls_144     5.881320   16.452600    1.338430
112    opls_144    -3.217290   11.838370    1.338430
113    opls_144    -2.664030   22.025110    1.338430
114    opls_140     8.235380   15.466160    3.388290
115    opls_140    -2.986780   24.557010    3.388290
116    opls_140    -5.248610   10.292910    3.388290
117    opls_140     9.276390   14.865130    0.521710
118    opls_140    22.760380    9.691880    0.521710
119    opls_140    11.538220    0.601030    0.521710
120    opls_140    -3.390280   10.200830    0.962720
121    opls_140     7.385960   17.121550    0.962720
122    opls_140    -3.995680   22.993690    0.962720
123    opls_140    10.529320    2.164350    2.947280
124    opls_140    11.134720   14.957210    2.947280
125    opls_140    21.910960    8.036480    2.947280
126    opls_140    -3.118520    9.787990    2.748650
127    opls_140     7.607610   17.563330    2.748650
128    opls_140    -4.489100   22.964760    2.748650
129    opls_140    10.035900    2.193280    1.161350
130    opls_140    11.406480   15.370050    1.161350
131    opls_140    22.132610    7.594710    1.161350
132    opls_140    -3.004930    7.646030    1.744060
133    opls_140     9.405810   18.732680    1.744060
134    opls_140    -6.400880   23.937370    1.744060
135    opls_140     8.124120    1.220670    2.165940
136    opls_140    11.520070   17.512010    2.165940
137    opls_140    23.930810    6.425360    2.165940
138    opls_140    -4.255100    8.064410    0.434520
139    opls_140     9.668570   17.440810    0.434520
140    opls_140    -5.413470   24.810860    0.434520
141    opls_140     9.111530    0.347180    3.475480
142    opls_140    10.269900   17.093630    3.475480
143    opls_140    24.193570    7.717230    3.475480
144    Zn2+         7.146740   12.378510    1.955000
145    Zn2+        14.756530    0.000000    1.955000
146    Zn2+        21.671740   12.779530    1.955000
