0      opls_750    14.936130   12.789540    0.771760
1      opls_750    36.086130   31.239540    0.771760
2      opls_750    27.363870   12.789540    3.628240
3      opls_750     6.213870   31.239540    3.628240
4      opls_750    27.363870   24.110460    3.628240
5      opls_750     6.213870    5.660460    3.628240
6      opls_750    14.936130   24.110460    0.771760
7      opls_750    36.086130    5.660460    0.771760
8      opls_700    18.489330   17.232300    1.193720
9      opls_700    19.826010   17.217540    1.673320
10     opls_145    20.498580   16.014600    1.949200
11     opls_700    17.630640   16.036740    1.105280
12     opls_145    17.926740   14.974020    0.222200
13     opls_145    17.051130   13.881780    0.121440
14     opls_145    15.875190   13.855950    0.899800
15     opls_145    15.579090   14.914980    1.773200
16     opls_145    16.442010   15.999840    1.874400
17     opls_142    14.733090   11.959290    1.761760
18     opls_700    13.548690   11.084760    1.764400
19     opls_145    12.406590   11.416860    1.007160
20     opls_145    13.493700    9.988830    2.646600
21     opls_145    11.230650   10.678860    1.166440
22     opls_700    11.201040    9.608760    2.085160
23     opls_145    12.338910    9.287730    2.784320
24     opls_700    39.639330   35.682300    1.193720
25     opls_700    40.976010   35.667540    1.673320
26     opls_145    41.648580   34.464600    1.949200
27     opls_700    38.780640   34.486740    1.105280
28     opls_145    39.076740   33.424020    0.222200
29     opls_145    38.201130   32.331780    0.121440
30     opls_145    37.025190   32.305950    0.899800
31     opls_145    36.729090   33.364980    1.773200
32     opls_145    37.592010   34.449840    1.874400
33     opls_142    35.883090   30.409290    1.761760
34     opls_700    34.698690   29.534760    1.764400
35     opls_145    33.556590   29.866860    1.007160
36     opls_145    34.643700   28.438830    2.646600
37     opls_145    32.380650   29.128860    1.166440
38     opls_700    32.351040   28.058760    2.085160
39     opls_145    33.488910   27.737730    2.784320
40     opls_700    23.810670   17.232300    3.206280
41     opls_700    22.473990   17.217540    2.726680
42     opls_145    21.801420   16.014600    2.450800
43     opls_700    24.669360   16.036740    3.294720
44     opls_145    24.373260   14.974020    4.177800
45     opls_145    25.248870   13.881780    4.278560
46     opls_145    26.424810   13.855950    3.500200
47     opls_145    26.720910   14.914980    2.626800
48     opls_145    25.857990   15.999840    2.525600
49     opls_142    27.566910   11.959290    2.638240
50     opls_700    28.751310   11.084760    2.635600
51     opls_145    29.893410   11.416860    3.392840
52     opls_145    28.806300    9.988830    1.753400
53     opls_145    31.069350   10.678860    3.233560
54     opls_700    31.098960    9.608760    2.314840
55     opls_145    29.961090    9.287730    1.615680
56     opls_700     2.660670   35.682300    3.206280
57     opls_700     1.323990   35.667540    2.726680
58     opls_145     0.651420   34.464600    2.450800
59     opls_700     3.519360   34.486740    3.294720
60     opls_145     3.223260   33.424020    4.177800
61     opls_145     4.098870   32.331780    4.278560
62     opls_145     5.274810   32.305950    3.500200
63     opls_145     5.570910   33.364980    2.626800
64     opls_145     4.707990   34.449840    2.525600
65     opls_142     6.416910   30.409290    2.638240
66     opls_700     7.601310   29.534760    2.635600
67     opls_145     8.743410   29.866860    3.392840
68     opls_145     7.656300   28.438830    1.753400
69     opls_145     9.919350   29.128860    3.233560
70     opls_700     9.948960   28.058760    2.314840
71     opls_145     8.811090   27.737730    1.615680
72     opls_700    23.810670   19.667700    3.206280
73     opls_700    22.473990   19.682460    2.726680
74     opls_145    21.801420   20.885400    2.450800
75     opls_700    24.669360   20.863260    3.294720
76     opls_145    24.373260   21.925980    4.177800
77     opls_145    25.248870   23.018220    4.278560
78     opls_145    26.424810   23.044050    3.500200
79     opls_145    26.720910   21.985020    2.626800
80     opls_145    25.857990   20.900160    2.525600
81     opls_142    27.566910   24.940710    2.638240
82     opls_700    28.751310   25.815240    2.635600
83     opls_145    29.893410   25.483140    3.392840
84     opls_145    28.806300   26.911170    1.753400
85     opls_145    31.069350   26.221140    3.233560
86     opls_700    31.098960   27.291240    2.314840
87     opls_145    29.961090   27.612270    1.615680
88     opls_700     2.660670    1.217700    3.206280
89     opls_700     1.323990    1.232460    2.726680
90     opls_145     0.651420    2.435400    2.450800
91     opls_700     3.519360    2.413260    3.294720
92     opls_145     3.223260    3.475980    4.177800
93     opls_145     4.098870    4.568220    4.278560
94     opls_145     5.274810    4.594050    3.500200
95     opls_145     5.570910    3.535020    2.626800
96     opls_145     4.707990    2.450160    2.525600
97     opls_142     6.416910    6.490710    2.638240
98     opls_700     7.601310    7.365240    2.635600
99     opls_145     8.743410    7.033140    3.392840
100    opls_145     7.656300    8.461170    1.753400
101    opls_145     9.919350    7.771140    3.233560
102    opls_700     9.948960    8.841240    2.314840
103    opls_145     8.811090    9.162270    1.615680
104    opls_700    18.489330   19.667700    1.193720
105    opls_700    19.826010   19.682460    1.673320
106    opls_145    20.498580   20.885400    1.949200
107    opls_700    17.630640   20.863260    1.105280
108    opls_145    17.926740   21.925980    0.222200
109    opls_145    17.051130   23.018220    0.121440
110    opls_145    15.875190   23.044050    0.899800
111    opls_145    15.579090   21.985020    1.773200
112    opls_145    16.442010   20.900160    1.874400
113    opls_142    14.733090   24.940710    1.761760
114    opls_700    13.548690   25.815240    1.764400
115    opls_145    12.406590   25.483140    1.007160
116    opls_145    13.493700   26.911170    2.646600
117    opls_145    11.230650   26.221140    1.166440
118    opls_700    11.201040   27.291240    2.085160
119    opls_145    12.338910   27.612270    2.784320
120    opls_700    39.639330    1.217700    1.193720
121    opls_700    40.976010    1.232460    1.673320
122    opls_145    41.648580    2.435400    1.949200
123    opls_700    38.780640    2.413260    1.105280
124    opls_145    39.076740    3.475980    0.222200
125    opls_145    38.201130    4.568220    0.121440
126    opls_145    37.025190    4.594050    0.899800
127    opls_145    36.729090    3.535020    1.773200
128    opls_145    37.592010    2.450160    1.874400
129    opls_142    35.883090    6.490710    1.761760
130    opls_700    34.698690    7.365240    1.764400
131    opls_145    33.556590    7.033140    1.007160
132    opls_145    34.643700    8.461170    2.646600
133    opls_145    32.380650    7.771140    1.166440
134    opls_700    32.351040    8.841240    2.085160
135    opls_145    33.488910    9.162270    2.784320
136    opls_145    17.854830   18.450000    0.971960
137    opls_700    20.490120   18.450000    1.927200
138    opls_145    39.004830    0.000000    0.971960
139    opls_700    41.640120    0.000000    1.927200
140    opls_145    24.445170   18.450000    3.428040
141    opls_700    21.809880   18.450000    2.472800
142    opls_145     3.295170    0.000000    3.428040
143    opls_700     0.659880    0.000000    2.472800
144    opls_146    19.980410   15.016460    1.763740
145    opls_146    18.876370   15.004280   -0.407840
146    opls_146    17.291820   13.021640   -0.586780
147    opls_146    14.628610   14.886570    2.401920
148    opls_146    16.193710   16.862190    2.577480
149    opls_144    15.474610   11.910950    2.626450
150    opls_146    12.444660   12.284380    0.268580
151    opls_146    14.417950    9.691050    3.244080
152    opls_146    10.304700   10.943430    0.556290
153    opls_146    12.333410    8.407300    3.508600
154    opls_146    41.130410   33.466460    1.763740
155    opls_146    40.026380   33.454280   -0.407840
156    opls_146    38.441820   31.471640   -0.586780
157    opls_146    35.778610   33.336570    2.401920
158    opls_146    37.343710   35.312190    2.577480
159    opls_144    36.624610   30.360950    2.626450
160    opls_146    33.594660   30.734380    0.268580
161    opls_146    35.567950   28.141050    3.244080
162    opls_146    31.454700   29.393430    0.556290
163    opls_146    33.483410   26.857300    3.508600
164    opls_146    22.319590   15.016460    2.636260
165    opls_146    23.423630   15.004280    4.807840
166    opls_146    25.008180   13.021640    4.986780
167    opls_146    27.671390   14.886570    1.998080
168    opls_146    26.106290   16.862190    1.822520
169    opls_144    26.825390   11.910950    1.773550
170    opls_146    29.855340   12.284380    4.131420
171    opls_146    27.882050    9.691050    1.155920
172    opls_146    31.995300   10.943430    3.843710
173    opls_146    29.966590    8.407300    0.891400
174    opls_146     1.169590   33.466460    2.636260
175    opls_146     2.273630   33.454280    4.807840
176    opls_146     3.858180   31.471640    4.986780
177    opls_146     6.521390   33.336570    1.998080
178    opls_146     4.956290   35.312190    1.822520
179    opls_144     5.675390   30.360950    1.773550
180    opls_146     8.705340   30.734380    4.131420
181    opls_146     6.732050   28.141050    1.155920
182    opls_146    10.845300   29.393430    3.843710
183    opls_146     8.816590   26.857300    0.891400
184    opls_146    22.319590   21.883550    2.636260
185    opls_146    23.423630   21.895720    4.807840
186    opls_146    25.008180   23.878360    4.986780
187    opls_146    27.671390   22.013430    1.998080
188    opls_146    26.106290   20.037810    1.822520
189    opls_144    26.825390   24.989050    1.773550
190    opls_146    29.855340   24.615620    4.131420
191    opls_146    27.882050   27.208950    1.155920
192    opls_146    31.995300   25.956570    3.843710
193    opls_146    29.966590   28.492700    0.891400
194    opls_146     1.169590    3.433550    2.636260
195    opls_146     2.273630    3.445720    4.807840
196    opls_146     3.858180    5.428360    4.986780
197    opls_146     6.521390    3.563430    1.998080
198    opls_146     4.956290    1.587810    1.822520
199    opls_144     5.675390    6.539050    1.773550
200    opls_146     8.705340    6.165620    4.131420
201    opls_146     6.732050    8.758950    1.155920
202    opls_146    10.845300    7.506570    3.843710
203    opls_146     8.816590   10.042700    0.891400
204    opls_146    19.980410   21.883550    1.763740
205    opls_146    18.876370   21.895720   -0.407840
206    opls_146    17.291820   23.878360   -0.586780
207    opls_146    14.628610   22.013430    2.401920
208    opls_146    16.193710   20.037810    2.577480
209    opls_144    15.474610   24.989050    2.626450
210    opls_146    12.444660   24.615620    0.268580
211    opls_146    14.417950   27.208950    3.244080
212    opls_146    10.304700   25.956570    0.556290
213    opls_146    12.333410   28.492700    3.508600
214    opls_146    41.130410    3.433550    1.763740
215    opls_146    40.026380    3.445720   -0.407840
216    opls_146    38.441820    5.428360   -0.586780
217    opls_146    35.778610    3.563430    2.401920
218    opls_146    37.343710    1.587810    2.577480
219    opls_144    36.624610    6.539050    2.626450
220    opls_146    33.594660    6.165620    0.268580
221    opls_146    35.567950    8.758950    3.244080
222    opls_146    31.454700    7.506570    0.556290
223    opls_146    33.483410   10.042700    3.508600
224    opls_146    16.778720   18.471770    0.595890
225    opls_146    37.928720    0.021770    0.595890
226    opls_146    25.521280   18.471770    3.804110
227    opls_146     4.371280    0.021770    3.804110
