0      opls_145     1.185380   21.091140    2.007600
1      opls_700     1.558090   20.005000    1.177550
2      opls_145     2.691170   20.187260    0.340450
3      opls_145     3.360340   21.429760    0.262250
4      opls_145     2.898720   22.528840    1.013050
5      opls_145     1.832900   22.335220    1.914350
6      opls_142     4.381940   24.579600    0.731400
7      opls_700     9.956570   24.703480    1.557250
8      opls_145    10.890630   23.701610    1.873700
9      opls_145    12.234160   24.047100    2.149700
10     opls_700    12.713010   25.388920    2.267200
11     opls_145    11.826380   26.294910    1.632550
12     opls_145    10.473090   26.000140    1.362300
13     opls_700    29.385840    0.854220    3.225100
14     opls_700    13.942160   25.870180    2.895450
15     opls_700     0.788430   18.808190    1.170450
16     opls_145     1.396290   17.530290    1.161600
17     opls_700    28.379340    1.666710    3.886650
18     opls_145    28.714840    2.885970    4.526300
19     opls_145    27.780770    3.929580    4.708700
20     opls_145    26.419710    3.723810    4.401150
21     opls_145    26.020010    2.388070    4.203750
22     opls_145    26.991130    1.389630    4.012250
23     opls_136     7.980170    0.712910    4.531700
24     opls_136    -6.941040   25.891570    3.632050
25     opls_136    -5.605600   25.981120    2.833400
26     opls_136    -4.887780   24.624240    2.580850
27     opls_135     7.467620    3.514620    4.382800
28     opls_135     6.771150    1.947490    2.358300
29     opls_700     1.661490    6.760610    1.438900
30     opls_145     2.779010    7.129870    2.222600
31     opls_145     3.422400    8.361540    2.028550
32     opls_700     2.971160    9.272030    1.045700
33     opls_145     1.785010    8.964040    0.340450
34     opls_145     1.134140    7.721540    0.539350
35     opls_136    -2.191430    9.674840    2.021900
36     opls_136    -1.558860   10.980730    1.469350
37     opls_142    -1.395530   12.002680    2.490900
38     opls_143    -2.086960   13.148510    2.516700
39     opls_145    -3.608150   16.894780    2.007600
40     opls_700    -2.853890   17.760620    1.177550
41     opls_145    -3.578260   18.650770    0.340450
42     opls_145    -4.988880   18.609030    0.262250
43     opls_145    -5.709910   17.659720    1.013050
44     opls_145    -5.009320   16.833500    1.914350
45     opls_142    -8.227530   17.918840    0.731400
46     opls_700   -11.122130   22.684680    1.557250
47     opls_145   -10.721510   23.994540    1.873700
48     opls_145   -11.692480   24.985320    2.149700
49     opls_700   -13.093950   24.729100    2.267200
50     opls_145   -13.435250   23.508260    1.632550
51     opls_145   -12.503320   22.483670    1.362300
52     opls_700    15.067300   25.021770    3.225100
53     opls_700   -14.125310   25.552950    2.895450
54     opls_700    -1.432580   17.692470    1.170450
55     opls_145    -0.629820   18.857850    1.161600
56     opls_700    14.866920   23.743870    3.886650
57     opls_145    13.643260   23.424790    4.526300
58     opls_145    13.206500   22.094070    4.708700
59     opls_145    14.065230   21.018230    4.401150
60     opls_145    15.421870   21.339950    4.203750
61     opls_145    15.800980   22.680190    4.012250
62     opls_136    25.892520    6.554580    4.531700
63     opls_136    -3.702240    7.456870    3.632050
64     opls_136    -4.447510    8.568630    2.833400
65     opls_136    -3.631330    9.868710    2.580850
66     opls_135    23.722440    4.709840    4.382800
67     opls_135    25.427850    4.890250    2.358300
68     opls_700     8.564400   24.472360    1.438900
69     opls_145     7.685850   25.255530    2.222600
70     opls_145     6.297490   25.196890    2.028550
71     opls_700     5.734610   24.350860    1.045700
72     opls_145     6.594410   23.477620    0.340450
73     opls_145     7.995880   23.535200    0.539350
74     opls_136     7.967060   19.678530    2.021900
75     opls_136     6.519830   19.573400    1.469350
76     opls_142     5.553140   19.203870    2.490900
77     opls_143     4.906530   18.032160    2.516700
78     opls_145     2.422770   14.841640    2.007600
79     opls_700     1.295790   15.061930    1.177550
80     opls_145     0.887090   13.989530    0.340450
81     opls_145     1.628550   12.788760    0.262250
82     opls_145     2.811190   12.638990    1.013050
83     opls_145     3.176420   13.658830    1.914350
84     opls_142     3.845590   10.329110    0.731400
85     opls_700     1.165560    5.439390    1.557250
86     opls_145    -0.169120    5.131400    1.873700
87     opls_145    -0.541680    3.795130    2.149700
88     opls_700     0.380940    2.709530    2.267200
89     opls_145     1.608880    3.024380    1.632550
90     opls_145     2.030230    4.343750    1.362300
91     opls_700     1.296860    0.537780    3.225100
92     opls_700     0.183150    1.404420    2.895450
93     opls_700     0.644160   16.326880    1.170450
94     opls_145    -0.766460   16.439410    1.161600
95     opls_700     2.503740    1.003200    3.886650
96     opls_145     3.391900    0.103010    4.526300
97     opls_145     4.762730    0.390130    4.708700
98     opls_145     5.265060    1.671730    4.401150
99     opls_145     4.308130    2.685750    4.203750
100    opls_145     2.957890    2.343960    4.012250
101    opls_136    11.877310   19.146290    4.531700
102    opls_136    10.643280   19.479100    3.632050
103    opls_136    10.053110   18.277800    2.833400
104    opls_136     8.519110   18.334590    2.580850
105    opls_135    14.559940   18.189320    4.382800
106    opls_135    13.551000   19.576040    2.358300
107    opls_700   -10.225890   21.594580    1.438900
108    opls_145   -10.464860   20.442150    2.222600
109    opls_145    -9.719890   19.269110    2.028550
110    opls_700    -8.705770   19.204660    1.045700
111    opls_145    -8.379420   20.385890    0.340450
112    opls_145    -9.130020   21.570810    0.539350
113    opls_136    -5.775630   23.474190    2.021900
114    opls_136    -4.960980   22.273420    1.469350
115    opls_142    -4.157610   21.621000    2.490900
116    opls_143    -2.819570   21.646880    2.516700
117    opls_750     3.274180   23.809380    0.802350
118    opls_750    -7.006610   17.344610    0.802350
119    opls_750     3.732440   11.673570    0.802350
120    opls_146     4.137930   21.544660   -0.387950
121    opls_146     1.498160   23.111000    2.493350
122    opls_144     4.162940   25.546870    0.479900
123    opls_146    10.601490   22.721130    1.913750
124    opls_146    12.868710   23.263400    2.233150
125    opls_146     0.418000   20.995520    2.678050
126    opls_146     3.017670   19.424690   -0.255400
127    opls_146    12.136410   27.248710    1.463550
128    opls_146     2.416510   17.474830    1.145800
129    opls_146    28.129840    4.847980    4.984450
130    opls_146    25.033330    2.125520    4.142550
131    opls_146    26.642360    0.441110    3.957400
132    opls_140     7.586880    0.282630    5.441150
133    opls_140     8.908290    1.211600    4.812200
134    opls_140    -7.765450   25.658600    2.957150
135    opls_140    -6.855640   25.029960    4.294450
136    opls_140    -4.891130   26.612670    3.367200
137    opls_140    -5.791950   26.463960    1.878200
138    opls_140    -4.444310   24.291430    3.523300
139    opls_140    -4.066410   24.812840    1.883450
140    opls_140     8.485410    3.603370    3.999750
141    opls_140     7.492480    3.731470    5.442300
142    opls_140     6.860970    4.280090    3.899300
143    opls_140     6.165730    2.789560    2.022400
144    opls_140     6.288800    1.030140    2.033600
145    opls_140     7.784670    2.027260    1.972400
146    opls_146     3.155990    6.490130    2.928950
147    opls_146     4.252310    8.568630    2.593250
148    opls_146     1.419320    9.610650   -0.361050
149    opls_146     0.299360    7.504950   -0.011050
150    opls_146     9.857750   26.752660    1.044400
151    opls_140    -2.216590    8.945020    1.214300
152    opls_140    -1.543600    9.269120    2.804050
153    opls_140    -2.165960   11.341810    0.633800
154    opls_140    -0.571720   10.747500    1.065900
155    opls_144    -0.737790   11.833900    3.215950
156    opls_144    -2.759030   13.361140    1.818450
157    opls_144    -1.937970   13.805950    3.243950
158    opls_146    29.692210    3.085390    4.721550
159    opls_146    -5.477190   19.225000   -0.387950
160    opls_146    -5.513790   16.155720    2.493350
161    opls_144    -8.955710   17.245550    0.479900
162    opls_146    -9.727820   24.234370    1.913750
163    opls_146   -11.331050   25.926700    2.233150
164    opls_146    -3.141650   16.278020    2.678050
165    opls_146    -3.081110   19.314810   -0.255400
166    opls_146   -14.416280   23.299850    1.463550
167    opls_146    -1.091900   19.769130    1.145800
168    opls_146    12.236600   21.937170    4.984450
169    opls_146    16.142580   20.616740    4.142550
170    opls_146    16.796810   22.852410    3.957400
171    opls_140    26.461800    6.429110    5.441150
172    opls_140    24.996580    7.109000    4.812200
173    opls_140    -3.088280    6.859390    2.957150
174    opls_140    -2.998760    7.961640    4.294450
175    opls_140    -5.351680    8.871590    3.367200
176    opls_140    -4.772490    8.165820    1.878200
177    opls_140    -3.564840   10.419180    3.523300
178    opls_140    -4.205340   10.485740    1.883450
179    opls_140    23.136690    5.546890    3.999750
180    opls_140    23.522210    4.622940    5.442300
181    opls_140    23.362850    3.801730    3.899300
182    opls_140    25.001310    3.944900    2.022400
183    opls_140    26.463480    4.931190    2.033600
184    opls_140    24.852010    5.728090    1.972400
185    opls_146     8.051390   25.901880    2.928950
186    opls_146     5.703200   25.812070    2.593250
187    opls_146     6.217270   22.837610   -0.361050
188    opls_146     8.600850   22.920550   -0.011050
189    opls_146   -12.847360   21.574510    1.044400
190    opls_140     8.611670   20.021640    1.214300
191    opls_140     7.994510   20.442410    2.804050
192    opls_140     6.510680   18.867100    0.633800
193    opls_140     6.228250   20.544900    1.065900
194    opls_144     5.370440   19.857880    3.215950
195    opls_144     5.058420   17.343810    1.818450
196    opls_144     4.262680   17.832470    3.243950
197    opls_146    12.981870   24.171510    4.721550
198    opls_146     1.339260   12.057890   -0.387950
199    opls_146     4.015630   13.560830    2.493350
200    opls_144     4.792770   10.035120    0.479900
201    opls_146    -0.873670    5.872050    1.913750
202    opls_146    -1.537660    3.637440    2.233150
203    opls_146     2.723650   15.554020    2.678050
204    opls_146     0.063440   14.088050   -0.255400
205    opls_146     2.279880    2.278980    1.463550
206    opls_146    -1.324620   15.583600    1.145800
207    opls_146     5.383550   -0.371380    4.984450
208    opls_146     4.574090    3.671510    4.142550
209    opls_146     2.310830    3.120260    3.957400
210    opls_140    11.701330   19.702030    5.441150
211    opls_140    11.845130   18.093170    4.812200
212    opls_140    10.853730   20.309550    2.957150
213    opls_140     9.854400   19.835950    4.294450
214    opls_140    10.242820   17.343280    3.367200
215    opls_140    10.564440   18.197770    1.878200
216    opls_140     8.009150   18.116940    3.523300
217    opls_140     8.271750   17.528970    1.883450
218    opls_140    14.127910   17.263510    3.999750
219    opls_140    14.735310   18.059360    5.442300
220    opls_140    15.526180   18.331950    3.899300
221    opls_140    14.582960   19.679320    2.022400
222    opls_140    12.997730   20.452450    2.033600
223    opls_140    13.113320   18.658430    1.972400
224    opls_146   -11.207380   20.435550    2.928950
225    opls_146    -9.955510   18.446850    2.593250
226    opls_146    -7.636590   20.379280   -0.361050
227    opls_146    -8.900200   22.402050   -0.011050
228    opls_146     2.989610    4.500380    1.044400
229    opls_140    -6.395090   23.860880    1.214300
230    opls_140    -6.450900   23.116020    2.804050
231    opls_140    -4.344730   22.618640    0.633800
232    opls_140    -5.656530   21.535150    1.065900
233    opls_144    -4.632650   21.135770    3.215950
234    opls_144    -2.299400   22.122590    1.818450
235    opls_144    -2.324710   21.189130    3.243950
236    opls_146     3.075920   -0.843130    4.721550
237    MOF2_Si3     6.864180    1.940090    4.030200
238    MOF2_Si3    25.387740    4.974510    4.030200
239    MOF2_Si3    13.498080   19.499180    4.030200
