0      opls_280    -0.683140   11.209680    3.570590
1      opls_145     0.803350   11.263570    0.069620
2      opls_142     1.542530   10.149250    0.282490
3      opls_916     1.128660    7.642730    0.442400
4      opls_145     0.097130    6.750140    0.719820
5      opls_145     0.212680    5.415210    0.377170
6      opls_916     1.356730    4.936060    3.317080
7      opls_145     2.423170    5.821130    3.067130
8      opls_145     2.309350    7.178600    3.423240
9      opls_142     0.211600    2.791530    2.788240
10     opls_145     0.141570    1.472370    3.038800
11     opls_280     1.334510    0.608140    3.193490
12     opls_280     1.473700   12.578980    3.570590
13     opls_145     0.683790   13.839370    0.069620
14     opls_142     1.279230   15.036680    0.282490
15     opls_916     3.656870   15.931520    0.442400
16     opls_145     4.945640   15.484470    0.719820
17     opls_145     6.043950   16.252010    0.377170
18     opls_916     5.886880   17.482370    3.317080
19     opls_145     4.587160   17.963390    3.067130
20     opls_145     3.468470   17.186090    3.423240
21     opls_142     8.316660   17.562910    2.788240
22     opls_145     9.494110   18.161850    3.038800
23     opls_280    20.486080    0.851650    3.193490
24     opls_280    -0.790560   13.762200    3.570590
25     opls_145    -1.487140   12.447920    0.069620
26     opls_142    -2.821760   12.364940    0.282490
27     opls_916    -4.785530   13.976620    0.442400
28     opls_145    -5.042770   15.316250    0.719820
29     opls_145    -6.256630   15.883640    0.377170
30     opls_916    -7.243610   15.132430    3.317080
31     opls_145    -7.010340   13.766330    3.067130
32     opls_145    -5.777830   13.186170    3.423240
33     opls_142    -8.528260   17.196420    2.788240
34     opls_145    -9.635680   17.916640    3.038800
35     opls_280    10.699410   17.315640    3.193490
36     opls_281    -1.248550   10.143990    3.395410
37     opls_281     2.412550    1.087850    3.503480
38     opls_281     2.679320   12.622160    3.395410
39     opls_281    19.531620    1.545410    3.503480
40     opls_281    -1.430770   14.784710    3.395410
41     opls_281    10.575830   16.142180    3.503480
42     opls_238     0.943950    8.993810    0.873250
43     opls_238     1.415700    3.569960    2.863980
44     opls_238     2.579160   15.096010    0.873250
45     opls_238     7.040470   18.216490    2.863980
46     opls_238    -3.523110   13.461050    0.873250
47     opls_238    -8.456180   15.764410    2.863980
48     opls_144     2.620030   10.178540    0.205880
49     opls_910     0.181140    9.155090    1.569850
50     opls_146    -0.804330    7.091480    1.219900
51     opls_146    -0.600540    4.759950    0.654050
52     opls_146     3.321480    5.467970    2.572090
53     opls_146     3.130590    7.851510    3.209650
54     opls_910     2.301550    3.206470    2.447890
55     opls_144    -0.715770    3.323440    2.614720
56     opls_144     0.715110   15.955170    0.205880
57     opls_910     2.820890   14.354760    1.569850
58     opls_146     5.100760   14.533120    1.219900
59     opls_146     7.018030   15.875380    0.654050
60     opls_146     4.443860   18.917940    2.572090
61     opls_146     2.475100   17.560850    3.209650
62     opls_910     6.912340   19.165400    2.447890
63     opls_144     8.319700   16.493840    2.614720
64     opls_144    -3.335140   11.417150    0.205880
65     opls_910    -3.002030   14.041020    1.569850
66     opls_146    -4.296430   15.926260    1.219900
67     opls_146    -6.417500   16.915540    0.654050
68     opls_146    -7.765340   13.164960    2.572090
69     opls_146    -5.605690   12.138500    3.209650
70     opls_910    -9.213890   15.179000    2.447890
71     opls_144    -7.603930   17.733580    2.614720
