0      opls_261    16.723640   25.695240    1.001990
1      opls_142    15.708310   26.373450    0.322350
2      opls_700    22.065020   23.073820    4.311270
3      opls_166    20.086890   24.110460    3.329170
4      opls_145    21.045430   23.110750    3.312410
5      opls_261    11.677360    2.705760    1.001990
6      opls_142    12.692690    2.027550    0.322350
7      opls_700     6.335980    5.327180    4.311270
8      opls_166     8.314110    4.290540    3.329170
9      opls_145     7.355570    5.290250    3.312410
10     opls_261    11.677360   25.695240   27.399010
11     opls_142    12.692690   26.373450   28.078650
12     opls_700     6.335980   23.073820   24.089730
13     opls_166     8.314110   24.110460   25.071830
14     opls_145     7.355570   23.110750   25.088590
15     opls_261    16.723640    2.705760   27.399010
16     opls_142    15.708310    2.027550   28.078650
17     opls_700    22.065020    5.327180   24.089730
18     opls_166    20.086890    4.290540   25.071830
19     opls_145    21.045430    5.290250   25.088590
20     opls_261     1.001990   16.723640   25.695240
21     opls_142     0.322350   15.708310   26.373450
22     opls_700     4.311270   22.065020   23.073820
23     opls_166     3.329170   20.086890   24.110460
24     opls_145     3.312410   21.045430   23.110750
25     opls_261     1.001990   11.677360    2.705760
26     opls_142     0.322350   12.692690    2.027550
27     opls_700     4.311270    6.335980    5.327180
28     opls_166     3.329170    8.314110    4.290540
29     opls_145     3.312410    7.355570    5.290250
30     opls_261    27.399010   11.677360   25.695240
31     opls_142    28.078650   12.692690   26.373450
32     opls_700    24.089730    6.335980   23.073820
33     opls_166    25.071830    8.314110   24.110460
34     opls_145    25.088590    7.355570   23.110750
35     opls_261    27.399010   16.723640    2.705760
36     opls_142    28.078650   15.708310    2.027550
37     opls_700    24.089730   22.065020    5.327180
38     opls_166    25.071830   20.086890    4.290540
39     opls_145    25.088590   21.045430    5.290250
40     opls_261    25.695240    1.001990   16.723640
41     opls_142    26.373450    0.322350   15.708310
42     opls_700    23.073820    4.311270   22.065020
43     opls_166    24.110460    3.329170   20.086890
44     opls_145    23.110750    3.312410   21.045430
45     opls_261     2.705760    1.001990   11.677360
46     opls_142     2.027550    0.322350   12.692690
47     opls_700     5.327180    4.311270    6.335980
48     opls_166     4.290540    3.329170    8.314110
49     opls_145     5.290250    3.312410    7.355570
50     opls_261    25.695240   27.399010   11.677360
51     opls_142    26.373450   28.078650   12.692690
52     opls_700    23.073820   24.089730    6.335980
53     opls_166    24.110460   25.071830    8.314110
54     opls_145    23.110750   25.088590    7.355570
55     opls_261     2.705760   27.399010   16.723640
56     opls_142     2.027550   28.078650   15.708310
57     opls_700     5.327180   24.089730   22.065020
58     opls_166     4.290540   25.071830   20.086890
59     opls_145     5.290250   25.088590   21.045430
60     opls_261    25.695240   16.723640    1.001990
61     opls_142    26.373450   15.708310    0.322350
62     opls_700    23.073820   22.065020    4.311270
63     opls_166    24.110460   20.086890    3.329170
64     opls_145    23.110750   21.045430    3.312410
65     opls_261     2.705760   11.677360    1.001990
66     opls_142     2.027550   12.692690    0.322350
67     opls_700     5.327180    6.335980    4.311270
68     opls_166     4.290540    8.314110    3.329170
69     opls_145     5.290250    7.355570    3.312410
70     opls_261    25.695240   11.677360   27.399010
71     opls_142    26.373450   12.692690   28.078650
72     opls_700    23.073820    6.335980   24.089730
73     opls_166    24.110460    8.314110   25.071830
74     opls_145    23.110750    7.355570   25.088590
75     opls_261     2.705760   16.723640   27.399010
76     opls_142     2.027550   15.708310   28.078650
77     opls_700     5.327180   22.065020   24.089730
78     opls_166     4.290540   20.086890   25.071830
79     opls_145     5.290250   21.045430   25.088590
80     opls_261    16.723640    1.001990   25.695240
81     opls_142    15.708310    0.322350   26.373450
82     opls_700    22.065020    4.311270   23.073820
83     opls_166    20.086890    3.329170   24.110460
84     opls_145    21.045430    3.312410   23.110750
85     opls_261    11.677360    1.001990    2.705760
86     opls_142    12.692690    0.322350    2.027550
87     opls_700     6.335980    4.311270    5.327180
88     opls_166     8.314110    3.329170    4.290540
89     opls_145     7.355570    3.312410    5.290250
90     opls_261    11.677360   27.399010   25.695240
91     opls_142    12.692690   28.078650   26.373450
92     opls_700     6.335980   24.089730   23.073820
93     opls_166     8.314110   25.071830   24.110460
94     opls_145     7.355570   25.088590   23.110750
95     opls_261    16.723640   27.399010    2.705760
96     opls_142    15.708310   28.078650    2.027550
97     opls_700    22.065020   24.089730    5.327180
98     opls_166    20.086890   25.071830    4.290540
99     opls_145    21.045430   25.088590    5.290250
100    opls_261     1.001990   25.695240   16.723640
101    opls_142     0.322350   26.373450   15.708310
102    opls_700     4.311270   23.073820   22.065020
103    opls_166     3.329170   24.110460   20.086890
104    opls_145     3.312410   23.110750   21.045430
105    opls_261     1.001990    2.705760   11.677360
106    opls_142     0.322350    2.027550   12.692690
107    opls_700     4.311270    5.327180    6.335980
108    opls_166     3.329170    4.290540    8.314110
109    opls_145     3.312410    5.290250    7.355570
110    opls_261    27.399010   25.695240   11.677360
111    opls_142    28.078650   26.373450   12.692690
112    opls_700    24.089730   23.073820    6.335980
113    opls_166    25.071830   24.110460    8.314110
114    opls_145    25.088590   23.110750    7.355570
115    opls_261    27.399010    2.705760   16.723640
116    opls_142    28.078650    2.027550   15.708310
117    opls_700    24.089730    5.327180   22.065020
118    opls_166    25.071830    4.290540   20.086890
119    opls_145    25.088590    5.290250   21.045430
120    opls_141    17.239980   26.203900    2.197100
121    opls_700    15.136310   27.559760    0.841240
122    opls_141    11.161020    2.197100    2.197100
123    opls_700    13.264690    0.841240    0.841240
124    opls_141    11.161020   26.203900   26.203900
125    opls_700    13.264690   27.559760   27.559760
126    opls_141    17.239980    2.197100   26.203900
127    opls_700    15.136310    0.841240   27.559760
128    opls_141     2.197100   17.239980   26.203900
129    opls_700     0.841240   15.136310   27.559760
130    opls_141     2.197100   11.161020    2.197100
131    opls_700     0.841240   13.264690    0.841240
132    opls_141    26.203900   11.161020   26.203900
133    opls_700    27.559760   13.264690   27.559760
134    opls_141    26.203900   17.239980    2.197100
135    opls_700    27.559760   15.136310    0.841240
136    opls_141    26.203900    2.197100   17.239980
137    opls_700    27.559760    0.841240   15.136310
138    opls_141     2.197100    2.197100   11.161020
139    opls_700     0.841240    0.841240   13.264690
140    opls_141    26.203900   26.203900   11.161020
141    opls_700    27.559760   27.559760   13.264690
142    opls_141     2.197100   26.203900   17.239980
143    opls_700     0.841240   27.559760   15.136310
144    opls_701    14.200500    0.000000    0.000000
145    opls_701     0.000000   14.200500    0.000000
146    opls_701     0.000000    0.000000   14.200500
147    opls_146    20.959940   22.385670    2.510360
148    opls_144    15.392210   25.977830   -0.631920
149    opls_146     7.441060    6.015330    2.510360
150    opls_144    13.008790    2.423170   -0.631920
151    opls_146     7.441060   22.385670   25.890640
152    opls_144    13.008790   25.977830   29.032920
153    opls_146    20.959940    6.015330   25.890640
154    opls_144    15.392210    2.423170   29.032920
155    opls_146     2.510360   20.959940   22.385670
156    opls_144    -0.631920   15.392210   25.977830
157    opls_146     2.510360    7.441060    6.015330
158    opls_144    -0.631920   13.008790    2.423170
159    opls_146    25.890640    7.441060   22.385670
160    opls_144    29.032920   13.008790   25.977830
161    opls_146    25.890640   20.959940    6.015330
162    opls_144    29.032920   15.392210    2.423170
163    opls_146    22.385670    2.510360   20.959940
164    opls_144    25.977830   -0.631920   15.392210
165    opls_146     6.015330    2.510360    7.441060
166    opls_144     2.423170   -0.631920   13.008790
167    opls_146    22.385670   25.890640    7.441060
168    opls_144    25.977830   29.032920   13.008790
169    opls_146     6.015330   25.890640   20.959940
170    opls_144     2.423170   29.032920   15.392210
171    opls_146    22.385670   20.959940    2.510360
172    opls_144    25.977830   15.392210   -0.631920
173    opls_146     6.015330    7.441060    2.510360
174    opls_144     2.423170   13.008790   -0.631920
175    opls_146    22.385670    7.441060   25.890640
176    opls_144    25.977830   13.008790   29.032920
177    opls_146     6.015330   20.959940   25.890640
178    opls_144     2.423170   15.392210   29.032920
179    opls_146    20.959940    2.510360   22.385670
180    opls_144    15.392210   -0.631920   25.977830
181    opls_146     7.441060    2.510360    6.015330
182    opls_144    13.008790   -0.631920    2.423170
183    opls_146     7.441060   25.890640   22.385670
184    opls_144    13.008790   29.032920   25.977830
185    opls_146    20.959940   25.890640    6.015330
186    opls_144    15.392210   29.032920    2.423170
187    opls_146     2.510360   22.385670   20.959940
188    opls_144    -0.631920   25.977830   15.392210
189    opls_146     2.510360    6.015330    7.441060
190    opls_144    -0.631920    2.423170   13.008790
191    opls_146    25.890640   22.385670    7.441060
192    opls_144    29.032920   25.977830   13.008790
193    opls_146    25.890640    6.015330   20.959940
194    opls_144    29.032920    2.423170   15.392210
195    opls_167    19.069280   24.270360    2.401870
196    opls_167     9.331720    4.130640    2.401870
197    opls_167     9.331720   24.270360   25.999130
198    opls_167    19.069280    4.130640   25.999130
199    opls_167     2.401870   19.069280   24.270360
200    opls_167     2.401870    9.331720    4.130640
201    opls_167    25.999130    9.331720   24.270360
202    opls_167    25.999130   19.069280    4.130640
203    opls_167    24.270360    2.401870   19.069280
204    opls_167     4.130640    2.401870    9.331720
205    opls_167    24.270360   25.999130    9.331720
206    opls_167     4.130640   25.999130   19.069280
207    opls_167    24.270360   19.069280    2.401870
208    opls_167     4.130640    9.331720    2.401870
209    opls_167    24.270360    9.331720   25.999130
210    opls_167     4.130640   19.069280   25.999130
211    opls_167    19.069280    2.401870   24.270360
212    opls_167     9.331720    2.401870    4.130640
213    opls_167     9.331720   25.999130   24.270360
214    opls_167    19.069280   25.999130    4.130640
215    opls_167     2.401870   24.270360   19.069280
216    opls_167     2.401870    4.130640    9.331720
217    opls_167    25.999130   24.270360    9.331720
218    opls_167    25.999130    4.130640   19.069280
219    MOF2_B_2    18.428270   25.478540    2.922460
220    MOF2_B_2     9.972730    2.922460    2.922460
221    MOF2_B_2     9.972730   25.478540   25.478540
222    MOF2_B_2    18.428270    2.922460   25.478540
223    MOF2_B_2     2.922460   18.428270   25.478540
224    MOF2_B_2     2.922460    9.972730    2.922460
225    MOF2_B_2    25.478540    9.972730   25.478540
226    MOF2_B_2    25.478540   18.428270    2.922460
227    MOF2_B_2    25.478540    2.922460   18.428270
228    MOF2_B_2     2.922460    2.922460    9.972730
229    MOF2_B_2    25.478540   25.478540    9.972730
230    MOF2_B_2     2.922460   25.478540   18.428270
