0      opls_521    -2.566520    6.956300    0.858580
1      opls_522    -1.237450    6.988830    1.265360
2      opls_700    -0.583300    8.229220    1.459090
3      opls_700    -1.322480    9.426810    1.282440
4      opls_522    -2.714110    9.337380    1.179290
5      opls_521    -3.297800    8.141080    0.829170
6      opls_700    -0.649320   10.621560    0.939610
7      opls_700     0.756990   10.601910    0.791440
8      opls_700     1.486310    9.503310    1.279410
9      opls_700     0.812320    8.304360    1.621930
10     opls_522     1.570340    7.179620    1.990990
11     opls_521     2.939770    7.171120    1.776620
12     opls_521     3.593840    8.362950    1.452960
13     opls_522     2.885080    9.539050    1.344610
14     opls_522     1.384810   11.637460    0.067290
15     opls_521     0.355940   12.460690    7.381230
16     opls_521    -1.010430   12.533010    7.637980
17     opls_522    -1.347640   11.779500    0.546180
18     opls_521     5.475520    7.088890    0.550990
19     opls_521     4.850080    5.892840    0.899170
20     opls_522     5.380000    4.686960    0.459640
21     opls_700     6.298690    4.393590    7.511230
22     opls_700     6.980290    5.606690    7.276450
23     opls_522     6.313250    6.811020    7.548800
24     opls_700     8.363940    5.579870    7.001610
25     opls_700     9.049920    4.339970    6.969400
26     opls_700     8.302280    3.152480    6.849100
27     opls_700     6.908040    3.189210    7.117960
28     opls_522     6.169220    2.006950    7.058040
29     opls_521     6.805120    0.793700    6.918020
30     opls_521     8.180550    0.738750    6.675700
31     opls_522     8.913290    1.914330    6.566030
32     opls_522    10.437060    4.322320    7.248350
33     opls_521    11.095770    5.501950    7.596450
34     opls_521    10.416540    6.714060    7.500520
35     opls_522     9.115080    6.754990    7.068670
36     opls_521    -2.719690    6.822410    4.739350
37     opls_522    -1.390620    6.854940    5.146140
38     opls_700    -0.736470    8.095330    5.339860
39     opls_700    -1.475650    9.292920    5.163210
40     opls_522    -2.867280    9.203480    5.060060
41     opls_521    -3.450970    8.007180    4.709940
42     opls_700    -0.802490   10.487660    4.820380
43     opls_700     0.603820   10.468010    4.672220
44     opls_700     1.333130    9.369420    5.160180
45     opls_700     0.659150    8.170470    5.502700
46     opls_522     1.417170    7.045730    5.871760
47     opls_521     2.786600    7.037220    5.657390
48     opls_521     3.440670    8.229050    5.333730
49     opls_522     2.731900    9.405160    5.225380
50     opls_522     1.231640   11.503570    3.948060
51     opls_521     0.509110   12.594580    3.500460
52     opls_521    -0.857260   12.666900    3.757210
53     opls_522    -1.500810   11.645600    4.426950
54     opls_521     5.322350    6.955000    4.431760
55     opls_521     4.696910    5.758950    4.779950
56     opls_522     5.226830    4.553070    4.340410
57     opls_700     6.451870    4.527480    3.630460
58     opls_700     7.133460    5.740580    3.395670
59     opls_522     6.466420    6.944910    3.668030
60     opls_700     8.517110    5.713770    3.120840
61     opls_700     9.203100    4.473860    3.088630
62     opls_700     8.455450    3.286370    2.968320
63     opls_700     7.061210    3.323100    3.237180
64     opls_522     6.322390    2.140850    3.177260
65     opls_521     6.958290    0.927590    3.037250
66     opls_521     8.333720    0.872640    2.794930
67     opls_522     9.066460    2.048220    2.685260
68     opls_522    10.590230    4.456210    3.367580
69     opls_521    11.248930    5.635840    3.715760
70     opls_521    10.569710    6.847950    3.619750
71     opls_522     9.268250    6.888880    3.187900
72     opls_238     4.940350    8.328410    1.002330
73     opls_238     3.646730    5.931730    1.672300
74     opls_238    -3.161480    5.744880    0.371860
75     opls_238    11.332830    8.161040    0.254500
76     opls_238    -1.742950   13.667600    7.215910
77     opls_238     1.005800   13.541950    6.718700
78     opls_238     4.787180    8.194520    4.883100
79     opls_238     3.493560    5.797830    5.553070
80     opls_238    -3.314650    5.610990    4.252630
81     opls_238    11.179660    8.027150    4.135270
82     opls_238    -1.589780   13.801490    3.335130
83     opls_238     1.158970   13.675840    2.837930
84     opls_525    -0.699440    6.057730    1.241690
85     opls_525    -3.354390   10.194690    1.168270
86     opls_525     1.104310    6.275210    2.331100
87     opls_525     3.447890   10.442870    1.184490
88     opls_525     2.412090   11.576980   -0.238900
89     opls_525    -2.394290   11.924330    0.723840
90     opls_910     5.450890    9.220610    0.812010
91     opls_910     3.208870    5.043630    2.004500
92     opls_525     4.871890    3.789080    0.773670
93     opls_525     6.669940    7.764890    7.218470
94     opls_525     5.105340    2.002260    7.198130
95     opls_525     9.962990    1.835330    6.327750
96     opls_525    10.968310    3.398150    7.382390
97     opls_525     8.678800    7.727580    7.011390
98     opls_910    -2.614160    4.859960    0.383420
99     opls_910    10.795080    9.053770    0.220270
100    opls_910    -2.780730   13.686340    7.321000
101    opls_910     2.004200   13.463480    6.424150
102    opls_525    -0.852620    5.923830    5.122460
103    opls_525    -3.507560   10.060800    5.049040
104    opls_525     0.951140    6.141320    6.211870
105    opls_525     3.294720   10.308980    5.065260
106    opls_525     2.258910   11.443090    3.641870
107    opls_525    -2.547460   11.790430    4.604610
108    opls_910     5.297720    9.086720    4.692780
109    opls_910     3.055700    4.909740    5.885270
110    opls_525     4.718720    3.655190    4.654440
111    opls_525     6.823110    7.898790    3.337700
112    opls_525     5.258510    2.136150    3.317360
113    opls_525    10.116160    1.969220    2.446980
114    opls_525    11.121480    3.532040    3.501620
115    opls_525     8.831970    7.861470    3.130620
116    opls_910    -2.767340    4.726070    4.264190
117    opls_910    10.641900    8.919880    4.101040
118    opls_910    -2.627560   13.820230    3.440230
119    opls_910     2.157370   13.597370    2.543380
