0      opls_531     1.127350   10.064890    1.730100
1      opls_700     2.357650    9.233750    1.730100
2      opls_523     2.274670    7.831150    1.730100
3      opls_145     3.433340    7.050030    1.730100
4      opls_700     4.703860    7.646830    1.730100
5      opls_145     4.787870    9.053170    1.730100
6      opls_523     3.628170    9.834450    1.730100
7      opls_142     5.894690    6.757720    1.730100
8      opls_142     7.169340    7.181080    1.730100
9      opls_642     8.310660    6.252030    1.730100
10     opls_531     0.095730   12.183320    1.730100
11     opls_700     0.200360   13.664360    1.730100
12     opls_523     1.456540   14.293800    1.730100
13     opls_145     1.553670   15.687790    1.730100
14     opls_700     9.777420    0.250250    1.730100
15     opls_145    -0.858360   15.859280    1.730100
16     opls_523    -0.955120   14.464310    1.730100
17     opls_142     9.952000    1.726090    1.730100
18     opls_142     8.948030    2.618290    1.730100
19     opls_642     9.181960    4.071230    1.730100
20     opls_531    -1.223080   10.230690    1.730100
21     opls_700    -2.558010    9.580790    1.730100
22     opls_523    -3.731210   10.353950    1.730100
23     opls_145    -4.987010    9.741070    1.730100
24     opls_700    13.646270    8.342370    1.730100
25     opls_145    -3.929510    7.566450    1.730100
26     opls_523    -2.673050    8.180140    1.730100
27     opls_142    12.280860    7.755640    1.730100
28     opls_142    12.010180    6.440080    1.730100
29     opls_642    10.634930    5.916190    1.730100
30     opls_641     9.567870    6.751060    1.730100
31     opls_520     1.213890   11.417470    1.730100
32     opls_641     8.121170    4.910480    1.730100
33     opls_520    -1.118910   11.581970    1.730100
34     opls_641    10.438510    4.577900    1.730100
35     opls_520    -0.094980    9.479450    1.730100
36     opls_526     1.310560    7.338280    1.730100
37     opls_146     3.335650    5.971730    1.730100
38     opls_146     5.736050    9.566170    1.730100
39     opls_526     3.724090   10.912910    1.730100
40     opls_144     5.708960    5.689650    1.730100
41     opls_144     7.414420    8.229830    1.730100
42     opls_526     2.365430   13.705280    1.730100
43     opls_146     2.536350   16.142340    1.730100
44     opls_146    -1.776720   16.423930    1.730100
45     opls_526    -1.937050   14.008150    1.730100
46     opls_144    10.969840    2.099270    1.730100
47     opls_144     7.917250    2.306160    1.730100
48     opls_526    -3.675990   11.435330    1.730100
49     opls_146    -5.872000   10.364830    1.730100
50     opls_146    -3.959330    6.488800    1.730100
51     opls_526    -1.787040    7.557840    1.730100
52     opls_144    11.448760    8.450520    1.730100
53     opls_144    12.795880    5.703460    1.730100
