0      opls_145    33.906070   56.051700    4.614370
1      opls_145     7.612920   10.597250    4.614370
2      opls_145    18.680230   34.857200    1.538120
3      opls_145    44.973380   80.311650    1.538120
4      opls_145    18.680230   56.051700    4.614370
5      opls_145    44.973380   10.597250    4.614370
6      opls_145    33.906070   34.857200    1.538120
7      opls_145     7.612920   80.311650    1.538120
8      opls_145    32.703950   58.128970    4.614370
9      opls_145     6.410800   12.674520    4.614370
10     opls_145    19.882350   32.779930    1.538120
11     opls_145    46.175500   78.234380    1.538120
12     opls_145    19.882350   58.128970    4.614370
13     opls_145    46.175500   12.674520    4.614370
14     opls_145    32.703950   32.779930    1.538120
15     opls_145     6.410800   78.234380    1.538120
16     opls_145    35.182860   17.611780    4.614370
17     opls_145     8.889710   63.066230    4.614370
18     opls_145    17.403440   73.297120    1.538120
19     opls_145    43.696590   27.842670    1.538120
20     opls_145    17.403440   17.611780    4.614370
21     opls_145    43.696590   63.066230    4.614370
22     opls_145    35.182860   73.297120    1.538120
23     opls_145     8.889710   27.842670    1.538120
24     opls_145    43.720250   12.708160    4.614370
25     opls_145    17.427100   58.162610    4.614370
26     opls_145     8.866050   78.200740    1.538120
27     opls_145    35.159200   32.746290    1.538120
28     opls_145     8.866050   12.708160    4.614370
29     opls_145    35.159200   58.162610    4.614370
30     opls_145    43.720250   78.200740    1.538120
31     opls_145    17.427100   32.746290    1.538120
32     opls_700    50.026920    9.047250    4.614370
33     opls_700    23.733770   54.501700    4.614370
34     opls_700     2.559380   81.861650    1.538120
35     opls_700    28.852530   36.407200    1.538120
36     opls_700     2.559380    9.047250    4.614370
37     opls_700    28.852530   54.501700    4.614370
38     opls_700    50.026920   81.861650    1.538120
39     opls_700    23.733770   36.407200    1.538120
40     opls_700    51.346320    8.278160    4.614370
41     opls_700    25.053170   53.732610    4.614370
42     opls_700     1.239980   82.630740    1.538120
43     opls_700    27.533130   37.176290    1.538120
44     opls_700     1.239980    8.278160    4.614370
45     opls_700    27.533130   53.732610    4.614370
46     opls_700    51.346320   82.630740    1.538120
47     opls_700    25.053170   37.176290    1.538120
48     opls_700    32.686070   19.040870    4.614370
49     opls_700     6.392920   64.495320    4.614370
50     opls_700    19.900230   71.868030    1.538120
51     opls_700    46.193380   26.413580    1.538120
52     opls_700    19.900230   19.040870    4.614370
53     opls_700    46.193380   64.495320    4.614370
54     opls_700    32.686070   71.868030    1.538120
55     opls_700     6.392920   26.413580    1.538120
56     opls_700    31.348270   55.954430    4.614370
57     opls_700     5.055120   10.499980    4.614370
58     opls_700    21.238030   34.954470    1.538120
59     opls_700    47.531180   80.408920    1.538120
60     opls_700    21.238030   55.954430    4.614370
61     opls_700    47.531180   10.499980    4.614370
62     opls_700    31.348270   34.954470    1.538120
63     opls_700     5.055120   80.408920    1.538120
64     opls_145    27.497380   23.409040    4.614370
65     opls_145     1.204230   68.863490    4.614370
66     opls_145    25.088920   67.499860    1.538120
67     opls_145    51.382070   22.045410    1.538120
68     opls_145    25.088920   23.409040    4.614370
69     opls_145    51.382070   68.863490    4.614370
70     opls_145    27.497380   67.499860    1.538120
71     opls_145     1.204230   22.045410    1.538120
72     opls_145    28.912470   19.820870    4.614370
73     opls_145     2.619320   65.275320    4.614370
74     opls_145    23.673830   71.088030    1.538120
75     opls_145    49.966980   25.633580    1.538120
76     opls_145    23.673830   19.820870    4.614370
77     opls_145    49.966980   65.275320    4.614370
78     opls_145    28.912470   71.088030    1.538120
79     opls_145     2.619320   25.633580    1.538120
80     opls_145    33.947610   16.935420    4.614370
81     opls_145     7.654460   62.389870    4.614370
82     opls_145    18.638690   73.973480    1.538120
83     opls_145    44.931840   28.519030    1.538120
84     opls_145    18.638690   16.935420    4.614370
85     opls_145    44.931840   62.389870    4.614370
86     opls_145    33.947610   73.973480    1.538120
87     opls_145     7.654460   28.519030    1.538120
88     opls_234    37.794830   17.417240    4.614370
89     opls_234    11.501680   62.871690    4.614370
90     opls_234    14.791470   73.491660    1.538120
91     opls_234    41.084620   28.037210    1.538120
92     opls_234    14.791470   17.417240    4.614370
93     opls_234    41.084620   62.871690    4.614370
94     opls_234    37.794830   73.491660    1.538120
95     opls_234    11.501680   28.037210    1.538120
96     opls_700    38.782920   16.347240    4.614370
97     opls_700    12.489770   61.801690    4.614370
98     opls_700    13.803380   74.561660    1.538120
99     opls_700    40.096530   29.107210    1.538120
100    opls_700    13.803380   16.347240    4.614370
101    opls_700    40.096530   61.801690    4.614370
102    opls_700    38.782920   74.561660    1.538120
103    opls_700    12.489770   29.107210    1.538120
104    opls_145    38.757150   13.909970    4.614370
105    opls_145    12.464000   59.364420    4.614370
106    opls_145    13.829670   76.998930    1.538120
107    opls_145    40.122820   31.544480    1.538120
108    opls_145    13.829670   13.909970    4.614370
109    opls_145    40.122820   59.364420    4.614370
110    opls_145    38.757150   76.998930    1.538120
111    opls_145    12.464000   31.544480    1.538120
112    opls_700    40.157530   13.967240    4.614370
113    opls_700    13.864380   59.421690    4.614370
114    opls_700    12.428770   76.941660    1.538120
115    opls_700    38.721400   31.487210    1.538120
116    opls_700    12.428770   13.967240    4.614370
117    opls_700    38.721400   59.421690    4.614370
118    opls_700    40.157530   76.941660    1.538120
119    opls_700    13.864380   31.487210    1.538120
120    opls_234    41.165610   12.919970    4.614370
121    opls_234    14.872460   58.374420    4.614370
122    opls_234    11.421220   77.988930    1.538120
123    opls_234    37.714370   32.534480    1.538120
124    opls_234    11.421220   12.919970    4.614370
125    opls_234    37.714370   58.374420    4.614370
126    opls_234    41.165610   77.988930    1.538120
127    opls_234    14.872460   32.534480    1.538120
128    opls_145    43.763900   11.297250    4.614370
129    opls_145    17.470750   56.751700    4.614370
130    opls_145     8.822400   79.611650    1.538120
131    opls_145    35.115550   34.157200    1.538120
132    opls_145     8.822400   11.297250    4.614370
133    opls_145    35.115550   56.751700    4.614370
134    opls_145    43.763900   79.611650    1.538120
135    opls_145    17.470750   34.157200    1.538120
136    opls_145    48.777470    8.386350    4.614370
137    opls_145    22.484320   53.840800    4.614370
138    opls_145     3.808830   82.522550    1.538120
139    opls_145    30.101980   37.068100    1.538120
140    opls_145     3.808830    8.386350    4.614370
141    opls_145    30.101980   53.840800    4.614370
142    opls_145    48.777470   82.522550    1.538120
143    opls_145    22.484320   37.068100    1.538120
144    opls_145    31.319350   21.205410    4.614370
145    opls_145     5.026720   66.659860    4.614370
146    opls_145    21.266950   69.703490    1.538120
147    opls_145    47.559580   24.249040    1.538120
148    opls_145    21.266950   21.205410    4.614370
149    opls_145    47.559580   66.659860    4.614370
150    opls_145    31.319350   69.703490    1.538120
151    opls_145     5.026720   24.249040    1.538120
152    opls_145    33.928680   19.714500    4.614370
153    opls_145     7.635530   65.168950    4.614370
154    opls_145    18.658150   71.194400    1.538120
155    opls_145    44.951300   25.739950    1.538120
156    opls_145    18.658150   19.714500    4.614370
157    opls_145    44.951300   65.168950    4.614370
158    opls_145    33.928680   71.194400    1.538120
159    opls_145     7.635530   25.739950    1.538120
160    opls_145    31.308830   54.544430    4.614370
161    opls_145     5.015680    9.089980    4.614370
162    opls_145    21.277470   36.364470    1.538120
163    opls_145    47.570620   81.818920    1.538120
164    opls_145    21.277470   54.544430    4.614370
165    opls_145    47.570620    9.089980    4.614370
166    opls_145    31.308830   36.364470    1.538120
167    opls_145     5.015680   81.818920    1.538120
168    opls_145    30.103550   56.618970    4.614370
169    opls_145     3.810400   11.164520    4.614370
170    opls_145    22.482750   34.289930    1.538120
171    opls_145    48.775900   79.744380    1.538120
172    opls_145    22.482750   56.618970    4.614370
173    opls_145    48.775900   11.164520    4.614370
174    opls_145    30.103550   34.289930    1.538120
175    opls_145     3.810400   79.744380    1.538120
176    opls_234    25.199880   35.279930    4.614370
177    opls_234    51.493030   80.734380    4.614370
178    opls_234    27.386420   55.628970    1.538120
179    opls_234     1.093270   10.174520    1.538120
180    opls_234    27.386420   35.279930    4.614370
181    opls_234     1.093270   80.734380    4.614370
182    opls_234    25.199880   55.628970    1.538120
183    opls_234    51.493030   10.174520    1.538120
184    opls_700    25.604800   36.675380    4.614370
185    opls_700    51.897950   82.129830    4.614370
186    opls_700    26.981500   54.233520    1.538120
187    opls_700     0.688350    8.779070    1.538120
188    opls_700    26.981500   36.675380    4.614370
189    opls_700     0.688350   82.129830    4.614370
190    opls_700    25.604800   54.233520    1.538120
191    opls_700    51.897950    8.779070    1.538120
192    opls_145    27.729810   37.862650    4.614370
193    opls_145     1.436660   83.317100    4.614370
194    opls_145    24.856490   53.046250    1.538120
195    opls_145    51.149640    7.591800    1.538120
196    opls_145    24.856490   37.862650    4.614370
197    opls_145    51.149640   83.317100    4.614370
198    opls_145    27.729810   53.046250    1.538120
199    opls_145     1.436660    7.591800    1.538120
200    opls_700    26.982030   39.048100    4.614370
201    opls_700     0.688880   84.502550    4.614370
202    opls_700    25.604270   51.860800    1.538120
203    opls_700    51.897420    6.406350    1.538120
204    opls_700    25.604270   39.048100    4.614370
205    opls_700    51.897420   84.502550    4.614370
206    opls_700    26.982030   51.860800    1.538120
207    opls_700     0.688880    6.406350    1.538120
208    opls_234    27.386950   40.442640    4.614370
209    opls_234     1.093800   85.897090    4.614370
210    opls_234    25.199350   50.466260    1.538120
211    opls_234    51.492500    5.011810    1.538120
212    opls_234    25.199350   40.442640    4.614370
213    opls_234    51.492500   85.897090    4.614370
214    opls_234    27.386950   50.466260    1.538120
215    opls_234     1.093800    5.011810    1.538120
216    opls_145    27.493700   44.900810    4.614370
217    opls_145     1.200550   90.355260    4.614370
218    opls_145    25.092600   46.008090    1.538120
219    opls_145    51.385750    0.553640    1.538120
220    opls_145    25.092600   44.900810    4.614370
221    opls_145    51.385750   90.355260    4.614370
222    opls_145    27.493700   46.008090    1.538120
223    opls_145     1.200550    0.553640    1.538120
224    opls_145    27.493170   49.303530    4.614370
225    opls_145     1.200020    3.849080    4.614370
226    opls_145    25.093130   41.605370    1.538120
227    opls_145    51.386280   87.059820    1.538120
228    opls_145    25.093130   49.303530    4.614370
229    opls_145    51.386280    3.849080    4.614370
230    opls_145    27.493170   41.605370    1.538120
231    opls_145     1.200020   87.059820    1.538120
232    opls_145    25.094180   27.821760    4.614370
233    opls_145    51.387330   73.276210    4.614370
234    opls_145    27.492120   63.087140    1.538120
235    opls_145     1.198970   17.632690    1.538120
236    opls_145    27.492120   27.821760    4.614370
237    opls_145     1.198970   73.276210    4.614370
238    opls_145    25.094180   63.087140    1.538120
239    opls_145    51.387330   17.632690    1.538120
240    opls_145    25.092600   30.826300    4.614370
241    opls_145    51.385750   76.280750    4.614370
242    opls_145    27.493700   60.082600    1.538120
243    opls_145     1.200550   14.628150    1.538120
244    opls_145    27.493700   30.826300    4.614370
245    opls_145     1.200550   76.280750    4.614370
246    opls_145    25.092600   60.082600    1.538120
247    opls_145    51.385750   14.628150    1.538120
248    opls_145    22.478540   21.901770    4.614370
249    opls_145    48.771690   67.356220    4.614370
250    opls_145    30.107760   69.007130    1.538120
251    opls_145     3.814610   23.552680    1.538120
252    opls_145    30.107760   21.901770    4.614370
253    opls_145     3.814610   67.356220    4.614370
254    opls_145    22.478540   69.007130    1.538120
255    opls_145    48.771690   23.552680    1.538120
256    opls_145    17.445510   19.019050    4.614370
257    opls_145    43.738660   64.473500    4.614370
258    opls_145    35.140790   71.889850    1.538120
259    opls_145     8.847640   26.435400    1.538120
260    opls_145    35.140790   19.019050    4.614370
261    opls_145     8.847640   64.473500    4.614370
262    opls_145    17.445510   71.889850    1.538120
263    opls_145    43.738660   26.435400    1.538120
264    opls_234    15.914190   15.458150    4.614370
265    opls_234    42.207340   60.912600    4.614370
266    opls_234    36.672110   75.450750    1.538120
267    opls_234    10.378960   29.996300    1.538120
268    opls_234    36.672110   15.458150    4.614370
269    opls_234    10.378960   60.912600    4.614370
270    opls_234    15.914190   75.450750    1.538120
271    opls_234    42.207340   29.996300    1.538120
272    opls_700    19.924420   56.718060    4.614370
273    opls_700    46.217570   11.263610    4.614370
274    opls_700    32.661880   34.191750    1.538120
275    opls_700     6.368730   79.646200    1.538120
276    opls_700    32.661880   56.718060    4.614370
277    opls_700     6.368730   11.263610    4.614370
278    opls_700    19.924420   34.191750    1.538120
279    opls_700    46.217570   79.646200    1.538120
280    opls_700     5.074050   65.250770    4.614370
281    opls_700    31.367200   19.796320    4.614370
282    opls_700    47.512250   25.658130    1.538120
283    opls_700    21.219100   71.112580    1.538120
284    opls_700    47.512250   65.250770    4.614370
285    opls_700    21.219100   19.796320    4.614370
286    opls_700     5.074050   25.658130    1.538120
287    opls_700    31.367200   71.112580    1.538120
288    opls_700    11.743050   15.159970    4.614370
289    opls_700    38.036200   60.614420    4.614370
290    opls_700    40.843250   75.749840    1.538120
291    opls_700    14.550100   30.295390    1.538120
292    opls_700    40.843250   15.159970    4.614370
293    opls_700    14.550100   60.614420    4.614370
294    opls_700    11.743050   75.749840    1.538120
295    opls_700    38.036200   30.295390    1.538120
296    opls_234    10.330050   14.813610    4.614370
297    opls_234    36.623200   60.268060    4.614370
298    opls_234    42.256250   76.095290    1.538120
299    opls_234    15.963100   30.640840    1.538120
300    opls_234    42.256250   14.813610    4.614370
301    opls_234    15.963100   60.268060    4.614370
302    opls_234    10.330050   76.095290    1.538120
303    opls_234    36.623200   30.640840    1.538120
304    opls_145     7.621330   13.374520    4.614370
305    opls_145    33.914480   58.828970    4.614370
306    opls_145    44.965490   77.534380    1.538120
307    opls_145    18.672340   32.079930    1.538120
308    opls_145    44.965490   13.374520    4.614370
309    opls_145    18.672340   58.828970    4.614370
310    opls_145     7.621330   77.534380    1.538120
311    opls_145    33.914480   32.079930    1.538120
312    opls_145     2.603020   10.461800    4.614370
313    opls_145    28.896170   55.916250    4.614370
314    opls_145    49.983280   80.447100    1.538120
315    opls_145    23.690130   34.992650    1.538120
316    opls_145    49.983280   10.461800    4.614370
317    opls_145    23.690130   55.916250    4.614370
318    opls_145     2.603020   80.447100    1.538120
319    opls_145    28.896170   34.992650    1.538120
320    opls_145    22.460660   19.125410    4.614370
321    opls_145    48.753810   64.579860    4.614370
322    opls_145    30.126170   71.783490    1.538120
323    opls_145     3.833020   26.329040    1.538120
324    opls_145    30.126170   19.125410    4.614370
325    opls_145     3.833020   64.579860    4.614370
326    opls_145    22.460660   71.783490    1.538120
327    opls_145    48.753810   26.329040    1.538120
328    opls_145    19.852380   17.629050    4.614370
329    opls_145    46.145530   63.083500    4.614370
330    opls_145    32.733920   73.279850    1.538120
331    opls_145     6.440770   27.825400    1.538120
332    opls_145    32.733920   17.629050    4.614370
333    opls_145     6.440770   63.083500    4.614370
334    opls_145    19.852380   73.279850    1.538120
335    opls_145    46.145530   27.825400    1.538120
336    opls_145    51.381550    6.866350    4.614370
337    opls_145    25.088400   52.320800    4.614370
338    opls_145     1.204750   84.042550    1.538120
339    opls_145    27.497900   38.588100    1.538120
340    opls_145     1.204750    6.866350    4.614370
341    opls_145    27.497900   52.320800    4.614370
342    opls_145    51.381550   84.042550    1.538120
343    opls_145    25.088400   38.588100    1.538120
344    opls_700    26.293150   24.146310    4.614370
345    opls_700    52.586300   69.600760    4.614370
346    opls_700    26.293150   66.763500    1.538120
347    opls_700    52.586300   21.309050    1.538120
348    opls_700    26.293150   25.674490    4.614370
349    opls_700    52.586300   71.128940    4.614370
350    opls_700    26.293150   65.234410    1.538120
351    opls_700    52.586300   19.779960    1.538120
352    opls_145    26.293150   32.965390    4.614370
353    opls_145    52.586300   78.419840    4.614370
354    opls_145    26.293150   57.943510    1.538120
355    opls_145    52.586300   12.489060    1.538120
356    opls_700    26.293150   50.053530    4.614370
357    opls_700    52.586300    4.599080    4.614370
358    opls_700    26.293150   40.855370    1.538120
359    opls_700    52.586300   86.309820    1.538120
360    opls_700    26.293150   51.583530    4.614370
361    opls_700    52.586300    6.129080    4.614370
362    opls_700    26.293150   39.326280    1.538120
363    opls_700    52.586300   84.780730    1.538120
364    opls_700    26.293150   30.083570    4.614370
365    opls_700    52.586300   75.538020    4.614370
366    opls_700    26.293150   60.825330    1.538120
367    opls_700    52.586300   15.370880    1.538120
368    opls_700    26.293150   28.564490    4.614370
369    opls_700    52.586300   74.018940    4.614370
370    opls_700    26.293150   62.344410    1.538120
371    opls_700    52.586300   16.889960    1.538120
372    opls_145    26.293150   21.321770    4.614370
373    opls_145    52.586300   66.776220    4.614370
374    opls_145    26.293150   69.587130    1.538120
375    opls_145    52.586300   24.132680    1.538120
376    opls_700    26.293150   45.644450    4.614370
377    opls_700    52.586300    0.190000    4.614370
378    opls_700    26.293150   45.264450    1.538120
379    opls_700    52.586300   90.718900    1.538120
380    opls_700     2.566740   24.219950    1.538120
381    opls_700    28.859890   69.674400    1.538120
382    opls_700    50.019560   66.688950    4.614370
383    opls_700    23.726410   21.234500    4.614370
384    opls_700    50.019560   24.219950    1.538120
385    opls_700    23.726410   69.674400    1.538120
386    opls_700     2.566740   66.688950    4.614370
387    opls_700    28.859890   21.234500    4.614370
388    opls_145    13.892770   29.056300    1.538120
389    opls_145    40.185920   74.510750    1.538120
390    opls_145    38.693530   61.852600    4.614370
391    opls_145    12.400380   16.398150    4.614370
392    opls_145    38.693530   29.056300    1.538120
393    opls_145    12.400380   74.510750    1.538120
394    opls_145    13.892770   61.852600    4.614370
395    opls_145    40.185920   16.398150    4.614370
396    opls_700     1.241040   23.457220    1.538120
397    opls_700    27.534190   68.911670    1.538120
398    opls_700    51.345260   67.451680    4.614370
399    opls_700    25.052110   21.997230    4.614370
400    opls_700    51.345260   23.457220    1.538120
401    opls_700    25.052110   68.911670    1.538120
402    opls_700     1.241040   67.451680    4.614370
403    opls_700    27.534190   21.997230    4.614370
404    opls_145     1.200020   19.029960    1.538120
405    opls_145    27.493170   64.484410    1.538120
406    opls_145    51.386280   71.878940    4.614370
407    opls_145    25.093130   26.424490    4.614370
408    opls_145    51.386280   19.029960    1.538120
409    opls_145    25.093130   64.484410    1.538120
410    opls_145     1.200020   71.878940    4.614370
411    opls_145    27.493170   26.424490    4.614370
412    opls_145    25.093660   43.002640    1.538120
413    opls_145    51.386810   88.457090    1.538120
414    opls_145    27.492640   47.906260    4.614370
415    opls_145     1.199490    2.451810    4.614370
416    opls_145    27.492640   43.002640    1.538120
417    opls_145     1.199490   88.457090    1.538120
418    opls_145    25.093660   47.906260    4.614370
419    opls_145    51.386810    2.451810    4.614370
420    opls_145    25.092600   47.405350    1.538120
421    opls_145    51.385750    1.950900    1.538120
422    opls_145    27.493700   43.503550    4.614370
423    opls_145     1.200550   88.958000    4.614370
424    opls_145    27.493700   47.405350    1.538120
425    opls_145     1.200550    1.950900    1.538120
426    opls_145    25.092600   43.503550    4.614370
427    opls_145    51.385750   88.958000    4.614370
428    opls_145    51.386280   13.231790    1.538120
429    opls_145    25.093130   58.686240    1.538120
430    opls_145     1.200020   77.677110    4.614370
431    opls_145    27.493170   32.222660    4.614370
432    opls_145     1.200020   13.231790    1.538120
433    opls_145    27.493170   58.686240    1.538120
434    opls_145    51.386280   77.677110    4.614370
435    opls_145    25.093130   32.222660    4.614370
436    opls_700    40.785410   30.307210    1.538120
437    opls_700    14.492260   75.761660    1.538120
438    opls_700    11.800890   60.601690    4.614370
439    opls_700    38.094040   15.147240    4.614370
440    opls_700    11.800890   30.307210    1.538120
441    opls_700    38.094040   75.761660    1.538120
442    opls_700    40.785410   60.601690    4.614370
443    opls_700    14.492260   15.147240    4.614370
444    opls_700    26.293150   43.745360    1.538120
445    opls_700    52.586300   89.199810    1.538120
446    opls_700    26.293150   47.163540    4.614370
447    opls_700    52.586300    1.709090    4.614370
448    opls_145    26.293150   48.148080    1.538120
449    opls_145     0.000000    2.693630    1.538120
450    opls_145    26.293150   42.760820    4.614370
451    opls_145    52.586300   88.215270    4.614370
452    opls_145    26.293150   36.503560    1.538120
453    opls_145    52.586300   81.958010    1.538120
454    opls_145    26.293150   54.405340    4.614370
455    opls_145    52.586300    8.950890    4.614370
456    opls_236    38.081420   18.599960    4.614370
457    opls_236    11.788270   64.054410    4.614370
458    opls_236    14.504880   72.308940    1.538120
459    opls_236    40.798030   26.854490    1.538120
460    opls_236    14.504880   18.599960    4.614370
461    opls_236    40.798030   64.054410    4.614370
462    opls_236    38.081420   72.308940    1.538120
463    opls_236    11.788270   26.854490    1.538120
464    opls_236    40.891630   11.734520    4.614370
465    opls_236    14.598480   57.188970    4.614370
466    opls_236    11.694670   79.174380    1.538120
467    opls_236    37.987820   33.719930    1.538120
468    opls_236    11.694670   11.734520    4.614370
469    opls_236    37.987820   57.188970    4.614370
470    opls_236    40.891630   79.174380    1.538120
471    opls_236    14.598480   33.719930    1.538120
472    opls_236    24.036670   34.925380    4.614370
473    opls_236    50.329820   80.379830    4.614370
474    opls_236    28.549630   55.983520    1.538120
475    opls_236     2.256480   10.529070    1.538120
476    opls_236    28.549630   34.925380    4.614370
477    opls_236     2.256480   80.379830    4.614370
478    opls_236    24.036670   55.983520    1.538120
479    opls_236    50.329820   10.529070    1.538120
480    opls_236    28.550150   40.798100    4.614370
481    opls_236     2.257000   86.252550    4.614370
482    opls_236    24.036150   50.111710    1.538120
483    opls_236    50.329300    4.657260    1.538120
484    opls_236    24.036150   40.798100    4.614370
485    opls_236    50.329300   86.252550    4.614370
486    opls_236    28.550150   50.111710    1.538120
487    opls_236     2.257000    4.657260    1.538120
488    opls_236    16.789750   14.613610    4.614370
489    opls_236    43.082900   60.068060    4.614370
490    opls_236    35.796550   76.296200    1.538120
491    opls_236     9.503400   30.841750    1.538120
492    opls_236    35.796550   14.613610    4.614370
493    opls_236     9.503400   60.068060    4.614370
494    opls_236    16.789750   76.296200    1.538120
495    opls_236    43.082900   30.841750    1.538120
496    opls_236     9.441340   15.644510    4.614370
497    opls_236    35.734490   61.098960    4.614370
498    opls_236    43.144960   75.264390    1.538120
499    opls_236    16.851810   29.809940    1.538120
500    opls_236    43.144960   15.644510    4.614370
501    opls_236    16.851810   61.098960    4.614370
502    opls_236     9.441340   75.264390    1.538120
503    opls_236    35.734490   29.809940    1.538120
504    opls_542    42.429260   62.340780    4.614370
505    opls_542    16.136110   16.886330    4.614370
506    opls_542    10.157040   28.568120    1.538120
507    opls_542    36.450190   74.022570    1.538120
508    opls_542    10.157040   62.340780    4.614370
509    opls_542    36.450190   16.886330    4.614370
510    opls_542    42.429260   28.568120    1.538120
511    opls_542    16.136110   74.022570    1.538120
512    opls_542    42.447140   13.442700    4.614370
513    opls_542    16.153990   58.897150    4.614370
514    opls_542    10.139690   77.466200    1.538120
515    opls_542    36.432840   32.011750    1.538120
516    opls_542    10.139690   13.442700    4.614370
517    opls_542    36.432840   58.897150    4.614370
518    opls_542    42.447140   77.466200    1.538120
519    opls_542    16.153990   32.011750    1.538120
520    opls_542    26.293150   34.432650    4.614370
521    opls_542    52.586300   79.887100    4.614370
522    opls_542    26.293150   56.476250    1.538120
523    opls_542    52.586300   11.021800    1.538120
524    opls_542    26.293150   41.291730    4.614370
525    opls_542    52.586300   86.746180    4.614370
526    opls_542    26.293150   49.617170    1.538120
527    opls_542     0.000000    4.162720    1.538120
528    opls_146    38.220250   12.970880    4.614370
529    opls_146    11.927100   58.425330    4.614370
530    opls_146    14.366050   77.938020    1.538120
531    opls_146    40.659200   32.483570    1.538120
532    opls_146    14.366050   12.970880    4.614370
533    opls_146    40.659200   58.425330    4.614370
534    opls_146    38.220250   77.938020    1.538120
535    opls_146    11.927100   32.483570    1.538120
536    opls_146    30.201360   22.972680    4.614370
537    opls_146     3.908210   68.427130    4.614370
538    opls_146    22.384940   67.936220    1.538120
539    opls_146    48.678090   22.481770    1.538120
540    opls_146    22.384940   22.972680    4.614370
541    opls_146    48.678090   68.427130    4.614370
542    opls_146    30.201360   67.936220    1.538120
543    opls_146     3.908210   22.481770    1.538120
544    opls_146    32.207530   21.812680    4.614370
545    opls_146     5.914380   67.267130    4.614370
546    opls_146    20.378770   69.096220    1.538120
547    opls_146    46.671920   23.641770    1.538120
548    opls_146    20.378770   21.812680    4.614370
549    opls_146    46.671920   67.267130    4.614370
550    opls_146    32.207530   69.096220    1.538120
551    opls_146     5.914380   23.641770    1.538120
552    opls_146    34.005460   20.787230    4.614370
553    opls_146     7.712310   66.241680    4.614370
554    opls_146    18.581370   70.121670    1.538120
555    opls_146    44.874520   24.667220    1.538120
556    opls_146    18.581370   20.787230    4.614370
557    opls_146    44.874520   66.241680    4.614370
558    opls_146    34.005460   70.121670    1.538120
559    opls_146     7.712310   24.667220    1.538120
560    opls_146    36.033180   19.618140    4.614370
561    opls_146     9.740030   65.072590    4.614370
562    opls_146    16.553120   71.290760    1.538120
563    opls_146    42.846270   25.836310    1.538120
564    opls_146    16.553120   19.618140    4.614370
565    opls_146    42.846270   65.072590    4.614370
566    opls_146    36.033180   71.290760    1.538120
567    opls_146     9.740030   25.836310    1.538120
568    opls_146    28.811510   37.861740    4.614370
569    opls_146     2.518360   83.316190    4.614370
570    opls_146    23.774790   53.047160    1.538120
571    opls_146    50.067940    7.592710    1.538120
572    opls_146    23.774790   37.861740    4.614370
573    opls_146    50.067940   83.316190    4.614370
574    opls_146    28.811510   53.047160    1.538120
575    opls_146     2.518360    7.592710    1.538120
576    opls_146    24.118180   25.971760    4.614370
577    opls_146    50.411330   71.426210    4.614370
578    opls_146    28.468120   64.937140    1.538120
579    opls_146     2.174970   19.482690    1.538120
580    opls_146    28.468120   25.971760    4.614370
581    opls_146     2.174970   71.426210    4.614370
582    opls_146    24.118180   64.937140    1.538120
583    opls_146    50.411330   19.482690    1.538120
584    opls_146    24.125020   28.289940    4.614370
585    opls_146    50.418170   73.744390    4.614370
586    opls_146    28.461280   62.618960    1.538120
587    opls_146     2.168130   17.164510    1.538120
588    opls_146    28.461280   28.289940    4.614370
589    opls_146     2.168130   73.744390    4.614370
590    opls_146    24.125020   62.618960    1.538120
591    opls_146    50.418170   17.164510    1.538120
592    opls_146    24.123440   30.359030    4.614370
593    opls_146    50.416590   75.813480    4.614370
594    opls_146    28.462860   60.549870    1.538120
595    opls_146     2.169710   15.095420    1.538120
596    opls_146    28.462860   30.359030    4.614370
597    opls_146     2.169710   75.813480    4.614370
598    opls_146    24.123440   60.549870    1.538120
599    opls_146    50.416590   15.095420    1.538120
600    opls_146     3.905580    7.316350    4.614370
601    opls_146    30.198730   52.770800    4.614370
602    opls_146    48.680720   83.592550    1.538120
603    opls_146    22.387570   38.138100    1.538120
604    opls_146    48.680720    7.316350    4.614370
605    opls_146    22.387570   52.770800    4.614370
606    opls_146     3.905580   83.592550    1.538120
607    opls_146    30.198730   38.138100    1.538120
608    opls_146    11.859260   17.335420    4.614370
609    opls_146    38.152410   62.789870    4.614370
610    opls_146    40.727040   73.573480    1.538120
611    opls_146    14.433890   28.119030    1.538120
612    opls_146    40.727040   17.335420    4.614370
613    opls_146    14.433890   62.789870    4.614370
614    opls_146    11.859260   73.573480    1.538120
615    opls_146    38.152410   28.119030    1.538120
616    opls_146    24.552540   19.202690    4.614370
617    opls_146    50.845690   64.657140    4.614370
618    opls_146    28.033760   71.707120    1.538120
619    opls_146     1.740610   26.252670    1.538120
620    opls_146    28.033760   19.202690    4.614370
621    opls_146     1.740610   64.657140    4.614370
622    opls_146    24.552540   71.707120    1.538120
623    opls_146    50.845690   26.252670    1.538120
624    opls_146    22.535860   18.052690    4.614370
625    opls_146    48.829010   63.507140    4.614370
626    opls_146    30.050440   72.856210    1.538120
627    opls_146     3.757290   27.401760    1.538120
628    opls_146    30.050440   18.052690    4.614370
629    opls_146     3.757290   63.507140    4.614370
630    opls_146    22.535860   72.856210    1.538120
631    opls_146    48.829010   27.401760    1.538120
632    opls_146    20.739510   17.019960    4.614370
633    opls_146    47.032660   62.474410    4.614370
634    opls_146    31.846790   73.888940    1.538120
635    opls_146     5.553640   28.434490    1.538120
636    opls_146    31.846790   17.019960    4.614370
637    opls_146     5.553640   62.474410    4.614370
638    opls_146    20.739510   73.888940    1.538120
639    opls_146    47.032660   28.434490    1.538120
640    opls_146    18.703900   15.862690    4.614370
641    opls_146    44.997050   61.317140    4.614370
642    opls_146    33.882400   75.046210    1.538120
643    opls_146     7.589250   29.591760    1.538120
644    opls_146    33.882400   15.862690    4.614370
645    opls_146     7.589250   61.317140    4.614370
646    opls_146    18.703900   75.046210    1.538120
647    opls_146    44.997050   29.591760    1.538120
648    opls_146    28.413960   23.939040    4.614370
649    opls_146     2.120810   69.393490    4.614370
650    opls_146    24.172340   66.969860    1.538120
651    opls_146    50.465490   21.515410    1.538120
652    opls_146    24.172340   23.939040    4.614370
653    opls_146    50.465490   69.393490    4.614370
654    opls_146    28.413960   66.969860    1.538120
655    opls_146     2.120810   21.515410    1.538120
656    opls_146    26.293150   55.463520    4.614370
657    opls_146    52.586300   10.009070    4.614370
658    opls_146    26.293150   35.445380    1.538120
659    opls_146    52.586300   80.899830    1.538120
660    opls_146    26.293150   20.261780    4.614370
661    opls_146    52.586300   65.716230    4.614370
662    opls_146    26.293150   70.647120    1.538120
663    opls_146    52.586300   25.192670    1.538120
664    opls_146    50.463920   84.572550    1.538120
665    opls_146    24.170770   39.118100    1.538120
666    opls_146     2.122380    6.336350    4.614370
667    opls_146    28.415530   51.790800    4.614370
668    opls_146     2.122380   84.572550    1.538120
669    opls_146    28.415530   39.118100    1.538120
670    opls_146    50.463920    6.336350    4.614370
671    opls_146    24.170770   51.790800    4.614370
672    opls_146    18.757530   31.009930    1.538120
673    opls_146    45.050680   76.464380    1.538120
674    opls_146    33.828770   59.898970    4.614370
675    opls_146     7.535620   14.444520    4.614370
676    opls_146    33.828770   31.009930    1.538120
677    opls_146     7.535620   76.464380    1.538120
678    opls_146    18.757530   59.898970    4.614370
679    opls_146    45.050680   14.444520    4.614370
680    opls_146    16.587300   34.766290    1.538120
681    opls_146    42.880450   80.220740    1.538120
682    opls_146    35.999000   56.142610    4.614370
683    opls_146     9.705850   10.688160    4.614370
684    opls_146    35.999000   34.766290    1.538120
685    opls_146     9.705850   80.220740    1.538120
686    opls_146    16.587300   56.142610    4.614370
687    opls_146    42.880450   10.688160    4.614370
688    opls_146     2.169710   12.771790    1.538120
689    opls_146    28.462860   58.226240    1.538120
690    opls_146    50.416590   78.137110    4.614370
691    opls_146    24.123440   32.682660    4.614370
692    opls_146    50.416590   12.771790    1.538120
693    opls_146    24.123440   58.226240    1.538120
694    opls_146     2.169710   78.137110    4.614370
695    opls_146    28.462860   32.682660    4.614370
696    opls_146    28.015350   34.376290    1.538120
697    opls_146     1.722200   79.830740    1.538120
698    opls_146    24.570950   56.532610    4.614370
699    opls_146    50.864100   11.078160    4.614370
700    opls_146    24.570950   34.376290    1.538120
701    opls_146    50.864100   79.830740    1.538120
702    opls_146    28.015350   56.532610    4.614370
703    opls_146     1.722200   11.078160    4.614370
704    opls_146    28.461810   45.539900    1.538120
705    opls_146     2.168660    0.085450    1.538120
706    opls_146    24.124490   45.369000    4.614370
707    opls_146    50.417640   90.823450    4.614370
708    opls_146    24.124490   45.539900    1.538120
709    opls_146    50.417640    0.085450    1.538120
710    opls_146    28.461810   45.369000    4.614370
711    opls_146     2.168660   90.823450    4.614370
712    opls_146    28.462330   47.865350    1.538120
713    opls_146     2.169180    2.410900    1.538120
714    opls_146    24.123970   43.043550    4.614370
715    opls_146    50.417120   88.498000    4.614370
716    opls_146    24.123970   47.865350    1.538120
717    opls_146    50.417120    2.410900    1.538120
718    opls_146    28.462330   43.043550    4.614370
719    opls_146     2.169180   88.498000    4.614370
720    opls_146    28.460760   43.470820    1.538120
721    opls_146     2.167610   88.925270    1.538120
722    opls_146    24.125540   47.438080    4.614370
723    opls_146    50.418690    1.983630    4.614370
724    opls_146    24.125540   43.470820    1.538120
725    opls_146    50.418690   88.925270    1.538120
726    opls_146    28.460760   47.438080    4.614370
727    opls_146     2.167610    1.983630    4.614370
728    opls_146     2.173920   86.606180    1.538120
729    opls_146    28.467070   41.151730    1.538120
730    opls_146    50.412380    4.302720    4.614370
731    opls_146    24.119230   49.757170    4.614370
732    opls_146    50.412380   86.606180    1.538120
733    opls_146    24.119230   41.151730    1.538120
734    opls_146     2.173920    4.302720    4.614370
735    opls_146    28.467070   49.757170    4.614370
736    opls_146    33.988100   35.929920    1.538120
737    opls_146     7.694950   81.384370    1.538120
738    opls_146    18.598720   54.978980    4.614370
739    opls_146    44.891870    9.524530    4.614370
740    opls_146    18.598720   35.929920    1.538120
741    opls_146    44.891870   81.384370    1.538120
742    opls_146    33.988100   54.978980    4.614370
743    opls_146     7.694950    9.524530    4.614370
744    opls_146     3.727840   78.671650    1.538120
745    opls_146    30.020990   33.217200    1.538120
746    opls_146    48.858460   12.237250    4.614370
747    opls_146    22.565310   57.691700    4.614370
748    opls_146    48.858460   78.671650    1.538120
749    opls_146    22.565310   33.217200    1.538120
750    opls_146     3.727840   12.237250    4.614370
751    opls_146    30.020990   57.691700    4.614370
752    opls_146    20.773170   32.176300    1.538120
753    opls_146    47.066320   77.630750    1.538120
754    opls_146    31.813130   58.732600    4.614370
755    opls_146     5.519980   13.278150    4.614370
756    opls_146    31.813130   32.176300    1.538120
757    opls_146     5.519980   77.630750    1.538120
758    opls_146    20.773170   58.732600    4.614370
759    opls_146    47.066320   13.278150    4.614370
760    opls_146    32.199640   36.967200    1.538120
761    opls_146     5.906490   82.421650    1.538120
762    opls_146    20.386660   53.941700    4.614370
763    opls_146    46.679810    8.487250    4.614370
764    opls_146    20.386660   36.967200    1.538120
765    opls_146    46.679810   82.421650    1.538120
766    opls_146    32.199640   53.941700    4.614370
767    opls_146     5.906490    8.487250    4.614370
