0      opls_700    23.721490   13.130880    1.814680
1      opls_145    23.215240   11.817140    1.817820
2      opls_700    25.193830   13.385280    1.774400
3      opls_145    22.088880    9.102270    1.221200
4      opls_145    21.610530    7.796640    1.153580
5      opls_145    20.313860    7.482320    1.626090
6      opls_145    20.026810    9.820620    2.255050
7      opls_522    -8.822880   18.063040    0.896210
8      opls_523    -8.021300   19.152150    1.246940
9      opls_700    -6.614370   19.045830    1.301400
10     opls_523    -6.046500   17.786990    1.028440
11     opls_145    19.526580    8.525810    2.164150
12     opls_142    20.405610    5.103430    1.600690
13     opls_521    11.906390   23.120840    0.622690
14     opls_522    17.871650    2.417170    0.717910
15     opls_700    21.410970   13.977970    1.814680
16     opls_145    22.801840   14.196420    1.817820
17     opls_700    20.454490   15.125860    1.774400
18     opls_145    25.716160   14.578400    1.221200
19     opls_145    27.086040   14.816950    1.153580
20     opls_145    28.006590   13.851160    1.626090
21     opls_145    26.125090   12.433420    2.255050
22     opls_522    11.090090   21.989970    0.896210
23     opls_523     9.746100   22.139590    1.246940
24     opls_700     9.134710   23.411190    1.301400
25     opls_523     9.940970   24.532400    1.028440
26     opls_145    27.496540   12.647600    2.164150
27     opls_142    30.020900   15.120060    1.600690
28     opls_521    -3.654730   37.413140    0.622690
29     opls_522    33.614250   14.268720    0.717910
30     opls_700    21.832630   11.553460    1.814680
31     opls_145    20.948020   12.648760    1.817820
32     opls_700    21.316780   10.151180    1.774400
33     opls_145    19.160050   14.981650    1.221200
34     opls_145    18.268530   16.048730    1.153580
35     opls_145    18.644650   17.328840    1.626090
36     opls_145    20.813200   16.408290    2.255050
37     opls_522    -2.267220   37.271630    0.896210
38     opls_523    -1.724800   36.032890    1.246940
39     opls_700    -2.520340   34.867610    1.301400
40     opls_523    -3.894470   35.005250    1.028440
41     opls_145    19.941980   17.488900    2.164150
42     opls_142    16.538590   18.438830    1.600690
43     opls_521    -8.251660   16.790660    0.622690
44     opls_522    15.479210   21.976440    0.717910
45     opls_700    -0.489070   27.108860    1.814680
46     opls_145    -1.373680   26.013550    1.817820
47     opls_700    -1.004920   28.511140    1.774400
48     opls_145    -3.161650   23.680670    1.221200
49     opls_145    -4.053170   22.613590    1.153580
50     opls_145    -3.677050   21.333480    1.626090
51     opls_145    -1.508500   22.254030    2.255050
52     opls_522    20.054480    1.390680    0.896210
53     opls_523    20.596900    2.629420    1.246940
54     opls_700    19.801360    3.794710    1.301400
55     opls_523    18.427230    3.657070    1.028440
56     opls_145    -2.379720   21.173420    2.164150
57     opls_142    -5.783110   20.223490    1.600690
58     opls_521    14.070040   21.871660    0.622690
59     opls_522    -6.842490   16.685880    0.717910
60     opls_700     1.399790   25.531440    1.814680
61     opls_145     0.893540   26.845180    1.817820
62     opls_700     2.872130   25.277040    1.774400
63     opls_145    -0.232820   29.560050    1.221200
64     opls_145    -0.711170   30.865680    1.153580
65     opls_145    -2.007840   31.180000    1.626090
66     opls_145    -2.294890   28.841700    2.255050
67     opls_522    13.498820   20.599280    0.896210
68     opls_523    14.300400   19.510170    1.246940
69     opls_700    15.707330   19.616490    1.301400
70     opls_523    16.275200   20.875330    1.028440
71     opls_145    -2.795120   30.136500    2.164150
72     opls_142    -1.916090   33.558890    1.600690
73     opls_521    34.228090   15.541480    0.622690
74     opls_522    -4.450050   36.245150    0.717910
75     opls_700    -0.910730   24.684340    1.814680
76     opls_145     0.480140   24.465900    1.817820
77     opls_700    -1.867210   23.536460    1.774400
78     opls_145     3.394460   24.083920    1.221200
79     opls_145     4.764340   23.845370    1.153580
80     opls_145     5.684890   24.811160    1.626090
81     opls_145     3.803390   26.228900    2.255050
82     opls_522    33.411790   16.672350    0.896210
83     opls_523    32.067800   16.522730    1.246940
84     opls_700    31.456410   15.251120    1.301400
85     opls_523    32.262670   14.129920    1.028440
86     opls_145     5.174840   26.014710    2.164150
87     opls_142     7.699200   23.542260    1.600690
88     opls_521    18.666970    1.249180    0.622690
89     opls_522    11.292550   24.393600    0.717910
90     opls_905    13.955530   24.171680    3.437830
91     opls_905    16.732350    0.000000    3.437830
92     opls_905    36.277230   14.490640    3.437830
93     opls_750    19.736620    6.205690    1.468580
94     opls_750    29.400800   13.989570    1.468580
95     opls_750    17.827670   18.467060    1.468580
96     opls_750    -4.494030   20.195260    1.468580
97     opls_750    -2.585080   32.456630    1.468580
98     opls_750     7.079100   24.672750    1.468580
99     opls_900    -4.235770   38.662320    0.271770
100    opls_900    35.600430   15.662880    0.271770
101    opls_900    13.278730   22.999440    0.271770
102    opls_146    23.071930    9.305630    0.794450
103    opls_146    22.225720    7.032680    0.674500
104    opls_526    -4.540680   34.131870    1.070700
105    opls_146    18.532370    8.303890    2.550610
106    opls_146    19.400240   10.581100    2.722830
107    opls_144    21.469230    5.086030    1.938590
108    opls_526     9.150560   21.250360    1.451680
109    opls_525    11.865100   25.301780    0.547640
110    opls_146    23.912570   10.982030    1.812820
111    opls_140    14.792370   23.868180    2.799920
112    opls_146    25.048520   15.328060    0.794450
113    opls_146    27.440070   15.731700    0.674500
114    opls_526    -4.967020   17.664040    1.070700
115    opls_146    28.185830   11.897560    2.550610
116    opls_146    25.779780   11.510550    2.722830
117    opls_144    29.504150   16.049890    1.938590
118    opls_526    -0.656930   35.961760    1.451680
119    opls_525    -5.522840   36.286910    0.547640
120    opls_146    23.176400   15.217880    1.812820
121    opls_140    16.576760    0.876470    2.799920
122    opls_146    18.844650   14.028620    0.794450
123    opls_146    17.299320   15.897950    0.674500
124    opls_526     9.507700   25.528730    1.070700
125    opls_146    20.246900   18.460870    2.550610
126    opls_146    21.785090   16.570670    2.722830
127    opls_144    15.991710   17.526400    1.938590
128    opls_526    -8.493630   20.112520    1.451680
129    opls_525    -6.342260   15.735950    0.547640
130    opls_146    19.876130   12.462410    1.812820
131    opls_140    35.595970   13.917660    2.799920
132    opls_146    -3.477050   24.633700    0.794450
133    opls_146    -5.022380   22.764370    0.674500
134    opls_526    31.829400   13.133590    1.070700
135    opls_146    -2.074800   20.201450    2.550610
136    opls_146    -0.536610   22.091650    2.722830
137    opls_144    -6.329990   21.135920    1.938590
138    opls_526    13.828070   18.549790    1.451680
139    opls_525    15.979440   22.926370    0.547640
140    opls_146    -2.445570   26.199910    1.812820
141    opls_140    13.274270   24.744660    2.799920
142    opls_146     0.750230   29.356690    0.794450
143    opls_146    -0.095980   31.629640    0.674500
144    opls_526    17.781020    4.530450    1.070700
145    opls_146    -3.789330   30.358430    2.550610
146    opls_146    -2.921460   28.081220    2.722830
147    opls_144    -0.852470   33.576290    1.938590
148    opls_526    31.472260   17.411960    1.451680
149    opls_525    34.186800   13.360540    0.547640
150    opls_146     1.590870   27.680290    1.812820
151    opls_140    37.114070   14.794140    2.799920
152    opls_146     2.726820   23.334260    0.794450
153    opls_146     5.118370   22.930620    0.674500
154    opls_526    17.354680   20.998280    1.070700
155    opls_146     5.864130   26.764760    2.550610
156    opls_146     3.458080   27.151770    2.722830
157    opls_144     7.182450   22.612430    1.938590
158    opls_526    21.664770    2.700560    1.451680
159    opls_525    16.798860    2.375410    0.547640
160    opls_146     0.854700   23.444440    1.812820
161    opls_140    16.576760   -0.876470    2.799920
162    opls_140    14.354190   24.862190    4.210090
163    opls_140    15.935020    0.000000    4.210090
164    opls_140    36.675890   13.800130    4.210090
165    opls_202    21.176600    0.000000    0.743540
166    opls_202    34.055100   18.339470    0.743540
167    opls_202    11.733400   20.322850    0.743540
