0      opls_750    -2.967970   10.607580    0.000000
1      opls_750     3.234950   11.070000    0.000000
2      opls_750    -0.266980   16.210680    0.000000
3      opls_750    13.905370    8.336550    0.000000
4      opls_750     7.702450    7.874130    0.000000
5      opls_750    11.204380    2.733450    0.000000
6      opls_145    -4.242620   10.064640    0.000000
7      opls_145    -5.372450   10.817100    0.000000
8      opls_145    15.291470   10.222440    0.000000
9      opls_142    13.598470    7.121480    0.000000
10     opls_145    12.233370    6.718160    0.000000
11     opls_145    11.232380    7.629750    0.000000
12     opls_145     4.342480   10.237600    0.000000
13     opls_145     4.255740    8.882900    0.000000
14     opls_145     5.376170    8.131580    0.000000
15     opls_142     8.908180    8.215880    0.000000
16     opls_145     9.940020    7.235330    0.000000
17     opls_145     9.651050    5.912650    0.000000
18     opls_145    -0.099860   17.586030    0.000000
19     opls_145     1.116710   18.188260    0.000000
20     opls_145    12.144560    0.590110    0.000000
21     opls_142    10.305550    3.606770    0.000000
22     opls_145    10.638810    4.990640    0.000000
23     opls_145    11.928770    5.401730    0.000000
24     opls_145    15.180020    8.879490    0.000000
25     opls_145    16.309850    8.127030    0.000000
26     opls_145    -4.354070    8.721690    0.000000
27     opls_142    -2.661070   11.822650    0.000000
28     opls_145    -1.295970   12.225970    0.000000
29     opls_145    -0.294980   11.314380    0.000000
30     opls_145     6.594920    8.706530    0.000000
31     opls_145     6.681660   10.061230    0.000000
32     opls_145     5.561230   10.812550    0.000000
33     opls_142     2.029220   10.728250    0.000000
34     opls_145     0.997380   11.708800    0.000000
35     opls_145     1.286350   13.031480    0.000000
36     opls_145    11.037260    1.358100    0.000000
37     opls_145     9.820690    0.755870    0.000000
38     opls_145    -1.207160   18.354020    0.000000
39     opls_142     0.631850   15.337360    0.000000
40     opls_145     0.298590   13.953490    0.000000
41     opls_145    -0.991370   13.542400    0.000000
42     opls_146    -5.338980   11.855240    0.000000
43     opls_146    14.428070   10.807060    0.000000
44     opls_144    14.327880    6.379440    0.000000
45     opls_146    11.460970    8.648190    0.000000
46     opls_146     3.339950    8.392820    0.000000
47     opls_146     5.301580    7.091550    0.000000
48     opls_144     9.186100    9.218590    0.000000
49     opls_146     8.654760    5.601400    0.000000
50     opls_146     1.999030   17.640210    0.000000
51     opls_146    13.082550    1.045530    0.000000
52     opls_144     9.298210    3.346100    0.000000
53     opls_146    12.696460    4.694550    0.000000
54     opls_146    16.276380    7.088890    0.000000
55     opls_146    -3.490670    8.137070    0.000000
56     opls_144    -3.390480   12.564700    0.000000
57     opls_146    -0.523570   10.295950    0.000000
58     opls_146     7.597450   10.551310    0.000000
59     opls_146     5.635820   11.852590    0.000000
60     opls_144     1.751300    9.725540    0.000000
61     opls_146     2.282640   13.342730    0.000000
62     opls_146     8.938370    1.303920    0.000000
63     opls_146    -2.145150   17.898610    0.000000
64     opls_144     1.639190   15.598030    0.000000
65     opls_146    -1.759060   14.249590    0.000000
