0      opls_700     0.523050    0.313920    6.730980
1      opls_145   -13.354180   26.287270    6.745740
2      opls_166     2.929770    0.138130    6.766590
3      opls_916     3.109140    1.563470    0.004870
4      opls_145     1.875130    2.366990    6.753800
5      opls_145     0.651060    1.744620    6.732950
6      opls_700    13.835600   26.428550    6.716970
7      opls_145    13.729890   24.995170    6.711290
8      opls_145    12.517640   24.350600    6.700050
9      opls_916    11.336170   25.121210    6.694160
10     opls_166    11.427400   26.563960    6.701270
11     opls_145    27.702490    0.438080    6.712170
12     opls_142     9.804870   23.216710    6.682720
13     opls_142     4.684580    3.427060    0.044610
14     opls_145     5.974640    3.870370    0.068910
15     opls_280     7.106820    2.906230    0.074800
16     opls_280     6.152650    5.360480    0.065860
17     opls_700     8.447130    3.469890    0.044200
18     opls_700     7.504940    5.878680    0.063430
19     opls_280     8.663820    4.951190    0.053210
20     opls_145     8.520920   22.746650    6.664310
21     opls_280     7.383220   23.698710    6.639800
22     opls_280     8.349000   21.257100    6.681570
23     opls_700     6.046780   23.136300    6.620720
24     opls_700     6.994040   20.733790    6.672500
25     opls_280     5.828140   21.657170    6.626940
26     opls_142     7.758300    7.267070    0.056660
27     opls_142     9.430970    2.553020    6.756500
28     opls_142     5.010510   24.080880    6.608130
29     opls_142     6.742470   19.347060    6.708310
30     opls_916     6.987690    9.640220    0.050900
31     opls_145     8.229460   10.254540    0.058690
32     opls_166     5.853970   10.507450    0.041970
33     opls_145     8.330140   11.671050    0.060850
34     opls_145     5.961750   11.925040    0.045150
35     opls_700     7.211290   12.547120    0.055710
36     opls_700     7.336400   14.046340    0.054020
37     opls_145     6.220940   14.926960    0.047320
38     opls_145     8.586510   14.664920    0.054020
39     opls_145     6.327310   16.342090    0.028700
40     opls_166     8.697170   16.080330    0.036620
41     opls_916     7.570760   16.954230    0.017060
42     opls_916     2.647110   24.608160    6.594110
43     opls_145     2.720540   26.039920    6.593170
44     opls_166     1.374840   24.032130    6.593170
45     opls_145    16.636240    0.086130    6.588770
46     opls_145     0.235100   24.849320    6.589780
47     opls_700     0.306840   26.292590    6.585920
48     opls_700    14.159970    0.396630    6.588630
49     opls_145    -2.164590   26.593150    6.569950
50     opls_145    14.221940    1.838350    6.616180
51     opls_145    11.744190    0.627380    6.601020
52     opls_166    13.074730    2.645150    6.642650
53     opls_916    11.807090    2.058170    6.649210
54     opls_700     0.617170    2.271650    3.349820
55     opls_145     1.807050    1.493840    3.366880
56     opls_166     3.025040    2.133340    3.387590
57     opls_916     3.117460    3.576090    3.393690
58     opls_145     1.937340    4.347740    3.369660
59     opls_145     0.724280    3.704750    3.347860
60     opls_700    -0.684030    1.619590    3.337370
61     opls_145    28.860230    0.188620    3.332630
62     opls_145    12.579030   26.332160    3.323960
63     opls_916    26.464800    0.355080    3.319230
64     opls_166    26.579960    1.793280    3.324710
65     opls_145    27.805950    2.412420    3.333640
66     opls_142     9.835620   25.255540    3.296080
67     opls_142     4.652170    5.477940    3.424480
68     opls_145     5.937140    5.945070    3.447300
69     opls_280     7.072850    4.990320    3.464560
70     opls_280     6.112100    7.434370    3.438020
71     opls_700     8.411050    5.549180    3.441410
72     opls_700     7.468210    7.954180    3.438090
73     opls_280     8.633140    7.027500    3.431730
74     opls_145     8.546740   24.808500    3.275970
75     opls_280     7.411960   25.769410    3.265210
76     opls_280     8.372810   23.318100    3.271160
77     opls_700     6.073530   25.201640    3.240430
78     opls_700     7.022540   22.795570    3.251470
79     opls_280     5.861480   23.719530    3.227640
80     opls_142     7.722890    9.340700    3.435520
81     opls_142     9.445810    4.602640    3.411490
82     opls_142     5.023980   26.129100    3.236240
83     opls_142     6.773090   21.406400    3.269000
84     opls_916     6.962660   11.723770    3.437680
85     opls_145     8.206980   12.334070    3.445540
86     opls_166     5.837570   12.599850    3.433220
87     opls_145     8.315720   13.748970    3.444250
88     opls_145     5.950300   14.015020    3.433080
89     opls_700     7.201440   14.631730    3.435590
90     opls_700     7.327440   16.130650    3.418390
91     opls_145     6.207740   17.005350    3.394430
92     opls_145     8.576340   16.754050    3.416020
93     opls_145     6.307460   18.420980    3.357000
94     opls_166     8.683160   18.171290    3.380350
95     opls_916     7.548670   19.036600    3.343800
96     opls_916     2.647010   26.622640    3.211600
97     opls_145    17.767220    1.287170    3.212820
98     opls_166     1.379480   26.035630    3.206590
99     opls_145    16.618510    2.088580    3.214300
100    opls_145    15.289830    0.075420    3.207470
101    opls_700    15.351540    1.517370    3.214850
102    opls_700    14.147050    2.388670    3.233530
103    opls_145    12.875180    1.828720    3.239890
104    opls_145    14.219600    3.831720    3.254310
105    opls_145    11.733600    2.642240    3.278140
106    opls_166    13.080510    4.649250    3.292150
107    opls_916    11.808040    4.073800    3.313200
108    opls_146   -13.369500   25.167340    6.742970
109    opls_146     1.908870    3.484240    6.755350
110    opls_146    -0.223750    2.417510    6.718120
111    opls_146    14.613020   24.333490    6.714870
112    opls_146    12.501880   23.232530    6.695720
113    opls_146    27.706800    1.558020    6.717720
114    opls_144    10.624810   22.463530    6.702760
115    opls_144     3.877790    4.197920    0.029720
116    opls_910     5.177780    1.410980    0.048870
117    opls_910     9.267790   25.224470    6.666140
118    opls_144     8.795820    7.584250    0.053680
119    opls_144     9.210200    1.455030    6.747700
120    opls_144     5.248720   25.174850    6.610430
121    opls_144     5.705380   19.027710    6.698700
122    opls_146     9.136450    9.630070    0.063160
123    opls_146     9.327160   12.084880    0.067150
124    opls_146     5.047150   12.540400    0.037640
125    opls_146     5.221830   14.516100    0.055300
126    opls_146     9.500350   14.048230    0.064710
127    opls_146     5.422090   16.969770    0.022810
128    opls_146     3.679050   26.540200    6.596080
129    opls_146    16.764890    1.194010    6.586730
130    opls_146    -0.717850   24.334870    6.592490
131    opls_146    -2.286930   25.484130    6.532180
132    opls_146    15.171650    2.357370    6.622750
133    opls_146    10.790300    0.119050    6.588290
134    opls_168   -11.108320   25.147570    0.002640
135    opls_168    25.483130    1.514630    6.704380
136    opls_168     0.390070   22.342610    6.599260
137    opls_168    14.047680    4.336330    6.663230
138    opls_168     3.938030   10.579140    0.017060
139    opls_168    10.613460   15.974360    0.054760
140    opls_910     5.831850    7.885110    0.052800
141    opls_910     3.566920   22.672910    6.596010
142    opls_910    10.860370    3.982060    6.726790
143    opls_910     8.664680   18.726430    6.755350
144    opls_146     1.801510    0.373910    3.365460
145    opls_146     1.954340    5.465790    3.368500
146    opls_146    -0.157970    4.367200    3.329510
147    opls_146    29.735590   -0.483500    3.335130
148    opls_146    12.546490   25.214900    3.320850
149    opls_146    27.821100    3.532090    3.337910
150    opls_144    10.643950   24.486810    3.302370
151    opls_144     3.833430    6.232730    3.400730
152    opls_910     5.185230    3.468850    3.443300
153    opls_910     9.337270   27.270580    3.303520
154    opls_144     8.761300    9.656820    3.433890
155    opls_144     9.206300    3.508690    3.420420
156    opls_144     5.242740   27.227380    3.252750
157    opls_144     5.736920   21.085450    3.258240
158    opls_146     9.111180   11.704530    3.451290
159    opls_146     9.315460   14.158520    3.449400
160    opls_146     5.037420   14.633060    3.429220
161    opls_146     5.211040   16.590740    3.402150
162    opls_146     9.491220   16.139530    3.441810
163    opls_146     5.399720   19.044350    3.338580
164    opls_146    18.721060    1.796280    3.214910
165    opls_146    16.740730    3.198340    3.216880
166    opls_146    14.340230   -0.443860    3.205570
167    opls_146    12.746040    0.721050    3.214440
168    opls_146    15.172780    4.345890    3.243550
169    opls_146    10.774580    2.142780    3.281860
170    opls_168     4.024350    0.414370    3.390980
171    opls_168    25.621800    3.537150    3.325720
172    opls_168     0.406970   24.343950    3.203470
173    opls_168    14.065870    6.338240    3.288020
174    opls_168     3.921350   12.709830    3.420360
175    opls_168    10.598780   18.103110    3.420490
176    opls_910     5.801560    9.967580    3.431860
177    opls_910     3.596780   24.698080    3.205230
178    opls_910    10.889960    6.008880    3.363560
179    opls_910     8.701090   20.794580    3.307850
180    opls_238     4.369780    2.095920    0.033850
181    opls_238    10.089330   24.554520    6.679810
182    opls_238     6.802440    8.237370    0.052870
183    opls_238     3.734870   23.725660    6.597020
184    opls_238     7.695320   18.370960    6.753660
185    opls_238    10.705540    2.925260    6.706010
186    opls_238     4.365220    4.140400    3.423330
187    opls_238    10.146990   26.587490    3.307790
188    opls_238     6.771970   10.320110    3.434980
189    opls_238     3.749630   25.755400    3.215390
190    opls_238     7.731310   20.439380    3.303050
191    opls_238    10.721240    4.956410    3.365390
192    opls_281     6.951040    1.648490    0.096800
193    opls_281     5.171740    6.145280    0.064780
194    opls_281     9.799310    5.422280    0.050630
195    opls_281     4.699870   21.175840    6.596750
196    opls_281     7.525600   24.961030    6.635070
197    opls_281     9.322360   20.462700    6.705130
198    opls_167   -10.906420   26.119770    0.013540
199    opls_167    25.314180    0.535480    6.697070
200    opls_167     1.309620   22.625270    6.597700
201    opls_167    13.128230    4.052350    6.670670
202    opls_167     4.646690    9.890990    0.029110
203    opls_167     9.923400   16.683920    0.034120
204    opls_281     6.927450    3.728850    3.490140
205    opls_281     5.140070    8.230940    3.429830
206    opls_281     9.762880    7.506330    3.417720
207    opls_281     4.727620   23.245430    3.202050
208    opls_281    22.621640    0.261050    3.275500
209    opls_281     9.355650   22.536000    3.285240
210    opls_167     4.194580    1.393270    3.404250
211    opls_167    25.420580    2.564700    3.320780
212    opls_167     1.326340   24.627950    3.204290
213    opls_167    13.146660    6.055640    3.316040
214    opls_167     4.610360   11.998650    3.427600
215    opls_167     9.889690   18.789330    3.376490
