0      opls_140    11.653180   25.167290    0.887980
1      opls_140    -4.678250   37.248220    0.887980
2      opls_140    -6.974930   17.064320    0.887980
3      opls_140    11.290670   14.572630    0.887980
4      opls_140    27.622100    2.491690    0.887980
5      opls_140    29.918780   22.675590    0.887980
6      opls_140    11.290670   14.572630   -0.887980
7      opls_140    27.622100    2.491690   -0.887980
8      opls_140    29.918780   22.675590   -0.887980
9      opls_140    11.653180   25.167290   -0.887980
10     opls_140    -4.678250   37.248220   -0.887980
11     opls_140    -6.974930   17.064320   -0.887980
12     opls_185    13.227130   23.227980    0.898720
13     opls_185    -3.785740   39.580950    0.898720
14     opls_185    -9.441390   16.670890    0.898720
15     opls_185     9.716720   16.511930    0.898720
16     opls_185    26.729590    0.158960    0.898720
17     opls_185    32.385240   23.069020    0.898720
18     opls_185     9.716720   16.511930   -0.898720
19     opls_185    26.729590    0.158960   -0.898720
20     opls_185    32.385240   23.069020   -0.898720
21     opls_185    13.227130   23.227980   -0.898720
22     opls_185    -3.785740   39.580950   -0.898720
23     opls_185    -9.441390   16.670890   -0.898720
24     opls_146     0.933810   32.455590    0.000000
25     opls_146    -5.630420   24.320830    0.000000
26     opls_146     4.696610   22.703410    0.000000
27     opls_146    22.010040    7.284330    0.000000
28     opls_146    28.574270   15.419090    0.000000
29     opls_146    18.247240   17.036500    0.000000
30     opls_146     1.459230   30.130800    0.000000
31     opls_146    -3.879810   25.938240    0.000000
32     opls_146     2.420580   23.410780    0.000000
33     opls_146    21.484620    9.609110    0.000000
34     opls_146    26.823660   13.801670    0.000000
35     opls_146    20.523270   16.329130    0.000000
36     opls_146    -3.269500   31.565410    0.000000
37     opls_146    -2.757850   21.125740    0.000000
38     opls_146     6.027350   26.788680    0.000000
39     opls_146    26.213350    8.174500    0.000000
40     opls_146    25.701700   18.614180    0.000000
41     opls_146    16.916500   12.951240    0.000000
42     opls_146    -2.806030   29.228710    0.000000
43     opls_146    -0.965940   22.695460    0.000000
44     opls_146     3.771970   27.555660    0.000000
45     opls_146    25.749880   10.511210    0.000000
46     opls_146    23.909790   17.044450    0.000000
47     opls_146    19.171880   12.184260    0.000000
48     opls_144    -2.567420   33.933910    0.000000
49     opls_144    -5.160070   20.549510    0.000000
50     opls_144     7.727490   24.996410    0.000000
51     opls_144    25.511270    5.806000    0.000000
52     opls_144    28.103920   19.190400    0.000000
53     opls_144    15.216360   14.743510    0.000000
54     opls_910    -1.849270   36.195110    0.000000
55     opls_910    -7.477400   20.040840    0.000000
56     opls_910     9.326680   23.243880    0.000000
57     opls_910    24.793120    3.544800    0.000000
58     opls_910    30.421250   19.699080    0.000000
59     opls_910    13.617170   16.496040    0.000000
60     opls_146     1.821740   28.127910    0.000000
61     opls_146    -2.326510   27.253630    0.000000
62     opls_146     0.504760   24.098280    0.000000
63     opls_146    21.122110   11.612000    0.000000
64     opls_146    25.270360   12.486280    0.000000
65     opls_146    22.439090   15.641630    0.000000
66     opls_146    13.580460   21.137660    0.000000
67     opls_146    20.791720    1.192200    0.000000
68     opls_146    34.459370   17.410060    0.000000
69     opls_146     9.363390   18.602250    0.000000
70     opls_146     2.152130   38.547720    0.000000
71     opls_146   -11.515520   22.329860    0.000000
72     opls_140    13.188120   25.544820    0.000000
73     opls_140    -5.772670   38.388760    0.000000
74     opls_140    -7.415450   15.546250    0.000000
75     opls_140     9.755730   14.195100    0.000000
76     opls_140    28.716520    1.351160    0.000000
77     opls_140    30.359300   24.193660    0.000000
78     opls_145    10.292610   19.154640    0.000000
79     opls_145     1.209140   39.076260    0.000000
80     opls_145   -11.501750   21.248930    0.000000
81     opls_145    12.651240   20.585280    0.000000
82     opls_145    21.734710    0.663660    0.000000
83     opls_145    34.445600   18.490980    0.000000
84     opls_700    10.219190   20.569380    0.000000
85     opls_700     0.020650   38.305300    0.000000
86     opls_700   -10.239840   20.605150    0.000000
87     opls_700    12.724660   19.170530    0.000000
88     opls_700    22.923200    1.434610    0.000000
89     opls_700    33.183690   19.134770    0.000000
90     opls_234     8.837970   21.189320    0.000000
91     opls_234     0.174370   36.799160    0.000000
92     opls_234    -9.012340   21.491350    0.000000
93     opls_234    14.105880   18.550590    0.000000
94     opls_234    22.769480    2.940750    0.000000
95     opls_234    31.956190   18.248570    0.000000
96     opls_166    11.435210   21.292650    0.000000
97     opls_166    -1.213730   38.996780    0.000000
98     opls_166   -10.221490   19.190400    0.000000
99     opls_166    11.508640   18.447270    0.000000
100    opls_166    24.157580    0.743140    0.000000
101    opls_166    33.165340   20.549510    0.000000
102    opls_142     6.940510   24.253270    0.000000
103    opls_142    -1.530350   33.623940    0.000000
104    opls_142    -5.410160   21.602620    0.000000
105    opls_142    16.003340   15.486640    0.000000
106    opls_142    24.474200    6.115970    0.000000
107    opls_142    28.354010   18.137300    0.000000
108    opls_145     1.037060   27.420540    0.000000
109    opls_145    -1.321570   26.927770    0.000000
110    opls_145     0.284500   25.131520    0.000000
111    opls_145    21.906790   12.319370    0.000000
112    opls_145    24.265420   12.812150    0.000000
113    opls_145    22.659350   14.608390    0.000000
114    opls_700    -0.295980   27.893450    0.000000
115    opls_700    -1.064590   25.536870    0.000000
116    opls_700     1.360570   26.049510    0.000000
117    opls_700    23.239830   11.846470    0.000000
118    opls_700    24.008440   14.203050    0.000000
119    opls_700    21.583280   13.690400    0.000000
120    opls_700    27.271060   17.135850    0.000000
121    opls_700    17.412090   15.049510    0.000000
122    opls_700    24.148400    7.554560    0.000000
123    opls_700    -4.327210   22.604060    0.000000
124    opls_700     5.531760   24.690410    0.000000
125    opls_700    -1.204550   32.185360    0.000000
126    opls_700    25.144170   15.224360    0.000000
127    opls_700    20.130930   14.163310    0.000000
128    opls_700    23.556450   10.352250    0.000000
129    opls_700    -2.200320   24.515550    0.000000
130    opls_700     2.812920   25.576610    0.000000
131    opls_700    -0.612600   29.387670    0.000000
132    opls_145    27.548680   15.764820    0.000000
133    opls_145    18.460620   15.975450    0.000000
134    opls_145    22.822250    7.999640    0.000000
135    opls_145    -4.604830   23.975090    0.000000
136    opls_145     4.483230   23.764470    0.000000
137    opls_145     0.121600   31.740270    0.000000
138    opls_145    25.942610   17.553120    0.000000
139    opls_145    17.714950   13.690400    0.000000
140    opls_145    25.173990    8.496390    0.000000
141    opls_145    -2.998760   22.186790    0.000000
142    opls_145     5.228900   26.049510    0.000000
143    opls_145    -2.230140   31.243520    0.000000
144    opls_145    26.511620   14.826960    0.000000
145    opls_145    19.791370   15.546250    0.000000
146    opls_145    22.528570    9.366700    0.000000
147    opls_145    -3.567770   24.912950    0.000000
148    opls_145     3.152480   24.193660    0.000000
149    opls_145     0.415280   30.373220    0.000000
150    opls_145    24.896370   16.623210    0.000000
151    opls_145    19.043400   13.249290    0.000000
152    opls_145    24.891780    9.867420    0.000000
153    opls_145    -1.952520   23.116710    0.000000
154    opls_145     3.900450   26.490630    0.000000
155    opls_145    -1.947930   29.872490    0.000000
156    opls_182    12.619120   23.454500    0.000000
157    opls_182    -3.677900   38.941140    0.000000
158    opls_182    -8.941220   17.084190    0.000000
159    opls_182    10.324730   16.285420    0.000000
160    opls_182    26.621750    0.798770    0.000000
161    opls_182    31.885070   22.655720    0.000000
162    opls_135    12.265780   24.924870    0.000000
163    opls_135    -4.774620   37.899960    0.000000
164    opls_135    -7.491170   16.655000    0.000000
165    opls_135    10.678070   14.815040    0.000000
166    opls_135    27.718470    1.839960    0.000000
167    opls_135    30.435020   23.084920    0.000000
168    opls_236     7.881210   20.430290    0.000000
169    opls_236     1.310090   36.350100    0.000000
170    opls_236    -9.191310   22.699440    0.000000
171    opls_236    15.062640   19.309620    0.000000
172    opls_236    21.633760    3.389810    0.000000
173    opls_236    32.135160   17.040480    0.000000
174    opls_179    11.407680   22.699440    0.000000
175    opls_179    -2.418280   38.269540    0.000000
176    opls_179    -8.989400   18.510850    0.000000
177    opls_179    11.536170   17.040480    0.000000
178    opls_179    25.362130    1.470380    0.000000
179    opls_179    31.933250   21.229060    0.000000
180    opls_238     8.574120   22.536510    0.000000
181    opls_238    -0.860390   35.897060    0.000000
182    opls_238    -7.713720   21.046260    0.000000
183    opls_238    14.369730   17.203410    0.000000
184    opls_238    23.804240    3.842850    0.000000
185    opls_238    30.657570   18.693660    0.000000
186    opls_750     7.241080   22.993510    0.000000
187    opls_750    -0.589660   34.514120    0.000000
188    opls_750    -6.651420   21.972200    0.000000
189    opls_750    15.702770   16.746400    0.000000
190    opls_750    23.533510    5.225800    0.000000
191    opls_750    29.595270   17.767720    0.000000
