0      opls_145     0.218590   25.625040    1.918830
1      opls_145     0.966880   24.866100    2.819470
2      opls_700     2.367410   24.848360    2.749390
3      opls_145     3.001080   25.607840    1.756430
4      opls_145     2.253060   26.370870    0.858540
5      opls_700     0.848720   26.392700    0.921820
6      opls_727     4.476920   23.645970    3.490770
7      opls_145     5.185100   22.940790    4.468810
8      opls_145     4.599730   22.650970    5.703400
9      opls_145     3.282170   23.060600    5.952100
10     opls_145     2.568810   23.760860    4.979410
11     opls_700     3.153090   24.071420    3.740770
12     opls_142     4.919020   21.698820    7.878770
13     opls_166     6.961680   20.414280    8.605770
14     opls_166     5.164090   20.819540   10.199020
15     opls_700     5.694880   20.952990    8.894090
16     opls_182     2.835700   20.991470    9.844810
17     opls_182     1.605470   21.773330   10.268840
18     opls_182     1.435180   22.627230   12.304700
19     opls_182     2.131620   22.325680    0.543810
20     opls_182     3.528600   20.624960    0.752890
21     opls_182     4.145350   19.744860   12.754890
22     opls_145    15.290590   14.028420    8.450700
23     opls_145    16.006400   14.850400    9.323090
24     opls_700    15.914160   16.246830    9.228160
25     opls_145    15.079090   16.800000    8.247760
26     opls_145    14.359730   15.978840    7.378240
27     opls_700    14.457700   14.578050    7.457740
28     opls_727    16.965370   18.459500    9.895540
29     opls_145    17.638350   19.242180   10.838280
30     opls_145    18.010310   18.708110   12.073790
31     opls_145    17.715300   17.367630   12.360140
32     opls_145    17.046700   16.579770   11.422360
33     opls_700    16.654000   17.111380   10.182940
34     opls_142    18.978560   19.162220    1.144760
35     opls_166    20.149570   21.318400    1.805470
36     opls_145    19.769150   19.545100    3.411660
37     opls_700    19.656710   20.035770    2.118490
38     opls_145    27.071410    1.664960    1.918830
39     opls_145    26.323120    2.423900    2.819470
40     opls_700    24.922590    2.441640    2.749390
41     opls_145    24.288920    1.682160    1.756430
42     opls_145    25.036940    0.919130    0.858540
43     opls_700    26.441280    0.897300    0.921820
44     opls_727    22.813080    3.644030    3.490770
45     opls_145    22.104900    4.349210    4.468810
46     opls_145    22.690270    4.639030    5.703400
47     opls_145    24.007830    4.229400    5.952100
48     opls_145    24.721190    3.529140    4.979410
49     opls_700    24.136910    3.218580    3.740770
50     opls_142    22.370980    5.591180    7.878770
51     opls_166    20.328320    6.875720    8.605770
52     opls_166    22.125910    6.470460   10.199020
53     opls_700    21.595120    6.337010    8.894090
54     opls_182    24.454300    6.298530    9.844810
55     opls_182    25.684530    5.516670   10.268840
56     opls_182    25.854820    4.662770   12.304700
57     opls_182    25.158380    4.964320    0.543810
58     opls_182    23.761400    6.665040    0.752890
59     opls_182    23.144650    7.545140   12.754890
60     opls_145    11.999410   13.261580    8.450700
61     opls_145    11.283600   12.439600    9.323090
62     opls_700    11.375840   11.043170    9.228160
63     opls_145    12.210910   10.490000    8.247760
64     opls_145    12.930270   11.311160    7.378240
65     opls_700    12.832300   12.711950    7.457740
66     opls_727    10.324630    8.830500    9.895540
67     opls_145     9.651650    8.047820   10.838280
68     opls_145     9.279690    8.581890   12.073790
69     opls_145     9.574700    9.922370   12.360140
70     opls_145    10.243300   10.710230   11.422360
71     opls_700    10.636000   10.178620   10.182940
72     opls_142     8.311440    8.127780    1.144760
73     opls_166     7.140430    5.971600    1.805470
74     opls_145     7.520850    7.744900    3.411660
75     opls_700     7.633290    7.254230    2.118490
76     opls_145    25.625040   27.071410   11.156670
77     opls_145    24.866100   26.323120   10.256030
78     opls_700    24.848360   24.922590   10.326110
79     opls_145    25.607840   24.288920   11.319070
80     opls_145    26.370870   25.036940   12.216960
81     opls_700    26.392700   26.441280   12.153680
82     opls_727    23.645970   22.813080    9.584730
83     opls_145    22.940790   22.104900    8.606690
84     opls_145    22.650970   22.690270    7.372100
85     opls_145    23.060600   24.007830    7.123400
86     opls_145    23.760860   24.721190    8.096090
87     opls_700    24.071420   24.136910    9.334730
88     opls_142    21.698820   22.370980    5.196730
89     opls_166    20.414280   20.328320    4.469730
90     opls_166    20.819540   22.125910    2.876480
91     opls_700    20.952990   21.595120    4.181410
92     opls_182    20.991470   24.454300    3.230690
93     opls_182    21.773330   25.684530    2.806660
94     opls_182    22.627230   25.854820    0.770800
95     opls_182    22.325680   25.158380   12.531690
96     opls_182    20.624960   23.761400   12.322610
97     opls_182    19.744860   23.144650    0.320610
98     opls_145    14.028420   11.999410    4.624800
99     opls_145    14.850400   11.283600    3.752410
100    opls_700    16.246830   11.375840    3.847340
101    opls_145    16.800000   12.210910    4.827740
102    opls_145    15.978840   12.930270    5.697260
103    opls_700    14.578050   12.832300    5.617760
104    opls_727    18.459500   10.324630    3.179960
105    opls_145    19.242180    9.651650    2.237220
106    opls_145    18.708110    9.279690    1.001710
107    opls_145    17.367630    9.574700    0.715360
108    opls_145    16.579770   10.243300    1.653140
109    opls_700    17.111380   10.636000    2.892560
110    opls_142    19.162220    8.311440   11.930740
111    opls_166    21.318400    7.140430   11.270030
112    opls_145    19.545100    7.520850    9.663840
113    opls_700    20.035770    7.633290   10.957010
114    opls_145     1.664960    0.218590   11.156670
115    opls_145     2.423900    0.966880   10.256030
116    opls_700     2.441640    2.367410   10.326110
117    opls_145     1.682160    3.001080   11.319070
118    opls_145     0.919130    2.253060   12.216960
119    opls_700     0.897300    0.848720   12.153680
120    opls_727     3.644030    4.476920    9.584730
121    opls_145     4.349210    5.185100    8.606690
122    opls_145     4.639030    4.599730    7.372100
123    opls_145     4.229400    3.282170    7.123400
124    opls_145     3.529140    2.568810    8.096090
125    opls_700     3.218580    3.153090    9.334730
126    opls_142     5.591180    4.919020    5.196730
127    opls_166     6.875720    6.961680    4.469730
128    opls_166     6.470460    5.164090    2.876480
129    opls_700     6.337010    5.694880    4.181410
130    opls_182     6.298530    2.835700    3.230690
131    opls_182     5.516670    1.605470    2.806660
132    opls_182     4.662770    1.435180    0.770800
133    opls_182     4.964320    2.131620   12.531690
134    opls_182     6.665040    3.528600   12.322610
135    opls_182     7.545140    4.145350    0.320610
136    opls_145    13.261580   15.290590    4.624800
137    opls_145    12.439600   16.006400    3.752410
138    opls_700    11.043170   15.914160    3.847340
139    opls_145    10.490000   15.079090    4.827740
140    opls_145    11.311160   14.359730    5.697260
141    opls_700    12.711950   14.457700    5.617760
142    opls_727     8.830500   16.965370    3.179960
143    opls_145     8.047820   17.638350    2.237220
144    opls_145     8.581890   18.010310    1.001710
145    opls_145     9.922370   17.715300    0.715360
146    opls_145    10.710230   17.046700    1.653140
147    opls_700    10.178620   16.654000    2.892560
148    opls_142     8.127780   18.978560   11.930740
149    opls_166     5.971600   20.149570   11.270030
150    opls_145     7.744900   19.769150    9.663840
151    opls_700     7.254230   19.656710   10.957010
152    opls_701     0.000000    0.000000    0.000000
153    opls_701    13.645000   13.645000    6.537750
154    opls_750     5.360570   21.937890    6.684200
155    opls_750    18.676180   19.549740   13.021240
156    opls_750    21.929430    5.352110    6.684200
157    opls_750     8.613820    7.740260   13.021240
158    opls_750    21.937890   21.929430    6.391300
159    opls_750    19.549740    8.613820    0.054260
160    opls_750     5.352110    5.360570    6.391300
161    opls_750     7.740260   18.676180    0.054260
162    opls_719     8.268870   16.644720    4.372190
163    opls_719    23.885850   22.205330   10.773430
164    opls_719    19.021130   10.645280    4.372190
165    opls_719     3.404150    5.084670   10.773430
166    opls_719    16.644720   19.021130    8.703310
167    opls_719    22.205330    3.404150    2.302070
168    opls_719    10.645280    8.268870    8.703310
169    opls_719     5.084670   23.885850    2.302070
170    opls_179     5.522130   20.062790   12.598770
171    opls_180     3.454100   21.945250    0.307010
172    opls_180     1.263250   21.445300   11.581490
173    opls_179     3.973150   21.464950   10.557290
174    opls_167    20.495610   19.781160    5.721580
175    opls_179    21.767870    7.227210   12.598770
176    opls_180    23.835900    5.344750    0.307010
177    opls_180    26.026750    5.844700   11.581490
178    opls_179    23.316850    5.825050   10.557290
179    opls_167     6.794390    7.508840    5.721580
180    opls_179    20.062790   21.767870    0.476730
181    opls_180    21.945250   23.835900   12.768490
182    opls_180    21.445300   26.026750    1.494010
183    opls_179    21.464950   23.316850    2.518210
184    opls_167    19.781160    6.794390    7.353920
185    opls_179     7.227210    5.522130    0.476730
186    opls_180     5.344750    3.454100   12.768490
187    opls_180     5.844700    1.263250    1.494010
188    opls_179     5.825050    3.973150    2.518210
189    opls_167     7.508840   20.495610    7.353920
190    opls_146    -0.919400   25.629130    1.984340
191    opls_146     0.439910   24.252080    3.622570
192    opls_146     4.138260   25.606750    1.676540
193    opls_146     2.780030   26.988720    0.058450
194    opls_146     6.252140   22.596120    4.262870
195    opls_146     2.790130   22.821540    6.952240
196    opls_146     1.496580   24.089160    5.184700
197    opls_144     3.879820   22.093440    8.132180
198    opls_185     3.005170   21.127920    8.725800
199    opls_185     2.680150   19.885400   10.072840
200    opls_185     0.736830   21.517890    9.575970
201    opls_185     1.824610   22.890310   10.205300
202    opls_185     0.417260   23.095800   12.513380
203    opls_185     2.070490   23.354510   11.698650
204    opls_185     2.117700   23.256540    1.201640
205    opls_185     1.582000   21.479140    1.074020
206    opls_185     2.480120   20.247820    0.994520
207    opls_185     4.173460   20.576660    1.691840
208    opls_185     4.041380   18.650530   13.056800
209    opls_185     3.600920   19.918700   11.768470
210    opls_146    15.375730   12.895070    8.536470
211    opls_146    16.674190   14.387830   10.123050
212    opls_146    14.982210   17.931990    8.154140
213    opls_146    13.680200   16.441410    6.588610
214    opls_146    17.889410   20.328590   10.602270
215    opls_146    18.021500   16.917890   13.361850
216    opls_146    16.812280   15.489260   11.657590
217    opls_144    18.697740   18.096000    1.434380
218    opls_146    19.355710   18.514080    3.668200
219    opls_168    19.484790   19.752500    6.179090
220    opls_146    28.209400    1.660870    1.984340
221    opls_146    26.850090    3.037920    3.622570
222    opls_146    23.151740    1.683250    1.676540
223    opls_146    24.509970    0.301280    0.058450
224    opls_146    21.037860    4.693880    4.262870
225    opls_146    24.499870    4.468460    6.952240
226    opls_146    25.793420    3.200840    5.184700
227    opls_144    23.410180    5.196560    8.132180
228    opls_185    24.284830    6.162080    8.725800
229    opls_185    24.609850    7.404600   10.072840
230    opls_185    26.553170    5.772110    9.575970
231    opls_185    25.465390    4.399690   10.205300
232    opls_185    26.872740    4.194200   12.513380
233    opls_185    25.219510    3.935490   11.698650
234    opls_185    25.172300    4.033460    1.201640
235    opls_185    25.708000    5.810860    1.074020
236    opls_185    24.809880    7.042180    0.994520
237    opls_185    23.116540    6.713340    1.691840
238    opls_185    23.248620    8.639470   13.056800
239    opls_185    23.689080    7.371300   11.768470
240    opls_146    11.914270   14.394930    8.536470
241    opls_146    10.615810   12.902170   10.123050
242    opls_146    12.307790    9.358010    8.154140
243    opls_146    13.609800   10.848590    6.588610
244    opls_146     9.400590    6.961410   10.602270
245    opls_146     9.268500   10.372110   13.361850
246    opls_146    10.477720   11.800740   11.657590
247    opls_144     8.592260    9.194000    1.434380
248    opls_146     7.934290    8.775920    3.668200
249    opls_168     7.805210    7.537500    6.179090
250    opls_146    25.629130   28.209400   11.091160
251    opls_146    24.252080   26.850090    9.452930
252    opls_146    25.606750   23.151740   11.398960
253    opls_146    26.988720   24.509970   13.017050
254    opls_146    22.596120   21.037860    8.812630
255    opls_146    22.821540   24.499870    6.123260
256    opls_146    24.089160   25.793420    7.890800
257    opls_144    22.093440   23.410180    4.943320
258    opls_185    21.127920   24.284830    4.349700
259    opls_185    19.885400   24.609850    3.002660
260    opls_185    21.517890   26.553170    3.499530
261    opls_185    22.890310   25.465390    2.870200
262    opls_185    23.095800   26.872740    0.562120
263    opls_185    23.354510   25.219510    1.376850
264    opls_185    23.256540   25.172300   11.873860
265    opls_185    21.479140   25.708000   12.001480
266    opls_185    20.247820   24.809880   12.080980
267    opls_185    20.576660   23.116540   11.383660
268    opls_185    18.650530   23.248620    0.018700
269    opls_185    19.918700   23.689080    1.307030
270    opls_146    12.895070   11.914270    4.539030
271    opls_146    14.387830   10.615810    2.952450
272    opls_146    17.931990   12.307790    4.921360
273    opls_146    16.441410   13.609800    6.486890
274    opls_146    20.328590    9.400590    2.473230
275    opls_146    16.917890    9.268500   -0.286350
276    opls_146    15.489260   10.477720    1.417910
277    opls_144    18.096000    8.592260   11.641120
278    opls_146    18.514080    7.934290    9.407300
279    opls_168    19.752500    7.805210    6.896410
280    opls_146     1.660870   -0.919400   11.091160
281    opls_146     3.037920    0.439910    9.452930
282    opls_146     1.683250    4.138260   11.398960
283    opls_146     0.301280    2.780030   13.017050
284    opls_146     4.693880    6.252140    8.812630
285    opls_146     4.468460    2.790130    6.123260
286    opls_146     3.200840    1.496580    7.890800
287    opls_144     5.196560    3.879820    4.943320
288    opls_185     6.162080    3.005170    4.349700
289    opls_185     7.404600    2.680150    3.002660
290    opls_185     5.772110    0.736830    3.499530
291    opls_185     4.399690    1.824610    2.870200
292    opls_185     4.194200    0.417260    0.562120
293    opls_185     3.935490    2.070490    1.376850
294    opls_185     4.033460    2.117700   11.873860
295    opls_185     5.810860    1.582000   12.001480
296    opls_185     7.042180    2.480120   12.080980
297    opls_185     6.713340    4.173460   11.383660
298    opls_185     8.639470    4.041380    0.018700
299    opls_185     7.371300    3.600920    1.307030
300    opls_146    14.394930   15.375730    4.539030
301    opls_146    12.902170   16.674190    2.952450
302    opls_146     9.358010   14.982210    4.921360
303    opls_146    10.848590   13.680200    6.486890
304    opls_146     6.961410   17.889410    2.473230
305    opls_146    10.372110   18.021500   -0.286350
306    opls_146    11.800740   16.812280    1.417910
307    opls_144     9.194000   18.697740   11.641120
308    opls_146     8.775920   19.355710    9.407300
309    opls_168     7.537500   19.484790    6.896410
