0      opls_700    35.554380   61.784910   21.208880
1      opls_145    36.373130   61.198820   22.189150
2      opls_145    37.761250   61.329970   22.122640
3      opls_145    38.356250   62.068530   21.093620
4      opls_145    37.541250   62.657130   20.107300
5      opls_145    36.151870   62.501510   20.157560
6      opls_142    40.480630    0.341360   20.505990
7      opls_700    41.954370    0.276100   20.484450
8      opls_145    42.630000   61.809380   20.679070
9      opls_145    42.698120    1.441990   20.255820
10     opls_145    44.025620   61.761690   20.639760
11     opls_916    44.775000    0.181350   20.426250
12     opls_145    44.095000    1.398700   20.239570
13     opls_145    33.492500    1.172170   21.264810
14     opls_700    33.120620   62.567400   21.240630
15     opls_700    34.090630   61.533900   21.227020
16     opls_700    61.683120   42.232010    1.836590
17     opls_145     0.473750   42.763500    1.997200
18     opls_145    60.605000   43.103600    1.630260
19     opls_145     0.681880   44.145880    1.928050
20     opls_916    62.100630   45.019990    1.714530
21     opls_145    60.809380   44.483470    1.580760
22     opls_145    60.103120   48.880370   21.734540
23     opls_700    59.990630   48.516420   23.085530
24     opls_145    60.740000   47.432720   23.566220
25     opls_142    59.118750   49.269420   24.007230
26     opls_145    57.842500   51.283070   24.497370
27     opls_145    57.871880   52.664820   24.278190
28     opls_145    57.093130   53.523870   25.057040
29     opls_700    56.255000   53.008690   26.057340
30     opls_145    56.183750   51.618150   26.243270
31     opls_145    56.980000   50.760360   25.478020
32     opls_700    55.416250   53.927350   26.866420
33     opls_700    55.469370   53.968140   28.280900
34     opls_145    56.388750   53.195680   29.016300
35     opls_145    61.616880   46.746240   22.720480
36     opls_916    61.743750   47.118970   21.371000
37     opls_145    60.963750   48.182590   20.884640
38     opls_700     6.082500    9.605770   33.379530
39     opls_145     5.204370    9.055450   34.325790
40     opls_145     4.417500    9.887520   35.124670
41     opls_145     4.480000   11.278680   34.983340
42     opls_145     5.376250   11.834650   34.050680
43     opls_145     6.176870   11.002580   33.262380
44     opls_142     3.287500   13.308650   35.601200
45     opls_700     2.476250   14.056000   36.582610
46     opls_145     2.265620   13.564670    0.091830
47     opls_145     1.915620   15.290290   36.220200
48     opls_145     1.515620   14.300100    1.012770
49     opls_916     0.951250   15.534390    0.650370
50     opls_145     1.153750   16.018820   37.137370
51     opls_145     6.080630    9.529840   30.411120
52     opls_700     6.965630    8.730410   31.157100
53     opls_700     6.954370    8.717230   32.573090
54     opls_700    30.506250    4.346690   21.165420
55     opls_145    30.006880    5.124790   20.107680
56     opls_145    30.199370    6.506550   20.093320
57     opls_145    30.896250    7.136560   21.138970
58     opls_145    31.432500    6.356580   22.173660
59     opls_145    31.216250    4.973560   22.202760
60     opls_142    30.186250    9.403090   20.732730
61     opls_145    32.535630    2.180560   21.234580
62     opls_700    31.163750    1.878740   21.240250
63     opls_700    30.181250    2.899050   21.221350
64     opls_145    48.771250    2.296650    2.809310
65     opls_700    48.371880    2.435330    4.149340
66     opls_145    47.245000    1.733160    4.601690
67     opls_142    49.118120    3.297510    5.086160
68     opls_145    51.115000    4.588280    5.601230
69     opls_145    52.500000    4.579490    5.393010
70     opls_145    53.339370    5.375790    6.174890
71     opls_700    52.804380    6.209110    7.170270
72     opls_145    51.411880    6.255550    7.348270
73     opls_145    50.571250    5.444820    6.577730
74     opls_700    53.703120    7.073180    7.975960
75     opls_700    53.745000    7.031140    9.391570
76     opls_145    52.982500    6.109970   10.134520
77     opls_145    46.540620    0.890420    3.736680
78     opls_916    46.939370    0.749230    2.396640
79     opls_145    48.058120    1.467100    1.941270
80     opls_700     9.586870   56.616820   14.493980
81     opls_145     9.050630   57.494690   15.447800
82     opls_145     9.895000   58.270280   16.245540
83     opls_145    11.285000   58.194350   16.094380
84     opls_145    11.826250   57.297650   15.154170
85     opls_145    10.981880   56.509510   14.367000
86     opls_142    13.321250   59.385970   16.684280
87     opls_700    14.078750   60.201720   17.653220
88     opls_145    13.637500   60.356090   18.978890
89     opls_145    15.261870   60.837380   17.248490
90     opls_145    14.366250   61.136070   19.879430
91     opls_916    15.541870   61.787420   19.470920
92     opls_145    15.981880   61.630540   18.146380
93     opls_145     9.493120   56.656980   11.530110
94     opls_700     8.700000   55.759650   12.268520
95     opls_700     8.686880   55.760280   13.684140
96     opls_145    28.828120    2.549530   21.218330
97     opls_700    30.760000    0.516430   21.244400
98     opls_145     7.961250   54.783260    7.291960
99     opls_700     7.888750   54.844750   10.083880
100    opls_700     7.857500   54.868600   11.570920
101    opls_145     7.812500   54.903110   14.364360
102    opls_700    26.945620    0.965100   21.208880
103    opls_145    26.126870    1.551180   22.189150
104    opls_145    24.738750    1.420030   22.122640
105    opls_145    24.143750    0.681460   21.093620
106    opls_145    24.958750    0.092870   20.107300
107    opls_145    26.348120    0.248490   20.157560
108    opls_142    22.019380   62.408640   20.505990
109    opls_700    20.545630   62.473900   20.484450
110    opls_145    19.870000    0.940620   20.679070
111    opls_145    19.801870   61.308010   20.255820
112    opls_145    18.474370    0.988310   20.639760
113    opls_916    17.725000   62.568650   20.426250
114    opls_145    18.405000   61.351300   20.239570
115    opls_145    29.007500   61.577830   21.264810
116    opls_700    29.379370    0.182600   21.240630
117    opls_700    28.409380    1.216090   21.227020
118    opls_700     0.816880   20.517990    1.836590
119    opls_145    62.026250   19.986500    1.997200
120    opls_145     1.895000   19.646400    1.630260
121    opls_145    61.818130   18.604120    1.928050
122    opls_916     0.399370   17.730010    1.714530
123    opls_145     1.690630   18.266530    1.580760
124    opls_145     2.396880   13.869630   21.734540
125    opls_700     2.509370   14.233580   23.085530
126    opls_145     1.760000   15.317280   23.566220
127    opls_142     3.381250   13.480580   24.007230
128    opls_145     4.657500   11.466930   24.497370
129    opls_145     4.628120   10.085180   24.278190
130    opls_145     5.406880    9.226130   25.057040
131    opls_700     6.245000    9.741310   26.057340
132    opls_145     6.316250   11.131850   26.243270
133    opls_145     5.520000   11.989640   25.478020
134    opls_700     7.083750    8.822650   26.866420
135    opls_700     7.030620    8.781860   28.280900
136    opls_145     6.111250    9.554320   29.016300
137    opls_145     0.883130   16.003760   22.720480
138    opls_916     0.756250   15.631020   21.371000
139    opls_145     1.536250   14.567410   20.884640
140    opls_700    56.417500   53.144230   33.379530
141    opls_145    57.295630   53.694550   34.325790
142    opls_145    58.082500   52.862480   35.124670
143    opls_145    58.020000   51.471310   34.983340
144    opls_145    57.123750   50.915350   34.050680
145    opls_145    56.323120   51.747410   33.262380
146    opls_142    59.212500   49.441350   35.601200
147    opls_700    60.023750   48.694000   36.582610
148    opls_145    60.234380   49.185330    0.091830
149    opls_145    60.584380   47.459710   36.220200
150    opls_145    60.984380   48.449900    1.012770
151    opls_916    61.548750   47.215610    0.650370
152    opls_145    61.346250   46.731180   37.137370
153    opls_145    56.419380   53.220160   30.411120
154    opls_700    55.534370   54.019590   31.157100
155    opls_700    55.545630   54.032770   32.573090
156    opls_700    31.993750   58.403310   21.165420
157    opls_145    32.493120   57.625210   20.107680
158    opls_145    32.300620   56.243450   20.093320
159    opls_145    31.603750   55.613440   21.138970
160    opls_145    31.067500   56.393430   22.173660
161    opls_145    31.283750   57.776430   22.202760
162    opls_142    32.313750   53.346910   20.732730
163    opls_145    29.964380   60.569440   21.234580
164    opls_700    31.336250   60.871270   21.240250
165    opls_700    32.318750   59.850950   21.221350
166    opls_145    13.728750   60.453350    2.809310
167    opls_700    14.128130   60.314670    4.149340
168    opls_145    15.255000   61.016850    4.601690
169    opls_142    13.381880   59.452490    5.086160
170    opls_145    11.385000   58.161720    5.601230
171    opls_145    10.000000   58.170500    5.393010
172    opls_145     9.160620   57.374210    6.174890
173    opls_700     9.695620   56.540890    7.170270
174    opls_145    11.088120   56.494450    7.348270
175    opls_145    11.928750   57.305180    6.577730
176    opls_700     8.796880   55.676820    7.975960
177    opls_700     8.755000   55.718860    9.391570
178    opls_145     9.517500   56.640030   10.134520
179    opls_145    15.959370   61.859580    3.736680
180    opls_916    15.560620   62.000770    2.396640
181    opls_145    14.441870   61.282900    1.941270
182    opls_700    52.913130    6.133190   14.493980
183    opls_145    53.449380    5.255310   15.447800
184    opls_145    52.605000    4.479720   16.245540
185    opls_145    51.215000    4.555650   16.094380
186    opls_145    50.673750    5.452350   15.154170
187    opls_145    51.518120    6.240490   14.367000
188    opls_142    49.178750    3.364030   16.684280
189    opls_700    48.421250    2.548280   17.653220
190    opls_145    48.862500    2.393910   18.978890
191    opls_145    47.238120    1.912620   17.248490
192    opls_145    48.133750    1.613930   19.879430
193    opls_916    46.958130    0.962590   19.470920
194    opls_145    46.518120    1.119460   18.146380
195    opls_145    53.006880    6.093020   11.530110
196    opls_700    53.800000    6.990350   12.268520
197    opls_700    53.813120    6.989720   13.684140
198    opls_145    33.671880   60.200470   21.218330
199    opls_700    31.740000   62.233570   21.244400
200    opls_145    54.538750    7.966740    7.291960
201    opls_700    54.611250    7.905240   10.083880
202    opls_700    54.642500    7.881400   11.570920
203    opls_145    54.687500    7.846890   14.364360
204    opls_700     4.304380   32.340090   21.208880
205    opls_145     5.123120   32.926180   22.189150
206    opls_145     6.511250   32.795030   22.122640
207    opls_145     7.106250   32.056470   21.093620
208    opls_145     6.291250   31.467870   20.107300
209    opls_145     4.901880   31.623490   20.157560
210    opls_142     9.230620   31.033640   20.505990
211    opls_700    10.704380   31.098900   20.484450
212    opls_145    11.380000   32.315620   20.679070
213    opls_145    11.448120   29.933010   20.255820
214    opls_145    12.775620   32.363310   20.639760
215    opls_916    13.525000   31.193650   20.426250
216    opls_145    12.845000   29.976300   20.239570
217    opls_145     2.242500   30.202830   21.264810
218    opls_700     1.870620   31.557600   21.240630
219    opls_700     2.840630   32.591100   21.227020
220    opls_700    30.433130   51.892990    1.836590
221    opls_145    31.723750   51.361500    1.997200
222    opls_145    29.355000   51.021400    1.630260
223    opls_145    31.931880   49.979120    1.928050
224    opls_916    30.850630   49.105010    1.714530
225    opls_145    29.559370   49.641530    1.580760
226    opls_145    28.853120   45.244630   21.734540
227    opls_700    28.740630   45.608580   23.085530
228    opls_145    29.490000   46.692280   23.566220
229    opls_142    27.868750   44.855580   24.007230
230    opls_145    26.592500   42.841930   24.497370
231    opls_145    26.621870   41.460180   24.278190
232    opls_145    25.843130   40.601130   25.057040
233    opls_700    25.005000   41.116310   26.057340
234    opls_145    24.933750   42.506850   26.243270
235    opls_145    25.730000   43.364640   25.478020
236    opls_700    24.166250   40.197650   26.866420
237    opls_700    24.219370   40.156860   28.280900
238    opls_145    25.138750   40.929320   29.016300
239    opls_145    30.366880   47.378760   22.720480
240    opls_916    30.493750   47.006030   21.371000
241    opls_145    29.713750   45.942410   20.884640
242    opls_700    37.332500   21.769230   33.379530
243    opls_145    36.454370   22.319550   34.325790
244    opls_145    35.667500   21.487480   35.124670
245    opls_145    35.730000   20.096320   34.983340
246    opls_145    36.626250   19.540350   34.050680
247    opls_145    37.426880   20.372420   33.262380
248    opls_142    34.537500   18.066350   35.601200
249    opls_700    33.726250   17.319000   36.582610
250    opls_145    33.515620   17.810330    0.091830
251    opls_145    33.165620   16.084710   36.220200
252    opls_145    32.765620   17.074900    1.012770
253    opls_916    32.201250   15.840610    0.650370
254    opls_145    32.403750   15.356180   37.137370
255    opls_145    37.330620   21.845160   30.411120
256    opls_700    38.215630   22.644590   31.157100
257    opls_700    38.204370   22.657770   32.573090
258    opls_700    61.756250   27.028310   21.165420
259    opls_145    61.256880   26.250210   20.107680
260    opls_145    61.449380   24.868450   20.093320
261    opls_145    62.146250   24.238440   21.138970
262    opls_145     0.182500   25.018430   22.173660
263    opls_145    62.466250   26.401430   22.202760
264    opls_142    61.436250   21.971910   20.732730
265    opls_145     1.285630   29.194440   21.234580
266    opls_700    62.413750   29.496270   21.240250
267    opls_700    61.431250   28.475950   21.221350
268    opls_145    17.521250   29.078350    2.809310
269    opls_700    17.121870   28.939670    4.149340
270    opls_145    15.995000   29.641840    4.601690
271    opls_142    17.868120   28.077490    5.086160
272    opls_145    19.865000   26.786720    5.601230
273    opls_145    21.250000   26.795500    5.393010
274    opls_145    22.089380   25.999210    6.174890
275    opls_700    21.554380   25.165890    7.170270
276    opls_145    20.161870   25.119450    7.348270
277    opls_145    19.321250   25.930180    6.577730
278    opls_700    22.453120   24.301820    7.975960
279    opls_700    22.495000   24.343860    9.391570
280    opls_145    21.732500   25.265030   10.134520
281    opls_145    15.290630   30.484580    3.736680
282    opls_916    15.689380   30.625770    2.396640
283    opls_145    16.808130   29.907900    1.941270
284    opls_700    40.836870   37.508180   14.493980
285    opls_145    40.300620   36.630310   15.447800
286    opls_145    41.145000   35.854720   16.245540
287    opls_145    42.535000   35.930650   16.094380
288    opls_145    43.076250   36.827350   15.154170
289    opls_145    42.231880   37.615490   14.367000
290    opls_142    44.571250   34.739030   16.684280
291    opls_700    45.328750   33.923280   17.653220
292    opls_145    44.887500   33.768910   18.978890
293    opls_145    46.511880   33.287620   17.248490
294    opls_145    45.616250   32.988930   19.879430
295    opls_916    46.791870   32.337580   19.470920
296    opls_145    47.231880   32.494460   18.146380
297    opls_145    40.743120   37.468020   11.530110
298    opls_700    39.950000   38.365350   12.268520
299    opls_700    39.936880   38.364720   13.684140
300    opls_145    60.078120   28.825470   21.218330
301    opls_700    62.010000   30.858570   21.244400
302    opls_145    39.211250   39.341740    7.291960
303    opls_700    39.138750   39.280250   10.083880
304    opls_700    39.107500   39.256400   11.570920
305    opls_145    39.062500   39.221890   14.364360
306    opls_700    58.195620   30.409900   21.208880
307    opls_145    57.376870   29.823820   22.189150
308    opls_145    55.988750   29.954970   22.122640
309    opls_145    55.393750   30.693540   21.093620
310    opls_145    56.208750   31.282130   20.107300
311    opls_145    57.598130   31.126510   20.157560
312    opls_142    53.269370   31.716360   20.505990
313    opls_700    51.795630   31.651100   20.484450
314    opls_145    51.120000   30.434380   20.679070
315    opls_145    51.051880   32.816990   20.255820
316    opls_145    49.724380   30.386690   20.639760
317    opls_916    48.975000   31.556350   20.426250
318    opls_145    49.655000   32.773700   20.239570
319    opls_145    60.257500   32.547170   21.264810
320    opls_700    60.629380   31.192400   21.240630
321    opls_700    59.659370   30.158910   21.227020
322    opls_700    32.066880   10.857000    1.836590
323    opls_145    30.776250   11.388500    1.997200
324    opls_145    33.145000   11.728600    1.630260
325    opls_145    30.568120   12.770880    1.928050
326    opls_916    31.649370   13.644990    1.714530
327    opls_145    32.940620   13.108480    1.580760
328    opls_145    33.646880   17.505370   21.734540
329    opls_700    33.759370   17.141420   23.085530
330    opls_145    33.010000   16.057730   23.566220
331    opls_142    34.631250   17.894420   24.007230
332    opls_145    35.907500   19.908070   24.497370
333    opls_145    35.878120   21.289820   24.278190
334    opls_145    36.656870   22.148870   25.057040
335    opls_700    37.495000   21.633690   26.057340
336    opls_145    37.566250   20.243150   26.243270
337    opls_145    36.770000   19.385360   25.478020
338    opls_700    38.333750   22.552350   26.866420
339    opls_700    38.280630   22.593140   28.280900
340    opls_145    37.361250   21.820690   29.016300
341    opls_145    32.133120   15.371240   22.720480
342    opls_916    32.006250   15.743980   21.371000
343    opls_145    32.786250   16.807590   20.884640
344    opls_700    25.167500   40.980770   33.379530
345    opls_145    26.045630   40.430450   34.325790
346    opls_145    26.832500   41.262520   35.124670
347    opls_145    26.770000   42.653690   34.983340
348    opls_145    25.873750   43.209650   34.050680
349    opls_145    25.073130   42.377590   33.262380
350    opls_142    27.962500   44.683650   35.601200
351    opls_700    28.773750   45.431000   36.582610
352    opls_145    28.984380   44.939670    0.091830
353    opls_145    29.334380   46.665290   36.220200
354    opls_145    29.734380   45.675100    1.012770
355    opls_916    30.298750   46.909390    0.650370
356    opls_145    30.096250   47.393820   37.137370
357    opls_145    25.169370   40.904840   30.411120
358    opls_700    24.284380   40.105410   31.157100
359    opls_700    24.295630   40.092230   32.573090
360    opls_700     0.743750   35.721690   21.165420
361    opls_145     1.243130   36.499790   20.107680
362    opls_145     1.050620   37.881550   20.093320
363    opls_145     0.353750   38.511560   21.138970
364    opls_145    62.317500   37.731570   22.173660
365    opls_145     0.033750   36.348570   22.202760
366    opls_142     1.063750   40.778090   20.732730
367    opls_145    61.214370   33.555560   21.234580
368    opls_700     0.086250   33.253730   21.240250
369    opls_700     1.068750   34.274050   21.221350
370    opls_145    44.978750   33.671650    2.809310
371    opls_700    45.378120   33.810330    4.149340
372    opls_145    46.505000   33.108150    4.601690
373    opls_142    44.631880   34.672510    5.086160
374    opls_145    42.635000   35.963280    5.601230
375    opls_145    41.250000   35.954500    5.393010
376    opls_145    40.410630   36.750790    6.174890
377    opls_700    40.945620   37.584110    7.170270
378    opls_145    42.338120   37.630550    7.348270
379    opls_145    43.178750   36.819820    6.577730
380    opls_700    40.046880   38.448180    7.975960
381    opls_700    40.005000   38.406140    9.391570
382    opls_145    40.767500   37.484970   10.134520
383    opls_145    47.209380   32.265420    3.736680
384    opls_916    46.810630   32.124230    2.396640
385    opls_145    45.691880   32.842100    1.941270
386    opls_700    21.663130   25.241810   14.493980
387    opls_145    22.199370   26.119690   15.447800
388    opls_145    21.355000   26.895280   16.245540
389    opls_145    19.965000   26.819350   16.094380
390    opls_145    19.423750   25.922650   15.154170
391    opls_145    20.268130   25.134510   14.367000
392    opls_142    17.928750   28.010970   16.684280
393    opls_700    17.171250   28.826720   17.653220
394    opls_145    17.612500   28.981090   18.978890
395    opls_145    15.988130   29.462380   17.248490
396    opls_145    16.883750   29.761070   19.879430
397    opls_916    15.708130   30.412410   19.470920
398    opls_145    15.268120   30.255540   18.146380
399    opls_145    21.756880   25.281970   11.530110
400    opls_700    22.550000   24.384650   12.268520
401    opls_700    22.563120   24.385280   13.684140
402    opls_145     2.421880   33.924530   21.218330
403    opls_700     0.490000   31.891430   21.244400
404    opls_145    23.288750   23.408260    7.291960
405    opls_700    23.361250   23.469750   10.083880
406    opls_700    23.392500   23.493600   11.570920
407    opls_145    23.437500   23.528110   14.364360
408    opls_700     4.304380   30.409900    2.313880
409    opls_145     5.123120   29.823820    3.294150
410    opls_145     6.511250   29.954970    3.227640
411    opls_145     7.106250   30.693540    2.198620
412    opls_145     6.291250   31.282130    1.212300
413    opls_145     4.901880   31.126510    1.262560
414    opls_142     9.230620   31.716360    1.610990
415    opls_700    10.704380   31.651100    1.589450
416    opls_145    11.380000   30.434380    1.784070
417    opls_145    11.448120   32.816990    1.360820
418    opls_145    12.775620   30.386690    1.744760
419    opls_916    13.525000   31.556350    1.531250
420    opls_145    12.845000   32.773700    1.344570
421    opls_145     2.242500   32.547170    2.369810
422    opls_700     1.870620   31.192400    2.345630
423    opls_700     2.840630   30.158910    2.332020
424    opls_700    30.433130   10.857000   20.731590
425    opls_145    31.723750   11.388500   20.892200
426    opls_145    29.355000   11.728600   20.525260
427    opls_145    31.931880   12.770880   20.823050
428    opls_916    30.850630   13.644990   20.609530
429    opls_145    29.559370   13.108480   20.475760
430    opls_145    28.853120   17.505370    2.839540
431    opls_700    28.740630   17.141420    4.190530
432    opls_145    29.490000   16.057730    4.671220
433    opls_142    27.868750   17.894420    5.112230
434    opls_145    26.592500   19.908070    5.602370
435    opls_145    26.621870   21.289820    5.383190
436    opls_145    25.843130   22.148870    6.162040
437    opls_700    25.005000   21.633690    7.162340
438    opls_145    24.933750   20.243150    7.348270
439    opls_145    25.730000   19.385360    6.583020
440    opls_700    24.166250   22.552350    7.971420
441    opls_700    24.219370   22.593140    9.385900
442    opls_145    25.138750   21.820690   10.121300
443    opls_145    30.366880   15.371240    3.825480
444    opls_916    30.493750   15.743980    2.476000
445    opls_145    29.713750   16.807590    1.989640
446    opls_700    37.332500   40.980770   14.484530
447    opls_145    36.454370   40.430450   15.430790
448    opls_145    35.667500   41.262520   16.229670
449    opls_145    35.730000   42.653690   16.088340
450    opls_145    36.626250   43.209650   15.155680
451    opls_145    37.426880   42.377590   14.367380
452    opls_142    34.537500   44.683650   16.706200
453    opls_700    33.726250   45.431000   17.687610
454    opls_145    33.515620   44.939670   18.986830
455    opls_145    33.165620   46.665290   17.325200
456    opls_145    32.765620   45.675100   19.907770
457    opls_916    32.201250   46.909390   19.545370
458    opls_145    32.403750   47.393820   18.242370
459    opls_145    37.330620   40.904840   11.516120
460    opls_700    38.215630   40.105410   12.262100
461    opls_700    38.204370   40.092230   13.678090
462    opls_700    61.756250   35.721690    2.270420
463    opls_145    61.256880   36.499790    1.212680
464    opls_145    61.449380   37.881550    1.198320
465    opls_145    62.146250   38.511560    2.243970
466    opls_145     0.182500   37.731570    3.278660
467    opls_145    62.466250   36.348570    3.307760
468    opls_142    61.436250   40.778090    1.837730
469    opls_145     1.285630   33.555560    2.339580
470    opls_700    62.413750   33.253730    2.345250
471    opls_700    61.431250   34.274050    2.326350
472    opls_145    17.521250   33.671650   21.704310
473    opls_700    17.121870   33.810330   23.044340
474    opls_145    15.995000   33.108150   23.496690
475    opls_142    17.868120   34.672510   23.981160
476    opls_145    19.865000   35.963280   24.496230
477    opls_145    21.250000   35.954500   24.288010
478    opls_145    22.089380   36.750790   25.069890
479    opls_700    21.554380   37.584110   26.065270
480    opls_145    20.161870   37.630550   26.243270
481    opls_145    19.321250   36.819820   25.472730
482    opls_700    22.453120   38.448180   26.870960
483    opls_700    22.495000   38.406140   28.286570
484    opls_145    21.732500   37.484970   29.029520
485    opls_145    15.290630   32.265420   22.631680
486    opls_916    15.689380   32.124230   21.291640
487    opls_145    16.808130   32.842100   20.836270
488    opls_700    40.836870   25.241810   33.388980
489    opls_145    40.300620   26.119690   34.342800
490    opls_145    41.145000   26.895280   35.140540
491    opls_145    42.535000   26.819350   34.989380
492    opls_145    43.076250   25.922650   34.049170
493    opls_145    42.231880   25.134510   33.262000
494    opls_142    44.571250   28.010970   35.579280
495    opls_700    45.328750   28.826720   36.548220
496    opls_145    44.887500   28.981090    0.083890
497    opls_145    46.511880   29.462380   36.143490
498    opls_145    45.616250   29.761070    0.984430
499    opls_916    46.791870   30.412410    0.575920
500    opls_145    47.231880   30.255540   37.041380
501    opls_145    40.743120   25.281970   30.425110
502    opls_700    39.950000   24.384650   31.163520
503    opls_700    39.936880   24.385280   32.579140
504    opls_145    60.078120   33.924530    2.323330
505    opls_700    62.010000   31.891430    2.349400
506    opls_145    39.211250   23.408260   26.186960
507    opls_700    39.138750   23.469750   28.978880
508    opls_700    39.107500   23.493600   30.465920
509    opls_145    39.062500   23.528110   33.259360
510    opls_700    58.195620   32.340090    2.313880
511    opls_145    57.376870   32.926180    3.294150
512    opls_145    55.988750   32.795030    3.227640
513    opls_145    55.393750   32.056470    2.198620
514    opls_145    56.208750   31.467870    1.212300
515    opls_145    57.598130   31.623490    1.262560
516    opls_142    53.269370   31.033640    1.610990
517    opls_700    51.795630   31.098900    1.589450
518    opls_145    51.120000   32.315620    1.784070
519    opls_145    51.051880   29.933010    1.360820
520    opls_145    49.724380   32.363310    1.744760
521    opls_916    48.975000   31.193650    1.531250
522    opls_145    49.655000   29.976300    1.344570
523    opls_145    60.257500   30.202830    2.369810
524    opls_700    60.629380   31.557600    2.345630
525    opls_700    59.659370   32.591100    2.332020
526    opls_700    32.066880   51.892990   20.731590
527    opls_145    30.776250   51.361500   20.892200
528    opls_145    33.145000   51.021400   20.525260
529    opls_145    30.568120   49.979120   20.823050
530    opls_916    31.649370   49.105010   20.609530
531    opls_145    32.940620   49.641530   20.475760
532    opls_145    33.646880   45.244630    2.839540
533    opls_700    33.759370   45.608580    4.190530
534    opls_145    33.010000   46.692280    4.671220
535    opls_142    34.631250   44.855580    5.112230
536    opls_145    35.907500   42.841930    5.602370
537    opls_145    35.878120   41.460180    5.383190
538    opls_145    36.656870   40.601130    6.162040
539    opls_700    37.495000   41.116310    7.162340
540    opls_145    37.566250   42.506850    7.348270
541    opls_145    36.770000   43.364640    6.583020
542    opls_700    38.333750   40.197650    7.971420
543    opls_700    38.280630   40.156860    9.385900
544    opls_145    37.361250   40.929320   10.121300
545    opls_145    32.133120   47.378760    3.825480
546    opls_916    32.006250   47.006030    2.476000
547    opls_145    32.786250   45.942410    1.989640
548    opls_700    25.167500   21.769230   14.484530
549    opls_145    26.045630   22.319550   15.430790
550    opls_145    26.832500   21.487480   16.229670
551    opls_145    26.770000   20.096320   16.088340
552    opls_145    25.873750   19.540350   15.155680
553    opls_145    25.073130   20.372420   14.367380
554    opls_142    27.962500   18.066350   16.706200
555    opls_700    28.773750   17.319000   17.687610
556    opls_145    28.984380   17.810330   18.986830
557    opls_145    29.334380   16.084710   17.325200
558    opls_145    29.734380   17.074900   19.907770
559    opls_916    30.298750   15.840610   19.545370
560    opls_145    30.096250   15.356180   18.242370
561    opls_145    25.169370   21.845160   11.516120
562    opls_700    24.284380   22.644590   12.262100
563    opls_700    24.295630   22.657770   13.678090
564    opls_700     0.743750   27.028310    2.270420
565    opls_145     1.243130   26.250210    1.212680
566    opls_145     1.050620   24.868450    1.198320
567    opls_145     0.353750   24.238440    2.243970
568    opls_145    62.317500   25.018430    3.278660
569    opls_145     0.033750   26.401430    3.307760
570    opls_142     1.063750   21.971910    1.837730
571    opls_145    61.214370   29.194440    2.339580
572    opls_700     0.086250   29.496270    2.345250
573    opls_700     1.068750   28.475950    2.326350
574    opls_145    44.978750   29.078350   21.704310
575    opls_700    45.378120   28.939670   23.044340
576    opls_145    46.505000   29.641840   23.496690
577    opls_142    44.631880   28.077490   23.981160
578    opls_145    42.635000   26.786720   24.496230
579    opls_145    41.250000   26.795500   24.288010
580    opls_145    40.410630   25.999210   25.069890
581    opls_700    40.945620   25.165890   26.065270
582    opls_145    42.338120   25.119450   26.243270
583    opls_145    43.178750   25.930180   25.472730
584    opls_700    40.046880   24.301820   26.870960
585    opls_700    40.005000   24.343860   28.286570
586    opls_145    40.767500   25.265030   29.029520
587    opls_145    47.209380   30.484580   22.631680
588    opls_916    46.810630   30.625770   21.291640
589    opls_145    45.691880   29.907900   20.836270
590    opls_700    21.663130   37.508180   33.388980
591    opls_145    22.199370   36.630310   34.342800
592    opls_145    21.355000   35.854720   35.140540
593    opls_145    19.965000   35.930650   34.989380
594    opls_145    19.423750   36.827350   34.049170
595    opls_145    20.268130   37.615490   33.262000
596    opls_142    17.928750   34.739030   35.579280
597    opls_700    17.171250   33.923280   36.548220
598    opls_145    17.612500   33.768910    0.083890
599    opls_145    15.988130   33.287620   36.143490
600    opls_145    16.883750   32.988930    0.984430
601    opls_916    15.708130   32.337580    0.575920
602    opls_145    15.268120   32.494460   37.041380
603    opls_145    21.756880   37.468020   30.425110
604    opls_700    22.550000   38.365350   31.163520
605    opls_700    22.563120   38.364720   32.579140
606    opls_145     2.421880   28.825470    2.323330
607    opls_700     0.490000   30.858570    2.349400
608    opls_145    23.288750   39.341740   26.186960
609    opls_700    23.361250   39.280250   28.978880
610    opls_700    23.392500   39.256400   30.465920
611    opls_145    23.437500   39.221890   33.259360
612    opls_700    35.554380    0.965100    2.313880
613    opls_145    36.373130    1.551180    3.294150
614    opls_145    37.761250    1.420030    3.227640
615    opls_145    38.356250    0.681460    2.198620
616    opls_145    37.541250    0.092870    1.212300
617    opls_145    36.151870    0.248490    1.262560
618    opls_142    40.480630   62.408640    1.610990
619    opls_700    41.954370   62.473900    1.589450
620    opls_145    42.630000    0.940620    1.784070
621    opls_145    42.698120   61.308010    1.360820
622    opls_145    44.025620    0.988310    1.744760
623    opls_916    44.775000   62.568650    1.531250
624    opls_145    44.095000   61.351300    1.344570
625    opls_145    33.492500   61.577830    2.369810
626    opls_700    33.120620    0.182600    2.345630
627    opls_700    34.090630    1.216090    2.332020
628    opls_700    61.683120   20.517990   20.731590
629    opls_145     0.473750   19.986500   20.892200
630    opls_145    60.605000   19.646400   20.525260
631    opls_145     0.681880   18.604120   20.823050
632    opls_916    62.100630   17.730010   20.609530
633    opls_145    60.809380   18.266530   20.475760
634    opls_145    60.103120   13.869630    2.839540
635    opls_700    59.990630   14.233580    4.190530
636    opls_145    60.740000   15.317280    4.671220
637    opls_142    59.118750   13.480580    5.112230
638    opls_145    57.842500   11.466930    5.602370
639    opls_145    57.871880   10.085180    5.383190
640    opls_145    57.093130    9.226130    6.162040
641    opls_700    56.255000    9.741310    7.162340
642    opls_145    56.183750   11.131850    7.348270
643    opls_145    56.980000   11.989640    6.583020
644    opls_700    55.416250    8.822650    7.971420
645    opls_700    55.469370    8.781860    9.385900
646    opls_145    56.388750    9.554320   10.121300
647    opls_145    61.616880   16.003760    3.825480
648    opls_916    61.743750   15.631020    2.476000
649    opls_145    60.963750   14.567410    1.989640
650    opls_700     6.082500   53.144230   14.484530
651    opls_145     5.204370   53.694550   15.430790
652    opls_145     4.417500   52.862480   16.229670
653    opls_145     4.480000   51.471310   16.088340
654    opls_145     5.376250   50.915350   15.155680
655    opls_145     6.176870   51.747410   14.367380
656    opls_142     3.287500   49.441350   16.706200
657    opls_700     2.476250   48.694000   17.687610
658    opls_145     2.265620   49.185330   18.986830
659    opls_145     1.915620   47.459710   17.325200
660    opls_145     1.515620   48.449900   19.907770
661    opls_916     0.951250   47.215610   19.545370
662    opls_145     1.153750   46.731180   18.242370
663    opls_145     6.080630   53.220160   11.516120
664    opls_700     6.965630   54.019590   12.262100
665    opls_700     6.954370   54.032770   13.678090
666    opls_700    30.506250   58.403310    2.270420
667    opls_145    30.006880   57.625210    1.212680
668    opls_145    30.199370   56.243450    1.198320
669    opls_145    30.896250   55.613440    2.243970
670    opls_145    31.432500   56.393430    3.278660
671    opls_145    31.216250   57.776430    3.307760
672    opls_142    30.186250   53.346910    1.837730
673    opls_145    32.535630   60.569440    2.339580
674    opls_700    31.163750   60.871270    2.345250
675    opls_700    30.181250   59.850950    2.326350
676    opls_145    48.771250   60.453350   21.704310
677    opls_700    48.371880   60.314670   23.044340
678    opls_145    47.245000   61.016850   23.496690
679    opls_142    49.118120   59.452490   23.981160
680    opls_145    51.115000   58.161720   24.496230
681    opls_145    52.500000   58.170500   24.288010
682    opls_145    53.339370   57.374210   25.069890
683    opls_700    52.804380   56.540890   26.065270
684    opls_145    51.411880   56.494450   26.243270
685    opls_145    50.571250   57.305180   25.472730
686    opls_700    53.703120   55.676820   26.870960
687    opls_700    53.745000   55.718860   28.286570
688    opls_145    52.982500   56.640030   29.029520
689    opls_145    46.540620   61.859580   22.631680
690    opls_916    46.939370   62.000770   21.291640
691    opls_145    48.058120   61.282900   20.836270
692    opls_700     9.586870    6.133190   33.388980
693    opls_145     9.050630    5.255310   34.342800
694    opls_145     9.895000    4.479720   35.140540
695    opls_145    11.285000    4.555650   34.989380
696    opls_145    11.826250    5.452350   34.049170
697    opls_145    10.981880    6.240490   33.262000
698    opls_142    13.321250    3.364030   35.579280
699    opls_700    14.078750    2.548280   36.548220
700    opls_145    13.637500    2.393910    0.083890
701    opls_145    15.261870    1.912620   36.143490
702    opls_145    14.366250    1.613930    0.984430
703    opls_916    15.541870    0.962590    0.575920
704    opls_145    15.981880    1.119460   37.041380
705    opls_145     9.493120    6.093020   30.425110
706    opls_700     8.700000    6.990350   31.163520
707    opls_700     8.686880    6.989720   32.579140
708    opls_145    28.828120   60.200470    2.323330
709    opls_700    30.760000   62.233570    2.349400
710    opls_145     7.961250    7.966740   26.186960
711    opls_700     7.888750    7.905240   28.978880
712    opls_700     7.857500    7.881400   30.465920
713    opls_145     7.812500    7.846890   33.259360
714    opls_700    26.945620   61.784910    2.313880
715    opls_145    26.126870   61.198820    3.294150
716    opls_145    24.738750   61.329970    3.227640
717    opls_145    24.143750   62.068530    2.198620
718    opls_145    24.958750   62.657130    1.212300
719    opls_145    26.348120   62.501510    1.262560
720    opls_142    22.019380    0.341360    1.610990
721    opls_700    20.545630    0.276100    1.589450
722    opls_145    19.870000   61.809380    1.784070
723    opls_145    19.801870    1.441990    1.360820
724    opls_145    18.474370   61.761690    1.744760
725    opls_916    17.725000    0.181350    1.531250
726    opls_145    18.405000    1.398700    1.344570
727    opls_145    29.007500    1.172170    2.369810
728    opls_700    29.379370   62.567400    2.345630
729    opls_700    28.409380   61.533900    2.332020
730    opls_700     0.816880   42.232010   20.731590
731    opls_145    62.026250   42.763500   20.892200
732    opls_145     1.895000   43.103600   20.525260
733    opls_145    61.818130   44.145880   20.823050
734    opls_916     0.399370   45.019990   20.609530
735    opls_145     1.690630   44.483470   20.475760
736    opls_145     2.396880   48.880370    2.839540
737    opls_700     2.509370   48.516420    4.190530
738    opls_145     1.760000   47.432720    4.671220
739    opls_142     3.381250   49.269420    5.112230
740    opls_145     4.657500   51.283070    5.602370
741    opls_145     4.628120   52.664820    5.383190
742    opls_145     5.406880   53.523870    6.162040
743    opls_700     6.245000   53.008690    7.162340
744    opls_145     6.316250   51.618150    7.348270
745    opls_145     5.520000   50.760360    6.583020
746    opls_700     7.083750   53.927350    7.971420
747    opls_700     7.030620   53.968140    9.385900
748    opls_145     6.111250   53.195680   10.121300
749    opls_145     0.883130   46.746240    3.825480
750    opls_916     0.756250   47.118970    2.476000
751    opls_145     1.536250   48.182590    1.989640
752    opls_700    56.417500    9.605770   14.484530
753    opls_145    57.295630    9.055450   15.430790
754    opls_145    58.082500    9.887520   16.229670
755    opls_145    58.020000   11.278680   16.088340
756    opls_145    57.123750   11.834650   15.155680
757    opls_145    56.323120   11.002580   14.367380
758    opls_142    59.212500   13.308650   16.706200
759    opls_700    60.023750   14.056000   17.687610
760    opls_145    60.234380   13.564670   18.986830
761    opls_145    60.584380   15.290290   17.325200
762    opls_145    60.984380   14.300100   19.907770
763    opls_916    61.548750   15.534390   19.545370
764    opls_145    61.346250   16.018820   18.242370
765    opls_145    56.419380    9.529840   11.516120
766    opls_700    55.534370    8.730410   12.262100
767    opls_700    55.545630    8.717230   13.678090
768    opls_700    31.993750    4.346690    2.270420
769    opls_145    32.493120    5.124790    1.212680
770    opls_145    32.300620    6.506550    1.198320
771    opls_145    31.603750    7.136560    2.243970
772    opls_145    31.067500    6.356580    3.278660
773    opls_145    31.283750    4.973560    3.307760
774    opls_142    32.313750    9.403090    1.837730
775    opls_145    29.964380    2.180560    2.339580
776    opls_700    31.336250    1.878740    2.345250
777    opls_700    32.318750    2.899050    2.326350
778    opls_145    13.728750    2.296650   21.704310
779    opls_700    14.128130    2.435330   23.044340
780    opls_145    15.255000    1.733160   23.496690
781    opls_142    13.381880    3.297510   23.981160
782    opls_145    11.385000    4.588280   24.496230
783    opls_145    10.000000    4.579490   24.288010
784    opls_145     9.160620    5.375790   25.069890
785    opls_700     9.695620    6.209110   26.065270
786    opls_145    11.088120    6.255550   26.243270
787    opls_145    11.928750    5.444820   25.472730
788    opls_700     8.796880    7.073180   26.870960
789    opls_700     8.755000    7.031140   28.286570
790    opls_145     9.517500    6.109970   29.029520
791    opls_145    15.959370    0.890420   22.631680
792    opls_916    15.560620    0.749230   21.291640
793    opls_145    14.441870    1.467100   20.836270
794    opls_700    52.913130   56.616820   33.388980
795    opls_145    53.449380   57.494690   34.342800
796    opls_145    52.605000   58.270280   35.140540
797    opls_145    51.215000   58.194350   34.989380
798    opls_145    50.673750   57.297650   34.049170
799    opls_145    51.518120   56.509510   33.262000
800    opls_142    49.178750   59.385970   35.579280
801    opls_700    48.421250   60.201720   36.548220
802    opls_145    48.862500   60.356090    0.083890
803    opls_145    47.238120   60.837380   36.143490
804    opls_145    48.133750   61.136070    0.984430
805    opls_916    46.958130   61.787420    0.575920
806    opls_145    46.518120   61.630540   37.041380
807    opls_145    53.006880   56.656980   30.425110
808    opls_700    53.800000   55.759650   31.163520
809    opls_700    53.813120   55.760280   32.579140
810    opls_145    33.671880    2.549530    2.323330
811    opls_700    31.740000    0.516430    2.349400
812    opls_145    54.538750   54.783260   26.186960
813    opls_700    54.611250   54.844750   28.978880
814    opls_700    54.642500   54.868600   30.465920
815    opls_145    54.687500   54.903110   33.259360
816    opls_750    39.788130   62.127520   21.033910
817    opls_750    58.671880   50.444100   23.678840
818    opls_750     3.669380   12.090670   35.846460
819    opls_239     0.187500   16.302450    1.608720
820    opls_750    31.079370    8.560980   21.162400
821    opls_750    50.293750    3.751820    4.772120
822    opls_750    12.111250   58.996300   16.950700
823    opls_239    16.278750   62.617600   20.397530
824    opls_750    22.711870    0.622480   21.033910
825    opls_750     3.828120   12.305900   23.678840
826    opls_750    58.830620   50.659330   35.846460
827    opls_239    62.312500   46.447550    1.608720
828    opls_750    31.420630   54.189020   21.162400
829    opls_750    12.206250   58.998180    4.772120
830    opls_750    50.388750    3.753710   16.950700
831    opls_239    46.221250    0.132400   20.397530
832    opls_750     8.538130   31.997480   21.033910
833    opls_750    27.421880   43.680900   23.678840
834    opls_750    34.919380   19.284330   35.846460
835    opls_239    31.437500   15.072550    1.608720
836    opls_750    62.329370   22.814020   21.162400
837    opls_750    19.043750   27.623180    4.772120
838    opls_750    43.361250   35.128700   16.950700
839    opls_239    47.528750   31.507400   20.397530
840    opls_750    53.961870   30.752520   21.033910
841    opls_750    35.078120   19.069100   23.678840
842    opls_750    27.580630   43.465670   35.846460
843    opls_239    31.062500   47.677450    1.608720
844    opls_750     0.170620   39.935980   21.162400
845    opls_750    43.456250   35.126820    4.772120
846    opls_750    19.138750   27.621290   16.950700
847    opls_239    14.971250   31.242600   20.397530
848    opls_750     8.538130   30.752520    2.138910
849    opls_750    27.421880   19.069100    4.783840
850    opls_750    34.919380   43.465670   16.951460
851    opls_239    31.437500   47.677450   20.503720
852    opls_750    62.329370   39.935980    2.267400
853    opls_750    19.043750   35.126820   23.667120
854    opls_750    43.361250   27.621290   35.845700
855    opls_239    47.528750   31.242600    1.502530
856    opls_750    53.961870   31.997480    2.138910
857    opls_750    35.078120   43.680900    4.783840
858    opls_750    27.580630   19.284330   16.951460
859    opls_239    31.062500   15.072550   20.503720
860    opls_750     0.170620   22.814020    2.267400
861    opls_750    43.456250   27.623180   23.667120
862    opls_750    19.138750   35.128700   35.845700
863    opls_239    14.971250   31.507400    1.502530
864    opls_750    39.788130    0.622480    2.138910
865    opls_750    58.671880   12.305900    4.783840
866    opls_750     3.669380   50.659330   16.951460
867    opls_239     0.187500   46.447550   20.503720
868    opls_750    31.079370   54.189020    2.267400
869    opls_750    50.293750   58.998180   23.667120
870    opls_750    12.111250    3.753710   35.845700
871    opls_239    16.278750    0.132400    1.502530
872    opls_750    22.711870   62.127520    2.138910
873    opls_750     3.828120   50.444100    4.783840
874    opls_750    58.830620   12.090670   16.951460
875    opls_239    62.312500   16.302450   20.503720
876    opls_750    31.420630    8.560980    2.267400
877    opls_750    12.206250    3.751820   23.667120
878    opls_750    50.388750   58.996300   35.845700
879    opls_239    46.221250   62.617600    1.502530
880    opls_146    35.937500   60.620890   22.995590
881    opls_146    38.378120   60.851190   22.873150
882    opls_146    37.978120   63.194270   19.275920
883    opls_146    35.544380   62.923190   19.366620
884    opls_144    39.988750    1.229900   20.127710
885    opls_146    42.079370   60.890720   20.840810
886    opls_146    42.198120    2.391400   20.105040
887    opls_146    44.522500   60.808510   20.768250
888    opls_146    44.646880    2.317360   20.089540
889    opls_146    34.529380    1.473370   21.303730
890    opls_146     1.324380   42.110900    2.151010
891    opls_146    59.601250   42.716430    1.503290
892    opls_146     1.688130   44.533050    2.024410
893    opls_146    59.958130   45.134190    1.427330
894    opls_146    59.526870   49.704900   21.334720
895    opls_146    60.669380   47.135920   24.605070
896    opls_144    58.927500   48.863420   24.991660
897    opls_146    58.515620   53.076460   23.511800
898    opls_146    57.149370   54.592500   24.884710
899    opls_146    55.513750   51.197720   26.982820
900    opls_146    56.898750   49.693610   25.638250
901    opls_146    57.120000   52.573830   28.520490
902    opls_146    62.214370   45.938650   23.124830
903    opls_146    61.030630   48.480020   19.846170
904    opls_146     5.130630    7.980550   34.445210
905    opls_146     3.748750    9.446380   35.852880
906    opls_146     5.487500   12.906420   33.952800
907    opls_146     6.880000   11.446850   32.568560
908    opls_144     3.523120   13.779900   34.656080
909    opls_146     2.691880   12.619030    0.402840
910    opls_146     2.064380   15.689380   35.224810
911    opls_146     1.384370   13.912300    2.014210
912    opls_146     0.721250   16.963830   36.833160
913    opls_146     5.329370   10.136010   30.897100
914    opls_146    29.453750    4.660440   19.299730
915    opls_146    29.806880    7.080080   19.263450
916    opls_146    31.981250    6.827830   22.979340
917    opls_146    31.589380    4.393750   23.038670
918    opls_144    29.218130    9.046040   20.398660
919    opls_146    32.889380    3.200880   21.203590
920    opls_146    49.631250    2.832540    2.428760
921    opls_146    46.920000    1.824770    5.630710
922    opls_144    48.698120    3.490160    6.064920
923    opls_146    52.928750    3.943840    4.628140
924    opls_146    54.408750    5.344420    6.005960
925    opls_146    50.978120    6.920070    8.084790
926    opls_146    49.502500    5.510080    6.731530
927    opls_146    52.366880    5.369520    9.644010
928    opls_146    45.690000    0.338850    4.114200
929    opls_146    48.378750    1.383640    0.911120
930    opls_146     7.977500   57.577520   15.574390
931    opls_146     9.465000   58.942960   16.977540
932    opls_146    12.896250   57.177800   15.048360
933    opls_146    11.414370   55.806090   13.665620
934    opls_144    13.771250   59.165720   15.724420
935    opls_146    12.733750   59.869150   19.323920
936    opls_146    15.621870   60.735100   16.231940
937    opls_146    14.013130   61.232080   20.898250
938    opls_146    16.878130   62.132540   17.805510
939    opls_146    10.091870   57.408090   12.025160
940    opls_146    28.081880    3.335790   21.198680
941    opls_146     8.006250   54.740590    6.209270
942    opls_146     7.818750   54.891820   15.448550
943    opls_146    26.562500    2.129110   22.995590
944    opls_146    24.121870    1.898810   22.873150
945    opls_146    24.521880   -0.444270   19.275920
946    opls_146    26.955630   -0.173190   19.366620
947    opls_144    22.511250   61.520100   20.127710
948    opls_146    20.420630    1.859280   20.840810
949    opls_146    20.301870   60.358600   20.105040
950    opls_146    17.977500    1.941480   20.768250
951    opls_146    17.853120   60.432640   20.089540
952    opls_146    27.970620   61.276630   21.303730
953    opls_146    61.175620   20.639100    2.151010
954    opls_146     2.898750   20.033560    1.503290
955    opls_146    60.811880   18.216950    2.024410
956    opls_146     2.541880   17.615810    1.427330
957    opls_146     2.973130   13.045100   21.334720
958    opls_146     1.830620   15.614080   24.605070
959    opls_144     3.572500   13.886580   24.991660
960    opls_146     3.984380    9.673540   23.511800
961    opls_146     5.350620    8.157500   24.884710
962    opls_146     6.986250   11.552270   26.982820
963    opls_146     5.601250   13.056390   25.638250
964    opls_146     5.380000   10.176170   28.520490
965    opls_146     0.285630   16.811350   23.124830
966    opls_146     1.469380   14.269980   19.846170
967    opls_146    57.369370   54.769460   34.445210
968    opls_146    58.751250   53.303620   35.852880
969    opls_146    57.012500   49.843580   33.952800
970    opls_146    55.620000   51.303150   32.568560
971    opls_144    58.976870   48.970100   34.656080
972    opls_146    59.808120   50.130970    0.402840
973    opls_146    60.435630   47.060620   35.224810
974    opls_146    61.115630   48.837700    2.014210
975    opls_146    61.778750   45.786160   36.833160
976    opls_146    57.170630   52.613990   30.897100
977    opls_146    33.046250   58.089560   19.299730
978    opls_146    32.693130   55.669920   19.263450
979    opls_146    30.518750   55.922170   22.979340
980    opls_146    30.910620   58.356250   23.038670
981    opls_144    33.281870   53.703960   20.398660
982    opls_146    29.610620   59.549120   21.203590
983    opls_146    12.868750   59.917460    2.428760
984    opls_146    15.580000   60.925230    5.630710
985    opls_144    13.801880   59.259840    6.064920
986    opls_146     9.571250   58.806160    4.628140
987    opls_146     8.091250   57.405580    6.005960
988    opls_146    11.521870   55.829930    8.084790
989    opls_146    12.997500   57.239920    6.731530
990    opls_146    10.133120   57.380480    9.644010
991    opls_146    16.810000   62.411150    4.114200
992    opls_146    14.121250   61.366360    0.911120
993    opls_146    54.522500    5.172480   15.574390
994    opls_146    53.035000    3.807040   16.977540
995    opls_146    49.603750    5.572200   15.048360
996    opls_146    51.085630    6.943910   13.665620
997    opls_144    48.728750    3.584280   15.724420
998    opls_146    49.766250    2.880850   19.323920
999    opls_146    46.878120    2.014900   16.231940
1000   opls_146    48.486870    1.517920   20.898250
1001   opls_146    45.621880    0.617460   17.805510
1002   opls_146    52.408120    5.341910   12.025160
1003   opls_146    34.418130   59.414210   21.198680
1004   opls_146    54.493750    8.009410    6.209270
1005   opls_146    54.681250    7.858180   15.448550
1006   opls_146     4.687500   33.504110   22.995590
1007   opls_146     7.128120   33.273810   22.873150
1008   opls_146     6.728130   30.930730   19.275920
1009   opls_146     4.294370   31.201810   19.366620
1010   opls_144     8.738750   30.145100   20.127710
1011   opls_146    10.829380   33.234280   20.840810
1012   opls_146    10.948120   28.983600   20.105040
1013   opls_146    13.272500   33.316490   20.768250
1014   opls_146    13.396870   29.057640   20.089540
1015   opls_146     3.279370   29.901630   21.303730
1016   opls_146    32.574380   52.014100    2.151010
1017   opls_146    28.351250   51.408570    1.503290
1018   opls_146    32.938120   49.591950    2.024410
1019   opls_146    28.708120   48.990810    1.427330
1020   opls_146    28.276880   44.420100   21.334720
1021   opls_146    29.419370   46.989080   24.605070
1022   opls_144    27.677500   45.261580   24.991660
1023   opls_146    27.265620   41.048540   23.511800
1024   opls_146    25.899370   39.532500   24.884710
1025   opls_146    24.263750   42.927280   26.982820
1026   opls_146    25.648750   44.431390   25.638250
1027   opls_146    25.870000   41.551170   28.520490
1028   opls_146    30.964380   48.186350   23.124830
1029   opls_146    29.780630   45.644980   19.846170
1030   opls_146    36.380630   23.394460   34.445210
1031   opls_146    34.998750   21.928620   35.852880
1032   opls_146    36.737500   18.468580   33.952800
1033   opls_146    38.130000   19.928150   32.568560
1034   opls_144    34.773130   17.595100   34.656080
1035   opls_146    33.941880   18.755970    0.402840
1036   opls_146    33.314370   15.685620   35.224810
1037   opls_146    32.634370   17.462700    2.014210
1038   opls_146    31.971250   14.411170   36.833160
1039   opls_146    36.579370   21.238990   30.897100
1040   opls_146    60.703750   26.714560   19.299730
1041   opls_146    61.056870   24.294920   19.263450
1042   opls_146     0.731250   24.547170   22.979340
1043   opls_146    62.839370   26.981250   23.038670
1044   opls_144    60.468130   22.328960   20.398660
1045   opls_146     1.639380   28.174120   21.203590
1046   opls_146    18.381250   28.542460    2.428760
1047   opls_146    15.670000   29.550230    5.630710
1048   opls_144    17.448130   27.884840    6.064920
1049   opls_146    21.678750   27.431160    4.628140
1050   opls_146    23.158750   26.030580    6.005960
1051   opls_146    19.728120   24.454930    8.084790
1052   opls_146    18.252500   25.864920    6.731530
1053   opls_146    21.116880   26.005480    9.644010
1054   opls_146    14.440000   31.036150    4.114200
1055   opls_146    17.128750   29.991360    0.911120
1056   opls_146    39.227500   36.547480   15.574390
1057   opls_146    40.715000   35.182040   16.977540
1058   opls_146    44.146250   36.947200   15.048360
1059   opls_146    42.664370   38.318910   13.665620
1060   opls_144    45.021250   34.959280   15.724420
1061   opls_146    43.983750   34.255850   19.323920
1062   opls_146    46.871880   33.389900   16.231940
1063   opls_146    45.263130   32.892920   20.898250
1064   opls_146    48.128120   31.992460   17.805510
1065   opls_146    41.341880   36.716910   12.025160
1066   opls_146    59.331870   28.039210   21.198680
1067   opls_146    39.256250   39.384410    6.209270
1068   opls_146    39.068750   39.233180   15.448550
1069   opls_146    57.812500   29.245890   22.995590
1070   opls_146    55.371880   29.476190   22.873150
1071   opls_146    55.771880   31.819270   19.275920
1072   opls_146    58.205620   31.548190   19.366620
1073   opls_144    53.761250   32.604900   20.127710
1074   opls_146    51.670630   29.515720   20.840810
1075   opls_146    51.551880   33.766400   20.105040
1076   opls_146    49.227500   29.433510   20.768250
1077   opls_146    49.103120   33.692360   20.089540
1078   opls_146    59.220620   32.848370   21.303730
1079   opls_146    29.925630   10.735900    2.151010
1080   opls_146    34.148750   11.341440    1.503290
1081   opls_146    29.561880   13.158050    2.024410
1082   opls_146    33.791870   13.759190    1.427330
1083   opls_146    34.223130   18.329900   21.334720
1084   opls_146    33.080620   15.760920   24.605070
1085   opls_144    34.822500   17.488420   24.991660
1086   opls_146    35.234380   21.701460   23.511800
1087   opls_146    36.600630   23.217500   24.884710
1088   opls_146    38.236250   19.822720   26.982820
1089   opls_146    36.851250   18.318610   25.638250
1090   opls_146    36.630000   21.198830   28.520490
1091   opls_146    31.535620   14.563650   23.124830
1092   opls_146    32.719370   17.105020   19.846170
1093   opls_146    26.119380   39.355540   34.445210
1094   opls_146    27.501250   40.821380   35.852880
1095   opls_146    25.762500   44.281420   33.952800
1096   opls_146    24.370000   42.821850   32.568560
1097   opls_144    27.726870   45.154900   34.656080
1098   opls_146    28.558130   43.994030    0.402840
1099   opls_146    29.185630   47.064380   35.224810
1100   opls_146    29.865630   45.287300    2.014210
1101   opls_146    30.528750   48.338840   36.833160
1102   opls_146    25.920630   41.511010   30.897100
1103   opls_146     1.796250   36.035440   19.299730
1104   opls_146     1.443120   38.455080   19.263450
1105   opls_146    61.768750   38.202830   22.979340
1106   opls_146    -0.339370   35.768750   23.038670
1107   opls_144     2.031870   40.421040   20.398660
1108   opls_146    60.860620   34.575880   21.203590
1109   opls_146    44.118750   34.207540    2.428760
1110   opls_146    46.830000   33.199770    5.630710
1111   opls_144    45.051880   34.865160    6.064920
1112   opls_146    40.821250   35.318840    4.628140
1113   opls_146    39.341250   36.719420    6.005960
1114   opls_146    42.771880   38.295070    8.084790
1115   opls_146    44.247500   36.885080    6.731530
1116   opls_146    41.383120   36.744520    9.644010
1117   opls_146    48.060000   31.713850    4.114200
1118   opls_146    45.371250   32.758640    0.911120
1119   opls_146    23.272500   26.202520   15.574390
1120   opls_146    21.785000   27.567960   16.977540
1121   opls_146    18.353750   25.802800   15.048360
1122   opls_146    19.835630   24.431080   13.665620
1123   opls_144    17.478750   27.790720   15.724420
1124   opls_146    18.516250   28.494150   19.323920
1125   opls_146    15.628130   29.360100   16.231940
1126   opls_146    17.236880   29.857080   20.898250
1127   opls_146    14.371870   30.757540   17.805510
1128   opls_146    21.158120   26.033090   12.025160
1129   opls_146     3.168120   34.710790   21.198680
1130   opls_146    23.243750   23.365590    6.209270
1131   opls_146    23.431250   23.516820   15.448550
1132   opls_146     4.687500   29.245890    4.100590
1133   opls_146     7.128120   29.476190    3.978150
1134   opls_146     6.728130   31.819270    0.380920
1135   opls_146     4.294370   31.548190    0.471620
1136   opls_144     8.738750   32.604900    1.232710
1137   opls_146    10.829380   29.515720    1.945810
1138   opls_146    10.948120   33.766400    1.210040
1139   opls_146    13.272500   29.433510    1.873250
1140   opls_146    13.396870   33.692360    1.194540
1141   opls_146     3.279370   32.848370    2.408730
1142   opls_146    32.574380   10.735900   21.046010
1143   opls_146    28.351250   11.341440   20.398290
1144   opls_146    32.938120   13.158050   20.919410
1145   opls_146    28.708120   13.759190   20.322330
1146   opls_146    28.276880   18.329900    2.439720
1147   opls_146    29.419370   15.760920    5.710070
1148   opls_144    27.677500   17.488420    6.096660
1149   opls_146    27.265620   21.701460    4.616800
1150   opls_146    25.899370   23.217500    5.989720
1151   opls_146    24.263750   19.822720    8.087820
1152   opls_146    25.648750   18.318610    6.743250
1153   opls_146    25.870000   21.198830    9.625490
1154   opls_146    30.964380   14.563650    4.229830
1155   opls_146    29.780630   17.105020    0.951170
1156   opls_146    36.380630   39.355540   15.550210
1157   opls_146    34.998750   40.821380   16.957880
1158   opls_146    36.737500   44.281420   15.057800
1159   opls_146    38.130000   42.821850   13.673560
1160   opls_144    34.773130   45.154900   15.761080
1161   opls_146    33.941880   43.994030   19.297840
1162   opls_146    33.314370   47.064380   16.329810
1163   opls_146    32.634370   45.287300   20.909210
1164   opls_146    31.971250   48.338840   17.938160
1165   opls_146    36.579370   41.511010   12.002100
1166   opls_146    60.703750   36.035440    0.404730
1167   opls_146    61.056870   38.455080    0.368450
1168   opls_146     0.731250   38.202830    4.084340
1169   opls_146    62.839370   35.768750    4.143670
1170   opls_144    60.468130   40.421040    1.503660
1171   opls_146     1.639380   34.575880    2.308590
1172   opls_146    18.381250   34.207540   21.323760
1173   opls_146    15.670000   33.199770   24.525710
1174   opls_144    17.448130   34.865160   24.959920
1175   opls_146    21.678750   35.318840   23.523140
1176   opls_146    23.158750   36.719420   24.900960
1177   opls_146    19.728120   38.295070   26.979790
1178   opls_146    18.252500   36.885080   25.626530
1179   opls_146    21.116880   36.744520   28.539010
1180   opls_146    14.440000   31.713850   23.009200
1181   opls_146    17.128750   32.758640   19.806120
1182   opls_146    39.227500   26.202520   34.469390
1183   opls_146    40.715000   27.567960   35.872540
1184   opls_146    44.146250   25.802800   33.943360
1185   opls_146    42.664370   24.431080   32.560620
1186   opls_144    45.021250   27.790720   34.619420
1187   opls_146    43.983750   28.494150    0.428920
1188   opls_146    46.871880   29.360100   35.126940
1189   opls_146    45.263130   29.857080    2.003250
1190   opls_146    48.128120   30.757540   36.700510
1191   opls_146    41.341880   26.033090   30.920160
1192   opls_146    59.331870   34.710790    2.303680
1193   opls_146    39.256250   23.365590   25.104270
1194   opls_146    39.068750   23.516820   34.343550
1195   opls_146    57.812500   33.504110    4.100590
1196   opls_146    55.371880   33.273810    3.978150
1197   opls_146    55.771880   30.930730    0.380920
1198   opls_146    58.205620   31.201810    0.471620
1199   opls_144    53.761250   30.145100    1.232710
1200   opls_146    51.670630   33.234280    1.945810
1201   opls_146    51.551880   28.983600    1.210040
1202   opls_146    49.227500   33.316490    1.873250
1203   opls_146    49.103120   29.057640    1.194540
1204   opls_146    59.220620   29.901630    2.408730
1205   opls_146    29.925630   52.014100   21.046010
1206   opls_146    34.148750   51.408570   20.398290
1207   opls_146    29.561880   49.591950   20.919410
1208   opls_146    33.791870   48.990810   20.322330
1209   opls_146    34.223130   44.420100    2.439720
1210   opls_146    33.080620   46.989080    5.710070
1211   opls_144    34.822500   45.261580    6.096660
1212   opls_146    35.234380   41.048540    4.616800
1213   opls_146    36.600630   39.532500    5.989720
1214   opls_146    38.236250   42.927280    8.087820
1215   opls_146    36.851250   44.431390    6.743250
1216   opls_146    36.630000   41.551170    9.625490
1217   opls_146    31.535620   48.186350    4.229830
1218   opls_146    32.719370   45.644980    0.951170
1219   opls_146    26.119380   23.394460   15.550210
1220   opls_146    27.501250   21.928620   16.957880
1221   opls_146    25.762500   18.468580   15.057800
1222   opls_146    24.370000   19.928150   13.673560
1223   opls_144    27.726870   17.595100   15.761080
1224   opls_146    28.558130   18.755970   19.297840
1225   opls_146    29.185630   15.685620   16.329810
1226   opls_146    29.865630   17.462700   20.909210
1227   opls_146    30.528750   14.411170   17.938160
1228   opls_146    25.920630   21.238990   12.002100
1229   opls_146     1.796250   26.714560    0.404730
1230   opls_146     1.443120   24.294920    0.368450
1231   opls_146    61.768750   24.547170    4.084340
1232   opls_146    -0.339370   26.981250    4.143670
1233   opls_144     2.031870   22.328960    1.503660
1234   opls_146    60.860620   28.174120    2.308590
1235   opls_146    44.118750   28.542460   21.323760
1236   opls_146    46.830000   29.550230   24.525710
1237   opls_144    45.051880   27.884840   24.959920
1238   opls_146    40.821250   27.431160   23.523140
1239   opls_146    39.341250   26.030580   24.900960
1240   opls_146    42.771880   24.454930   26.979790
1241   opls_146    44.247500   25.864920   25.626530
1242   opls_146    41.383120   26.005480   28.539010
1243   opls_146    48.060000   31.036150   23.009200
1244   opls_146    45.371250   29.991360   19.806120
1245   opls_146    23.272500   36.547480   34.469390
1246   opls_146    21.785000   35.182040   35.872540
1247   opls_146    18.353750   36.947200   33.943360
1248   opls_146    19.835630   38.318910   32.560620
1249   opls_144    17.478750   34.959280   34.619420
1250   opls_146    18.516250   34.255850    0.428920
1251   opls_146    15.628130   33.389900   35.126940
1252   opls_146    17.236880   32.892920    2.003250
1253   opls_146    14.371870   31.992460   36.700510
1254   opls_146    21.158120   36.716910   30.920160
1255   opls_146     3.168120   28.039210    2.303680
1256   opls_146    23.243750   39.384410   25.104270
1257   opls_146    23.431250   39.233180   34.343550
1258   opls_146    35.937500    2.129110    4.100590
1259   opls_146    38.378120    1.898810    3.978150
1260   opls_146    37.978120   -0.444270    0.380920
1261   opls_146    35.544380   -0.173190    0.471620
1262   opls_144    39.988750   61.520100    1.232710
1263   opls_146    42.079370    1.859280    1.945810
1264   opls_146    42.198120   60.358600    1.210040
1265   opls_146    44.522500    1.941480    1.873250
1266   opls_146    44.646880   60.432640    1.194540
1267   opls_146    34.529380   61.276630    2.408730
1268   opls_146     1.324380   20.639100   21.046010
1269   opls_146    59.601250   20.033560   20.398290
1270   opls_146     1.688130   18.216950   20.919410
1271   opls_146    59.958130   17.615810   20.322330
1272   opls_146    59.526870   13.045100    2.439720
1273   opls_146    60.669380   15.614080    5.710070
1274   opls_144    58.927500   13.886580    6.096660
1275   opls_146    58.515620    9.673540    4.616800
1276   opls_146    57.149370    8.157500    5.989720
1277   opls_146    55.513750   11.552270    8.087820
1278   opls_146    56.898750   13.056390    6.743250
1279   opls_146    57.120000   10.176170    9.625490
1280   opls_146    62.214370   16.811350    4.229830
1281   opls_146    61.030630   14.269980    0.951170
1282   opls_146     5.130630   54.769460   15.550210
1283   opls_146     3.748750   53.303620   16.957880
1284   opls_146     5.487500   49.843580   15.057800
1285   opls_146     6.880000   51.303150   13.673560
1286   opls_144     3.523120   48.970100   15.761080
1287   opls_146     2.691880   50.130970   19.297840
1288   opls_146     2.064380   47.060620   16.329810
1289   opls_146     1.384370   48.837700   20.909210
1290   opls_146     0.721250   45.786160   17.938160
1291   opls_146     5.329370   52.613990   12.002100
1292   opls_146    29.453750   58.089560    0.404730
1293   opls_146    29.806880   55.669920    0.368450
1294   opls_146    31.981250   55.922170    4.084340
1295   opls_146    31.589380   58.356250    4.143670
1296   opls_144    29.218130   53.703960    1.503660
1297   opls_146    32.889380   59.549120    2.308590
1298   opls_146    49.631250   59.917460   21.323760
1299   opls_146    46.920000   60.925230   24.525710
1300   opls_144    48.698120   59.259840   24.959920
1301   opls_146    52.928750   58.806160   23.523140
1302   opls_146    54.408750   57.405580   24.900960
1303   opls_146    50.978120   55.829930   26.979790
1304   opls_146    49.502500   57.239920   25.626530
1305   opls_146    52.366880   57.380480   28.539010
1306   opls_146    45.690000   62.411150   23.009200
1307   opls_146    48.378750   61.366360   19.806120
1308   opls_146     7.977500    5.172480   34.469390
1309   opls_146     9.465000    3.807040   35.872540
1310   opls_146    12.896250    5.572200   33.943360
1311   opls_146    11.414370    6.943910   32.560620
1312   opls_144    13.771250    3.584280   34.619420
1313   opls_146    12.733750    2.880850    0.428920
1314   opls_146    15.621870    2.014900   35.126940
1315   opls_146    14.013130    1.517920    2.003250
1316   opls_146    16.878130    0.617460   36.700510
1317   opls_146    10.091870    5.341910   30.920160
1318   opls_146    28.081880   59.414210    2.303680
1319   opls_146     8.006250    8.009410   25.104270
1320   opls_146     7.818750    7.858180   34.343550
1321   opls_146    26.562500   60.620890    4.100590
1322   opls_146    24.121870   60.851190    3.978150
1323   opls_146    24.521880   63.194270    0.380920
1324   opls_146    26.955630   62.923190    0.471620
1325   opls_144    22.511250    1.229900    1.232710
1326   opls_146    20.420630   60.890720    1.945810
1327   opls_146    20.301870    2.391400    1.210040
1328   opls_146    17.977500   60.808510    1.873250
1329   opls_146    17.853120    2.317360    1.194540
1330   opls_146    27.970620    1.473370    2.408730
1331   opls_146    61.175620   42.110900   21.046010
1332   opls_146     2.898750   42.716430   20.398290
1333   opls_146    60.811880   44.533050   20.919410
1334   opls_146     2.541880   45.134190   20.322330
1335   opls_146     2.973130   49.704900    2.439720
1336   opls_146     1.830620   47.135920    5.710070
1337   opls_144     3.572500   48.863420    6.096660
1338   opls_146     3.984380   53.076460    4.616800
1339   opls_146     5.350620   54.592500    5.989720
1340   opls_146     6.986250   51.197720    8.087820
1341   opls_146     5.601250   49.693610    6.743250
1342   opls_146     5.380000   52.573830    9.625490
1343   opls_146     0.285630   45.938650    4.229830
1344   opls_146     1.469380   48.480020    0.951170
1345   opls_146    57.369370    7.980550   15.550210
1346   opls_146    58.751250    9.446380   16.957880
1347   opls_146    57.012500   12.906420   15.057800
1348   opls_146    55.620000   11.446850   13.673560
1349   opls_144    58.976870   13.779900   15.761080
1350   opls_146    59.808120   12.619030   19.297840
1351   opls_146    60.435630   15.689380   16.329810
1352   opls_146    61.115630   13.912300   20.909210
1353   opls_146    61.778750   16.963830   17.938160
1354   opls_146    57.170630   10.136010   12.002100
1355   opls_146    33.046250    4.660440    0.404730
1356   opls_146    32.693130    7.080080    0.368450
1357   opls_146    30.518750    6.827830    4.084340
1358   opls_146    30.910620    4.393750    4.143670
1359   opls_144    33.281870    9.046040    1.503660
1360   opls_146    29.610620    3.200880    2.308590
1361   opls_146    12.868750    2.832540   21.323760
1362   opls_146    15.580000    1.824770   24.525710
1363   opls_144    13.801880    3.490160   24.959920
1364   opls_146     9.571250    3.943840   23.523140
1365   opls_146     8.091250    5.344420   24.900960
1366   opls_146    11.521870    6.920070   26.979790
1367   opls_146    12.997500    5.510080   25.626530
1368   opls_146    10.133120    5.369520   28.539010
1369   opls_146    16.810000    0.338850   23.009200
1370   opls_146    14.121250    1.383640   19.806120
1371   opls_146    54.522500   57.577520   34.469390
1372   opls_146    53.035000   58.942960   35.872540
1373   opls_146    49.603750   57.177800   33.943360
1374   opls_146    51.085630   55.806090   32.560620
1375   opls_144    48.728750   59.165720   34.619420
1376   opls_146    49.766250   59.869150    0.428920
1377   opls_146    46.878120   60.735100   35.126940
1378   opls_146    48.486870   61.232080    2.003250
1379   opls_146    45.621880   62.132540   36.700510
1380   opls_146    52.408120   57.408090   30.920160
1381   opls_146    34.418130    3.335790    2.303680
1382   opls_146    54.493750   54.740590   25.104270
1383   opls_146    54.681250   54.891820   34.343550
