0      opls_750    18.040240   -0.327980    1.576960
1      opls_238    -7.001470   17.769870    1.506140
2      opls_238    -0.654360   17.246010    1.215630
3      opls_238    16.620670    5.124140    2.425100
4      opls_238    13.905030   11.230490    2.305100
5      opls_635     4.946780   13.878810    1.580240
6      opls_635     8.304200   14.598110    1.941010
7      opls_520    -8.912360   14.626300    0.897380
8      opls_750    -4.790000   28.804110    1.943970
9      opls_238    -3.370120   23.352090    1.095520
10     opls_238    20.251820   10.706600    2.012010
11     opls_520    22.162740   13.850060    2.621090
12     opls_262    -0.170510   24.067870    3.214440
13     opls_262    13.420630    4.408610    0.305440
14     opls_142    -5.666970   17.541120    1.021320
15     opls_145    -4.776020   18.533530    0.825320
16     opls_280    -3.377510   18.187950    0.540930
17     opls_145    -2.299040   19.064990    1.049690
18     opls_280    -2.659660   20.469920    1.360440
19     opls_145    -4.033280   20.979200    1.089260
20     opls_280    -5.107820   19.976320    0.879780
21     opls_142    -1.040800   18.631720    1.291100
22     opls_916     0.701040   16.773470    1.307750
23     opls_145     0.930110   15.399330    1.459960
24     opls_145     2.231470   14.894610    1.535040
25     opls_700     3.337120   15.758880    1.470520
26     opls_145     3.109710   17.136680    1.303030
27     opls_145     1.806410   17.637800    1.210070
28     opls_634     4.713570   15.216770    1.588510
29     opls_145    17.652740    1.034000    1.786760
30     opls_145    18.510390    2.052730    1.372130
31     opls_145    18.171610    3.393910    1.577560
32     opls_916    16.970650    3.740760    2.224270
33     opls_700    16.094350    2.706970    2.627320
34     opls_145    16.440180    1.365200    2.407640
35     opls_142    17.597070    6.180820    2.478990
36     opls_145    17.283950    7.496990    2.430590
37     opls_280    18.358630    8.499830    2.639330
38     opls_145    18.026860    9.942510    2.694100
39     opls_280    16.628230   10.288110    2.979300
40     opls_145    15.549560    9.411320    2.470720
41     opls_280    15.910030    8.006150    2.159750
42     opls_142    14.291670    9.844580    2.229340
43     opls_916    12.549820   11.703160    2.213470
44     opls_145    12.321090   13.077320    2.061220
45     opls_145    11.019190   13.582270    1.986320
46     opls_700     9.913890   12.717980    2.050940
47     opls_145    10.140950   11.340190    2.218400
48     opls_145    11.444250   10.839070    2.311330
49     opls_634     8.537430   13.260110    1.932850
50     opls_634     6.260230   13.686870    1.708050
51     opls_634     6.990720   14.790150    1.812920
52     opls_521    -9.989190   14.771820    1.721960
53     opls_521    -7.937860   15.571110    0.801210
54     opls_522    -8.006530   16.744030    1.574780
55     opls_523    -9.113880   16.923120    2.410520
56     opls_522   -10.104670   15.941460    2.489200
57     opls_145    -4.402160   27.442140    1.734140
58     opls_145    -5.260130   26.423350    2.148940
59     opls_145    -4.921040   25.082250    1.943300
60     opls_916    -3.720460   24.735500    1.296270
61     opls_700    -2.844170   25.769320    0.893120
62     opls_145    -3.190000   27.111100    1.112810
63     opls_142    -4.346570   22.295520    1.041310
64     opls_142    18.917400   10.935120    2.497500
65     opls_522    21.256880   11.732400    1.943480
66     opls_523    22.364240   11.553290    1.107810
67     opls_522    23.355280   12.534580    1.029310
68     opls_521    23.239590   13.704520    1.796580
69     opls_521    21.188230   12.905290    2.717160
70     opls_261    -1.597380   25.481210    0.228490
71     opls_261    14.847180    2.995190    3.291640
72     opls_281    -6.250440   20.352220    0.669130
73     opls_281    -2.705240   16.019840    3.375240
74     opls_281    -1.836890   21.181300    1.910350
75     opls_281    15.087050    7.295040    1.609950
76     opls_281    15.956340   12.456090    0.145380
77     opls_281    19.501110    8.124310    2.848840
78     opls_633     6.115520   16.234410    1.770390
79     opls_633     7.135810   12.242510    1.750890
80     opls_910    -7.203500   18.674450    1.994870
81     opls_144    -5.315990   16.518320    0.918850
82     opls_144    -0.317400   19.353900    1.652260
83     opls_910    -1.405400   16.517430    1.232380
84     opls_146     0.092430   14.717440    1.532750
85     opls_146     2.376090   13.827970    1.664720
86     opls_146     3.941400   17.826430    1.218550
87     opls_146     1.677860   18.694420    1.033430
88     opls_146    19.436320    1.799400    0.871860
89     opls_146    18.836770    4.157320    1.200320
90     opls_146    15.774490    0.574840    2.731870
91     opls_910    15.636460    5.350290    2.700260
92     opls_144    18.634090    5.906110    2.645030
93     opls_144    13.568050    9.122660    1.868290
94     opls_910    14.656630   11.958820    2.288200
95     opls_146    13.158970   13.758970    1.988220
96     opls_146    10.875120   14.648640    1.856570
97     opls_146     9.309270   10.650430    2.302880
98     opls_146    11.572790    9.782490    2.487860
99     opls_524    -7.128630   15.413800    0.104120
100    opls_526    -9.196720   17.816880    3.015910
101    opls_525   -10.947150   16.085850    3.153230
102    opls_146    -6.185670   26.676560    2.649570
103    opls_146    -5.586170   24.318760    2.320760
104    opls_146    -2.524680   27.901540    0.788320
105    opls_910    -2.386310   23.126100    0.819900
106    opls_144    -5.383620   22.570320    0.875020
107    opls_144    18.566230   11.958110    2.600290
108    opls_910    20.453470    9.802100    1.523040
109    opls_526    22.447090   10.659530    0.502420
110    opls_525    24.197910   12.390410    0.365530
111    opls_524    20.378990   13.062610    3.414170
