0      opls_145     1.144320    0.795750    0.000000
1      opls_700    29.853650    1.402230    0.000360
2      opls_145    28.709630    0.597650    0.000000
3      opls_700    43.813230   25.157280    0.000430
4      opls_145    15.103460   24.569750    0.000070
5      opls_700    16.264410   25.365240    0.000360
6      opls_142    17.602090   24.798940    7.157570
7      opls_142    29.663760    2.845940    7.157850
8      opls_142    42.647910   24.272170    7.157490
9      opls_145    30.408340    5.071950    7.158500
10     opls_700    31.546530    5.927210    0.000930
11     opls_145    29.133930    5.670440    0.000070
12     opls_145    31.350930    7.311260    0.000640
13     opls_145    28.964100    7.041460    7.158640
14     opls_700    30.076060    7.912500    7.158640
15     opls_145    19.157890   23.043890    7.158500
16     opls_700    19.336250   21.639380    0.001000
17     opls_145    20.318860   23.857610    0.000140
18     opls_145    20.632270   21.117280    0.000790
19     opls_145    21.584590   23.311040    7.158640
20     opls_700    21.783480   21.912970    7.158500
21     opls_145    40.351730   23.794980    7.158350
22     opls_700    39.053020   24.351930    0.001070
23     opls_145    40.482120   22.390990    0.000290
24     opls_145    37.952300   23.491540    0.000720
25     opls_145    39.367920   21.559620    7.158640
26     opls_700    38.058860   22.087170    7.158570
27     opls_700    29.913610    9.381970    7.158710
28     opls_145    31.023020   10.254300    7.158780
29     opls_145    28.649090    9.987730    0.000430
30     opls_145    30.865190   11.632180    0.000140
31     opls_700    28.456190   11.369700    0.000720
32     opls_145    29.579840   12.222510    7.158640
33     opls_700    23.137640   21.320760    7.158640
34     opls_145    24.300250   22.122800    0.000640
35     opls_145    24.617260   19.380910    0.000360
36     opls_700    25.594170   21.599660    0.001070
37     opls_145    25.764280   20.191140    7.158420
38     opls_700    36.867310   21.211720    7.158420
39     opls_145    35.556300   21.736420    7.158780
40     opls_145    36.985110   19.812930    0.000790
41     opls_145    34.454400   20.908800    0.000500
42     opls_700    35.885590   18.953050    0.001290
43     opls_145    34.574440   19.500800    7.158210
44     opls_145    28.834480   16.502980    0.000070
45     opls_700    28.695090   17.896130    0.000290
46     opls_145    29.850350   18.700960    0.000070
47     opls_142    27.338070   18.448550    7.157920
48     opls_700    31.126420   18.125110    0.000430
49     opls_142    32.276910   19.014530    7.157420
50     opls_145    31.246770   16.722370    0.000070
51     opls_700    30.109640   15.905850    0.000210
52     opls_142    30.300130   14.456310    7.158210
53     opls_145    23.338180   19.923470    7.158710
54     opls_148    38.831660   25.836660    7.158570
55     opls_148    18.153680   20.701560    7.158570
56     opls_148    36.101700   17.464310    7.158280
57     opls_148    27.056600   11.928880    7.158570
58     opls_148    32.941920    5.378830    7.158640
59     opls_148    26.769690   22.525680    7.158420
60     opls_145    43.819010   25.163350    3.579500
61     opls_700    15.109820   24.557650    3.579640
62     opls_145    16.252950   25.362750    3.579430
63     opls_700     1.148290    0.802860    3.579930
64     opls_145    29.858370    1.390390    3.579360
65     opls_700    28.698910    0.593860    3.579780
66     opls_142    27.356290    1.158800    3.578500
67     opls_142    15.291620   23.112330    3.578850
68     opls_142     2.308670    1.682980    3.577920
69     opls_145    14.550790   20.889170    3.579210
70     opls_700    13.416200   20.039680    3.580210
71     opls_145    15.829250   20.294110    3.579430
72     opls_145    13.607600   18.656660    3.580000
73     opls_145    15.990530   18.919660    3.579210
74     opls_700    14.878270   18.051740    3.579280
75     opls_145    25.800340    2.912560    3.579070
76     opls_700    25.631270    4.320240    3.580360
77     opls_145    24.645820    2.102790    3.579570
78     opls_145    24.336760    4.844940    3.580140
79     opls_145    23.374690    2.650340    3.579140
80     opls_700    23.177750    4.047640    3.579140
81     opls_145     4.606350    2.148750    3.578780
82     opls_700     5.910000    1.591590    3.580570
83     opls_145     4.482700    3.554090    3.579780
84     opls_145     7.011770    2.450690    3.580290
85     opls_145     5.590910    4.380730    3.579070
86     opls_700     6.900110    3.852400    3.578930
87     opls_700    15.040870   16.582530    3.578930
88     opls_145    13.931010   15.708380    3.579210
89     opls_145    16.309140   15.980720    3.580140
90     opls_145    14.097680   14.334450    3.579860
91     opls_700    16.506690   14.597970    3.580570
92     opls_145    15.379150   13.740430    3.578850
93     opls_700    21.823290    4.640880    3.578850
94     opls_145    20.667870    3.841490    3.580210
95     opls_145    20.345020    6.580520    3.579780
96     opls_700    19.371860    4.361520    3.580640
97     opls_145    19.191250    5.766860    3.578850
98     opls_700     8.090020    4.728630    3.579000
99     opls_145     9.401020    4.204970    3.579280
100    opls_145     7.974470    6.129300    3.580210
101    opls_145    10.508330    5.036280    3.579930
102    opls_700     9.073380    6.989690    3.580790
103    opls_145    10.380040    6.441370    3.578780
104    opls_145    16.124650    9.457160    3.579500
105    opls_700    16.264040    8.063500    3.579860
106    opls_145    15.108480    7.258660    3.579570
107    opls_142    17.616410    7.510760    3.578000
108    opls_700    13.831660    7.834250    3.579860
109    opls_142    12.676670    6.938550    3.577920
110    opls_145    13.713260    9.237770    3.579640
111    opls_700    14.850090   10.055850    3.579780
112    opls_142    14.652260   11.504030    3.578210
113    opls_145    21.619150    6.038690    3.579210
114    opls_148     6.125220    0.103950    3.579360
115    opls_148    26.816090    5.244240    3.579280
116    opls_148     8.852470    8.475260    3.578780
117    opls_148    17.909880   14.060030    3.578930
118    opls_148    12.024260   20.606440    3.579360
119    opls_148    18.202020    3.417790    3.578780
120    opls_144    18.400750   25.560420    7.150550
121    opls_144    28.604840    3.156710    7.151980
122    opls_144    42.909990   23.199920    7.149760
123    opls_146    32.244880    7.935140    0.006940
124    opls_146    27.950310    7.438680    7.158350
125    opls_146    20.726150   20.031010    0.008160
126    opls_146    22.434940   23.991250    7.158140
127    opls_146    36.964900   23.953140    0.008090
128    opls_146    39.531210   20.482960    7.158710
129    opls_146    32.037560    9.857860    7.159000
130    opls_146    27.756030    9.363330    0.005370
131    opls_146    24.205460   23.208540    0.007020
132    opls_146    35.391660   22.812820    7.159860
133    opls_146    37.972650   19.351570    0.008730
134    opls_144    26.545570   17.679020    7.152340
135    opls_144    32.008250   20.085740    7.148830
136    opls_144    31.362510   14.154630    7.154560
137    opls_146    31.759900   12.254760    0.001500
138    opls_146    24.709500   18.294910    0.002290
139    opls_146    28.239070    5.048120   -0.000930
140    opls_146    20.226320   24.943610   -0.000860
141    opls_146    22.487530   19.243770    7.159210
142    opls_146    33.467450   21.370670    0.003510
143    opls_146    41.468320   21.926780    0.000500
144    opls_144    26.556290    0.398630    3.573630
145    opls_144    16.349800   22.799740    3.575560
146    opls_144     2.050350    2.755490    3.569550
147    opls_146    12.713340   18.033830    3.584510
148    opls_146    17.004170   18.521660    3.578000
149    opls_146    24.244060    5.931200    3.586080
150    opls_146    22.523290    1.971420    3.578280
151    opls_146     7.998560    1.988040    3.587950
152    opls_146     5.428370    5.457650    3.579000
153    opls_146    12.916620   16.104560    3.580140
154    opls_146    17.202200   16.606150    3.586800
155    opls_146    20.764450    2.755740    3.588090
156    opls_146     9.565360    3.128570    3.580140
157    opls_146     6.986460    6.588830    3.588020
158    opls_144    18.407880    8.281060    3.570410
159    opls_144    12.949550    5.868380    3.569830
160    opls_144    13.589280   11.803640    3.571980
161    opls_146    13.203720   13.710570    3.582000
162    opls_146    20.250680    7.666530    3.582580
163    opls_146    16.724710   20.915390    3.577640
164    opls_146    24.735510    1.016530    3.578000
165    opls_146    22.468450    6.720200    3.580210
166    opls_146    11.495570    4.574410    3.582790
167    opls_146     3.496210    4.017780    3.580360
168    opls_702     6.133010   -0.294750    2.552900
169    opls_702     5.322430   -0.418070    4.111130
170    opls_702     7.091450   -0.146740    4.036820
171    opls_702    27.275900    5.302730    2.581030
172    opls_702    27.602100    4.891450    4.257530
173    opls_702    26.514650    6.259010    3.870660
174    opls_702     7.859900    8.716060    3.981830
175    opls_702     8.906310    8.876200    2.555550
176    opls_702     9.623170    8.990680    4.162380
177    opls_702    18.348410   14.128900    2.571800
178    opls_702    17.928280   13.008450    3.880750
179    opls_702    18.546960   14.649930    4.252230
180    opls_702    11.287190   19.819970    3.785680
181    opls_702    11.777540   21.060070    2.607880
182    opls_702    11.915160   21.405570    4.323250
183    opls_702    18.435780    2.515140    4.159380
184    opls_702    17.964310    3.096980    2.553180
185    opls_702    17.307080    3.898730    3.986490
186    opls_702    37.841040   26.083950    7.562760
187    opls_702    38.885800   26.244870    6.137550
188    opls_702    39.602960   26.353640    7.740380
189    opls_702    36.112650   17.072630    6.129820
190    opls_702    35.298170   16.942550    7.689550
191    opls_702    37.068690   17.219590    7.617390
192    opls_702    18.380240   19.793720    7.734510
193    opls_702    17.903970   20.382830    6.134540
194    opls_702    17.260830   21.182510    7.570710
195    opls_702    27.224400   22.578980    6.158310
196    opls_702    27.552550   22.171580    7.839320
197    opls_702    26.461950   23.538890    7.447860
198    opls_702    26.323130   11.138770    7.364600
199    opls_702    26.815420   12.379130    6.184870
200    opls_702    26.950650   12.726710    7.903890
201    opls_702    33.385540    5.438360    6.152730
202    opls_702    32.959270    4.327510    7.462400
203    opls_702    33.585740    5.963790    7.829800
204    opls_146    17.010820   10.094530    3.578280
205    opls_146    15.218250    6.172920    3.578210
206    opls_146    12.717760    9.685880    3.578210
207    opls_146    27.950260   15.863270   -0.000930
208    opls_146    29.739830   19.786970   -0.001150
209    opls_146    32.242570   16.275810   -0.001360
210    opls_146    15.201540   23.482970   -0.001290
211    opls_146    27.719240    1.056670   -0.001220
212    opls_146     2.036480    1.423780   -0.001220
213    opls_146    42.928050   24.533250    3.578640
214    opls_146    17.243940   24.905290    3.578210
215    opls_146    29.757740    2.476910    3.578420
216    opls_750    17.847480   23.534890    0.000790
217    opls_750    30.646060    3.689250    0.000720
218    opls_750    41.435660   24.696450    0.000860
219    opls_750    27.089980   19.713750    0.000640
220    opls_750    33.502500   18.603080    0.001000
221    opls_750    29.339270   13.607140    0.000430
222    opls_750    27.117490    2.426030    3.580000
223    opls_750    14.312920   22.272700    3.579780
224    opls_750     3.524510    1.254080    3.580430
225    opls_750    17.872140    6.248470    3.580430
226    opls_750    11.454530    7.346150    3.580430
227    opls_750    15.617910   12.356370    3.580290
