0      opls_750     9.803060   23.708040    4.838490
1      opls_750    16.926460   19.011660    5.120160
2      opls_750    17.070040    9.558040    4.775290
3      opls_750     9.948410    4.862790    4.493810
4      opls_750    34.570040   23.708040    4.775290
5      opls_750    27.446660   19.011660    4.493810
6      opls_750    27.303060    9.558040    4.838490
7      opls_750    34.424700    4.862790    5.119970
8      opls_750    26.058830   23.708040   14.141950
9      opls_750    18.935440   19.011660   13.860280
10     opls_750    18.791850    9.558040   14.205150
11     opls_750    25.913480    4.862790   14.486630
12     opls_750     1.291850   23.708040   14.205150
13     opls_750     8.415230   19.011660   14.486630
14     opls_750     8.558830    9.558040   14.141950
15     opls_750     1.437200    4.862790   13.860470
16     opls_142     9.620880   24.866930    5.312250
17     opls_142    17.062720   17.864370    4.606170
18     opls_700    20.898380   15.644240    4.845520
19     opls_145    19.731680   15.021640    5.558990
20     opls_145    18.395630   15.689240    5.549120
21     opls_700    18.213650   16.978020    4.809450
22     opls_145    19.370510   17.600620    4.087440
23     opls_145    20.709800   16.937550    4.106990
24     opls_700     8.384230   25.591410    5.155850
25     opls_145     8.293150   26.796420    4.514500
26     opls_145     7.092370   27.425530    4.392640
27     opls_145     5.962620   26.859250    4.910240
28     opls_145     6.048420   25.658190    5.551020
29     opls_145     7.248870   25.028800    5.673250
30     opls_136    14.644120   18.922230    5.529000
31     opls_136    10.753280   21.830340    3.966720
32     opls_136    15.935510   20.877760    6.073740
33     opls_136    12.059660   23.808790    4.517910
34     opls_139    15.746610   19.787360    5.081820
35     opls_136    15.618200   20.244970    3.618240
36     opls_139    10.959350   22.916770    4.997740
37     opls_136    11.092680   22.467940    6.415580
38     opls_142    17.252230   10.716930    4.301540
39     opls_145    18.520230   11.386220    4.446740
40     opls_142     9.810400    3.714370    5.007800
41     opls_145    18.681170   12.618970    3.882830
42     opls_145    19.866440   13.275530    4.010000
43     opls_145    20.910850   12.709250    4.703730
44     opls_145    20.755130   11.479900    5.267070
45     opls_145    19.570210   10.823340    5.140090
46     opls_700     5.974730    1.494240    4.768460
47     opls_145     7.177710    0.890320    5.447200
48     opls_145     8.469850    1.636020    5.515340
49     opls_700     8.562480    2.999800    4.919160
50     opls_145     7.364080    3.612500    4.248580
51     opls_145     6.074300    2.861410    4.170950
52     opls_136    16.044680    7.703260    5.680090
53     opls_136    12.214500    4.749870    4.050810
54     opls_136    14.738020    9.651430    5.145790
55     opls_136    10.892500    6.720680    3.510240
56     opls_139    15.853500    8.802710    4.699370
57     opls_136    15.743690    8.360390    3.229330
58     opls_139    11.100520    5.624910    4.530250
59     opls_136    11.215590    6.059310    5.954540
60     opls_142    34.752230   24.866930    4.301540
61     opls_142    27.310400   17.864370    5.007800
62     opls_700    23.474730   15.644240    4.768460
63     opls_145    24.641440   15.021640    4.054980
64     opls_145    25.977480   15.689240    4.064660
65     opls_700    26.159810   16.978020    4.804330
66     opls_145    25.002610   17.600620    5.526530
67     opls_145    23.663310   16.937550    5.506800
68     opls_145     0.989240   25.591410    4.458130
69     opls_145     1.079960   26.796420    5.099290
70     opls_145     2.280750   27.425530    5.221330
71     opls_145     3.410850   26.859250    4.703730
72     opls_145     3.324690   25.658190    4.062760
73     opls_145     2.124240   25.028800    3.940530
74     opls_136    29.729000   18.922230    4.084970
75     opls_136    33.619840   21.830340    5.647250
76     opls_136    28.437600   20.877760    3.540040
77     opls_136    32.313460   23.808790    5.096060
78     opls_139    28.626500   19.787360    4.532150
79     opls_136    28.754910   20.244970    5.995730
80     opls_139    33.413770   22.916770    4.616230
81     opls_136    33.280440   22.467940    3.198390
82     opls_142    27.120880   10.716930    5.312250
83     opls_145    25.852890   11.386220    5.167240
84     opls_142    34.562720    3.714370    4.606170
85     opls_145    25.691950   12.618970    5.731140
86     opls_145    24.506680   13.275530    5.603980
87     opls_145    23.462620   12.709250    4.910240
88     opls_145    23.617980   11.479900    4.346710
89     opls_145    24.802910   10.823340    4.473880
90     opls_700     3.398380    1.494240    4.845520
91     opls_145     2.195410    0.890320    4.166780
92     opls_145     0.903260    1.636020    4.098450
93     opls_700     0.810630    2.999800    4.694620
94     opls_145     2.009030    3.612500    5.365200
95     opls_145     3.298820    2.861410    5.443020
96     opls_136    28.328440    7.703260    3.933890
97     opls_136    32.158620    4.749870    5.563170
98     opls_136    29.635090    9.651430    4.468000
99     opls_136    33.480610    6.720680    6.103540
100    opls_139    28.519610    8.802710    4.914420
101    opls_136    28.629420    8.360390    6.384640
102    opls_139    33.272600    5.624910    5.083720
103    opls_136    33.157520    6.059310    3.659430
104    opls_137     4.686730   27.552310    4.806990
105    opls_701     4.686730    0.747690    4.806990
106    opls_700    22.186730   14.897690    4.806990
107    opls_700    22.186730   13.402310    4.806990
108    opls_142    26.241020   24.866930   13.668200
109    opls_142    18.799180   17.864370   14.374270
110    opls_700    14.963510   15.644240   14.134920
111    opls_145    16.130210   15.021640   13.421450
112    opls_145    17.466260   15.689240   13.431320
113    opls_700    17.648250   16.978020   14.170990
114    opls_145    16.491390   17.600620   14.893000
115    opls_145    15.152100   16.937550   14.873450
116    opls_700    27.477670   25.591410   13.824590
117    opls_145    27.568740   26.796420   14.465940
118    opls_145    28.769530   27.425530   14.587800
119    opls_145    29.899270   26.859250   14.070200
120    opls_145    29.813480   25.658190   13.429420
121    opls_145    28.613030   25.028800   13.307190
122    opls_136    21.217780   18.922230   13.451440
123    opls_136    25.108620   21.830340   15.013720
124    opls_136    19.926390   20.877760   12.906700
125    opls_136    23.802240   23.808790   14.462530
126    opls_139    20.115280   19.787360   13.898620
127    opls_136    20.243690   20.244970   15.362200
128    opls_139    24.902550   22.916770   13.982700
129    opls_136    24.769220   22.467940   12.564860
130    opls_142    18.609670   10.716930   14.678900
131    opls_145    17.341670   11.386220   14.533700
132    opls_142    26.051490    3.714370   13.972640
133    opls_145    17.180730   12.618970   15.097610
134    opls_145    15.995450   13.275530   14.970440
135    opls_145    14.951050   12.709250   14.276710
136    opls_145    15.106770   11.479900   13.713370
137    opls_145    16.291690   10.823340   13.840350
138    opls_700    29.887160    1.494240   14.211980
139    opls_145    28.684190    0.890320   13.533240
140    opls_145    27.392050    1.636020   13.465100
141    opls_700    27.299420    2.999800   14.061280
142    opls_145    28.497820    3.612500   14.731860
143    opls_145    29.787590    2.861410   14.809490
144    opls_136    19.817220    7.703260   13.300350
145    opls_136    23.647400    4.749870   14.929640
146    opls_136    21.123880    9.651430   13.834650
147    opls_136    24.969400    6.720680   15.470200
148    opls_139    20.008400    8.802710   14.281070
149    opls_136    20.118200    8.360390   15.751110
150    opls_139    24.761380    5.624910   14.450190
151    opls_136    24.646300    6.059310   13.025900
152    opls_142     1.109670   24.866930   14.678900
153    opls_142     8.551490   17.864370   13.972640
154    opls_700    12.387160   15.644240   14.211980
155    opls_145    11.220460   15.021640   14.925460
156    opls_145     9.884420   15.689240   14.915780
157    opls_700     9.702080   16.978020   14.176110
158    opls_145    10.859290   17.600620   13.453910
159    opls_145    12.198580   16.937550   13.473650
160    opls_145    34.872650   25.591410   14.522310
161    opls_145    34.781940   26.796420   13.881160
162    opls_145    33.581150   27.425530   13.759110
163    opls_145    32.451050   26.859250   14.276710
164    opls_145    32.537210   25.658190   14.917680
165    opls_145    33.737660   25.028800   15.039910
166    opls_136     6.132900   18.922230   14.895470
167    opls_136     2.242060   21.830340   13.333190
168    opls_136     7.424290   20.877760   15.440400
169    opls_136     3.548440   23.808790   13.884380
170    opls_139     7.235390   19.787360   14.448290
171    opls_136     7.106980   20.244970   12.984710
172    opls_139     2.448120   22.916770   14.364210
173    opls_136     2.581460   22.467940   15.782050
174    opls_142     8.741020   10.716930   13.668200
175    opls_145    10.009000   11.386220   13.813210
176    opls_142     1.299180    3.714370   14.374270
177    opls_145    10.169950   12.618970   13.249300
178    opls_145    11.355220   13.275530   13.376470
179    opls_145    12.399270   12.709250   14.070200
180    opls_145    12.243910   11.479900   14.633730
181    opls_145    11.058990   10.823340   14.506560
182    opls_700    32.463510    1.494240   14.134920
183    opls_145    33.666480    0.890320   14.813660
184    opls_145    34.958640    1.636020   14.881990
185    opls_700    35.051270    2.999800   14.285820
186    opls_145    33.852860    3.612500   13.615240
187    opls_145    32.563080    2.861410   13.537420
188    opls_136     7.533460    7.703260   15.046550
189    opls_136     3.703270    4.749870   13.417270
190    opls_136     6.226810    9.651430   14.512450
191    opls_136     2.381290    6.720680   12.876900
192    opls_139     7.342280    8.802710   14.066030
193    opls_136     7.232470    8.360390   12.595800
194    opls_139     2.589300    5.624910   13.896720
195    opls_136     2.704370    6.059310   15.321010
196    opls_137    31.175160   27.552310   14.173450
197    opls_701    31.175160    0.747690   14.173450
198    opls_700    13.675160   14.897690   14.173450
199    opls_700    13.675160   13.402310   14.173450
200    F2_Mo4f2    12.084590   19.568880    7.510180
201    F2_Mo4f2    12.874690   20.507590    1.833130
202    F2_Mo4f2    11.610260   18.726110    4.302110
203    F2_Mo4f2    13.823460   22.202480    8.243960
204    F2_Mo4f2    14.613550   23.141190    2.566730
205    F2_Mo4f2    15.084430   23.987930    5.768160
206    F2_Mo4f2    13.926730    6.332410    7.812920
207    F2_Mo4f2    14.779380    5.465860    2.133400
208    F2_Mo4f2    15.229330    4.588280    5.328760
209    F2_Mo4f2    12.166820    8.955820    7.093560
210    F2_Mo4f2    13.019460    8.089560    1.414040
211    F2_Mo4f2    11.713410    9.829720    3.891370
212    F2_Mo4f2    32.288530   19.568880    2.103790
213    F2_Mo4f2    31.498430   20.507590    7.780840
214    F2_Mo4f2    32.762850   18.726110    5.311680
215    F2_Mo4f2    30.549660   22.202480    1.370010
216    F2_Mo4f2    29.759910   23.141190    7.047060
217    F2_Mo4f2    29.288690   23.987930    3.845820
218    F2_Mo4f2    30.446390    6.332410    1.801050
219    F2_Mo4f2    29.593730    5.465860    7.480380
220    F2_Mo4f2    29.143790    4.588280    4.285210
221    F2_Mo4f2    32.206300    8.955820    2.520410
222    F2_Mo4f2    31.353660    8.089560    8.199930
223    F2_Mo4f2    32.659710    9.829720    5.722600
224    F2_Mo4f2    23.777310   19.568880   11.470260
225    F2_Mo4f2    22.987200   20.507590   17.147310
226    F2_Mo4f2    24.251640   18.726110   14.678330
227    F2_Mo4f2    22.038440   22.202480   10.736480
228    F2_Mo4f2    21.248340   23.141190   16.413720
229    F2_Mo4f2    20.777470   23.987930   13.212280
230    F2_Mo4f2    21.935160    6.332410   11.167520
231    F2_Mo4f2    21.082520    5.465860   16.847040
232    F2_Mo4f2    20.632570    4.588280   13.651680
233    F2_Mo4f2    23.695080    8.955820   11.886880
234    F2_Mo4f2    22.842440    8.089560   17.566400
235    F2_Mo4f2    24.148490    9.829720   15.089070
236    F2_Mo4f2     3.573360   19.568880   16.876650
237    F2_Mo4f2     4.363470   20.507590   11.199600
238    F2_Mo4f2     3.099040   18.726110   13.668760
239    F2_Mo4f2     5.312240   22.202480   17.610430
240    F2_Mo4f2     6.101990   23.141190   11.933380
241    F2_Mo4f2     6.573210   23.987930   15.134620
242    F2_Mo4f2     5.415510    6.332410   17.179390
243    F2_Mo4f2     6.268160    5.465860   11.500060
244    F2_Mo4f2     6.718110    4.588280   14.695230
245    F2_Mo4f2     3.655600    8.955820   16.460030
246    F2_Mo4f2     4.508240    8.089560   10.780510
247    F2_Mo4f2     3.202180    9.829720   13.257840
248    MOF2_O_3    11.852440   20.943420    3.939390
249    MOF2_O_3    13.386160   19.538600    5.550830
250    opls_272    10.910930   19.960270    8.617690
251    opls_180    10.996180   19.371070    5.978460
252    opls_272    13.982960   20.018000    0.680640
253    opls_180    12.836860   18.964960    2.903820
254    opls_272    11.974150   17.156030    4.708290
255    opls_272    12.477150   18.001630    7.854110
256    opls_272    11.423900   20.440520    1.022860
257    opls_272    10.174490   18.670080    3.445140
258    MOF2_O_3    13.317610   23.162700    4.557580
259    MOF2_O_3    14.848830   21.753930    6.167880
260    opls_272    12.726870   22.710470    9.383930
261    opls_180    13.875870   23.732950    7.193780
262    opls_272    15.778560   22.737640    1.438150
263    opls_180    15.714050   23.323160    4.118000
264    opls_272    16.531320   24.057830    6.631200
265    opls_272    15.294020   22.267860    9.042660
266    opls_272    14.233280   24.695430    2.208370
267    opls_272    14.711320   25.541600    5.359510
268    MOF2_O_3    12.237440   21.659970    6.668020
269    MOF2_O_3    14.486440   21.030300    3.420840
270    opls_180    13.607300   20.370910    8.231820
271    opls_180    13.057930   22.352750    1.875840
272    MOF2_O_3    13.464970    5.408700    4.110780
273    MOF2_O_3    14.966490    6.814920    5.752970
274    opls_272    12.824820    5.800090    8.935800
275    opls_180    14.005300    4.814400    6.745270
276    opls_272    15.950740    5.894320    1.021530
277    opls_180    15.867650    5.277950    3.693020
278    opls_272    16.668780    4.523470    6.205280
279    opls_272    15.390580    6.272980    8.625470
280    opls_272    14.418740    3.911910    1.752650
281    opls_272    14.876560    3.035460    4.897900
282    MOF2_O_3    11.982140    7.619210    3.504550
283    MOF2_O_3    13.486160    9.021760    5.147690
284    opls_272    10.987160    8.539810    8.184560
285    opls_180    11.090640    9.159580    5.553680
286    opls_272    14.133400    8.603480    0.278630
287    opls_180    12.955490    9.619170    2.502570
288    opls_272    12.056970   11.398960    4.319950
289    opls_272    12.539750   10.523070    7.459880
290    opls_272    11.575750    8.150400    0.590290
291    opls_272    10.285080    9.880380    3.020930
292    MOF2_O_3    12.349760    6.876050    6.228050
293    MOF2_O_3    14.621840    7.565720    3.011250
294    opls_180    13.691180    8.161440    7.820510
295    opls_180    13.221730    6.246090    1.436440
296    MOF2_O_3    32.521030   20.943420    5.674580
297    MOF2_O_3    30.986960   19.538600    4.063140
298    opls_272    33.462190   19.960270    0.996280
299    opls_180    33.376940   19.371070    3.635510
300    opls_272    30.390160   20.018000    8.933330
301    opls_180    31.536260   18.964960    6.710160
302    opls_272    32.398960   17.156030    4.905490
303    opls_272    31.895970   18.001630    1.759870
304    opls_272    32.949220   20.440520    8.591120
305    opls_272    34.198630   18.670080    6.168830
306    MOF2_O_3    31.055850   23.162700    5.056200
307    MOF2_O_3    29.524280   21.753930    3.445900
308    opls_272    31.646600   22.710470    0.230040
309    opls_180    30.497250   23.732950    2.420200
310    opls_272    28.594550   22.737640    8.175640
311    opls_180    28.659070   23.323160    5.495980
312    opls_272    27.841800   24.057830    2.982780
313    opls_272    29.079090   22.267860    0.571310
314    opls_272    30.139840   24.695430    7.405600
315    opls_272    29.661790   25.541600    4.254470
316    MOF2_O_3    32.135670   21.659970    2.945950
317    MOF2_O_3    29.886680   21.030300    6.193130
318    opls_180    30.765810   20.370910    1.382160
319    opls_180    31.315190   22.352750    7.738140
320    MOF2_O_3    30.908150    5.408700    5.503190
321    MOF2_O_3    29.406630    6.814920    3.861000
322    opls_272    31.548300    5.800090    0.678170
323    opls_180    30.368170    4.814400    2.868700
324    opls_272    28.422380    5.894320    8.592450
325    opls_180    28.505460    5.277950    5.920760
326    opls_272    27.704330    4.523470    3.408510
327    opls_272    28.982540    6.272980    0.988500
328    opls_272    29.954370    3.911910    7.861130
329    opls_272    29.496550    3.035460    4.715880
330    MOF2_O_3    32.390980    7.619210    6.109420
331    MOF2_O_3    30.886950    9.021760    4.466100
332    opls_272    33.385960    8.539810    1.429420
333    opls_180    33.282480    9.159580    4.060300
334    opls_272    30.239720    8.603480    9.335340
335    opls_180    31.417630    9.619170    7.111400
336    opls_272    32.316150   11.398960    5.294020
337    opls_272    31.833360   10.523070    2.153900
338    opls_272    32.797360    8.150400    9.023680
339    opls_272    34.088040    9.880380    6.593050
340    MOF2_O_3    32.023350    6.876050    3.385920
341    MOF2_O_3    29.751280    7.565720    6.602730
342    opls_180    30.681930    8.161440    1.793270
343    opls_180    31.151380    6.246090    8.177340
344    MOF2_O_3    24.009460   20.943420   15.041050
345    MOF2_O_3    22.475740   19.538600   13.429610
346    opls_272    24.950970   19.960270   10.362750
347    opls_180    24.865720   19.371070   13.001980
348    opls_272    21.878940   20.018000   18.299800
349    opls_180    23.025040   18.964960   16.076620
350    opls_272    23.887740   17.156030   14.272150
351    opls_272    23.384740   18.001630   11.126330
352    opls_272    24.438000   20.440520   17.957580
353    opls_272    25.687400   18.670080   15.535300
354    MOF2_O_3    22.544290   23.162700   14.422860
355    MOF2_O_3    21.013060   21.753930   12.812560
356    opls_272    23.135030   22.710470    9.596510
357    opls_180    21.986030   23.732950   11.786660
358    opls_272    20.083340   22.737640   17.542290
359    opls_180    20.147850   23.323160   14.862440
360    opls_272    19.330580   24.057830   12.349240
361    opls_272    20.567870   22.267860    9.937780
362    opls_272    21.628620   24.695430   16.772070
363    opls_272    21.150570   25.541600   13.620930
364    MOF2_O_3    23.624450   21.659970   12.312420
365    MOF2_O_3    21.375460   21.030300   15.559600
366    opls_180    22.254590   20.370910   10.748620
367    opls_180    22.803970   22.352750   17.104600
368    MOF2_O_3    22.396930    5.408700   14.869660
369    MOF2_O_3    20.895410    6.814920   13.227470
370    opls_272    23.037070    5.800090   10.044640
371    opls_180    21.856600    4.814400   12.235170
372    opls_272    19.911160    5.894320   17.958910
373    opls_180    19.994250    5.277950   15.287420
374    opls_272    19.193120    4.523470   12.775170
375    opls_272    20.471320    6.272980   10.354970
376    opls_272    21.443160    3.911910   17.227790
377    opls_272    20.985330    3.035460   14.082540
378    MOF2_O_3    23.879760    7.619210   15.475890
379    MOF2_O_3    22.375740    9.021760   13.832760
380    opls_272    24.874740    8.539810   10.795880
381    opls_180    24.771260    9.159580   13.426760
382    opls_272    21.728490    8.603480   18.701810
383    opls_180    22.906410    9.619170   16.477870
384    opls_272    23.804930   11.398960   14.660490
385    opls_272    23.322150   10.523070   11.520560
386    opls_272    24.286140    8.150400   18.390150
387    opls_272    25.576820    9.880380   15.959510
388    MOF2_O_3    23.512130    6.876050   12.752390
389    MOF2_O_3    21.240060    7.565720   15.969190
390    opls_180    22.170720    8.161440   11.159930
391    opls_180    22.640170    6.246090   17.544000
392    MOF2_O_3     3.340870   20.943420   13.305860
393    MOF2_O_3     4.874940   19.538600   14.917300
394    opls_272     2.399710   19.960270   17.984160
395    opls_180     2.484960   19.371070   15.344930
396    opls_272     5.471740   20.018000   10.047110
397    opls_180     4.325640   18.964960   12.270290
398    opls_272     3.462940   17.156030   14.074950
399    opls_272     3.965930   18.001630   17.220570
400    opls_272     2.912680   20.440520   10.389320
401    opls_272     1.663270   18.670080   12.811610
402    MOF2_O_3     4.806050   23.162700   13.924240
403    MOF2_O_3     6.337620   21.753930   15.534540
404    opls_272     4.215300   22.710470   18.750400
405    opls_180     5.364650   23.732950   16.560240
406    opls_272     7.267340   22.737640   10.804810
407    opls_180     7.202830   23.323160   13.484460
408    opls_272     8.020100   24.057830   15.997660
409    opls_272     6.782800   22.267860   18.409130
410    opls_272     5.722060   24.695430   11.574840
411    opls_272     6.200100   25.541600   14.725980
412    MOF2_O_3     3.726220   21.659970   16.034490
413    MOF2_O_3     5.975220   21.030300   12.787310
414    opls_180     5.096080   20.370910   17.598290
415    opls_180     4.546710   22.352750   11.242300
416    MOF2_O_3     4.953750    5.408700   13.477250
417    MOF2_O_3     6.455270    6.814920   15.119440
418    opls_272     4.313600    5.800090   18.302270
419    opls_180     5.493730    4.814400   16.111740
420    opls_272     7.439520    5.894320   10.388000
421    opls_180     7.356440    5.277950   13.059680
422    opls_272     8.157570    4.523470   15.571930
423    opls_272     6.879360    6.272980   17.991940
424    opls_272     5.907520    3.911910   11.119310
425    opls_272     6.365350    3.035460   14.264560
426    MOF2_O_3     3.470920    7.619210   12.871020
427    MOF2_O_3     4.974940    9.021760   14.514340
428    opls_272     2.475940    8.539810   17.551020
429    opls_180     2.579420    9.159580   14.920140
430    opls_272     5.622180    8.603480    9.645100
431    opls_180     4.444270    9.619170   11.869040
432    opls_272     3.545750   11.398960   13.686420
433    opls_272     4.028540   10.523070   16.826540
434    opls_272     3.064530    8.150400    9.956760
435    opls_272     1.773860    9.880380   12.387390
436    MOF2_O_3     3.838540    6.876050   15.594520
437    MOF2_O_3     6.110620    7.565720   12.377710
438    opls_180     5.179960    8.161440   17.187170
439    opls_180     4.710520    6.246090   10.803100
440    F2_Co6+2    13.356590   21.348110    5.046140
441    F2_Co6+2    13.480800    7.217910    4.621360
442    F2_Co6+2    31.016520   21.348110    4.567640
443    F2_Co6+2    30.892310    7.217910    4.992620
444    F2_Co6+2    22.505300   21.348110   13.934300
445    F2_Co6+2    22.381090    7.217910   14.359080
446    F2_Co6+2     4.845380   21.348110   14.412800
447    F2_Co6+2     4.969580    7.217910   13.987830
448    opls_144    10.456450   25.383970    5.893050
449    opls_144    16.196950   17.534960    3.938630
450    opls_146    19.873220   14.034250    6.109230
451    opls_146    17.521280   15.217480    6.102780
452    opls_146    19.228340   18.580080    3.523340
453    opls_146    21.586980   17.413270    3.561680
454    opls_146     9.231080   27.272710    4.081360
455    opls_146     7.025000   28.428770    3.857210
456    opls_146     5.112670   25.178790    5.985860
457    opls_146     7.315910   24.026130    6.209260
458    opls_140    14.589030   18.016910    4.839820
459    opls_140    14.915410   18.565650    6.578050
460    opls_140     9.808470   21.247640    4.217640
461    opls_140    10.628050   22.316810    2.943300
462    opls_140    16.123770   20.413360    7.098120
463    opls_140    16.864360   21.457630    5.764360
464    opls_140    11.834950   24.129150    3.446470
465    opls_140    12.089590   24.731650    5.184700
466    opls_140    15.555030   19.328900    2.943870
467    opls_140    16.534900   20.856820    3.334100
468    opls_140    10.160430   21.878160    6.696300
469    opls_140    11.170890   23.377210    7.097360
470    opls_144    16.405730   11.247550    3.749970
471    opls_144    10.684330    3.224500    5.554630
472    opls_146    17.820550   13.097240    3.305440
473    opls_146    19.998350   14.303670    3.538900
474    opls_146    21.616770   11.003040    5.843890
475    opls_146    19.438620    9.794910    5.610430
476    opls_146     7.095900   -0.145750    5.911650
477    opls_146     9.377240    1.163410    6.020410
478    opls_146     7.435220    4.654780    3.795900
479    opls_146     5.169340    3.330060    3.657530
480    opls_140    16.980050    7.119150    5.398610
481    opls_140    16.213120    8.185770    6.699340
482    opls_140    12.259640    3.813430    4.698040
483    opls_140    11.990230    4.449330    2.973670
484    opls_140    14.965510   10.018480    6.201480
485    opls_140    14.706280   10.550240    4.446740
486    opls_140    10.781110    6.255430    2.475430
487    opls_140     9.937850    7.283850    3.768000
488    opls_140    16.677420    7.772310    2.950320
489    opls_140    15.665000    9.278720    2.560080
490    opls_140    11.269090    5.133620    6.616200
491    opls_140    10.292630    6.660970    6.239440
492    opls_144    33.916670   25.383970    3.720930
493    opls_144    28.176160   17.534960    5.675150
494    opls_146    24.499900   14.034250    3.504740
495    opls_146    26.851830   15.217480    3.511000
496    opls_146    25.144770   18.580080    6.090440
497    opls_146    22.786130   17.413270    6.052290
498    opls_146     0.142030   27.272710    5.532420
499    opls_146     2.348100   28.428770    5.756580
500    opls_146     4.260440   25.178790    3.627920
501    opls_146     2.057200   24.026130    3.404520
502    opls_140    29.784090   18.016910    4.774150
503    opls_140    29.458050   18.565650    3.035730
504    opls_140    34.564640   21.247640    5.396140
505    opls_140    33.745060   22.316810    6.670680
506    opls_140    28.249340   20.413360    2.515860
507    opls_140    27.508760   21.457630    3.849610
508    opls_140    32.538160   24.129150    6.167500
509    opls_140    32.283870   24.731650    4.429090
510    opls_140    28.818090   19.328900    6.670110
511    opls_140    27.838210   20.856820    6.279680
512    opls_140    34.212690   21.878160    2.917670
513    opls_140    33.202230   23.377210    2.516620
514    opls_144    27.967380   11.247550    5.864010
515    opls_144    33.688780    3.224500    4.059350
516    opls_146    26.552570   13.097240    6.308530
517    opls_146    24.374760   14.303670    6.074880
518    opls_146    22.756340   11.003040    3.769900
519    opls_146    24.934500    9.794910    4.003540
520    opls_146     2.277210   -0.145750    3.702130
521    opls_146    -0.004120    1.163410    3.593570
522    opls_146     1.937900    4.654780    5.818070
523    opls_146     4.203780    3.330060    5.956440
524    opls_140    27.393070    7.119150    4.215370
525    opls_140    28.159990    8.185770    2.914450
526    opls_140    32.113480    3.813430    4.915930
527    opls_140    32.382880    4.449330    6.640310
528    opls_140    29.407610   10.018480    3.412490
529    opls_140    29.666830   10.550240    5.167050
530    opls_140    33.592000    6.255430    7.138350
531    opls_140    34.435260    7.283850    5.845980
532    opls_140    27.695690    7.772310    6.663650
533    opls_140    28.708470    9.278720    7.053890
534    opls_140    33.104030    5.133620    2.997770
535    opls_140    34.080480    6.660970    3.374340
536    opls_140     4.773390   27.552310    3.670820
537    opls_702     4.647250    0.747690    3.667780
538    opls_144    25.405450   25.383970   13.087390
539    opls_144    19.664940   17.534960   15.041810
540    opls_146    15.988680   14.034250   12.871210
541    opls_146    18.340620   15.217480   12.877660
542    opls_146    16.633550   18.580080   15.457100
543    opls_146    14.274910   17.413270   15.418760
544    opls_146    26.630810   27.272710   14.899080
545    opls_146    28.836890   28.428770   15.123240
546    opls_146    30.749230   25.178790   12.994580
547    opls_146    28.545990   24.026130   12.771180
548    opls_140    21.272870   18.016910   14.140620
549    opls_140    20.946490   18.565650   12.402390
550    opls_140    26.053420   21.247640   14.762800
551    opls_140    25.233840   22.316810   16.037140
552    opls_140    19.738120   20.413360   11.882330
553    opls_140    18.997540   21.457630   13.216080
554    opls_140    24.026940   24.129150   15.533970
555    opls_140    23.772310   24.731650   13.795740
556    opls_140    20.306870   19.328900   16.036570
557    opls_140    19.327000   20.856820   15.646340
558    opls_140    25.701470   21.878160   12.284140
559    opls_140    24.691010   23.377210   11.883080
560    opls_144    19.456160   11.247550   15.230480
561    opls_144    25.177560    3.224500   13.425810
562    opls_146    18.041350   13.097240   15.675000
563    opls_146    15.863550   14.303670   15.441540
564    opls_146    14.245130   11.003040   13.136550
565    opls_146    16.423280    9.794910   13.370010
566    opls_146    28.766000   -0.145750   13.068790
567    opls_146    26.484660    1.163410   12.960030
568    opls_146    28.426680    4.654780   15.184540
569    opls_146    30.692560    3.330060   15.322910
570    opls_140    18.881850    7.119150   13.581830
571    opls_140    19.648780    8.185770   12.281100
572    opls_140    23.602260    3.813430   14.282400
573    opls_140    23.871660    4.449330   16.006780
574    opls_140    20.896390   10.018480   12.778960
575    opls_140    21.155620   10.550240   14.533700
576    opls_140    25.080790    6.255430   16.505010
577    opls_140    25.924040    7.283850   15.212440
578    opls_140    19.184470    7.772310   16.030120
579    opls_140    20.196890    9.278720   16.420360
580    opls_140    24.592810    5.133620   12.364240
581    opls_140    25.569270    6.660970   12.741000
582    opls_144     1.945230   25.383970   15.259520
583    opls_144     7.685740   17.534960   13.305290
584    opls_146    11.362000   14.034250   15.475700
585    opls_146     9.010060   15.217480   15.469440
586    opls_146    10.717130   18.580080   12.890000
587    opls_146    13.075760   17.413270   12.928150
588    opls_146    35.719870   27.272710   13.448020
589    opls_146    33.513790   28.428770   13.223860
590    opls_146    31.601450   25.178790   15.352520
591    opls_146    33.804700   24.026130   15.575920
592    opls_140     6.077800   18.016910   14.206290
593    opls_140     6.403840   18.565650   15.944710
594    opls_140     1.297260   21.247640   13.584300
595    opls_140     2.116830   22.316810   12.309760
596    opls_140     7.612550   20.413360   16.464580
597    opls_140     8.353140   21.457630   15.130830
598    opls_140     3.323730   24.129150   12.812940
599    opls_140     3.578020   24.731650   14.551350
600    opls_140     7.043810   19.328900   12.310330
601    opls_140     8.023690   20.856820   12.700760
602    opls_140     1.649210   21.878160   16.062770
603    opls_140     2.659670   23.377210   16.463820
604    opls_144     7.894510   11.247550   13.116430
605    opls_144     2.173110    3.224500   14.921090
606    opls_146     9.309330   13.097240   12.671910
607    opls_146    11.487140   14.303670   12.905560
608    opls_146    13.105560   11.003040   15.210550
609    opls_146    10.927400    9.794910   14.976900
610    opls_146    33.584680   -0.145750   15.278310
611    opls_146    35.866010    1.163410   15.386870
612    opls_146    33.924000    4.654780   13.162370
613    opls_146    31.658120    3.330060   13.024000
614    opls_140     8.468830    7.119150   14.765070
615    opls_140     7.701900    8.185770   16.065990
616    opls_140     3.748420    3.813430   14.064510
617    opls_140     3.479010    4.449330   12.340130
618    opls_140     6.454290   10.018480   15.567950
619    opls_140     6.195060   10.550240   13.813400
620    opls_140     2.269900    6.255430   11.842090
621    opls_140     1.426630    7.283850   13.134470
622    opls_140     8.166200    7.772310   12.316790
623    opls_140     7.153430    9.278720   11.926550
624    opls_140     2.757870    5.133620   15.982670
625    opls_140     1.781420    6.660970   15.606100
626    opls_140    31.088510   27.552310   15.309620
627    opls_702    31.214640    0.747690   15.312660
