0      opls_281     0.569010   14.787430    0.000000
1      opls_281     1.966160   19.178980    0.000000
2      opls_281    -2.535310   18.193170    0.000000
3      opls_281    14.488090   11.292230    0.000000
4      opls_281    13.090790    6.900940    0.000000
5      opls_281    17.592720    7.886490    0.000000
6      opls_236     5.665380   16.731670    0.000000
7      opls_236    -2.265790   22.620460    0.000000
8      opls_236    -3.400040   12.807460    0.000000
9      opls_236     9.391720    9.347990    0.000000
10     opls_236    17.322890    3.459210    0.000000
11     opls_236    18.457140   13.272200    0.000000
12     opls_236     3.395230   12.749040    0.000000
13     opls_236     2.318490   22.645490    0.000000
14     opls_236    -5.713720   16.764790    0.000000
15     opls_236    11.661870   13.330620    0.000000
16     opls_236    12.738610    3.434170    0.000000
17     opls_236    20.770820    9.314870    0.000000
18     opls_238     3.230650   15.313980    0.000000
19     opls_238     0.179480   21.220500    0.000000
20     opls_238    -3.410130   15.624850    0.000000
21     opls_238    11.826450   10.765680    0.000000
22     opls_238    14.877620    4.859160    0.000000
23     opls_238    18.467230   10.454810    0.000000
24     opls_251     4.444710   14.785340    0.000000
25     opls_251     0.030260   22.536220    0.000000
26     opls_251    -4.474970   14.837760    0.000000
27     opls_251    10.612390   11.294320    0.000000
28     opls_251    15.026840    3.543440    0.000000
29     opls_251    19.532070   11.241900    0.000000
30     opls_280     0.310180   16.016040    0.000000
31     opls_280     1.031710   18.340260    0.000000
32     opls_280    -1.341890   17.803020    0.000000
33     opls_280    14.746920   10.063620    0.000000
34     opls_280    14.025390    7.739400    0.000000
35     opls_280    16.398990    8.276640    0.000000
36     opls_142     2.759970   16.587710    0.000000
37     opls_142    -0.688110   20.175750    0.000000
38     opls_142    -2.071410   15.395610    0.000000
39     opls_142    12.297130    9.491950    0.000000
40     opls_142    15.745210    5.903910    0.000000
41     opls_142    17.128510   10.684060    0.000000
42     opls_234     5.636170   15.479320    0.000000
43     opls_234    -1.166470   23.221070    0.000000
44     opls_234    -4.469700   13.458930    0.000000
45     opls_234     9.420930   10.600340    0.000000
46     opls_234    16.223570    2.858590    0.000000
47     opls_234    19.526800   12.620730    0.000000
48     opls_700     6.886970   14.809860    0.000000
49     opls_700    -1.211950   24.638760    0.000000
50     opls_700    -5.674570   12.710440    0.000000
51     opls_700     8.170130   11.269800    0.000000
52     opls_700    16.269050    1.440900    0.000000
53     opls_700    20.731670   13.369220    0.000000
54     opls_700     6.907900   13.391910    0.000000
55     opls_700     0.005570   25.365860    0.000000
56     opls_700    -6.913170   13.401560    0.000000
57     opls_700     8.149500   12.687760    0.000000
58     opls_700    15.051530    0.713800    0.000000
59     opls_700    21.970120   12.678370    0.000000
60     opls_700     5.682700   12.679150    0.000000
61     opls_700     1.235130   24.661710    0.000000
62     opls_700    -6.917980   14.818720    0.000000
63     opls_700     9.374400   13.400510    0.000000
64     opls_700    13.821820    1.418210    0.000000
65     opls_700    21.975240   11.261200    0.000000
66     opls_234     4.467890   13.407290    0.000000
67     opls_234     1.212100   23.245320    0.000000
68     opls_234    -5.679690   15.506710    0.000000
69     opls_234    10.589210   12.672370    0.000000
70     opls_234    13.844850    2.834600    0.000000
71     opls_234    20.737090   10.572960    0.000000
72     opls_700     1.379230   16.958040    0.000000
73     opls_700    -0.318610   18.795090    0.000000
74     opls_700    -1.060620   16.406190    0.000000
75     opls_700    13.677870    9.121620    0.000000
76     opls_700    15.375710    7.284570    0.000000
77     opls_700    16.117720    9.673470    0.000000
78     opls_523    20.746580   14.783520    0.000000
79     opls_523     6.938160   10.575560    0.000000
80     opls_523    17.486410    0.720840    0.000000
81     opls_523    -5.689630   11.296410    0.000000
82     opls_523     8.119240   15.504100    0.000000
83     opls_523    -2.429310   25.358820    0.000000
84     opls_523    -8.159590   15.494190    0.000000
85     opls_523     5.718540   11.266150    0.000000
86     opls_523     2.441060   25.398980    0.000000
87     opls_523    23.216690   10.585470    0.000000
88     opls_523     9.338560   14.813510    0.000000
89     opls_523    12.616040    0.680680    0.000000
90     opls_144     3.442810   17.335930    0.000000
91     opls_144    -1.677660   20.393250    0.000000
92     opls_144    -1.765140   14.430140    0.000000
93     opls_144    11.614290    8.743730    0.000000
94     opls_144    16.734760    5.686410    0.000000
95     opls_144    16.822240   11.649520    0.000000
96     opls_910     2.524930   14.666420    0.000000
97     opls_910     1.093450   20.933100    0.000000
98     opls_910    -3.618220   16.560060    0.000000
99     opls_910    12.532330   11.413500    0.000000
100    opls_910    13.963950    5.146560    0.000000
101    opls_910    18.675170    9.519860    0.000000
102    opls_526    19.874920   15.318930    0.000000
103    opls_526     6.910310    9.552980    0.000000
104    opls_526    18.385920    1.208010    0.000000
105    opls_526    -4.817970   10.760990    0.000000
106    opls_526     8.147100   16.526680    0.000000
107    opls_526    -3.328820   24.871650    0.000000
108    opls_526    -8.202200   16.516250    0.000000
109    opls_526     4.854710   10.718220    0.000000
110    opls_526     3.347490   24.924850    0.000000
111    opls_526    23.259300    9.563410    0.000000
112    opls_526    10.202390   15.361440    0.000000
113    opls_526    11.709610    1.154810    0.000000
