0      opls_145     9.699090   22.136690    5.003060
1      opls_145     9.019080   21.765300    3.900120
2      opls_145     8.407370   20.654700    3.867190
3      opls_145     8.377780   19.933050    4.962630
4      opls_145     9.163980   20.247160    0.536080
5      opls_145     9.819940   21.335110    0.557500
6      opls_141     7.592410   18.820410    5.010780
7      opls_145     8.365890   17.719480    5.249900
8      opls_145    10.255490   23.356490    5.093060
9      opls_145     8.373630   17.198160    0.988120
10     opls_145     8.918690   16.078650    1.174260
11     opls_145     9.601190   15.510240    0.178580
12     opls_145     9.795880   16.131850    4.500830
13     opls_145     9.182790   17.234560    4.302370
14     opls_145    10.094820   14.279750    0.365330
15     opls_145     9.351200   13.465190    1.089630
16     opls_145     9.835150   12.332180    1.350050
17     opls_145    11.068510   11.982430    0.885790
18     opls_145    11.790280   12.770520    0.115640
19     opls_145    11.309660   13.910650    5.333760
20     opls_145    11.406720   23.562420    0.321180
21     opls_145    11.869370   24.712480    0.522330
22     opls_145    11.207060    0.233170    5.470820
23     opls_145    10.085410    0.033860    4.715240
24     opls_145     9.605620   24.334470    4.537480
25     opls_142    11.578730   10.798010    1.226470
26     opls_142    11.678560    1.453990    0.228100
27     opls_145    13.353290    9.376350    1.363910
28     opls_145    12.593080    8.326330    1.334110
29     opls_145    13.146710    7.232020    1.706780
30     opls_145    14.488760    7.178060    2.091610
31     opls_145    15.240120    8.224000    2.083230
32     opls_145    14.676810    9.307880    1.723870
33     opls_280    15.102680    6.032070    2.509310
34     opls_145    14.507010    4.885070    2.077860
35     opls_145    13.857140    4.791140    0.868320
36     opls_145    13.170490    3.740360    0.560730
37     opls_145    13.145880    2.776890    1.431950
38     opls_145    13.843320    2.867250    2.589670
39     opls_145    14.525260    3.902510    2.909860
40     opls_145    17.954910    3.318310    5.003060
41     opls_145    18.634920    3.689700    3.900120
42     opls_145    19.246630    4.800300    3.867190
43     opls_145    19.276220    5.521950    4.962630
44     opls_145    18.490020    5.207840    0.536080
45     opls_145    17.834060    4.119890    0.557500
46     opls_141    20.061590    6.634590    5.010780
47     opls_145    19.288110    7.735520    5.249900
48     opls_145    17.398510    2.098510    5.093060
49     opls_145    19.280370    8.256840    0.988120
50     opls_145    18.735310    9.376350    1.174260
51     opls_145    18.052810    9.944760    0.178580
52     opls_145    17.858120    9.323150    4.500830
53     opls_145    18.471210    8.220440    4.302370
54     opls_145    17.559180   11.175250    0.365330
55     opls_145    18.302800   11.989810    1.089630
56     opls_145    17.818850   13.122820    1.350050
57     opls_145    16.585490   13.472570    0.885790
58     opls_145    15.863720   12.684480    0.115640
59     opls_145    16.344340   11.544350    5.333760
60     opls_145    16.247280    1.892580    0.321180
61     opls_145    15.784630    0.742520    0.522330
62     opls_145    16.446940   25.221830    5.470820
63     opls_145    17.568590   25.421140    4.715240
64     opls_145    18.048380    1.120530    4.537480
65     opls_142    16.075270   14.656990    1.226470
66     opls_142    15.975440   24.001010    0.228100
67     opls_145    14.300710   16.078650    1.363910
68     opls_145    15.060920   17.128670    1.334110
69     opls_145    14.507290   18.222980    1.706780
70     opls_145    13.165240   18.276940    2.091610
71     opls_145    12.413880   17.231000    2.083230
72     opls_145    12.977190   16.147120    1.723870
73     opls_280    12.551320   19.422930    2.509310
74     opls_145    13.146990   20.569930    2.077860
75     opls_145    13.796860   20.663860    0.868320
76     opls_145    14.483510   21.714640    0.560730
77     opls_145    14.508120   22.678110    1.431950
78     opls_145    13.810680   22.587750    2.589670
79     opls_145    13.128740   21.552490    2.909860
80     opls_145    23.526090    3.318310    5.003060
81     opls_145    22.846080    3.689700    3.900120
82     opls_145    22.234370    4.800300    3.867190
83     opls_145    22.204780    5.521950    4.962630
84     opls_145    22.990980    5.207840    0.536080
85     opls_145    23.646940    4.119890    0.557500
86     opls_141    21.419410    6.634590    5.010780
87     opls_145    22.192890    7.735520    5.249900
88     opls_145    24.082490    2.098510    5.093060
89     opls_145    22.200630    8.256840    0.988120
90     opls_145    22.745690    9.376350    1.174260
91     opls_145    23.428190    9.944760    0.178580
92     opls_145    23.622880    9.323150    4.500830
93     opls_145    23.009790    8.220440    4.302370
94     opls_145    23.921820   11.175250    0.365330
95     opls_145    23.178200   11.989810    1.089630
96     opls_145    23.662150   13.122820    1.350050
97     opls_145    24.895510   13.472570    0.885790
98     opls_145    25.617280   12.684480    0.115640
99     opls_145    25.136660   11.544350    5.333760
100    opls_145    25.233720    1.892580    0.321180
101    opls_145    25.696370    0.742520    0.522330
102    opls_145    25.034060   25.221830    5.470820
103    opls_145    23.912410   25.421140    4.715240
104    opls_145    23.432620    1.120530    4.537480
105    opls_142    25.405730   14.656990    1.226470
106    opls_142    25.505560   24.001010    0.228100
107    opls_145    27.180290   16.078650    1.363910
108    opls_145    26.420080   17.128670    1.334110
109    opls_145    26.973710   18.222980    1.706780
110    opls_145     0.661760   18.276940    2.091610
111    opls_145     1.413120   17.231000    2.083230
112    opls_145     0.849810   16.147120    1.723870
113    opls_280     1.275680   19.422930    2.509310
114    opls_145     0.680010   20.569930    2.077860
115    opls_145     0.030140   20.663860    0.868320
116    opls_145    26.997490   21.714640    0.560730
117    opls_145    26.972880   22.678110    1.431950
118    opls_145     0.016320   22.587750    2.589670
119    opls_145     0.698260   21.552490    2.909860
120    opls_145     4.127910   22.136690    5.003060
121    opls_145     4.807920   21.765300    3.900120
122    opls_145     5.419630   20.654700    3.867190
123    opls_145     5.449220   19.933050    4.962630
124    opls_145     4.663020   20.247160    0.536080
125    opls_145     4.007060   21.335110    0.557500
126    opls_141     6.234590   18.820410    5.010780
127    opls_145     5.461110   17.719480    5.249900
128    opls_145     3.571510   23.356490    5.093060
129    opls_145     5.453370   17.198160    0.988120
130    opls_145     4.908310   16.078650    1.174260
131    opls_145     4.225810   15.510240    0.178580
132    opls_145     4.031120   16.131850    4.500830
133    opls_145     4.644210   17.234560    4.302370
134    opls_145     3.732180   14.279750    0.365330
135    opls_145     4.475800   13.465190    1.089630
136    opls_145     3.991850   12.332180    1.350050
137    opls_145     2.758490   11.982430    0.885790
138    opls_145     2.036720   12.770520    0.115640
139    opls_145     2.517340   13.910650    5.333760
140    opls_145     2.420280   23.562420    0.321180
141    opls_145     1.957630   24.712480    0.522330
142    opls_145     2.619940    0.233170    5.470820
143    opls_145     3.741590    0.033860    4.715240
144    opls_145     4.221380   24.334470    4.537480
145    opls_142     2.248270   10.798010    1.226470
146    opls_142     2.148440    1.453990    0.228100
147    opls_145     0.473710    9.376350    1.363910
148    opls_145     1.233920    8.326330    1.334110
149    opls_145     0.680290    7.232020    1.706780
150    opls_145    26.992240    7.178060    2.091610
151    opls_145    26.240880    8.224000    2.083230
152    opls_145    26.804190    9.307880    1.723870
153    opls_280    26.378320    6.032070    2.509310
154    opls_145    26.973990    4.885070    2.077860
155    opls_145    27.623860    4.791140    0.868320
156    opls_145     0.656510    3.740360    0.560730
157    opls_145     0.681120    2.776890    1.431950
158    opls_145    27.637680    2.867250    2.589670
159    opls_145    26.955740    3.902510    2.909860
160    opls_750    12.803530   10.513930    1.036220
161    opls_750    12.547730    1.655850    1.119480
162    opls_750    14.850470   14.941070    1.036220
163    opls_750    15.106270   23.799150    1.119480
164    opls_750    26.630530   14.941070    1.036220
165    opls_750    26.374730   23.799150    1.119480
166    opls_750     1.023470   10.513930    1.036220
167    opls_750     1.279270    1.655850    1.119480
168    opls_281    16.037940    6.031310    3.249280
169    opls_281    11.616060   19.423690    3.249280
170    opls_281     2.210940   19.423690    3.249280
171    opls_281    25.443060    6.031310    3.249280
172    opls_146     8.991420   22.450800    2.989730
173    opls_146     7.903510   20.309780    2.904490
174    opls_146     9.245840   19.532130    1.420280
175    opls_146    10.482250   21.583800    1.451400
176    opls_146     7.890240   17.761990    1.853040
177    opls_146     8.826330   15.560900    2.185670
178    opls_146    10.493310   15.679520    3.720710
179    opls_146     9.331010   17.801190    3.324320
180    opls_146     8.322190   13.800170    1.448440
181    opls_146     9.241140   11.589410    1.978650
182    opls_146    12.796890   12.412620   -0.282170
183    opls_146    11.893160   14.632300    4.671690
184    opls_146    11.979440   22.674550    0.749120
185    opls_146    12.818180   24.845100    1.139970
186    opls_146     9.560820    0.921220    4.228520
187    opls_146     8.656810   24.200320    3.919840
188    opls_144    10.911720   10.005850    1.703060
189    opls_144    11.297210    2.339310   -0.380500
190    opls_146    11.509320    8.416700    0.991960
191    opls_146    12.541370    6.266260    1.730770
192    opls_146    16.336050    8.141020    2.385890
193    opls_146    15.275240   10.277710    1.691060
194    opls_146    13.919640    5.648460    0.119580
195    opls_146    12.621840    3.689960   -0.437250
196    opls_146    13.838890    1.997960    3.327120
197    opls_146    15.128400    3.982940    3.873820
198    opls_146    18.662580    3.004200    2.989730
199    opls_146    19.750490    5.145220    2.904490
200    opls_146    18.408160    5.922870    1.420280
201    opls_146    17.171750    3.871200    1.451400
202    opls_146    19.763760    7.693010    1.853040
203    opls_146    18.827670    9.894100    2.185670
204    opls_146    17.160690    9.775480    3.720710
205    opls_146    18.322990    7.653810    3.324320
206    opls_146    19.331810   11.654830    1.448440
207    opls_146    18.412860   13.865590    1.978650
208    opls_146    14.857110   13.042380   -0.282170
209    opls_146    15.760840   10.822700    4.671690
210    opls_146    15.674560    2.780450    0.749120
211    opls_146    14.835820    0.609900    1.139970
212    opls_146    18.093180   24.533780    4.228520
213    opls_146    18.997190    1.254680    3.919840
214    opls_144    16.742280   15.449150    1.703060
215    opls_144    16.356790   23.115690   -0.380500
216    opls_146    16.144680   17.038300    0.991960
217    opls_146    15.112630   19.188740    1.730770
218    opls_146    11.317950   17.313980    2.385890
219    opls_146    12.378760   15.177290    1.691060
220    opls_146    13.734360   19.806540    0.119580
221    opls_146    15.032160   21.765040   -0.437250
222    opls_146    13.815110   23.457040    3.327120
223    opls_146    12.525600   21.472060    3.873820
224    opls_146    22.818420    3.004200    2.989730
225    opls_146    21.730510    5.145220    2.904490
226    opls_146    23.072840    5.922870    1.420280
227    opls_146    24.309250    3.871200    1.451400
228    opls_146    21.717240    7.693010    1.853040
229    opls_146    22.653330    9.894100    2.185670
230    opls_146    24.320310    9.775480    3.720710
231    opls_146    23.158010    7.653810    3.324320
232    opls_146    22.149190   11.654830    1.448440
233    opls_146    23.068140   13.865590    1.978650
234    opls_146    26.623890   13.042380   -0.282170
235    opls_146    25.720160   10.822700    4.671690
236    opls_146    25.806440    2.780450    0.749120
237    opls_146    26.645180    0.609900    1.139970
238    opls_146    23.387820   24.533780    4.228520
239    opls_146    22.483810    1.254680    3.919840
240    opls_144    24.738720   15.449150    1.703060
241    opls_144    25.124210   23.115690   -0.380500
242    opls_146    25.336320   17.038300    0.991960
243    opls_146    26.368370   19.188740    1.730770
244    opls_146     2.509050   17.313980    2.385890
245    opls_146     1.448240   15.177290    1.691060
246    opls_146     0.092640   19.806540    0.119580
247    opls_146    26.448840   21.765040   -0.437250
248    opls_146     0.011890   23.457040    3.327120
249    opls_146     1.301400   21.472060    3.873820
250    opls_146     4.835580   22.450800    2.989730
251    opls_146     5.923490   20.309780    2.904490
252    opls_146     4.581160   19.532130    1.420280
253    opls_146     3.344750   21.583800    1.451400
254    opls_146     5.936760   17.761990    1.853040
255    opls_146     5.000670   15.560900    2.185670
256    opls_146     3.333690   15.679520    3.720710
257    opls_146     4.495990   17.801190    3.324320
258    opls_146     5.504810   13.800170    1.448440
259    opls_146     4.585860   11.589410    1.978650
260    opls_146     1.030110   12.412620   -0.282170
261    opls_146     1.933840   14.632300    4.671690
262    opls_146     1.847560   22.674550    0.749120
263    opls_146     1.008820   24.845100    1.139970
264    opls_146     4.266180    0.921220    4.228520
265    opls_146     5.170190   24.200320    3.919840
266    opls_144     2.915280   10.005850    1.703060
267    opls_144     2.529790    2.339310   -0.380500
268    opls_146     2.317680    8.416700    0.991960
269    opls_146     1.285630    6.266260    1.730770
270    opls_146    25.144950    8.141020    2.385890
271    opls_146    26.205760   10.277710    1.691060
272    opls_146    27.561360    5.648460    0.119580
273    opls_146     1.205160    3.689960   -0.437250
274    opls_146    27.642110    1.997960    3.327120
275    opls_146    26.352600    3.982940    3.873820
