0      opls_166     9.088110    3.954660    1.850000
1      opls_700    10.377610    4.492030    1.850000
2      opls_142     6.593130    4.380700    1.850000
3      opls_145     5.047830    2.565870    1.850000
4      opls_145     4.996630    1.188470    1.850000
5      opls_145     3.780950    0.553110    1.850000
6      opls_700     2.577240    1.300440    1.850000
7      opls_145     2.668420    2.708840    1.850000
8      opls_145     3.883070    3.330870    1.850000
9      opls_700     1.253050    0.633270    1.850000
10     opls_145     0.074570    1.372570    1.850000
11     opls_145    10.581110    5.893200    1.850000
12     opls_700     9.470980    6.741260    1.850000
13     opls_142    11.459630    3.519470    1.850000
14     opls_145    13.803980    3.088610    1.850000
15     opls_145    15.022440    3.732970    1.850000
16     opls_145    16.180520    2.997850    1.850000
17     opls_700    16.135160    1.581740    1.850000
18     opls_145    14.869870    0.956500    1.850000
19     opls_145    13.723850    1.697400    1.850000
20     opls_700    17.375040    0.768540    1.850000
21     opls_145     8.049030   15.443060    1.850000
22     opls_145     8.155790    6.216910    1.850000
23     opls_700     7.976410    4.831480    1.850000
24     opls_142     9.772230    8.164600    1.850000
25     opls_145     8.973190   10.410290    1.850000
26     opls_145     7.805930   11.143330    1.850000
27     opls_145     7.863530   12.513810    1.850000
28     opls_700     9.112590   13.182590    1.850000
29     opls_145    10.286720   12.399430    1.850000
30     opls_145    10.218080   11.036500    1.850000
31     opls_700     9.196900   14.662960    1.850000
32     opls_145    -8.123600   15.313900    1.850000
33     opls_750     6.322300    3.139540    1.850000
34     opls_750    12.669930    3.905510    1.850000
35     opls_750     8.832770    9.019730    1.850000
36     opls_144     5.796880    5.097990    1.850000
37     opls_146     5.909470    0.604040    1.850000
38     opls_146     3.850420   -0.517290    1.850000
39     opls_146     1.841180    3.390470    1.850000
40     opls_146     3.871570    4.408170    1.850000
41     opls_146     0.124290    2.419030    1.850000
42     opls_168     8.172300    2.000870    1.850000
43     opls_144    11.236570    2.471240    1.850000
44     opls_146    15.072150    4.815740    1.850000
45     opls_146    17.072770    3.593210    1.850000
46     opls_146    14.693180   -0.100730    1.850000
47     opls_146    12.796620    1.148790    1.850000
48     opls_146     7.117910   14.962890    1.850000
49     opls_144    10.791560    8.495530    1.850000
50     opls_146     6.843370   10.645000    1.850000
51     opls_146     6.901810   12.988850    1.850000
52     opls_146    11.290640   12.775030    1.850000
53     opls_146    11.156800   10.507810    1.850000
54     opls_146    -7.242200   14.747620    1.850000
55     opls_146    11.581690    6.310240    1.850000
56     opls_146     7.294320    6.874920    1.850000
57     opls_167     9.009460    2.543860    1.850000
