0      opls_526     3.021550    4.784580    0.854330
1      opls_526     5.147880    7.638540    3.220390
2      opls_525     3.140300    9.084280    3.267650
3      opls_525    -1.216290    9.539950    3.530440
4      opls_526    -3.449900    8.533940    3.796960
5      opls_526    -2.272700    5.283980    1.283020
6      opls_526    -1.086710   12.931270    1.233650
7      opls_525    -1.264350   10.580810    1.580750
8      opls_525     3.072860   10.221910    1.326000
9      opls_526     3.216130   12.626540    1.001750
10     opls_910     5.230390    4.256250    1.655940
11     opls_144     7.343530    0.964110    1.583630
12     opls_144    12.440350    4.157210    2.536250
13     opls_144     6.965280    6.788840    1.940250
14     opls_910    11.185940    6.889990    3.123430
15     opls_910    10.262940    0.675610    0.638430
16     opls_526     3.021550    4.784580    4.754330
17     opls_526     5.147880    7.638540    7.120390
18     opls_525     3.140300    9.084280    7.167650
19     opls_525    -1.216290    9.539950    7.430440
20     opls_526    -3.449900    8.533940    7.696960
21     opls_526    -2.272700    5.283980    5.183020
22     opls_526    -1.086710   12.931270    5.133650
23     opls_525    -1.264350   10.580810    5.480750
24     opls_525     3.072860   10.221910    5.226000
25     opls_526     3.216130   12.626540    4.901750
26     opls_910     5.230390    4.256250    5.555940
27     opls_144     7.343530    0.964110    5.483630
28     opls_144    12.440350    4.157210    6.436250
29     opls_144     6.965280    6.788840    5.840250
30     opls_910    11.185940    6.889990    7.023430
31     opls_910    10.262940    0.675610    4.538430
32     opls_521    -0.487070    8.057950    2.184390
33     opls_522    -0.784610    6.801670    1.608910
34     opls_522     1.920840    6.558740    1.378030
35     opls_521     1.960910    7.830120    1.991420
36     opls_523     3.063660    5.740650    1.355330
37     opls_916     4.250140    6.136360    1.973560
38     opls_523     4.267170    7.349470    2.669240
39     opls_522     3.122870    8.174060    2.697400
40     opls_522    -1.447120    8.629170    3.017740
41     opls_523    -2.717170    8.052030    3.172260
42     opls_916    -3.031320    6.840050    2.557540
43     opls_523    -2.053680    6.215790    1.779960
44     opls_523    -0.166320   12.360190    1.311490
45     opls_522    -0.259740   10.978080    1.533320
46     opls_521     0.898470   10.153350    1.644790
47     opls_522     2.148490   10.780430    1.377950
48     opls_523     2.239710   12.170300    1.158300
49     opls_916     1.088500   12.978100    1.167970
50     opls_145     7.816920    4.867110    2.165120
51     opls_280     7.651490    3.404290    2.390080
52     opls_145     8.727690    2.479260    1.982370
53     opls_280    10.123340    2.982200    2.105610
54     opls_145    10.374210    4.449950    2.209350
55     opls_280     9.211260    5.372860    2.009200
56     opls_142     8.399210    1.238780    1.560620
57     opls_142    11.631470    4.890670    2.462150
58     opls_142     6.763610    5.719480    2.050150
59     opls_521    -0.487070    8.057950    6.084310
60     opls_522    -0.784610    6.801670    5.508910
61     opls_522     1.920840    6.558740    5.278030
62     opls_521     1.960910    7.830120    5.891420
63     opls_523     3.063660    5.740650    5.255250
64     opls_916     4.250140    6.136360    5.873560
65     opls_523     4.267170    7.349470    6.569240
66     opls_522     3.122870    8.174060    6.597400
67     opls_522    -1.447120    8.629170    6.917740
68     opls_523    -2.717170    8.052030    7.072260
69     opls_916    -3.031320    6.840050    6.457540
70     opls_523    -2.053680    6.215790    5.679960
71     opls_523    -0.166320   12.360190    5.211490
72     opls_522    -0.259740   10.978080    5.433320
73     opls_521     0.898470   10.153350    5.544790
74     opls_522     2.148490   10.780430    5.277950
75     opls_523     2.239710   12.170300    5.058300
76     opls_916     1.088500   12.978100    5.067970
77     opls_145     7.816920    4.867110    6.065120
78     opls_280     7.651490    3.404290    6.290080
79     opls_145     8.727690    2.479260    5.882370
80     opls_280    10.123340    2.982200    6.005610
81     opls_145    10.374210    4.449950    6.109350
82     opls_280     9.211260    5.372860    5.909200
83     opls_142     8.399210    1.238780    5.460620
84     opls_142    11.631470    4.890670    6.362150
85     opls_142     6.763610    5.719480    5.950150
86     opls_239     0.798210    8.711980    1.964430
87     opls_238     5.395250    5.256470    1.938610
88     opls_238    11.938940    6.278710    2.719780
89     opls_238     9.364710    0.304020    1.033500
90     opls_239     0.798210    8.711980    5.864430
91     opls_238     5.395250    5.256470    5.838610
92     opls_238    11.938940    6.278710    6.619780
93     opls_238     9.364710    0.304020    4.933500
94     opls_281     9.394360    6.526010    1.638160
95     opls_281    11.061400    2.194570    2.202880
96     opls_281     6.668230    2.961880    2.959090
97     opls_281     9.394360    6.526010    5.538160
98     opls_281    11.061400    2.194570    6.102880
99     opls_281     6.668230    2.961880    6.859090
100    opls_202     0.419470    5.889620    0.626960
101    opls_202     0.419470    5.889620    4.526890
