0      opls_145    -1.306750   26.624020    1.767650
1      opls_700    -1.082240   25.239500    1.767650
2      opls_142    -0.510800   28.957540    1.767650
3      opls_142     3.014080   23.868320    1.767650
4      opls_700     4.401390   23.388520    1.767650
5      opls_145     1.251300   32.209490    1.767650
6      opls_145     1.022040   33.588120    1.767650
7      opls_700    -0.288550   34.084780    1.767650
8      opls_145    -1.365360   33.193390    1.767650
9      opls_145    -1.136330   31.815150    1.767650
10     opls_142    -0.556510   35.524950    1.767650
11     opls_145     0.186480   37.805950    1.767650
12     opls_145     1.290910   38.662840    1.767650
13     opls_145    23.740100    0.849050    1.767650
14     opls_145     0.227900   24.755400    1.767650
15     opls_700     1.314670   25.642080    1.767650
16     opls_142    -2.190970   24.277950    1.767650
17     opls_142     0.453990   29.875190    1.767650
18     opls_700     0.175850   31.316540    1.767650
19     opls_145    -5.888290   24.177990    1.767650
20     opls_145    -6.967590   23.290130    1.767650
21     opls_700    -6.742410   21.906800    1.767650
22     opls_145    -5.432040   21.419950    1.767650
23     opls_145    -4.352960   22.307410    1.767650
24     opls_142    -7.855650   20.954650    1.767650
25     opls_145   -10.202550   20.457610    1.767650
26     opls_145   -11.496850   20.985620    1.767650
27     opls_145    32.657850   20.135000    1.767650
28     opls_145     1.078850   27.018750    1.767650
29     opls_700    -0.232430   27.516580    1.767650
30     opls_142     2.701760   25.162670    1.767650
31     opls_142    -3.468070   24.654650    1.767650
32     opls_700    -4.577240   23.693100    1.767650
33     opls_145     4.636990   22.010680    1.767650
34     opls_145     5.945550   21.519900    1.767650
35     opls_700     7.030960   22.406590    1.767650
36     opls_145     6.797400   23.784830    1.767650
37     opls_145     5.489290   24.275600    1.767650
38     opls_142     8.412170   21.918560    1.767650
39     opls_145    10.016070   20.134610    1.767650
40     opls_145    10.205950   18.749700    1.767650
41     opls_145    11.496850   18.215030    1.767650
42     opls_145    23.938350   12.575070    1.767650
43     opls_700    23.713840   13.959580    1.767650
44     opls_142    23.142400   10.241540    1.767650
45     opls_142    19.617520   15.330760    1.767650
46     opls_700    18.230210   15.810560    1.767650
47     opls_145    21.380300    6.989590    1.767650
48     opls_145    21.609560    5.610960    1.767650
49     opls_700    22.920150    5.114300    1.767650
50     opls_145    23.996960    6.005690    1.767650
51     opls_145    23.767930    7.383930    1.767650
52     opls_142    23.188110    3.674130    1.767650
53     opls_145    22.445120    1.393140    1.767650
54     opls_145    21.340690    0.536240    1.767650
55     opls_145    -1.108500   38.350030    1.767650
56     opls_145    22.403700   14.443690    1.767650
57     opls_700    21.316930   13.557000    1.767650
58     opls_142    24.822570   14.921130    1.767650
59     opls_142    22.177610    9.323890    1.767650
60     opls_700    22.455750    7.882540    1.767650
61     opls_145    28.519890   15.021090    1.767650
62     opls_145    29.599190   15.908950    1.767650
63     opls_700    29.374010   17.292280    1.767650
64     opls_145    28.063640   17.779140    1.767650
65     opls_145    26.984560   16.891670    1.767650
66     opls_142    30.487250   18.244430    1.767650
67     opls_145    32.834150   18.741470    1.767650
68     opls_145    34.128450   18.213460    1.767650
69     opls_145   -10.026250   19.064080    1.767650
70     opls_145    21.552750   12.180330    1.767650
71     opls_700    22.864030   11.682500    1.767650
72     opls_142    19.929840   14.036410    1.767650
73     opls_142    26.099670   14.544430    1.767650
74     opls_700    27.208840   15.505980    1.767650
75     opls_145    17.994610   17.188410    1.767650
76     opls_145    16.686050   17.679180    1.767650
77     opls_700    15.600640   16.792490    1.767650
78     opls_145    15.834200   15.414250    1.767650
79     opls_145    17.142310   14.923480    1.767650
80     opls_142    14.219430   17.280520    1.767650
81     opls_145    12.615530   19.064470    1.767650
82     opls_145    12.425650   20.449380    1.767650
83     opls_145    11.134750   20.984050    1.767650
84     opls_750     0.406920   36.391640    1.767650
85     opls_750    -9.087950   21.355660    1.767650
86     opls_750     8.681030   20.650860    1.767650
87     opls_750    22.224680    2.807440    1.767650
88     opls_750    31.719550   17.843420    1.767650
89     opls_750    13.950570   18.548220    1.767650
90     opls_146    -2.372700   27.028550    1.767650
91     opls_144    -1.588510   29.329930    1.767650
92     opls_144     2.188020   23.082770    1.767650
93     opls_146     2.320640   31.813970    1.767650
94     opls_146     1.902640   34.312130    1.767650
95     opls_146    -2.433800   33.590480    1.767650
96     opls_146    -2.016930   31.091140    1.767650
97     opls_144    -1.631740   35.904790    1.767650
98     opls_146     2.346440   38.232430    1.767650
99     opls_146    24.644450    1.542880    1.767650
100    opls_146     0.410540   23.629990    1.767650
101    opls_144    -1.974610   23.158430    1.767650
102    opls_144     1.547320   29.552580    1.767650
103    opls_146    -6.080430   25.301830    1.767650
104    opls_146    -8.034900   23.690750    1.767650
105    opls_146    -5.241700   20.296110    1.767650
106    opls_146    -3.285660   21.906800    1.767650
107    opls_144    -7.646990   19.833560    1.767650
108    opls_146   -11.651880   22.114950    1.767650
109    opls_146    31.604800   20.571290    1.767650
110    opls_146     1.962160   27.739620    1.767650
111    opls_144     3.563120   25.909810    1.767650
112    opls_144    -3.735350   25.762810    1.767650
113    opls_146     3.759790   21.282360    1.767650
114    opls_146     6.132260   20.395280    1.767650
115    opls_146     7.675510   24.511580    1.767650
116    opls_146     5.302580   25.400220    1.767650
117    opls_144     9.278730   22.659810    1.767650
118    opls_146     9.305430   18.050780    1.767650
119    opls_146    11.645540   17.084920    1.767650
120    opls_146    25.004300   12.170530    1.767650
121    opls_144    24.220110    9.869150    1.767650
122    opls_144    20.443580   16.116310    1.767650
123    opls_146    20.310960    7.385110    1.767650
124    opls_146    20.728960    4.886950    1.767650
125    opls_146    25.065400    5.608600    1.767650
126    opls_146    24.648530    8.107940    1.767650
127    opls_144    24.263340    3.294290    1.767650
128    opls_146    20.285160    0.966650    1.767650
129    opls_146    -2.012850   37.656210    1.767650
130    opls_146    22.221060   15.569090    1.767650
131    opls_144    24.606210   16.040660    1.767650
132    opls_144    21.084280    9.646500    1.767650
133    opls_146    28.712030   13.897250    1.767650
134    opls_146    30.666500   15.508330    1.767650
135    opls_146    27.873300   18.902970    1.767650
136    opls_146    25.917260   17.292280    1.767650
137    opls_144    30.278590   19.365520    1.767650
138    opls_146    34.283480   17.084140    1.767650
139    opls_146    -8.973200   18.627800    1.767650
140    opls_146    20.669440   11.459460    1.767650
141    opls_144    19.068480   13.289270    1.767650
142    opls_144    26.366950   13.436270    1.767650
143    opls_146    18.871810   17.916720    1.767650
144    opls_146    16.499340   18.803800    1.767650
145    opls_146    14.956090   14.687500    1.767650
146    opls_146    17.329020   13.798860    1.767650
147    opls_144    13.352870   16.539270    1.767650
148    opls_146    13.326170   21.148300    1.767650
149    opls_146    10.986060   22.114160    1.767650
