0      opls_700    -1.271270   20.672280    2.052160
1      opls_145    -0.099560   19.895950    2.060860
2      opls_700    -2.607800   20.019860    1.955170
3      opls_145     2.406830   18.479330    1.195730
4      opls_145     3.575950   17.729820    1.052450
5      opls_917     4.763880   18.158060    1.651940
6      opls_145     4.775310   19.331340    2.410800
7      opls_145     3.602320   20.074140    2.574240
8      opls_701     6.295300   16.205580    2.129530
9      opls_700     7.806440   16.056760    2.332330
10     opls_166     8.427410   14.797260    2.500560
11     opls_145     9.835120   14.722850    2.450160
12     opls_181    10.213080   19.479200    3.169130
13     opls_423     5.707700   15.081790    1.381290
14     opls_700     1.170410   20.497600    2.052160
15     opls_145     1.256880   21.900490    2.060860
16     opls_700     2.403700   19.666340    1.955170
17     opls_145     1.230520   24.779400    1.195730
18     opls_145     1.295050   26.166640    1.052450
19     opls_917     0.330220   26.981300    1.651940
20     opls_145    -0.691590   26.404560    2.410800
21     opls_145    -0.748380   25.017310    2.574240
22     opls_701     1.255410   29.283790    2.129530
23     opls_700     0.628720   30.666880    2.332330
24     opls_166     1.408990   31.834410    2.500560
25     opls_145    19.207080    1.156040    2.450160
26     opls_181    -3.538520   31.039880    3.169130
27     opls_423     2.522430   29.336800    1.381290
28     opls_700     0.100850   22.699490    2.052160
29     opls_145    -1.157320   22.072940    2.060860
30     opls_700     0.204100   24.183180    1.955170
31     opls_145    -3.637350   20.610650    1.195730
32     opls_145    -4.871000   19.972910    1.052450
33     opls_917    -5.094100   18.730010    1.651940
34     opls_145    -4.083720   18.133470    2.410800
35     opls_145    -2.853940   18.777920    2.574240
36     opls_701    -7.550710   18.380010    2.129530
37     opls_700    -8.435160   17.145730    2.332330
38     opls_166    -9.836410   17.237710    2.500560
39     opls_145    26.270300   16.055800    2.450160
40     opls_181    -6.674560   13.350300    3.169130
41     opls_423    -8.230130   19.450780    1.381290
42     opls_700    19.708770   11.262410    2.052160
43     opls_145    18.537060   12.038740    2.060860
44     opls_700    21.045300   11.914830    1.955170
45     opls_145    16.030670   13.455360    1.195730
46     opls_145    14.861550   14.204870    1.052450
47     opls_917    13.673620   13.776620    1.651940
48     opls_145    13.662190   12.603340    2.410800
49     opls_145    14.835180   11.860540    2.574240
50     opls_701    12.142200   15.729110    2.129530
51     opls_700    10.631060   15.877930    2.332330
52     opls_166    10.010090   17.137430    2.500560
53     opls_145     8.602380   17.211840    2.450160
54     opls_181     8.224420   12.455490    3.169130
55     opls_423    12.729800   16.852890    1.381290
56     opls_700    17.267090   11.437090    2.052160
57     opls_145    17.180620   10.034200    2.060860
58     opls_700    16.033800   12.268350    1.955170
59     opls_145    17.206980    7.155290    1.195730
60     opls_145    17.142450    5.768040    1.052450
61     opls_917    18.107280    4.953390    1.651940
62     opls_145    19.129090    5.530130    2.410800
63     opls_145    19.185880    6.917370    2.574240
64     opls_701    17.182090    2.650900    2.129530
65     opls_700    17.808780    1.267810    2.332330
66     opls_166    17.028510    0.100270    2.500560
67     opls_145    -0.769580   30.778650    2.450160
68     opls_181    21.976020    0.894810    3.169130
69     opls_423    15.915070    2.597890    1.381290
70     opls_700    18.336650    9.235190    2.052160
71     opls_145    19.594820    9.861750    2.060860
72     opls_700    18.233400    7.751510    1.955170
73     opls_145    22.074850   11.324040    1.195730
74     opls_145    23.308500   11.961780    1.052450
75     opls_917    23.531600   13.204670    1.651940
76     opls_145    22.521220   13.801210    2.410800
77     opls_145    21.291440   13.156770    2.574240
78     opls_701    25.988210   13.554680    2.129530
79     opls_700    26.872660   14.788950    2.332330
80     opls_166    28.273910   14.696980    2.500560
81     opls_145    -7.832800   15.878880    2.450160
82     opls_181    25.112060   18.584390    3.169130
83     opls_423    26.667630   12.483910    1.381290
84     opls_900     5.979470   17.446880    1.419100
85     opls_753     5.240490   14.197200    0.798680
86     opls_900     0.338330   28.389620    1.419100
87     opls_753     3.522120   29.374480    0.798680
88     opls_900    -6.317790   18.032880    1.419100
89     opls_753    -8.762610   20.297690    0.798680
90     opls_900    12.458030   14.487810    1.419100
91     opls_753    13.197010   17.737480    0.798680
92     opls_900    18.099170    3.545070    1.419100
93     opls_753    14.915380    2.560200    0.798680
94     opls_900    24.755290   13.901810    1.419100
95     opls_753    27.200110   11.637000    0.798680
96     opls_179     7.613770   13.661980    2.711330
97     opls_179     2.799000   31.697410    2.711330
98     opls_179   -10.412760   18.509980    2.711330
99     opls_179    10.823730   18.272710    2.711330
100    opls_179    15.638500    0.237270    2.711330
101    opls_179    28.850260   13.424700    2.711330
102    opls_146    -0.176080   18.817510    2.042600
103    opls_146     1.520730   18.152310    0.667700
104    opls_146     3.565810   16.839800    0.436630
105    opls_146     5.693320   19.667620    2.876360
106    opls_146     3.634950   20.962890    3.191130
107    opls_146    10.323890   13.761300    2.492440
108    opls_185     9.568140   19.917340    2.379730
109    opls_185    11.009770   20.214660    3.402220
110    opls_185     9.629720   19.293340    4.095620
111    opls_910     6.579420   17.759200    0.622560
112    opls_702     5.808730   16.228250    3.118400
113    opls_146     2.229090   22.373440    2.042600
114    opls_146     1.956770   24.175520    0.667700
115    opls_146     2.070900   26.602870    0.436630
116    opls_146    -1.441810   27.031430    2.876360
117    opls_146    -1.534370   24.601210    3.191130
118    opls_146    19.795420    2.060110    2.492440
119    opls_185    -3.595500   30.262270    2.379730
120    opls_185    -4.573790   31.362100    3.402220
121    opls_185    -3.085880   30.627600    4.095620
122    opls_910    -0.232130   28.753030    0.622560
123    opls_702     1.479060   28.851070    3.118400
124    opls_146    -2.053020   22.678420    2.042600
125    opls_146    -3.477500   21.541540    0.667700
126    opls_146    -5.636710   20.426700    0.436630
127    opls_146    -4.251500   17.170320    2.876360
128    opls_146    -2.100580   18.305280    3.191130
129    opls_146    25.193180   16.113280    2.492440
130    opls_185    -5.972640   13.689760    2.379730
131    opls_185    -6.435980   12.292620    3.402220
132    opls_185    -6.543840   13.948430    4.095620
133    opls_910    -6.347290   17.357140    0.622560
134    opls_702    -7.287790   18.790050    3.118400
135    opls_146    18.613580   13.117170    2.042600
136    opls_146    16.916780   13.782370    0.667700
137    opls_146    14.871690   15.094890    0.436630
138    opls_146    12.744180   12.267070    2.876360
139    opls_146    14.802550   10.971800    3.191130
140    opls_146     8.113610   18.173390    2.492440
141    opls_185     8.869360   12.017340    2.379730
142    opls_185     7.427730   11.720030    3.402220
143    opls_185     8.807780   12.641350    4.095620
144    opls_910    11.858080   14.175490    0.622560
145    opls_702    12.628770   15.706440    3.118400
146    opls_146    16.208410    9.561250    2.042600
147    opls_146    16.480730    7.759170    0.667700
148    opls_146    16.366600    5.331820    0.436630
149    opls_146    19.879310    4.903250    2.876360
150    opls_146    19.971870    7.333480    3.191130
151    opls_146    -1.357920   29.874580    2.492440
152    opls_185    22.033000    1.672420    2.379730
153    opls_185    23.011290    0.572590    3.402220
154    opls_185    21.523380    1.307090    4.095620
155    opls_910    18.669630    3.181650    0.622560
156    opls_702    16.958440    3.083610    3.118400
157    opls_146    20.490520    9.256270    2.042600
158    opls_146    21.915000   10.393140    0.667700
159    opls_146    24.074210   11.507980    0.436630
160    opls_146    22.689000   14.764360    2.876360
161    opls_146    20.538080   13.629400    3.191130
162    opls_146    -6.755680   15.821400    2.492440
163    opls_185    24.410140   18.244930    2.379730
164    opls_185    24.873480   19.642070    3.402220
165    opls_185    24.981340   17.986250    4.095620
166    opls_910    24.784790   14.577550    0.622560
167    opls_702    25.725290   13.144640    3.118400
