0      opls_145    15.281820    7.399100    1.605100
1      opls_142     7.574250   13.883450    1.488910
2      opls_145     3.979790   15.140510    1.426820
3      opls_145     4.230450   13.966950    1.753320
4      opls_145     5.393350   13.546360    1.762980
5      opls_145     6.335580   14.296470    1.453030
6      opls_145     6.090340   15.465860    1.116710
7      opls_145     4.925330   15.882800    1.090990
8      opls_280    -1.243040   17.766810    0.762930
9      opls_142     2.393750   16.723960    1.162160
10     opls_145    -0.956080   16.490710    0.908930
11     opls_280    14.060770    7.871340    1.465170
12     opls_145     8.990230   12.286700    1.764710
13     opls_145     9.968610   12.966880    2.125900
14     opls_145    11.085720   12.445590    2.230040
15     opls_145    11.252470   11.239930    1.975150
16     opls_145    10.269270   10.563920    1.608950
17     opls_145     9.149150   11.083130    1.522510
18     opls_142    12.715590    9.528630    1.838000
19     opls_145    16.078380    9.534900    1.605100
20     opls_142    -0.747000   25.708600    1.488910
21     opls_145    -0.038410   21.967180    1.426820
22     opls_145     0.852600   22.771040    1.753320
23     opls_145     0.635380   23.988430    1.762980
24     opls_145    -0.485350   24.429370    1.453030
25     opls_145    -1.375450   23.632290    1.116710
26     opls_145    -1.154020   22.414900    1.090990
27     opls_280     0.298560   16.130920    0.762930
28     opls_142    -0.616700   19.801900    1.162160
29     opls_145     1.260220   17.017490    0.908930
30     opls_280    16.279930    8.241310    1.465170
31     opls_145    14.991400    1.642420    1.764710
32     opls_145    13.913150    2.149620    2.125900
33     opls_145    13.806040    3.377720    2.230040
34     opls_145    14.766800    4.124960    1.975150
35     opls_145    15.843840    3.611490    1.608950
36     opls_145    15.954260    2.381830    1.522510
37     opls_142    15.517260    6.247710    1.838000
38     opls_145    13.830450    9.156840    1.605100
39     opls_142    -6.827250   12.589610    1.488910
40     opls_145    -3.941380   15.073980    1.426820
41     opls_145    -5.083040   15.443690    1.753320
42     opls_145    -6.028730   14.646870    1.762980
43     opls_145    -5.850230   13.455830    1.453030
44     opls_145    -4.714890   13.083510    1.116710
45     opls_145    -3.771310   13.883980    1.090990
46     opls_280     0.944480   18.283930    0.762930
47     opls_142    -1.777050   15.655800    1.162160
48     opls_145    -0.304130   18.673470    0.908930
49     opls_280    14.849950    9.978180    1.465170
50     opls_145    21.209030   12.161720    1.764710
51     opls_145    21.308900   10.974330    2.125900
52     opls_145    20.298890   10.267530    2.230040
53     opls_145    19.171380   10.725940    1.975150
54     opls_145    19.077530   11.915420    1.608950
55     opls_145    20.087240   12.625880    1.522510
56     opls_142    16.957790   10.314490    1.838000
57     opls_144     8.275010   14.517460    1.326270
58     opls_146     5.554680   12.639700    2.029450
59     opls_146     6.802700   16.056300    0.862910
60     opls_146     4.782230   16.781360    0.800090
61     opls_144     3.035610   17.429720    1.235870
62     opls_146     1.719810   22.451950    2.008930
63     opls_146     9.870690   13.890500    2.358460
64     opls_146    10.348510    9.639260    1.382550
65     opls_146     8.402000   10.548260    1.247750
66     opls_144    12.023880    8.870620    1.903230
67     opls_146    12.970470    3.748470    2.519060
68     opls_910     2.140980   14.943000    1.770840
69     opls_910    13.069140   11.282200    2.472080
70     opls_144    -1.646450   25.998470    1.326270
71     opls_146     1.339900   24.581480    2.029450
72     opls_146    -2.242960   23.953990    0.862910
73     opls_146    -1.860650   21.841680    0.800090
74     opls_144    -1.548830   20.004890    1.235870
75     opls_146    -5.240310   16.354260    2.008930
76     opls_146    13.162230    1.603020    2.358460
77     opls_146    16.605000    4.142440    1.382550
78     opls_146    16.791040    2.002210    1.247750
79     opls_144    16.432980    5.977670    1.903230
80     opls_146    20.395590    9.358520    2.519060
81     opls_910     1.052040   20.473480    1.770840
82     opls_910    13.821860    5.677100    2.472080
83     opls_144    -6.628560   11.665730    1.326270
84     opls_146    -6.894590   14.960480    2.029450
85     opls_146    -4.559740   12.171370    0.862910
86     opls_146    -2.921580   13.558620    0.800090
87     opls_144    -1.486770   14.747060    1.235870
88     opls_146     3.520500   13.375470    2.008930
89     opls_146    22.157730   10.597310    2.358460
90     opls_146    18.237140   12.309130    1.382550
91     opls_146    19.997620   13.540360    1.247750
92     opls_144    16.733800   11.242540    1.903230
93     opls_146    11.824590   12.983840    2.519060
94     opls_910    -3.193020   16.765190    1.770840
95     opls_910    18.299650    9.131530    2.472080
96     opls_238     2.766270   15.537090    1.440140
97     opls_238    12.421250   10.740810    2.096650
98     opls_750     7.820090   12.775640    1.677300
99     opls_238     0.224900   20.717950    1.440140
100    opls_238    14.614660    5.386710    2.096650
101    opls_750    15.153030    0.384580    1.677300
102    opls_238    -2.991170   15.926630    1.440140
103    opls_238    18.154740    9.963310    2.096650
104    opls_750    22.217530   12.930620    1.677300
105    opls_281     1.706100   18.990470    0.465460
106    opls_281    13.251710    7.215160    1.177840
107    opls_281    -2.235730   18.073120    0.465460
108    opls_281    17.252740    7.868730    1.177840
109    opls_281     0.529630   15.118070    0.465460
110    opls_281    14.686210   11.006940    1.177840
