0      opls_526    -3.873920   22.945930    2.090420
1      opls_146    -2.033990   24.474280    2.500390
2      opls_146    -4.697200   27.202040    4.555990
3      opls_526    -6.552660   25.708580    4.200210
4      opls_526    -6.315170   19.279360    2.368670
5      opls_146    -4.592490   17.652030    2.818240
6      opls_146    -2.177010   20.679000    0.559020
7      opls_526    -3.881690   22.330070    4.363880
8      opls_526    20.946140   17.014430    1.364500
9      opls_146    21.481890   14.647670    1.347400
10     opls_146    -8.087230   15.405700    3.053570
11     opls_526    -8.593420   17.764160    3.017830
12     opls_526    18.845600   20.755660    1.114260
13     opls_146    16.562230   20.062280    0.736890
14     opls_146    17.934300   16.466650    2.953520
15     opls_526    20.217500   17.109400    3.283690
16     opls_526   -13.102670   27.489230   -0.445830
17     opls_146   -15.386700   28.224370   -0.246670
18     opls_146    16.474210   24.403060    1.414310
19     opls_526    18.775570   23.614990    1.297550
20     opls_526    -8.889360   27.046430    3.354500
21     opls_146     8.272860    0.699390   -0.333480
22     opls_146     4.832780    1.149060    2.265190
23     opls_526   -12.345950   27.464060    1.820990
24     opls_144    14.532040   25.137060   -0.002480
25     opls_144     8.749980    2.688850    0.253760
26     opls_144    -3.039750   28.642580    3.657070
27     opls_144    -2.992520   16.322480    3.318130
28     opls_144    25.225180   13.266060    3.138110
29     opls_144    14.565730   19.222720    4.584760
30     opls_146    -0.290000   27.021260    1.528250
31     opls_146    18.131320   -0.419630    2.439860
32     opls_146    16.868920    3.210320    0.390600
33     opls_146    14.918830    2.052970   -0.444610
34     opls_146     9.677290    4.896290   -0.167160
35     opls_146     9.634520    7.305670    0.069300
36     opls_146     6.241510    6.963270    2.787290
37     opls_146     6.284620    4.565330    2.524370
38     opls_146    19.900570   -0.053200    1.185320
39     opls_146    22.032830    0.662200    0.392990
40     opls_146    20.789410    4.808470    0.803290
41     opls_146    18.619180    4.079910    1.562610
42     opls_146     9.765150    9.363220    1.108840
43     opls_146     9.299100   11.649310    0.501820
44     opls_146     5.031460   10.827500    0.755410
45     opls_146     5.504280    8.584020    1.427450
46     opls_146    25.292230    4.511270    3.808430
47     opls_146    25.657370    6.779910    3.120140
48     opls_146    21.414010    7.233590    2.320040
49     opls_146    21.046550    4.939190    2.997620
50     opls_146    23.290940    0.963700    2.699680
51     opls_146    25.189500   -0.553500    2.938610
52     opls_146    26.808800    2.054400    1.845610
53     opls_146    24.889760    3.501230    1.601630
54     opls_146     9.057980   12.181360    2.762210
55     opls_146    10.810880   13.695700    2.109830
56     opls_146     8.391270   17.039320    3.474410
57     opls_146     6.709380   15.536990    4.195380
58     opls_146     5.887100   14.611630    1.750480
59     opls_146     3.621900   15.441170    1.930070
60     opls_146     2.392530   12.655630    3.004260
61     opls_146     4.695380   11.902180    2.808960
62     opls_146     2.019780   16.545600    1.487980
63     opls_146    -0.028740   17.708100    1.132530
64     opls_146    -1.589070   14.349890    3.068480
65     opls_146     0.456800   13.139340    3.433580
66     opls_146    25.632770    8.776240    1.742960
67     opls_146    25.970660   11.141290    2.221840
68     opls_146    22.210030   11.246270    4.395300
69     opls_146    21.857600    8.905250    3.923090
70     opls_146    10.056310   26.637380    3.542780
71     opls_146    12.128290   25.397070    3.525860
72     opls_146    14.072270   28.606250    1.513470
73     opls_146    28.582020    1.266340    1.496290
74     opls_146    12.278900   15.083320    1.640980
75     opls_146    14.330230   16.190040    2.212770
76     opls_146    12.164290   18.974150    4.738060
77     opls_146    10.109160   17.861420    4.218020
78     opls_145    -8.968970   15.751530    3.609520
79     opls_523    -9.255500   17.093380    3.589190
80     opls_523    18.665420   19.779370    0.635120
81     opls_145    17.367670   19.398930    0.393500
82     opls_145    17.076510   18.208680    3.906670
83     opls_145    18.144200   17.398310    3.499270
84     opls_523    19.451200   17.747290    3.736490
85     opls_523   -13.816280   26.804150    0.027300
86     opls_145   -15.121630   27.216060    0.105460
87     opls_145    16.906240   26.370500    0.597240
88     opls_145    17.247940   25.078990    1.022740
89     opls_523    18.546180   24.639910    0.964990
90     opls_523    -9.528490   27.631680    4.035740
91     opls_145     7.360740    0.309500    0.137720
92     opls_145     6.596090    1.102430    1.007450
93     opls_145     5.434590    0.547210    1.568320
94     opls_523   -11.477760   27.867100    1.287590
95     opls_142    14.529730   26.179990    0.349400
96     opls_142     7.954280    3.104770    0.890690
97     opls_142    -2.183450   28.041020    3.999700
98     opls_142    -2.193360   16.862830    3.846530
99     opls_142    24.344600   12.798080    3.602680
100    opls_142    14.649630   18.328540    3.948290
101    opls_700     7.976910    4.527860    1.143530
102    opls_700    15.424840    0.131870    0.439990
103    opls_145    -0.174730   28.087070    1.288940
104    opls_145    17.400040    0.154180    1.851400
105    opls_700    17.686410    1.494600    1.490870
106    opls_145    16.681140    2.186550    0.744830
107    opls_145    15.606840    1.506620    0.215800
108    opls_145     8.937750    5.339090    0.515550
109    opls_145     8.943370    6.704110    0.676700
110    opls_700     7.936610    7.353440    1.458870
111    opls_145     7.027790    6.515610    2.162750
112    opls_145     7.041500    5.154870    1.988570
113    opls_700     7.683440    8.757650    1.321660
114    opls_700    19.051210    1.947130    1.460590
115    opls_145    20.098590    1.027770    1.167050
116    opls_145    21.306830    1.445400    0.650710
117    opls_916    21.591880    2.809850    0.444530
118    opls_145    20.598500    3.726640    0.841810
119    opls_145    19.381010    3.317010    1.347610
120    opls_145     8.716620    9.687310    1.046390
121    opls_145     8.441150   10.976240    0.637390
122    opls_916     7.120940   11.438500    0.464180
123    opls_145     6.090240   10.537730    0.811190
124    opls_145     6.354150    9.256810    1.244330
125    opls_916     7.778730   13.692270    3.662360
126    opls_916     5.462500   13.220000    0.145740
127    opls_916    23.959470    2.338440    0.035110
128    opls_916    23.109270    4.545590    3.568530
129    opls_145    24.410990    5.087940    3.495830
130    opls_145    24.642690    6.366860    3.026230
131    opls_700    23.563440    7.224150    2.670910
132    opls_145    22.284020    6.623160    2.601940
133    opls_145    22.067840    5.339090    3.056510
134    opls_521    -9.792730   21.017100    3.718890
135    opls_521    -8.666910   21.749100    3.457650
136    opls_521    -8.705220   23.094670    3.558790
137    opls_521    -9.874810   23.723410    3.868870
138    opls_521   -10.989910   23.006570    4.151360
139    opls_521   -10.943170   21.637830    4.088620
140    opls_521   -10.977190   25.674540    0.168970
141    opls_521   -12.132740   24.975730    0.308660
142    opls_145    24.066480    1.175370    3.454460
143    opls_145    25.137980    0.319520    3.603640
144    opls_700    26.190150    0.598410    0.316470
145    opls_145    26.058360    1.778080    1.093510
146    opls_145    24.971510    2.607900    0.966170
147    opls_145     8.923220   13.251750    2.972510
148    opls_145     9.892150   14.131920    2.525460
149    opls_700     9.805780   15.524120    2.785990
150    opls_145     8.563520   15.970360    3.285910
151    opls_145     7.606310   15.089330    3.748160
152    opls_145     5.112880   14.203720    1.081960
153    opls_145     3.817110   14.655110    1.188560
154    opls_700     2.771710   14.132780    0.384470
155    opls_145     3.131900   13.089570    3.690410
156    opls_145     4.439070   12.671080    3.555470
157    opls_700     1.454480   14.726620    0.380770
158    opls_700    10.982970   16.363390    2.861250
159    opls_700    23.696380    8.644380    2.753270
160    opls_700    10.855310   28.381130    0.412730
161    opls_145     1.230370   16.018130    0.936810
162    opls_145     0.062590   16.698060    0.708670
163    opls_700    -0.980170   16.138550    4.148550
164    opls_145    -0.802460   14.830740    3.666890
165    opls_145     0.362670   14.136500    3.884240
166    opls_145    24.866310    9.327460    2.306140
167    opls_145    25.058540   10.656440    2.596230
168    opls_700    24.116850   11.395020    3.335850
169    opls_145    22.964930   10.724800    3.790460
170    opls_145    22.739500    9.405840    3.498730
171    opls_145    10.931610   27.082470    4.033640
172    opls_521    21.061910   19.585150    0.093030
173    opls_521   -10.773560   18.972720    4.089620
174    opls_521    -6.379580   21.842350    3.202000
175    opls_521    -6.430780   23.202230    3.204430
176    opls_700   -13.434790   25.487180    0.462460
177    opls_700   -10.711130   27.040990    0.401480
178    opls_700    19.774240   19.000180    0.160990
179    opls_700    22.588560   17.609130    0.018520
180    opls_700    -5.387030   24.144470    3.151010
181    opls_700    -5.253090   20.989070    3.264870
182    opls_523    -4.082670   23.879020    2.624660
183    opls_145    -3.036610   24.741170    2.864400
184    opls_145    -3.222570   25.937990    3.575710
185    opls_145    -4.516850   26.272380    3.997390
186    opls_523    -5.574970   25.430540    3.774330
187    opls_523    -5.387690   19.617470    2.858350
188    opls_145    -4.418420   18.688100    3.137990
189    opls_145    -3.245690   19.044800    3.821450
190    opls_145    -3.080710   20.382650    0.006680
191    opls_523    -4.028340   21.336910    3.928640
192    opls_523    21.812350   16.678900    0.783430
193    opls_145    22.126630   15.342190    0.789640
194    opls_145    23.229170   14.841610    0.081650
195    opls_145    12.109620   26.375650    4.025620
196    opls_700    13.279220   26.897970    0.402780
197    opls_145    13.196970   28.156580    1.023790
198    opls_145    28.550140    0.271750    1.034460
199    opls_145    12.226220   15.954910    2.307440
200    opls_145    13.400270   16.578780    2.650490
201    opls_700    13.427030   17.677210    3.532070
202    opls_145    12.197650   18.132020    4.031960
203    opls_145    11.015840   17.514730    3.705200
204    opls_520    -9.836500   25.034650    3.971650
205    opls_520   -12.124980   23.596120    0.279680
206    opls_520   -12.039430   20.957610    0.172580
207    opls_520    -9.674980   19.704430    3.713560
208    opls_520    -7.537940   21.107210    3.228460
209    opls_520    -7.628440   23.837830    3.412750
210    opls_750    15.598580   26.840190    0.647720
211    opls_750     6.941750    2.421970    1.320730
212    opls_750    -2.133900   26.750370    3.908180
213    opls_750    -2.242570   18.122580    4.137590
214    opls_750    23.423890   13.456850    0.028940
215    opls_750    15.775130   17.800210    3.593650
216    opls_239     6.810950   12.774050    0.011000
217    opls_239    22.859570    3.232060    4.106380
