0      MOF2_B_2    20.184090   11.561250    0.000000
1      MOF2_B_2     2.938410   11.561250    0.000000
2      MOF2_B_2    11.561250   20.184090    0.000000
3      MOF2_B_2    11.561250    2.938410    0.000000
4      opls_700    10.853010   15.707580    0.000000
5      opls_700    12.269260    7.414920    0.000000
6      opls_700     7.414920   10.853010    0.000000
7      opls_700    15.707580   12.269260    0.000000
8      opls_700    12.269260   15.707580    0.000000
9      opls_700    10.853010    7.414920    0.000000
10     opls_700    15.707580   10.853010    0.000000
11     opls_700     7.414920   12.269260    0.000000
12     opls_145    22.426980   10.347090    0.000000
13     opls_145     0.695520   12.775410    0.000000
14     opls_145    12.775410   22.426980    0.000000
15     opls_145    10.347090    0.695520    0.000000
16     opls_145     0.695520   10.347090    0.000000
17     opls_145    22.426980   12.775410    0.000000
18     opls_145    10.347090   22.426980    0.000000
19     opls_145    12.775410    0.695520    0.000000
20     opls_145     1.410700   11.561250    0.000000
21     opls_145    21.711800   11.561250    0.000000
22     opls_145    11.561250    1.410700    0.000000
23     opls_145    11.561250   21.711800    0.000000
24     opls_145    12.991380    6.214400    0.000000
25     opls_145    10.131120   16.908100    0.000000
26     opls_145    16.908100   12.991380    0.000000
27     opls_145     6.214400   10.131120    0.000000
28     opls_145    10.131120    6.214400    0.000000
29     opls_145    12.991380   16.908100    0.000000
30     opls_145     6.214400   12.991380    0.000000
31     opls_145    16.908100   10.131120    0.000000
32     opls_166    12.266490    5.029140    0.000000
33     opls_166    10.856010   18.093360    0.000000
34     opls_166    18.093360   12.266490    0.000000
35     opls_166     5.029140   10.856010    0.000000
36     opls_166    10.856010    5.029140    0.000000
37     opls_166    12.266490   18.093360    0.000000
38     opls_166     5.029140   12.266490    0.000000
39     opls_166    18.093360   10.856010    0.000000
40     opls_543    10.441200   14.317680    0.000000
41     opls_543    12.681300    8.804820    0.000000
42     opls_543     8.804820   10.441200    0.000000
43     opls_543    14.317680   12.681300    0.000000
44     opls_543    12.681300   14.317680    0.000000
45     opls_543    10.441200    8.804820    0.000000
46     opls_543    14.317680   10.441200    0.000000
47     opls_543     8.804820   12.681300    0.000000
48     opls_146    21.878740    9.411780    0.000000
49     opls_146     1.243760   13.710720    0.000000
50     opls_146    13.710720   21.878740    0.000000
51     opls_146     9.411780    1.243760    0.000000
52     opls_146     1.243760    9.411780    0.000000
53     opls_146    21.878740   13.710720    0.000000
54     opls_146     9.411780   21.878740    0.000000
55     opls_146    13.710720    1.243760    0.000000
56     opls_146     9.041590   16.890760    0.000000
57     opls_146    14.080910    6.231740    0.000000
58     opls_146     6.231740    9.041590    0.000000
59     opls_146    16.890760   14.080910    0.000000
60     opls_146    14.080910   16.890760    0.000000
61     opls_146     9.041590    6.231740    0.000000
62     opls_146    16.890760    9.041590    0.000000
63     opls_146     6.231740   14.080910    0.000000
64     opls_542    13.491050   11.561250    0.000000
65     opls_542     9.631450   11.561250    0.000000
66     opls_542    11.561250   13.491050    0.000000
67     opls_542    11.561250    9.631450    0.000000
68     opls_750     9.175010   13.947490    0.000000
69     opls_750    13.947490    9.175010    0.000000
70     opls_750     9.175010    9.175010    0.000000
71     opls_750    13.947490   13.947490    0.000000
72     F2_Ni4+2    11.561250   11.561250    0.000000
73     opls_167    19.360470   12.719460    0.000000
74     opls_167     3.762030   10.403040    0.000000
75     opls_167    10.403040   19.360470    0.000000
76     opls_167    12.719460    3.762030    0.000000
77     opls_167     3.762030   12.719460    0.000000
78     opls_167    19.360470   10.403040    0.000000
79     opls_167    12.719460   19.360470    0.000000
80     opls_167    10.403040    3.762030    0.000000
