0      opls_145    17.499720   22.548460    5.595260
1      opls_145    18.936680   22.823960    4.908380
2      opls_145    18.808610   23.531230    3.770330
3      opls_700    17.237460   23.970140    3.298200
4      opls_145    15.794720   23.681040    3.988590
5      opls_145    15.922110   22.973090    5.127180
6      opls_145    15.539600   25.188670    1.625660
7      opls_700    17.107360   24.739570    2.097020
8      opls_145    18.551790   25.037840    1.411810
9      opls_142    16.435410   21.578250    7.479900
10     opls_700    16.656900   20.659680    0.978950
11     opls_145    15.263760   20.363800    1.705250
12     opls_145    15.393190   19.286920    2.686560
13     opls_700    16.923230   18.500160    2.966110
14     opls_145    18.329280   18.856850    2.248960
15     opls_145    18.200200   19.930330    1.269020
16     opls_145     0.514320    5.563060    1.783460
17     opls_145     1.951280    5.838560    1.096580
18     opls_145     1.823210    6.545830    7.582130
19     opls_700     0.252060    6.984740    7.110000
20     opls_145    32.780120    6.695640    0.176790
21     opls_145    32.907510    5.987690    1.315380
22     opls_145    32.525000    8.203270    5.437460
23     opls_700     0.121960    7.754170    5.908820
24     opls_145     1.566390    8.052440    5.223610
25     opls_142    33.420810    4.592850    3.668100
26     opls_700    33.642300    3.674280    4.790750
27     opls_145    32.249160    3.378400    5.517050
28     opls_145    32.378590    2.301520    6.498360
29     opls_700    33.908630    1.514760    6.777910
30     opls_145     1.343880    1.871450    6.060760
31     opls_145     1.214800    2.944930    5.080820
32     opls_145    33.456480   28.407740    1.783460
33     opls_145    32.019520   28.132240    1.096580
34     opls_145    32.147590   27.424970    7.582130
35     opls_700    33.718740   26.986060    7.110000
36     opls_145     1.190680   27.275160    0.176790
37     opls_145     1.063290   27.983110    1.315380
38     opls_145     1.445800   25.767530    5.437460
39     opls_700    33.848840   26.216630    5.908820
40     opls_145    32.404410   25.918360    5.223610
41     opls_142     0.549990   29.377950    3.668100
42     opls_700     0.328500   30.296520    4.790750
43     opls_145     1.721640   30.592400    5.517050
44     opls_145     1.592210   31.669280    6.498360
45     opls_700     0.062170   32.456040    6.777910
46     opls_145    32.626920   32.099350    6.060760
47     opls_145    32.756000   31.025870    5.080820
48     opls_145    16.471080   11.422340    5.595260
49     opls_145    15.034120   11.146840    4.908380
50     opls_145    15.162190   10.439570    3.770330
51     opls_700    16.733340   10.000660    3.298200
52     opls_145    18.176080   10.289760    3.988590
53     opls_145    18.048690   10.997710    5.127180
54     opls_145    18.431200    8.782130    1.625660
55     opls_700    16.863440    9.231230    2.097020
56     opls_145    15.419010    8.932960    1.411810
57     opls_142    17.535390   12.392550    7.479900
58     opls_700    17.313900   13.311120    0.978950
59     opls_145    18.707040   13.607000    1.705250
60     opls_145    18.577610   14.683880    2.686560
61     opls_700    17.047570   15.470640    2.966110
62     opls_145    15.641520   15.113950    2.248960
63     opls_145    15.770600   14.040470    1.269020
64     opls_145    11.422340    0.514320    7.501160
65     opls_145    11.146840    1.951280    6.814280
66     opls_145    10.439570    1.823210    5.676230
67     opls_700    10.000660    0.252060    5.204100
68     opls_145    10.289760   32.780120    5.894490
69     opls_145    10.997710   32.907510    7.033080
70     opls_145     8.782130   32.525000    3.531560
71     opls_700     9.231230    0.121960    4.002920
72     opls_145     8.932960    1.566390    3.317710
73     opls_142    12.392550   33.420810    1.762200
74     opls_700    13.311120   33.642300    2.884850
75     opls_145    13.607000   32.249160    3.611150
76     opls_145    14.683880   32.378590    4.592460
77     opls_700    15.470640   33.908630    4.872010
78     opls_145    15.113950    1.343880    4.154860
79     opls_145    14.040470    1.214800    3.174920
80     opls_145    28.407740   17.499720    3.689360
81     opls_145    28.132240   18.936680    3.002480
82     opls_145    27.424970   18.808610    1.864430
83     opls_700    26.986060   17.237460    1.392300
84     opls_145    27.275160   15.794720    2.082690
85     opls_145    27.983110   15.922110    3.221280
86     opls_145    25.767530   15.539600    7.343360
87     opls_700    26.216630   17.107360    0.191120
88     opls_145    25.918360   18.551790    7.129510
89     opls_142    29.377950   16.435410    5.574000
90     opls_700    30.296520   16.656900    6.696650
91     opls_145    30.592400   15.263760    7.422950
92     opls_145    31.669280   15.393190    0.780660
93     opls_700    32.456040   16.923230    1.060210
94     opls_145    32.099350   18.329280    0.343060
95     opls_145    31.025870   18.200200    6.986720
96     opls_145     5.563060   16.471080    3.689360
97     opls_145     5.838560   15.034120    3.002480
98     opls_145     6.545830   15.162190    1.864430
99     opls_700     6.984740   16.733340    1.392300
100    opls_145     6.695640   18.176080    2.082690
101    opls_145     5.987690   18.048690    3.221280
102    opls_145     8.203270   18.431200    7.343360
103    opls_700     7.754170   16.863440    0.191120
104    opls_145     8.052440   15.419010    7.129510
105    opls_142     4.592850   17.535390    5.574000
106    opls_700     3.674280   17.313900    6.696650
107    opls_145     3.378400   18.707040    7.422950
108    opls_145     2.301520   18.577610    0.780660
109    opls_700     1.514760   17.047570    1.060210
110    opls_145     1.871450   15.641520    0.343060
111    opls_145     2.944930   15.770600    6.986720
112    opls_145    22.548460   33.456480    7.501160
113    opls_145    22.823960   32.019520    6.814280
114    opls_145    23.531230   32.147590    5.676230
115    opls_700    23.970140   33.718740    5.204100
116    opls_145    23.681040    1.190680    5.894490
117    opls_145    22.973090    1.063290    7.033080
118    opls_145    25.188670    1.445800    3.531560
119    opls_700    24.739570   33.848840    4.002920
120    opls_145    25.037840   32.404410    3.317710
121    opls_142    21.578250    0.549990    1.762200
122    opls_700    20.659680    0.328500    2.884850
123    opls_145    20.363800    1.721640    3.611150
124    opls_145    19.286920    1.592210    4.592460
125    opls_700    18.500160    0.062170    4.872010
126    opls_145    18.856850   32.626920    4.154860
127    opls_145    19.930330   32.756000    3.174920
128    opls_145    16.471080   28.407740    3.934240
129    opls_145    15.034120   28.132240    4.621120
130    opls_145    15.162190   27.424970    5.759170
131    opls_700    16.733340   26.986060    6.231300
132    opls_145    18.176080   27.275160    5.540910
133    opls_145    18.048690   27.983110    4.402320
134    opls_145    18.431200   25.767530    0.280240
135    opls_700    16.863440   26.216630    7.432480
136    opls_145    15.419010   25.918360    0.494090
137    opls_142    17.535390   29.377950    2.049600
138    opls_700    17.313900   30.296520    0.926950
139    opls_145    18.707040   30.592400    0.200650
140    opls_145    18.577610   31.669280    6.842940
141    opls_700    17.047570   32.456040    6.563390
142    opls_145    15.641520   32.099350    7.280540
143    opls_145    15.770600   31.025870    0.636880
144    opls_145    33.456480   11.422340    0.122440
145    opls_145    32.019520   11.146840    0.809320
146    opls_145    32.147590   10.439570    1.947370
147    opls_700    33.718740   10.000660    2.419500
148    opls_145     1.190680   10.289760    1.729110
149    opls_145     1.063290   10.997710    0.590520
150    opls_145     1.445800    8.782130    4.092040
151    opls_700    33.848840    9.231230    3.620680
152    opls_145    32.404410    8.932960    4.305890
153    opls_142     0.549990   12.392550    5.861400
154    opls_700     0.328500   13.311120    4.738750
155    opls_145     1.721640   13.607000    4.012450
156    opls_145     1.592210   14.683880    3.031140
157    opls_700     0.062170   15.470640    2.751590
158    opls_145    32.626920   15.113950    3.468740
159    opls_145    32.756000   14.040470    4.448680
160    opls_145     0.514320   22.548460    0.122440
161    opls_145     1.951280   22.823960    0.809320
162    opls_145     1.823210   23.531230    1.947370
163    opls_700     0.252060   23.970140    2.419500
164    opls_145    32.780120   23.681040    1.729110
165    opls_145    32.907510   22.973090    0.590520
166    opls_145    32.525000   25.188670    4.092040
167    opls_700     0.121960   24.739570    3.620680
168    opls_145     1.566390   25.037840    4.305890
169    opls_142    33.420810   21.578250    5.861400
170    opls_700    33.642300   20.659680    4.738750
171    opls_145    32.249160   20.363800    4.012450
172    opls_145    32.378590   19.286920    3.031140
173    opls_700    33.908630   18.500160    2.751590
174    opls_145     1.343880   18.856850    3.468740
175    opls_145     1.214800   19.930330    4.448680
176    opls_145    17.499720    5.563060    3.934240
177    opls_145    18.936680    5.838560    4.621120
178    opls_145    18.808610    6.545830    5.759170
179    opls_700    17.237460    6.984740    6.231300
180    opls_145    15.794720    6.695640    5.540910
181    opls_145    15.922110    5.987690    4.402320
182    opls_145    15.539600    8.203270    0.280240
183    opls_700    17.107360    7.754170    7.432480
184    opls_145    18.551790    8.052440    0.494090
185    opls_142    16.435410    4.592850    2.049600
186    opls_700    16.656900    3.674280    0.926950
187    opls_145    15.263760    3.378400    0.200650
188    opls_145    15.393190    2.301520    6.842940
189    opls_700    16.923230    1.514760    6.563390
190    opls_145    18.329280    1.871450    7.280540
191    opls_145    18.200200    2.944930    0.636880
192    opls_145    22.548460   16.471080    2.028340
193    opls_145    22.823960   15.034120    2.715220
194    opls_145    23.531230   15.162190    3.853270
195    opls_700    23.970140   16.733340    4.325400
196    opls_145    23.681040   18.176080    3.635010
197    opls_145    22.973090   18.048690    2.496420
198    opls_145    25.188670   18.431200    5.997940
199    opls_700    24.739570   16.863440    5.526580
200    opls_145    25.037840   15.419010    6.211790
201    opls_142    21.578250   17.535390    0.143700
202    opls_700    20.659680   17.313900    6.644650
203    opls_145    20.363800   18.707040    5.918350
204    opls_145    19.286920   18.577610    4.937040
205    opls_700    18.500160   17.047570    4.657490
206    opls_145    18.856850   15.641520    5.374640
207    opls_145    19.930330   15.770600    6.354580
208    opls_145     5.563060   33.456480    5.840140
209    opls_145     5.838560   32.019520    6.527020
210    opls_145     6.545830   32.147590    0.041470
211    opls_700     6.984740   33.718740    0.513600
212    opls_145     6.695640    1.190680    7.446810
213    opls_145     5.987690    1.063290    6.308220
214    opls_145     8.203270    1.445800    2.186140
215    opls_700     7.754170   33.848840    1.714780
216    opls_145     8.052440   32.404410    2.399990
217    opls_142     4.592850    0.549990    3.955500
218    opls_700     3.674280    0.328500    2.832850
219    opls_145     3.378400    1.721640    2.106550
220    opls_145     2.301520    1.592210    1.125240
221    opls_700     1.514760    0.062170    0.845690
222    opls_145     1.871450   32.626920    1.562840
223    opls_145     2.944930   32.756000    2.542780
224    opls_145    28.407740    0.514320    5.840140
225    opls_145    28.132240    1.951280    6.527020
226    opls_145    27.424970    1.823210    0.041470
227    opls_700    26.986060    0.252060    0.513600
228    opls_145    27.275160   32.780120    7.446810
229    opls_145    27.983110   32.907510    6.308220
230    opls_145    25.767530   32.525000    2.186140
231    opls_700    26.216630    0.121960    1.714780
232    opls_145    25.918360    1.566390    2.399990
233    opls_142    29.377950   33.420810    3.955500
234    opls_700    30.296520   33.642300    2.832850
235    opls_145    30.592400   32.249160    2.106550
236    opls_145    31.669280   32.378590    1.125240
237    opls_700    32.456040   33.908630    0.845690
238    opls_145    32.099350    1.343880    1.562840
239    opls_145    31.025870    1.214800    2.542780
240    opls_145    11.422340   17.499720    2.028340
241    opls_145    11.146840   18.936680    2.715220
242    opls_145    10.439570   18.808610    3.853270
243    opls_700    10.000660   17.237460    4.325400
244    opls_145    10.289760   15.794720    3.635010
245    opls_145    10.997710   15.922110    2.496420
246    opls_145     8.782130   15.539600    5.997940
247    opls_700     9.231230   17.107360    5.526580
248    opls_145     8.932960   18.551790    6.211790
249    opls_142    12.392550   16.435410    0.143700
250    opls_700    13.311120   16.656900    6.644650
251    opls_145    13.607000   15.263760    5.918350
252    opls_145    14.683880   15.393190    4.937040
253    opls_700    15.470640   16.923230    4.657490
254    opls_145    15.113950   18.329280    5.374640
255    opls_145    14.040470   18.200200    6.354580
256    opls_701    16.985400   16.985400    3.811800
257    opls_701     0.000000    0.000000    0.000000
258    opls_701    16.985400   33.970800    5.717700
259    opls_701    33.970800   16.985400    1.905900
260    opls_750    17.670930   21.766110    6.739410
261    opls_750     0.685530    4.780710    2.927610
262    opls_750    33.285270   29.190090    2.927610
263    opls_750    16.299870   12.204690    6.739410
264    opls_750    12.204690    0.685530    1.021710
265    opls_750    29.190090   17.670930    4.833510
266    opls_750     4.780710   16.299870    4.833510
267    opls_750    21.766110   33.285270    1.021710
268    opls_750    16.299870   29.190090    2.790090
269    opls_750    33.285270   12.204690    6.601890
270    opls_750     0.685530   21.766110    6.601890
271    opls_750    17.670930    4.780710    2.790090
272    opls_750    21.766110   16.299870    0.884190
273    opls_750     4.780710   33.285270    4.695990
274    opls_750    29.190090    0.685530    4.695990
275    opls_750    12.204690   17.670930    0.884190
276    opls_146    19.969730   22.502260    5.266310
277    opls_146    19.733300   23.811490    3.166080
278    opls_146    14.841500   24.068650    3.499000
279    opls_146    14.996410   22.686720    5.727150
280    opls_146    14.643450   24.873760    2.255750
281    opls_146    19.582470   24.711040    1.772180
282    opls_144    15.401680   22.023950    7.304090
283    opls_146    14.337720   20.967120    1.428130
284    opls_146    14.471220   18.964200    3.273420
285    opls_146    19.274010   18.286820    2.532860
286    opls_146    19.116050   20.289740    0.693440
287    opls_146     2.984330    5.516860    1.454510
288    opls_146     2.747900    6.826090    6.977880
289    opls_146    31.826900    7.083250   -0.312800
290    opls_146    31.981810    5.701320    1.915350
291    opls_146    31.628850    7.888360    6.067550
292    opls_146     2.597070    7.725640    5.583980
293    opls_144    32.387080    5.038550    3.492290
294    opls_146    31.323120    3.981720    5.239930
295    opls_146    31.456620    1.978800    7.085220
296    opls_146     2.288610    1.301420    6.344660
297    opls_146     2.130650    3.304340    4.505240
298    opls_146    30.986470   28.453940    1.454510
299    opls_146    31.222900   27.144710    6.977880
300    opls_146     2.143900   26.887550   -0.312800
301    opls_146     1.988990   28.269480    1.915350
302    opls_146     2.341950   26.082440    6.067550
303    opls_146    31.373730   26.245160    5.583980
304    opls_144     1.583720   28.932250    3.492290
305    opls_146     2.647680   29.989080    5.239930
306    opls_146     2.514180   31.992000    7.085220
307    opls_146    31.682190   32.669380    6.344660
308    opls_146    31.840150   30.666460    4.505240
309    opls_146    14.001070   11.468540    5.266310
310    opls_146    14.237500   10.159310    3.166080
311    opls_146    19.129300    9.902150    3.499000
312    opls_146    18.974390   11.284080    5.727150
313    opls_146    19.327350    9.097040    2.255750
314    opls_146    14.388330    9.259760    1.772180
315    opls_144    18.569120   11.946850    7.304090
316    opls_146    19.633080   13.003680    1.428130
317    opls_146    19.499580   15.006600    3.273420
318    opls_146    14.696790   15.683980    2.532860
319    opls_146    14.854750   13.681060    0.693440
320    opls_146    11.468540    2.984330    7.172210
321    opls_146    10.159310    2.747900    5.071980
322    opls_146     9.902150   31.826900    5.404900
323    opls_146    11.284080   31.981810    7.633050
324    opls_146     9.097040   31.628850    4.161650
325    opls_146     9.259760    2.597070    3.678080
326    opls_144    11.946850   32.387080    1.586390
327    opls_146    13.003680   31.323120    3.334030
328    opls_146    15.006600   31.456620    5.179320
329    opls_146    15.683980    2.288610    4.438760
330    opls_146    13.681060    2.130650    2.599340
331    opls_146    28.453940   19.969730    3.360410
332    opls_146    27.144710   19.733300    1.260180
333    opls_146    26.887550   14.841500    1.593100
334    opls_146    28.269480   14.996410    3.821250
335    opls_146    26.082440   14.643450    7.973450
336    opls_146    26.245160   19.582470    7.489880
337    opls_144    28.932250   15.401680    5.398190
338    opls_146    29.989080   14.337720    7.145830
339    opls_146    31.992000   14.471220    1.367520
340    opls_146    32.669380   19.274010    0.626960
341    opls_146    30.666460   19.116050    6.411140
342    opls_146     5.516860   14.001070    3.360410
343    opls_146     6.826090   14.237500    1.260180
344    opls_146     7.083250   19.129300    1.593100
345    opls_146     5.701320   18.974390    3.821250
346    opls_146     7.888360   19.327350    7.973450
347    opls_146     7.725640   14.388330    7.489880
348    opls_144     5.038550   18.569120    5.398190
349    opls_146     3.981720   19.633080    7.145830
350    opls_146     1.978800   19.499580    1.367520
351    opls_146     1.301420   14.696790    0.626960
352    opls_146     3.304340   14.854750    6.411140
353    opls_146    22.502260   30.986470    7.172210
354    opls_146    23.811490   31.222900    5.071980
355    opls_146    24.068650    2.143900    5.404900
356    opls_146    22.686720    1.988990    7.633050
357    opls_146    24.873760    2.341950    4.161650
358    opls_146    24.711040   31.373730    3.678080
359    opls_144    22.023950    1.583720    1.586390
360    opls_146    20.967120    2.647680    3.334030
361    opls_146    18.964200    2.514180    5.179320
362    opls_146    18.286820   31.682190    4.438760
363    opls_146    20.289740   31.840150    2.599340
364    opls_146    14.001070   28.453940    4.263190
365    opls_146    14.237500   27.144710    6.363420
366    opls_146    19.129300   26.887550    6.030500
367    opls_146    18.974390   28.269480    3.802350
368    opls_146    19.327350   26.082440   -0.349850
369    opls_146    14.388330   26.245160    0.133720
370    opls_144    18.569120   28.932250    2.225410
371    opls_146    19.633080   29.989080    0.477770
372    opls_146    19.499580   31.992000    6.256080
373    opls_146    14.696790   32.669380    6.996640
374    opls_146    14.854750   30.666460    1.212460
375    opls_146    30.986470   11.468540    0.451390
376    opls_146    31.222900   10.159310    2.551620
377    opls_146     2.143900    9.902150    2.218700
378    opls_146     1.988990   11.284080   -0.009450
379    opls_146     2.341950    9.097040    3.461950
380    opls_146    31.373730    9.259760    3.945520
381    opls_144     1.583720   11.946850    6.037210
382    opls_146     2.647680   13.003680    4.289570
383    opls_146     2.514180   15.006600    2.444280
384    opls_146    31.682190   15.683980    3.184840
385    opls_146    31.840150   13.681060    5.024260
386    opls_146     2.984330   22.502260    0.451390
387    opls_146     2.747900   23.811490    2.551620
388    opls_146    31.826900   24.068650    2.218700
389    opls_146    31.981810   22.686720   -0.009450
390    opls_146    31.628850   24.873760    3.461950
391    opls_146     2.597070   24.711040    3.945520
392    opls_144    32.387080   22.023950    6.037210
393    opls_146    31.323120   20.967120    4.289570
394    opls_146    31.456620   18.964200    2.444280
395    opls_146     2.288610   18.286820    3.184840
396    opls_146     2.130650   20.289740    5.024260
397    opls_146    19.969730    5.516860    4.263190
398    opls_146    19.733300    6.826090    6.363420
399    opls_146    14.841500    7.083250    6.030500
400    opls_146    14.996410    5.701320    3.802350
401    opls_146    14.643450    7.888360   -0.349850
402    opls_146    19.582470    7.725640    0.133720
403    opls_144    15.401680    5.038550    2.225410
404    opls_146    14.337720    3.981720    0.477770
405    opls_146    14.471220    1.978800    6.256080
406    opls_146    19.274010    1.301420    6.996640
407    opls_146    19.116050    3.304340    1.212460
408    opls_146    22.502260   14.001070    2.357290
409    opls_146    23.811490   14.237500    4.457520
410    opls_146    24.068650   19.129300    4.124600
411    opls_146    22.686720   18.974390    1.896450
412    opls_146    24.873760   19.327350    5.367850
413    opls_146    24.711040   14.388330    5.851420
414    opls_144    22.023950   18.569120    0.319510
415    opls_146    20.967120   19.633080    6.195470
416    opls_146    18.964200   19.499580    4.350180
417    opls_146    18.286820   14.696790    5.090740
418    opls_146    20.289740   14.854750    6.930160
419    opls_146     5.516860   30.986470    6.169090
420    opls_146     6.826090   31.222900    0.645720
421    opls_146     7.083250    2.143900    7.936400
422    opls_146     5.701320    1.988990    5.708250
423    opls_146     7.888360    2.341950    1.556050
424    opls_146     7.725640   31.373730    2.039620
425    opls_144     5.038550    1.583720    4.131310
426    opls_146     3.981720    2.647680    2.383670
427    opls_146     1.978800    2.514180    0.538380
428    opls_146     1.301420   31.682190    1.278940
429    opls_146     3.304340   31.840150    3.118360
430    opls_146    28.453940    2.984330    6.169090
431    opls_146    27.144710    2.747900    0.645720
432    opls_146    26.887550   31.826900    7.936400
433    opls_146    28.269480   31.981810    5.708250
434    opls_146    26.082440   31.628850    1.556050
435    opls_146    26.245160    2.597070    2.039620
436    opls_144    28.932250   32.387080    4.131310
437    opls_146    29.989080   31.323120    2.383670
438    opls_146    31.992000   31.456620    0.538380
439    opls_146    32.669380    2.288610    1.278940
440    opls_146    30.666460    2.130650    3.118360
441    opls_146    11.468540   19.969730    2.357290
442    opls_146    10.159310   19.733300    4.457520
443    opls_146     9.902150   14.841500    4.124600
444    opls_146    11.284080   14.996410    1.896450
445    opls_146     9.097040   14.643450    5.367850
446    opls_146     9.259760   19.582470    5.851420
447    opls_144    11.946850   15.401680    0.319510
448    opls_146    13.003680   14.337720    6.195470
449    opls_146    15.006600   14.471220    4.350180
450    opls_146    15.683980   19.274010    5.090740
451    opls_146    13.681060   19.116050    6.930160
