0      opls_520     1.169380    9.346940    0.000000
1      opls_520    -1.169380    9.346940    0.000000
2      opls_520     0.000000    7.321510    0.000000
3      opls_180     6.238710    3.601830    0.000000
4      opls_180     8.781440    3.601830    0.000000
5      opls_180     7.510000    5.804040    0.000000
6      opls_531     1.178240    7.991540    0.000000
7      opls_531    -0.000080   10.032450    0.000000
8      opls_531    -1.178390    7.991540    0.000000
9      opls_700     2.464480    7.248930    0.000000
10     opls_145     4.911240    5.836300    0.000000
11     opls_700    -0.000080   11.517670    0.000000
12     opls_145     7.510000    1.335110    0.000000
13     opls_700    -2.464630    7.248930    0.000000
14     opls_145    10.108760    5.836300    0.000000
15     opls_523     3.690640    7.939250    0.000000
16     opls_523    -1.210910   12.234260    0.000000
17     opls_523    -2.479730    5.841890    0.000000
18     opls_523     2.479730    5.841890    0.000000
19     opls_523    -3.690640    7.939250    0.000000
20     opls_523     1.210910   12.234260    0.000000
21     opls_145     4.901330    7.240350    0.000000
22     opls_145     6.299010    0.624500    0.000000
23     opls_145    11.329660    5.142850    0.000000
24     opls_145     3.690340    5.142850    0.000000
25     opls_145    10.118670    7.240350    0.000000
26     opls_145     8.720990    0.624500    0.000000
27     MOF2_B_2     6.274300    5.049330    0.000000
28     MOF2_B_2     7.510000    2.909040    0.000000
29     MOF2_B_2     8.745700    5.049330    0.000000
30     opls_526     3.710090    9.021880    0.000000
31     opls_146     5.832720    7.795780    0.000000
32     opls_526    -2.158220   11.709790    0.000000
33     opls_146     5.352300    1.153390    0.000000
34     opls_526    -1.551870    5.283730    0.000000
35     opls_146    11.344980    4.058530    0.000000
36     opls_526     1.551870    5.283730    0.000000
37     opls_146     3.675020    4.058530    0.000000
38     opls_526    -3.710090    9.021880    0.000000
39     opls_146     9.187280    7.795780    0.000000
40     opls_526     2.158220   11.709790    0.000000
41     opls_146     9.667700    1.153390    0.000000
