0      opls_700     1.558820   43.698100    2.260610
1      opls_145     0.830060   42.490700    2.058110
2      opls_700     2.945000   43.702590    2.599140
3      opls_700     3.813380   42.483060    2.625310
4      opls_145     5.051700   42.511820    1.945830
5      opls_145     5.904510   41.408220    1.960610
6      opls_700     5.540760   40.222850    2.629530
7      opls_145     4.311490   40.194090    3.312360
8      opls_145     3.477450   41.314760    3.329720
9      opls_145    12.577440   34.886400    1.324440
10     opls_145    13.509780   33.814260    1.247850
11     opls_700    13.226030   32.551600    1.749850
12     opls_716    11.938050   32.346240    2.365830
13     opls_716    10.990480   33.435010    2.440940
14     opls_700    11.327930   34.732730    1.905500
15     opls_700    10.358180   35.839470    2.000750
16     opls_700    14.190300   31.438560    1.682210
17     opls_145     8.991540   35.641750    1.726620
18     opls_145     8.087110   36.702210    1.816570
19     opls_145     8.524940   37.993190    2.186110
20     opls_145     9.900800   38.193150    2.425060
21     opls_145    10.799520   37.129090    2.348280
22     opls_145    15.545370   31.672220    1.963540
23     opls_145    16.482380   30.639170    1.890310
24     opls_145    16.082760   29.333820    1.529030
25     opls_145    14.716180   29.095670    1.273030
26     opls_145    13.784390   30.133210    1.333050
27     opls_142     6.416480   39.034770    2.621270
28     opls_700    21.736860   23.699460    1.198570
29     opls_700    23.121550   23.703950    1.542510
30     opls_145    23.849080   24.911800    1.747750
31     opls_700    20.866160   20.017510    1.173850
32     opls_145    21.197370   18.846960    0.471190
33     opls_145    20.354010   17.732580    0.481960
34     opls_700    19.120110   17.771670    1.155990
35     opls_145    18.764450   18.957050    1.828530
36     opls_145    19.626140   20.053460    1.850350
37     opls_142    18.226250   16.597080    1.145520
38     opls_700    47.478060   43.698100    1.547880
39     opls_145    48.206830   42.490700    1.750380
40     opls_700    46.091880   43.702590    1.209350
41     opls_700    45.223500   42.483060    1.183180
42     opls_145    43.985180   42.511820    1.862660
43     opls_145    43.132370   41.408220    1.847880
44     opls_700    43.496130   40.222850    1.178960
45     opls_145    44.725390   40.194090    0.496130
46     opls_145    45.559430   41.314760    0.478770
47     opls_145    36.459450   34.886400    2.484050
48     opls_145    35.527100   33.814260    2.560640
49     opls_700    35.810860   32.551600    2.058640
50     opls_716    37.098840   32.346240    1.442660
51     opls_716    38.046410   33.435010    1.367550
52     opls_700    37.708950   34.732730    1.902990
53     opls_700    38.678700   35.839470    1.807740
54     opls_700    34.846580   31.438560    2.126280
55     opls_145    40.045340   35.641750    2.081870
56     opls_145    40.949770   36.702210    1.991920
57     opls_145    40.511940   37.993190    1.622380
58     opls_145    39.136080   38.193150    1.383430
59     opls_145    38.237370   37.129090    1.460210
60     opls_145    33.491520   31.672220    1.844950
61     opls_145    32.554510   30.639170    1.918180
62     opls_145    32.954130   29.333820    2.279460
63     opls_145    34.320700   29.095670    2.535460
64     opls_145    35.252490   30.133210    2.475440
65     opls_142    42.620400   39.034770    1.187220
66     opls_700    27.300020   23.699460    2.609920
67     opls_700    25.915330   23.703950    2.265980
68     opls_145    25.187800   24.911800    2.060740
69     opls_700    28.170720   20.017510    2.634640
70     opls_145    27.839510   18.846960    3.337300
71     opls_145    28.682870   17.732580    3.326530
72     opls_700    29.916770   17.771670    2.652500
73     opls_145    30.272430   18.957050    1.979960
74     opls_145    29.410740   20.053460    1.958140
75     opls_142    30.810640   16.597080    2.662970
76     opls_700    47.478060    1.236600    1.547880
77     opls_145    48.206830    2.444000    1.750380
78     opls_700    46.091880    1.232110    1.209350
79     opls_700    45.223500    2.451640    1.183180
80     opls_145    43.985180    2.422880    1.862660
81     opls_145    43.132370    3.526480    1.847880
82     opls_700    43.496130    4.711850    1.178960
83     opls_145    44.725390    4.740610    0.496130
84     opls_145    45.559430    3.619940    0.478770
85     opls_145    36.459450   10.048300    2.484050
86     opls_145    35.527100   11.120440    2.560640
87     opls_700    35.810860   12.383100    2.058640
88     opls_716    37.098840   12.588460    1.442660
89     opls_716    38.046410   11.499690    1.367550
90     opls_700    37.708950   10.201970    1.902990
91     opls_700    38.678700    9.095230    1.807740
92     opls_700    34.846580   13.496140    2.126280
93     opls_145    40.045340    9.292950    2.081870
94     opls_145    40.949770    8.232490    1.991920
95     opls_145    40.511940    6.941510    1.622380
96     opls_145    39.136080    6.741550    1.383430
97     opls_145    38.237370    7.805610    1.460210
98     opls_145    33.491520   13.262480    1.844950
99     opls_145    32.554510   14.295530    1.918180
100    opls_145    32.954130   15.600880    2.279460
101    opls_145    34.320700   15.839030    2.535460
102    opls_145    35.252490   14.801490    2.475440
103    opls_142    42.620400    5.899930    1.187220
104    opls_700    27.300020   21.235240    2.609920
105    opls_700    25.915330   21.230750    2.265980
106    opls_145    25.187800   20.022900    2.060740
107    opls_700    28.170720   24.917190    2.634640
108    opls_145    27.839510   26.087740    3.337300
109    opls_145    28.682870   27.202120    3.326530
110    opls_700    29.916770   27.163030    2.652500
111    opls_145    30.272430   25.977650    1.979960
112    opls_145    29.410740   24.881240    1.958140
113    opls_142    30.810640   28.337620    2.662970
114    opls_700     1.558820    1.236600    2.260610
115    opls_145     0.830060    2.444000    2.058110
116    opls_700     2.945000    1.232110    2.599140
117    opls_700     3.813380    2.451640    2.625310
118    opls_145     5.051700    2.422880    1.945830
119    opls_145     5.904510    3.526480    1.960610
120    opls_700     5.540760    4.711850    2.629530
121    opls_145     4.311490    4.740610    3.312360
122    opls_145     3.477450    3.619940    3.329720
123    opls_145    12.577440   10.048300    1.324440
124    opls_145    13.509780   11.120440    1.247850
125    opls_700    13.226030   12.383100    1.749850
126    opls_716    11.938050   12.588460    2.365830
127    opls_716    10.990480   11.499690    2.440940
128    opls_700    11.327930   10.201970    1.905500
129    opls_700    10.358180    9.095230    2.000750
130    opls_700    14.190300   13.496140    1.682210
131    opls_145     8.991540    9.292950    1.726620
132    opls_145     8.087110    8.232490    1.816570
133    opls_145     8.524940    6.941510    2.186110
134    opls_145     9.900800    6.741550    2.425060
135    opls_145    10.799520    7.805610    2.348280
136    opls_145    15.545370   13.262480    1.963540
137    opls_145    16.482380   14.295530    1.890310
138    opls_145    16.082760   15.600880    1.529030
139    opls_145    14.716180   15.839030    1.273030
140    opls_145    13.784390   14.801490    1.333050
141    opls_142     6.416480    5.899930    2.621270
142    opls_700    21.736860   21.235240    1.198570
143    opls_700    23.121550   21.230750    1.542510
144    opls_145    23.849080   20.022900    1.747750
145    opls_700    20.866160   24.917190    1.173850
146    opls_145    21.197370   26.087740    0.471190
147    opls_145    20.354010   27.202120    0.481960
148    opls_700    19.120110   27.163030    1.155990
149    opls_145    18.764450   25.977650    1.828530
150    opls_145    19.626140   24.881240    1.850350
151    opls_142    18.226250   28.337620    1.145520
152    opls_700     0.855970   44.934700    2.094020
153    opls_145     3.577470   44.934700    2.809410
154    opls_700    48.180910   44.934700    1.714470
155    opls_145    45.459420    0.000000    0.999080
156    opls_700    23.823140   22.467350    1.711540
157    opls_145    21.105940   22.467350    0.983470
158    opls_700    25.213740   22.467350    2.096950
159    opls_145    27.930940   22.467350    2.825020
160    opls_750     7.659530   39.109810    2.247580
161    opls_750    32.060530   28.238310    2.318610
162    opls_750    39.195200   11.784130    0.753320
163    opls_750    37.494920   13.735190    0.885970
164    opls_750    41.377350   39.109810    1.560910
165    opls_750    16.976350   28.238310    1.489880
166    opls_750     9.841680   11.784130    3.055170
167    opls_750    11.541970   13.735190    2.922520
168    opls_750    41.377350    5.824890    1.560910
169    opls_750    16.976350   16.696390    1.489880
170    opls_750     9.841680   33.150570    3.055170
171    opls_750    11.541970   31.199510    2.922520
172    opls_750     7.659530    5.824890    2.247580
173    opls_750    32.060530   16.696390    2.318610
174    opls_750    39.195200   33.150570    0.753320
175    opls_750    37.494920   31.199510    0.885970
176    opls_202    39.136730   13.494340    0.236930
177    opls_202     9.900150   13.494340    3.571560
178    opls_202     9.900150   31.440360    3.571560
179    opls_202    39.136730   31.440360    0.236930
180    opls_146     5.347390   43.393440    1.377230
181    opls_146     6.849150   41.459900    1.421400
182    opls_146     4.012470   39.300340    3.858800
183    opls_146     2.568320   41.271170    3.920460
184    opls_146    12.853870   35.843510    0.886080
185    opls_146    14.461570   33.995800    0.753130
186    opls_146     8.626410   34.665770    1.410550
187    opls_146     7.042310   36.528320    1.569210
188    opls_146    10.265260   39.182160    2.698350
189    opls_146    11.851150   37.302540    2.578350
190    opls_146    15.877370   32.666180    2.268030
191    opls_146    17.518830   30.846770    2.142620
192    opls_146    14.384220   28.094970    0.998090
193    opls_146    12.745740   29.925610    1.083550
194    opls_144     5.976670   38.078110    2.976330
195    opls_146    20.647520   16.838380   -0.066270
196    opls_146    17.817410   19.015920    2.362330
197    opls_146    19.334360   20.936420    2.419190
198    opls_144    18.655930   15.632780    0.797540
199    opls_146    25.666600   25.873400    2.152440
200    opls_146     1.308620   41.528650    2.147000
201    opls_146    22.108770   18.797080   -0.115780
202    opls_146    43.689490   43.393440    2.431260
203    opls_146    42.187730   41.459900    2.387090
204    opls_146    45.024410   39.300340   -0.050310
205    opls_146    46.468560   41.271170   -0.111970
206    opls_146    36.183010   35.843510    2.922410
207    opls_146    34.575320   33.995800    3.055360
208    opls_146    40.410470   34.665770    2.397940
209    opls_146    41.994570   36.528320    2.239280
210    opls_146    38.771620   39.182160    1.110140
211    opls_146    37.185730   37.302540    1.230140
212    opls_146    33.159510   32.666180    1.540460
213    opls_146    31.518050   30.846770    1.665870
214    opls_146    34.652660   28.094970    2.810400
215    opls_146    36.291140   29.925610    2.724940
216    opls_144    43.060210   38.078110    0.832160
217    opls_146    28.389360   16.838380    3.874760
218    opls_146    31.219480   19.015920    1.446160
219    opls_146    29.702520   20.936420    1.389300
220    opls_144    30.380950   15.632780    3.010950
221    opls_146    23.370280   25.873400    1.656050
222    opls_146    47.728270   41.528650    1.661490
223    opls_146    26.928110   18.797080    3.924270
224    opls_146    43.689490    1.541260    2.431260
225    opls_146    42.187730    3.474800    2.387090
226    opls_146    45.024410    5.634360   -0.050310
227    opls_146    46.468560    3.663530   -0.111970
228    opls_146    36.183010    9.091190    2.922410
229    opls_146    34.575320   10.938900    3.055360
230    opls_146    40.410470   10.268930    2.397940
231    opls_146    41.994570    8.406380    2.239280
232    opls_146    38.771620    5.752540    1.110140
233    opls_146    37.185730    7.632160    1.230140
234    opls_146    33.159510   12.268520    1.540460
235    opls_146    31.518050   14.087930    1.665870
236    opls_146    34.652660   16.839730    2.810400
237    opls_146    36.291140   15.009090    2.724940
238    opls_144    43.060210    6.856590    0.832160
239    opls_146    28.389360   28.096320    3.874760
240    opls_146    31.219480   25.918780    1.446160
241    opls_146    29.702520   23.998280    1.389300
242    opls_144    30.380950   29.301920    3.010950
243    opls_146    23.370280   19.061300    1.656050
244    opls_146    47.728270    3.406050    1.661490
245    opls_146    26.928110   26.137620    3.924270
246    opls_146     5.347390    1.541260    1.377230
247    opls_146     6.849150    3.474800    1.421400
248    opls_146     4.012470    5.634360    3.858800
249    opls_146     2.568320    3.663530    3.920460
250    opls_146    12.853870    9.091190    0.886080
251    opls_146    14.461570   10.938900    0.753130
252    opls_146     8.626410   10.268930    1.410550
253    opls_146     7.042310    8.406380    1.569210
254    opls_146    10.265260    5.752540    2.698350
255    opls_146    11.851150    7.632160    2.578350
256    opls_146    15.877370   12.268520    2.268030
257    opls_146    17.518830   14.087930    2.142620
258    opls_146    14.384220   16.839730    0.998090
259    opls_146    12.745740   15.009090    1.083550
260    opls_144     5.976670    6.856590    2.976330
261    opls_146    20.647520   28.096320   -0.066270
262    opls_146    17.817410   25.918780    2.362330
263    opls_146    19.334360   23.998280    2.419190
264    opls_144    18.655930   29.301920    0.797540
265    opls_146    25.666600   19.061300    2.152440
266    opls_146     1.308620    3.406050    2.147000
267    opls_146    22.108770   26.137620   -0.115780
268    opls_146     4.621630   44.934700    3.118730
269    opls_146    44.415250    0.000000    0.689760
270    opls_146    20.063290   22.467350    0.669080
271    opls_146    28.973590   22.467350    3.139410
