0      opls_642     1.462340    0.625210    8.386640
1      opls_642    14.133390    0.953820    8.386640
2      opls_642     7.513280   11.762960    8.386640
3      opls_642     6.240660   12.716780    4.186640
4      opls_642    -6.430390   12.388170    4.186640
5      opls_642     0.189720    1.579020    4.186640
6      opls_908     2.970200    2.736840    8.045520
7      opls_908    11.550730    1.203850    8.045520
8      opls_908     8.588070    9.401300    8.045520
9      opls_908     4.732800   10.605150    3.845520
10     opls_908    -3.847730   12.138140    3.845520
11     opls_908    -0.885070    3.940690    3.845520
12     opls_908     3.945550    3.321490    0.681490
13     opls_908    10.556730    1.756210    0.681490
14     opls_908     8.606720    8.264290    0.681490
15     opls_908     3.757450   10.020500    4.881490
16     opls_908    -2.853730   11.585780    4.881490
17     opls_908    -0.903720    5.077690    4.881490
18     opls_915     5.353280    1.229060    0.013440
19     opls_915    11.664960    4.021540    0.013440
20     opls_915     6.090760    8.091380    0.013440
21     opls_915     2.349720   12.112920    4.213440
22     opls_915    -3.961960    9.320450    4.213440
23     opls_915     1.612240    5.250610    4.213440
24     opls_908     4.051780    0.493920    0.410170
25     opls_908    12.952360    3.261980    0.410170
26     opls_908     6.104860    9.586080    0.410170
27     opls_908     3.651220   12.848070    4.610170
28     opls_908    -5.249360   10.080000    4.610170
29     opls_908     1.598140    3.755900    4.610170
30     opls_642     6.533380    3.546300    0.363130
31     opls_642     9.068130    3.884920    0.363130
32     opls_642     7.507500    5.910770    0.363130
33     opls_642     1.169620    9.795690    4.563130
34     opls_642    -1.365130    9.457070    4.563130
35     opls_642     0.195500    7.431220    4.563130
36     opls_135     6.544010    0.577710    0.740960
37     opls_135    11.633690    5.378420    0.740960
38     opls_135     4.931310    7.385860    0.740960
39     opls_135     1.158990   12.764280    4.940960
40     opls_135    -3.930690    7.963570    4.940960
41     opls_135     2.771690    5.956130    4.940960
42     opls_641     0.234630    1.452680    8.092730
43     opls_641     6.327630   12.818850    8.092730
44     opls_641    -6.562260   12.412450    8.092730
45     opls_641     7.468370   11.889310    3.892730
46     opls_641     1.375370    0.523140    3.892730
47     opls_641    14.265260    0.929540    3.892730
48     opls_901     2.828770    1.274830    8.384630
49     opls_901    12.887580    1.812380    8.384630
50     opls_901     7.392650   10.254780    8.384630
51     opls_901     4.874230   12.067160    4.184630
52     opls_901    -5.184580   11.529610    4.184630
53     opls_901     0.310350    3.087200    4.184630
54     opls_901     5.284950    2.694410    0.383120
55     opls_901    10.430090    3.229690    0.383120
56     opls_901     7.393960    7.417880    0.383120
57     opls_901     2.418050   10.647570    4.583120
58     opls_901    -2.727090   10.112290    4.583120
59     opls_901     0.309040    5.924110    4.583120
60     opls_641     7.884100    2.920160    0.088700
61     opls_641     8.935020    5.367750    0.088700
62     opls_641     6.289880    5.054080    0.088700
63     opls_641    -0.181100   10.421830    4.288700
64     opls_641    -1.232020    7.974240    4.288700
65     opls_641     1.413120    8.287910    4.288700
66     opls_140     3.398870    2.854380    6.995690
67     opls_140    11.234590    1.516320    6.995690
68     opls_140     8.475530    8.971290    6.995690
69     opls_140     4.304130   10.487600    2.795690
70     opls_140    -3.531590   11.825670    2.795690
71     opls_140    -0.772530    4.370700    2.795690
72     opls_140     1.968270    3.275190    8.120700
73     opls_140    11.585470    0.066980    8.120700
74     opls_140     9.555260    9.999820    8.120700
75     opls_140     5.734730   10.066800    3.920700
76     opls_140    -3.882470   13.275010    3.920700
77     opls_140    -1.852260    3.342170    3.920700
78     opls_140     3.609780    3.044370    1.735100
79     opls_140    10.964600    1.603970    1.735100
80     opls_140     8.534620    8.693640    1.735100
81     opls_140     4.093220   10.297610    5.935100
82     opls_140    -3.261600   11.738010    5.935100
83     opls_140    -0.831620    4.648350    5.935100
84     opls_140     3.985070    4.455160    0.568760
85     opls_140     9.555190    1.223590    0.568760
86     opls_140     9.568740    7.663240    0.568760
87     opls_140     3.717930    8.886830    4.768760
88     opls_140    -1.852190   12.118390    4.768760
89     opls_140    -1.865740    5.678750    4.768760
90     opls_140     5.500640    1.127800   -1.112410
91     opls_140    11.678980    4.199790   -1.112410
92     opls_140     5.929380    8.014400   -1.112410
93     opls_140     2.202360   12.214190    3.087590
94     opls_140    -3.975980    9.142200    3.087590
95     opls_140     1.773620    5.327590    3.087590
96     opls_140     4.031290    0.353300    1.541320
97     opls_140    13.084390    3.314550    1.541320
98     opls_140     5.993320    9.674140    1.541320
99     opls_140     3.671710   12.988690    5.741320
100    opls_140    -5.381390   10.027440    5.741320
101    opls_140     1.709680    3.667850    5.741320
102    opls_140     4.023660   -0.527940   -0.094500
103    opls_140    13.851380    3.748560   -0.094500
104    opls_140     5.233960   10.121370   -0.094500
105    opls_140     3.679340   13.869930    4.105500
106    opls_140    -6.148380    9.593420    4.105500
107    opls_140     2.469040    3.220620    4.105500
108    opls_140     7.402510    0.427610    0.005960
109    opls_140    11.334430    6.196950    0.005960
110    opls_140     4.372070    6.717420    0.005960
111    opls_140     0.300490   12.914380    4.205960
112    opls_140    -3.631430    7.145030    4.205960
113    opls_140     3.330930    6.624560    4.205960
114    opls_140     6.224950   -0.431750    1.163740
115    opls_140    12.667430    5.606840    1.163740
116    opls_140     4.216620    8.166900    1.163740
117    opls_140     1.478050   13.773730    5.363740
118    opls_140    -4.964430    7.735150    5.363740
119    opls_140     3.486380    5.175090    5.363740
120    opls_140     6.886170    1.254950    1.591720
121    opls_140    10.876100    5.336130    1.591720
122    opls_140     5.346730    6.750910    1.591720
123    opls_140     0.816830   12.087040    5.791720
124    opls_140    -3.173100    8.005860    5.791720
125    opls_140     2.356270    6.591080    5.791720
