0      opls_567    -0.622600   21.964210    0.000000
1      opls_700    -1.396590   20.819580    0.000000
2      opls_567     2.747390   18.697030    0.000000
3      opls_716     1.442390   18.358300    0.000000
4      opls_142     3.839240   17.842280    0.000000
5      opls_145     7.336020   18.143990    0.000000
6      opls_145     6.091530   17.534350    0.000000
7      opls_145     6.001200   16.145550    0.000000
8      opls_145     7.125020   15.396560    0.000000
9      opls_700     8.387820   15.971990    0.000000
10     opls_145     8.469350   17.364840    0.000000
11     opls_567    -0.752260   19.582870    0.000000
12     opls_700     0.626020   19.484900    0.000000
13     opls_567     0.392200   24.134970    0.000000
14     opls_716     1.338050   23.174160    0.000000
15     opls_142     0.586510   25.507910    0.000000
16     opls_145    -1.423170   28.385350    0.000000
17     opls_145    -0.272960   27.612410    0.000000
18     opls_145     0.974940   28.228590    0.000000
19     opls_145     1.061680   29.576330    0.000000
20     opls_700    -0.068060   30.382240    0.000000
21     opls_145    -1.315060   29.756420    0.000000
22     opls_567     1.374860   20.661250    0.000000
23     opls_700     0.770580   21.903870    0.000000
24     opls_567    -3.139600   19.376340    0.000000
25     opls_716    -2.780440   20.675870    0.000000
26     opls_142    -4.425750   18.858150    0.000000
27     opls_145    -5.912850   15.678990    0.000000
28     opls_145    -5.818570   17.061570    0.000000
29     opls_145    -6.976140   17.834200    0.000000
30     opls_145    -8.186690   17.235440    0.000000
31     opls_700    -8.319760   15.854110    0.000000
32     opls_145    -7.154290   15.087080    0.000000
33     opls_567    18.580600    9.139960    0.000000
34     opls_700    19.354590   10.284590    0.000000
35     opls_567    15.210610   12.407140    0.000000
36     opls_716    16.515610   12.745870    0.000000
37     opls_142    14.118760   13.261880    0.000000
38     opls_145    10.621980   12.960170    0.000000
39     opls_145    11.866470   13.569820    0.000000
40     opls_145    11.956800   14.958620    0.000000
41     opls_145    10.832980   15.707610    0.000000
42     opls_700     9.570180   15.132180    0.000000
43     opls_145     9.488650   13.739330    0.000000
44     opls_567    18.710260   11.521300    0.000000
45     opls_700    17.331980   11.619270    0.000000
46     opls_567    17.565800    6.969200    0.000000
47     opls_716    16.619950    7.930010    0.000000
48     opls_142    17.371490    5.596260    0.000000
49     opls_145    19.381170    2.718820    0.000000
50     opls_145    18.230960    3.491750    0.000000
51     opls_145    16.983060    2.875580    0.000000
52     opls_145    16.896320    1.527840    0.000000
53     opls_700    18.026060    0.721930    0.000000
54     opls_145    19.273060    1.347740    0.000000
55     opls_567    16.583140   10.442910    0.000000
56     opls_700    17.187420    9.200300    0.000000
57     opls_567    21.097600   11.727830    0.000000
58     opls_716    20.738440   10.428290    0.000000
59     opls_142    22.383750   12.246020    0.000000
60     opls_145    23.870850   15.425180    0.000000
61     opls_145    23.776570   14.042600    0.000000
62     opls_145    24.934140   13.269970    0.000000
63     opls_145    26.144690   13.868730    0.000000
64     opls_700    26.277760   15.250060    0.000000
65     opls_145    25.112290   16.017090    0.000000
66     opls_633     3.039210   20.375100    0.000000
67     opls_633    -1.206960   23.548650    0.000000
68     opls_633    -1.832250   18.284590    0.000000
69     opls_633    14.918790   10.729070    0.000000
70     opls_633    19.164960    7.555510    0.000000
71     opls_633    19.790250   12.819580    0.000000
72     opls_750     5.005070   18.346170    0.000000
73     opls_750    -0.432790   26.265600    0.000000
74     opls_750    -4.572290   17.596560    0.000000
75     opls_750    12.952930   12.758000    0.000000
76     opls_750    18.390790    4.838560    0.000000
77     opls_750    22.530290   13.507610    0.000000
78     opls_570     1.107110   17.345240    0.000000
79     opls_144     3.607220   16.789100    0.000000
80     opls_146     7.391690   19.200290    0.000000
81     opls_146     5.058770   15.641040    0.000000
82     opls_146     7.023910   14.335600    0.000000
83     opls_146     9.418610   17.854410    0.000000
84     opls_570     2.383030   23.390330    0.000000
85     opls_144     1.614600   25.833570    0.000000
86     opls_146    -2.365790   27.905420    0.000000
87     opls_146     1.883080   27.664670    0.000000
88     opls_146     2.031050   30.019260    0.000000
89     opls_146    -2.213680   30.333720    0.000000
90     opls_570    -3.490140   21.472760    0.000000
91     opls_144    -5.221830   19.585670    0.000000
92     opls_146    -5.025910   15.102630    0.000000
93     opls_146    -6.941840   18.902630    0.000000
94     opls_146    -9.054960   17.853480    0.000000
95     opls_146    -7.204930   14.020200    0.000000
96     opls_570    16.850890   13.758930    0.000000
97     opls_144    14.350780   14.315070    0.000000
98     opls_146    10.566310   11.903880    0.000000
99     opls_146    12.899230   15.463130    0.000000
100    opls_146    10.934090   16.768570    0.000000
101    opls_146     8.539390   13.249750    0.000000
102    opls_570    15.574970    7.713830    0.000000
103    opls_144    16.343400    5.270600    0.000000
104    opls_146    20.323790    3.198750    0.000000
105    opls_146    16.074920    3.439500    0.000000
106    opls_146    15.926950    1.084910    0.000000
107    opls_146    20.171680    0.770450    0.000000
108    opls_570    21.448140    9.631410    0.000000
109    opls_144    23.179830   11.518500    0.000000
110    opls_146    22.983910   16.001540    0.000000
111    opls_146    24.899840   12.201540    0.000000
112    opls_146    27.012960   13.250690    0.000000
113    opls_146    25.162930   17.083960    0.000000
