0      opls_146     0.487260   14.360280    0.000000
1      opls_144     3.475370   16.711250    0.000000
2      opls_146     5.263530   16.027020    0.000000
3      opls_146     7.466650   14.904690    0.000000
4      opls_146     5.493340   11.076180    0.000000
5      opls_146     1.855790   18.444760    0.000000
6      opls_144    -1.665110   19.846720    0.000000
7      opls_146    -1.966770   21.737680    0.000000
8      opls_146    -2.096220   24.206550    0.000000
9      opls_146     2.206030   24.411870    0.000000
10     opls_146    -2.356570   17.577380    0.000000
11     opls_144    -1.810260   13.827210    0.000000
12     opls_146    -3.297190   12.620730    0.000000
13     opls_146    -5.370430   11.273940    0.000000
14     opls_146    -7.699370   14.897140    0.000000
15     opls_146    14.057690   10.832310    0.000000
16     opls_144    11.069580    8.481340    0.000000
17     opls_146     9.281420    9.165570    0.000000
18     opls_146     7.078300   10.287900    0.000000
19     opls_146     9.051610   14.116420    0.000000
20     opls_146    12.689160    6.747840    0.000000
21     opls_144    16.210060    5.345870    0.000000
22     opls_146    16.511720    3.454910    0.000000
23     opls_146    16.641170    0.986040    0.000000
24     opls_146    12.338920    0.780720    0.000000
25     opls_146    16.901520    7.615220    0.000000
26     opls_144    16.355210   11.365390    0.000000
27     opls_146    17.842140   12.571860    0.000000
28     opls_146    19.915380   13.918660    0.000000
29     opls_146    22.244320   10.295460    0.000000
30     opls_146     3.323960   12.191450    0.000000
31     opls_146    -5.628750   16.219240    0.000000
32     opls_146    11.231760   12.984510    0.000000
33     opls_146    12.220090    3.217090    0.000000
34     opls_146    20.193770    8.974360    0.000000
35     opls_145     0.266750   15.478830    0.000000
36     opls_142     2.634960   15.940860    0.000000
37     opls_145     4.179640   14.162270    0.000000
38     opls_145     5.315160   14.888070    0.000000
39     opls_145     6.512070   14.281680    0.000000
40     opls_145     6.623040   12.926070    0.000000
41     opls_145     5.463670   12.215890    0.000000
42     opls_145     4.270400   12.827060    0.000000
43     opls_145     1.282720   16.366870    0.000000
44     opls_145     1.006510   17.684190    0.000000
45     opls_142    -0.577730   19.504110    0.000000
46     opls_145     0.190250   21.731130    0.000000
47     opls_145    -1.006070   22.351620    0.000000
48     opls_145    -1.079380   23.691370    0.000000
49     opls_145     0.039130   24.465280    0.000000
50     opls_145     1.233850   23.816320    0.000000
51     opls_145     1.301190   22.477330    0.000000
52     opls_145    -0.270540   18.120020    0.000000
53     opls_145    -1.273260   17.222160    0.000000
54     opls_142    -2.057240   14.940210    0.000000
55     opls_145    -4.369880   14.491790    0.000000
56     opls_145    -4.309090   13.145490    0.000000
57     opls_145    -5.432680   12.412140    0.000000
58     opls_145    -6.662170   12.993840    0.000000
59     opls_145    -6.697510   14.352980    0.000000
60     opls_145    -5.571590   15.080790    0.000000
61     opls_145    -1.012180   15.898290    0.000000
62     opls_145    14.278200    9.713760    0.000000
63     opls_142    11.909990    9.251730    0.000000
64     opls_145    10.365310   11.030320    0.000000
65     opls_145     9.229790   10.304530    0.000000
66     opls_145     8.032880   10.910910    0.000000
67     opls_145     7.921910   12.266530    0.000000
68     opls_145     9.081280   12.976700    0.000000
69     opls_145    10.274550   12.365530    0.000000
70     opls_145    13.262230    8.825720    0.000000
71     opls_145    13.538440    7.508400    0.000000
72     opls_142    15.122680    5.688490    0.000000
73     opls_145    14.354700    3.461460    0.000000
74     opls_145    15.551020    2.840970    0.000000
75     opls_145    15.624330    1.501230    0.000000
76     opls_145    14.505820    0.727310    0.000000
77     opls_145    13.311100    1.376270    0.000000
78     opls_145    13.243760    2.715260    0.000000
79     opls_145    14.815490    7.072570    0.000000
80     opls_145    15.818210    7.970430    0.000000
81     opls_142    16.602190   10.252380    0.000000
82     opls_145    18.914830   10.700810    0.000000
83     opls_145    18.854040   12.047100    0.000000
84     opls_145    19.977630   12.780450    0.000000
85     opls_145    21.207120   12.198760    0.000000
86     opls_145    21.242460   10.839620    0.000000
87     opls_145    20.116540   10.111800    0.000000
88     opls_145    15.557130    9.294300    0.000000
89     opls_750     2.919030   14.725830    0.000000
90     opls_750     0.332500   20.357630    0.000000
91     opls_750    -3.251520   15.301730    0.000000
92     opls_750    11.625920   10.466770    0.000000
93     opls_750    14.212450    4.834960    0.000000
94     opls_750    17.796470    9.890860    0.000000
95     opls_494     3.648600   22.796520    0.992900
96     opls_494     3.648600   22.796520    4.627800
97     opls_494     3.113490   19.788780    0.000000
98     opls_474     2.855610   21.550000    0.000000
