0      opls_531    -8.122190   15.112690    1.680000
1      opls_700    -6.935030   14.228950    1.680000
2      opls_145    -5.972050   12.002290    1.680000
3      opls_523    -5.638720   14.773540    1.680000
4      opls_523    -7.084940   12.830850    1.680000
5      opls_700    -4.525650   13.944980    1.680000
6      opls_523    -3.562760   11.718470    1.680000
7      opls_145    -3.229430   14.489720    1.680000
8      opls_700    -4.675650   12.547030    1.680000
9      opls_523    -2.116540   13.661160    1.680000
10     opls_531    -0.135130    9.275870    1.680000
11     opls_700    -0.306890    7.805900    1.680000
12     opls_531     0.153120    1.309860    1.680000
13     opls_700     0.324880    2.779840    1.680000
14     opls_145     1.771740    4.727140    1.680000
15     opls_523    -0.794900    3.630180    1.680000
16     opls_523     1.610630    3.349060    1.680000
17     opls_700    -0.633880    5.008410    1.680000
18     opls_523     0.812890    6.955550    1.680000
19     opls_145    -1.753750    5.858600    1.680000
20     opls_700     0.651780    5.577480    1.680000
21     opls_523    -1.592640    7.236670    1.680000
22     opls_531     1.214420   11.145260    1.680000
23     opls_700     2.573340   11.731510    1.680000
24     opls_531     7.969070   15.377900    1.680000
25     opls_700     6.610150   14.791660    1.680000
26     opls_145     4.200310   15.071030    1.680000
27     opls_523     6.433620   13.396740    1.680000
28     opls_523     5.474310   15.620540    1.680000
29     opls_700     5.159530   12.847060    1.680000
30     opls_523     2.749870   13.126430    1.680000
31     opls_145     4.983180   11.452140    1.680000
32     opls_700     4.023870   13.675940    1.680000
33     opls_523     3.709180   10.902630    1.680000
34     opls_531    -1.079290   11.379320    1.680000
35     opls_700    -2.266450   12.263050    1.680000
36     opls_531    17.302190    0.787540    5.040000
37     opls_700    16.115030    1.671270    5.040000
38     opls_145    15.152050    3.897940    5.040000
39     opls_523    14.818720    1.126690    5.040000
40     opls_523    16.264940    3.069380    5.040000
41     opls_700    13.705650    1.955250    5.040000
42     opls_523    12.742760    4.181760    5.040000
43     opls_145    12.409430    1.410510    5.040000
44     opls_700    13.855650    3.353200    5.040000
45     opls_523    11.296540    2.239070    5.040000
46     opls_531     9.315130    6.624350    5.040000
47     opls_700     9.486890    8.094330    5.040000
48     opls_531     9.026880   14.590370    5.040000
49     opls_700     8.855120   13.120390    5.040000
50     opls_145     7.408260   11.173090    5.040000
51     opls_523     9.974900   12.270050    5.040000
52     opls_523     7.569370   12.551160    5.040000
53     opls_700     9.813880   10.891810    5.040000
54     opls_523     8.367110    8.944670    5.040000
55     opls_145    10.933750   10.041630    5.040000
56     opls_700     8.528220   10.322740    5.040000
57     opls_523    10.772640    8.663560    5.040000
58     opls_531     7.965580    4.754960    5.040000
59     opls_700     6.606660    4.168720    5.040000
60     opls_531     1.210930    0.522320    5.040000
61     opls_700     2.569850    1.108560    5.040000
62     opls_145     4.979690    0.829200    5.040000
63     opls_523     2.746380    2.503490    5.040000
64     opls_523     3.705690    0.279680    5.040000
65     opls_700     4.020470    3.053160    5.040000
66     opls_523     6.430130    2.773790    5.040000
67     opls_145     4.196820    4.448090    5.040000
68     opls_700     5.156130    2.224280    5.040000
69     opls_523     5.470820    4.997600    5.040000
70     opls_531    10.259290    4.520910    5.040000
71     opls_700    11.446450    3.637180    5.040000
72     opls_520     9.019990   14.531060    1.680000
73     opls_520    -1.247750   10.039720    1.680000
74     opls_520     1.265740    0.546010    1.680000
75     opls_520     1.109220    9.799790    1.680000
76     opls_520    17.254270    0.823150    1.680000
77     opls_520     0.138530   11.960950    1.680000
78     opls_520     0.160010    1.369170    5.040000
79     opls_520    10.427750    5.860510    5.040000
80     opls_520     7.914260   15.354210    5.040000
81     opls_520     8.070780    6.100440    5.040000
82     opls_520    -8.074270   15.077070    5.040000
83     opls_520     9.041470    3.939280    5.040000
84     opls_146    -6.104330   10.870030    1.680000
85     opls_526    -5.495420   15.904520    1.680000
86     opls_526    -8.127150   12.369260    1.680000
87     opls_526    -3.695230   10.586210    1.680000
88     opls_526    -1.069840   14.112720    1.680000
89     opls_146    -3.086320   15.620700    1.680000
90     opls_146     2.818440    5.178700    1.680000
91     opls_526    -1.846010    3.188790    1.680000
92     opls_526     2.531480    2.677280    1.680000
93     opls_526     1.859680    7.406960    1.680000
94     opls_526    -2.507060    7.917360    1.680000
95     opls_146    -2.804770    5.417050    1.680000
96     opls_146     3.285890   15.751720    1.680000
97     opls_526     7.341430   12.707140    1.680000
98     opls_526     5.595670   16.753910    1.680000
99     opls_526     1.835540   13.807280    1.680000
100    opls_526     3.576900    9.770370    1.680000
101    opls_146     5.891080   10.762700    1.680000
102    opls_146    15.284330    5.030200    5.040000
103    opls_526    14.675420   -0.004290    5.040000
104    opls_526    17.307150    3.530960    5.040000
105    opls_526    12.875230    5.314010    5.040000
106    opls_526    10.249840    1.787500    5.040000
107    opls_146    12.266320    0.279530    5.040000
108    opls_146     6.361560   10.721520    5.040000
109    opls_526    11.026010   12.711440    5.040000
110    opls_526     6.648520   13.222950    5.040000
111    opls_526     7.320320    8.493260    5.040000
112    opls_526    11.687060    7.982870    5.040000
113    opls_146    11.984770   10.483180    5.040000
114    opls_146     5.894110    0.148510    5.040000
115    opls_526     1.838570    3.193080    5.040000
116    opls_526     3.584330   -0.853680    5.040000
117    opls_526     7.344460    2.092950    5.040000
118    opls_526     5.603100    6.129860    5.040000
119    opls_146     3.288920    5.137520    5.040000
