0      opls_145     2.500000   19.520750    9.062250
1      opls_145     2.500000   19.520750   15.937750
2      opls_145     2.500000    5.479000   15.937750
3      opls_145     2.500000    5.479000    9.062250
4      opls_145     2.500000   15.937750   19.521000
5      opls_145     2.500000   15.937750    5.479000
6      opls_145     2.500000    9.062000    5.479000
7      opls_145     2.500000    9.062000   19.521000
8      opls_145     2.500000   18.173750    9.501500
9      opls_145     2.500000   18.173750   15.498750
10     opls_145     2.500000    6.826000   15.498750
11     opls_145     2.500000    6.826000    9.501500
12     opls_145     2.500000   15.498500   18.173750
13     opls_145     2.500000   15.498500    6.826250
14     opls_145     2.500000    9.501250    6.826250
15     opls_145     2.500000    9.501250   18.173750
16     opls_145     2.500000   17.868750   10.883000
17     opls_145     2.500000   17.868750   14.117250
18     opls_145     2.500000    7.131000   14.117250
19     opls_145     2.500000    7.131000   10.883000
20     opls_145     2.500000   14.117000   17.869000
21     opls_145     2.500000   14.117000    7.131000
22     opls_145     2.500000   10.882750    7.131000
23     opls_145     2.500000   10.882750   17.869000
24     opls_700     2.500000   18.932500   11.803750
25     opls_700     2.500000   18.932500   13.196250
26     opls_700     2.500000    6.067250   13.196250
27     opls_700     2.500000    6.067250   11.803750
28     opls_700     2.500000   13.196000   18.932500
29     opls_700     2.500000   13.196000    6.067500
30     opls_700     2.500000   11.803750    6.067500
31     opls_700     2.500000   11.803750   18.932500
32     opls_700     2.500000   20.262500   11.368250
33     opls_700     2.500000   20.262500   13.631750
34     opls_700     2.500000    4.737250   13.631750
35     opls_700     2.500000    4.737250   11.368250
36     opls_700     2.500000   13.631750   20.262500
37     opls_700     2.500000   13.631750    4.737500
38     opls_700     2.500000   11.368000    4.737500
39     opls_700     2.500000   11.368000   20.262500
40     opls_145     2.500000   20.573000    9.998000
41     opls_145     2.500000   20.573000   15.002000
42     opls_145     2.500000    4.427000   15.002000
43     opls_145     2.500000    4.427000    9.998000
44     opls_145     2.500000   15.001750   20.573000
45     opls_145     2.500000   15.001750    4.427000
46     opls_145     2.500000    9.998000    4.427000
47     opls_145     2.500000    9.998000   20.573000
48     opls_261     2.500000   17.223000    8.620250
49     opls_261     2.500000   17.223000   16.379750
50     opls_261     2.500000    7.776750   16.379750
51     opls_261     2.500000    7.776750    8.620250
52     opls_261     2.500000   16.379750   17.223250
53     opls_261     2.500000   16.379750    7.777000
54     opls_261     2.500000    8.620250    7.777000
55     opls_261     2.500000    8.620250   17.223250
56     opls_701     2.500000   12.499750   21.192750
57     opls_701     2.500000   12.499750    3.807250
58     opls_701     2.500000    3.619750   12.500000
59     opls_701     2.500000   21.379500   12.500000
60     opls_136     1.479550   12.197500    2.537250
61     opls_136     3.520450   12.197500   22.462750
62     opls_136     1.479550   12.802250   22.462750
63     opls_136     3.520450   12.802250    2.537250
64     opls_136     1.457200    2.434500   12.835000
65     opls_136     3.542800    2.434500   12.165000
66     opls_136     1.456350   22.564750   12.169250
67     opls_136     3.543650   22.564750   12.830750
68     opls_297     0.901300   16.311750    0.809500
69     opls_297     4.592900   16.249500   23.693750
70     opls_297     0.303300   23.823000   16.340250
71     opls_297     4.664350    1.224000   16.342250
72     opls_146     2.500000   19.751000    7.945750
73     opls_146     2.500000   19.751000   17.054250
74     opls_146     2.500000    5.248750   17.054250
75     opls_146     2.500000    5.248750    7.945750
76     opls_146     2.500000   17.054250   19.751250
77     opls_146     2.500000   17.054250    5.248750
78     opls_146     2.500000    7.945500    5.248750
79     opls_146     2.500000    7.945500   19.751250
80     opls_146     2.500000   16.782000   11.226750
81     opls_146     2.500000   16.782000   13.773250
82     opls_146     2.500000    8.217750   13.773250
83     opls_146     2.500000    8.217750   11.226750
84     opls_146     2.500000   13.773250   16.782000
85     opls_146     2.500000   13.773250    8.218000
86     opls_146     2.500000   11.226750    8.218000
87     opls_146     2.500000   11.226750   16.782000
88     opls_146     2.500000   21.655000    9.639250
89     opls_146     2.500000   21.655000   15.360750
90     opls_146     2.510900    3.460250   15.335250
91     opls_146     2.489100    3.460250    9.664750
92     opls_146     2.510350   15.334500   21.540250
93     opls_146     2.489650   15.334500    3.459750
94     opls_146     2.510350    9.665250    3.459750
95     opls_146     2.489650    9.665250   21.540250
96     opls_140     0.813600   11.442250    2.921000
97     opls_140     4.186400   11.442250   22.079000
98     opls_140     1.041500   13.166500    2.370500
99     opls_140     3.958500   13.166500   22.629500
100    opls_140     1.041500   11.833250   22.629500
101    opls_140     3.958500   11.833250    2.370500
102    opls_140     0.813600   13.557500   22.079000
103    opls_140     4.186400   13.557500    2.921000
104    opls_140     1.019700    2.267750   11.868750
105    opls_140     3.980300    2.267750   13.131250
106    opls_140     0.814750    2.857500   13.592750
107    opls_140     4.185250    2.857500   11.407250
108    opls_140     1.022100   22.731750   13.137250
109    opls_140     3.977900   22.731750   11.862750
110    opls_140     0.813200   22.139750   11.413750
111    opls_140     4.186800   22.139750   13.586250
112    opls_310     1.246650   15.170500   24.165250
113    opls_310     1.552550   16.777000   23.929250
114    opls_140     0.556550   17.317000    1.058500
115    opls_140     1.920350   16.192500    1.176250
116    opls_140     0.262950   15.575250    1.300500
117    opls_140     3.894800   15.499000   24.068000
118    opls_140     4.724650   16.102000   22.622000
119    opls_140     4.181300   17.246750   23.860250
120    opls_310     4.194700   -0.195500   14.943250
121    opls_310     5.769200    0.243500   14.941250
122    opls_140     1.216550   23.977000   16.918000
123    opls_140     0.456000   22.986500   15.661750
124    opls_140    -0.518250   23.573000   17.014250
125    opls_140     3.753250    1.069000   16.923250
126    opls_140     4.508550    2.060750   15.665000
127    opls_140     5.488200    1.474000   17.013750
128    opls_180     1.720600   11.791500    1.130250
129    opls_180     3.279400   11.791500   23.869750
130    opls_180     1.720600   13.208500   23.869750
131    opls_180     3.279400   13.208500    1.130250
132    opls_180     1.716700    1.068750   13.244750
133    opls_180     3.283300    1.068750   11.755250
134    opls_180     1.713800   23.930500   11.758250
135    opls_180     3.286200   23.930500   13.241750
136    MOF2_B_3     2.500000   12.499750    0.000000
137    MOF2_B_3     2.500000   24.999750   12.500000
138    opls_309     0.904550   16.107250   24.350000
139    opls_309     4.982800    0.024000   15.547250
