0      opls_236    -7.398990   18.989630    3.538180
1      opls_236     5.521290   15.737370    3.538180
2      opls_236     1.877700   28.552790    3.538180
3      opls_236    25.666290   12.650260    3.538180
4      opls_236    12.746010   15.902530    3.538180
5      opls_236    16.389600    3.087100    3.538180
6      opls_145     8.090040   14.938770    3.432120
7      opls_145     1.284920   31.176680    3.432120
8      opls_145    -9.374960   17.164320    3.432120
9      opls_145    10.177260   16.701120    3.432120
10     opls_145    16.982380    0.463210    3.432120
11     opls_145    27.642260   14.475570    3.432120
12     opls_145     7.800500   16.265440    3.428310
13     opls_145     0.280770   30.262610    3.428310
14     opls_145    -8.081270   16.751740    3.428310
15     opls_145    10.466800   15.374460    3.428310
16     opls_145    17.986530    1.377280    3.428310
17     opls_145    26.348570   14.888150    3.428310
18     opls_145     8.825480   17.151670    3.369610
19     opls_145    -0.999220   30.707150    3.369610
20     opls_145    -7.826260   15.420970    3.369610
21     opls_145     9.441820   14.488220    3.369610
22     opls_145    19.266520    0.932740    3.369610
23     opls_145    26.093560   16.218920    3.369610
24     opls_235     6.414560   16.743510    3.343380
25     opls_235     0.559710   28.823310    3.343380
26     opls_235    -6.974270   17.712960    3.343380
27     opls_235    11.852740   14.896380    3.343380
28     opls_235    17.707590    2.816580    3.343380
29     opls_235    25.241570   13.926930    3.343380
30     opls_145     1.167830   21.838800    0.249120
31     opls_145    -1.229570   21.731860    0.249120
32     opls_145     0.061740   19.709120    0.249120
33     opls_145    17.099470    9.801090    0.249120
34     opls_145    19.496870    9.908030    0.249120
35     opls_145    18.205560   11.930770    0.249120
36     opls_145    -0.015160   22.501970    0.251440
37     opls_145    -1.212400   20.375770    0.251440
38     opls_145     1.227560   20.402030    0.251440
39     opls_145    18.282460    9.137920    0.251440
40     opls_145    19.479700   11.264120    0.251440
41     opls_145    17.039740   11.237860    0.251440
42     opls_916    23.031050   13.472900    0.281230
43     opls_916    13.351200   13.209020    0.281230
44     opls_916    18.419650    4.957970    0.281230
45     opls_916    -4.763750   18.166990    0.281230
46     opls_916     4.916100   18.430870    0.281230
47     opls_916    -0.152350   26.681920    0.281230
48     opls_700    20.710920   12.026010    0.260440
49     opls_700    15.764310   11.923180    0.260440
50     opls_700    18.326670    7.690710    0.260440
51     opls_700    -2.443620   19.613890    0.260440
52     opls_700     2.502990   19.716710    0.260440
53     opls_700    -0.059370   23.949180    0.260440
54     opls_145    23.005110   12.221220    0.860730
55     opls_145    14.448160   13.812390    0.860730
56     opls_145    17.348640    5.606270    0.860730
57     opls_145    -4.737810   19.418670    0.860730
58     opls_145     3.819140   17.827500    0.860730
59     opls_145     0.918660   26.033620    0.860730
60     opls_145    21.899570   14.006980    3.756850
61     opls_145    13.454410   11.962090    3.756850
62     opls_145    19.447920    5.670820    3.756850
63     opls_145    -3.632270   17.632910    3.756850
64     opls_145     4.812890   19.677800    3.756850
65     opls_145    -1.180620   25.969070    3.756850
66     opls_145    21.854630   11.511230    0.870460
67     opls_145    15.638270   13.171050    0.870460
68     opls_145    17.309000    6.957610    0.870460
69     opls_145    -3.587330   20.128670    0.870460
70     opls_145     2.629030   18.468840    0.870460
71     opls_145     0.958300   24.682280    0.870460
72     opls_145    20.756950   13.284640    3.720450
73     opls_145    14.651290   11.333730    3.720450
74     opls_145    19.393660    7.021520    3.720450
75     opls_145    -2.489650   18.355250    3.720450
76     opls_145     3.616010   20.306170    3.720450
77     opls_145    -1.126360   24.618370    3.720450
78     opls_238     6.143480   17.798390    0.310910
79     opls_238    -0.218290   28.061100    0.310910
80     opls_238    -5.925180   17.420290    0.310910
81     opls_238    12.123820   13.841500    0.310910
82     opls_238    18.485590    3.578790    0.310910
83     opls_238    24.192480   14.219600    0.310910
84     opls_146     7.331220   14.217390    3.420970
85     opls_146     2.289080   30.880220    3.420970
86     opls_146    -9.620290   18.182180    3.420970
87     opls_146    10.936080   17.422510    3.420970
88     opls_146    15.978220    0.759670    3.420970
89     opls_146    27.887590   13.457710    3.420970
90     opls_146     8.643170   18.178700    3.267280
91     opls_146    -1.797500   30.035750    3.267280
92     opls_146    -6.845670   15.065330    3.267280
93     opls_146     9.624130   13.461190    3.267280
94     opls_146    20.064800    1.604140    3.267280
95     opls_146    25.112970   16.574560    3.267280
96     opls_241     6.909060   18.327090    0.755810
97     opls_241    -1.058960   28.459770    0.755810
98     opls_241    -5.850100   16.492930    0.755810
99     opls_241    11.358240   13.312800    0.755810
100    opls_241    19.326260    3.180130    0.755810
101    opls_241    24.117400   15.146970    0.755810
102    opls_146     2.060000   22.379210    0.245310
103    opls_146    -2.143670   22.234300    0.245310
104    opls_146     0.083660   18.666270    0.245310
105    opls_146    16.207300    9.260680    0.245310
106    opls_146    20.410970    9.405590    0.245310
107    opls_146    18.183640   12.973620    0.245310
108    opls_146    23.866230   11.809270    1.345960
109    opls_146    14.374360   14.764120    1.345960
110    opls_146    16.561320    5.066500    1.345960
111    opls_146    -5.598930   19.830620    1.345960
112    opls_146     3.892940   16.875770    1.345960
113    opls_146     1.705980   26.573400    1.345960
114    opls_146    21.913090   14.972630    3.297890
115    opls_146    12.611380   11.490980    3.297890
116    opls_146    20.277430    5.176290    3.297890
117    opls_146    -3.645790   16.667260    3.297890
118    opls_146     5.655920   20.148920    3.297890
119    opls_146    -2.010130   26.463610    3.297890
120    opls_146    21.863950   10.574370    1.394650
121    opls_146    16.444950   13.647550    1.394650
122    opls_146    16.493000    7.417970    1.394650
123    opls_146    -3.596650   21.065520    1.394650
124    opls_146     1.822350   17.992340    1.394650
125    opls_146     1.774300   24.221920    1.394650
126    opls_146    19.923960   13.710510    3.193620
127    opls_146    14.698970   10.399400    3.193620
128    opls_146    20.178970    7.529980    3.193620
129    opls_146    -1.656660   17.929380    3.193620
130    opls_146     3.568330   21.240490    3.193620
131    opls_146    -1.911670   24.109910    3.193620
