0      opls_145    13.486420   36.530890    2.153720
1      opls_145    14.041960   35.487200    1.601430
2      opls_145    13.214180   34.351780    1.729590
3      opls_145    11.801470   34.235780    2.410990
4      opls_145    11.235660   35.265480    2.964620
5      opls_145    12.070350   36.397180    2.843450
6      opls_142     7.730860   27.634010    2.350170
7      opls_716    16.521140   36.698860    2.106530
8      opls_716    21.207100    0.469330    1.925910
9      opls_716     2.630380   23.147030    1.949120
10     opls_716     1.339720   22.668470    1.877600
11     opls_716     6.581890   20.625860    1.981650
12     opls_716     6.629360   19.336100    1.990190
13     opls_142    27.666980    9.495990    2.381140
14     opls_141     5.030500   17.547480    1.776400
15     opls_507     3.720160   17.040480    1.724290
16     opls_507     5.385140   18.846610    1.849520
17     opls_507     5.312860   20.884250    1.828680
18     opls_716     3.348480   15.727150    1.576330
19     opls_716     2.050310   15.612750    1.584910
20     opls_507     1.583650   16.854040    1.731670
21     opls_141     0.235770   17.167920    1.798570
22     opls_141     4.813660   22.112470    1.787180
23     opls_141     0.010710   18.465940    1.710790
24     opls_145     5.683780   23.278030    1.876910
25     opls_543     3.470720   22.201900    1.663680
26     opls_261    -1.201760   18.981990    2.163690
27     opls_142    -0.835870   20.296340    2.052090
28     opls_141     0.570950   20.480480    1.516840
29     opls_543     1.504130   21.483110    1.507520
30     opls_700     6.099830   16.666540    1.730930
31     opls_145     7.424360   17.083870    0.690590
32     opls_145     8.428000   16.267250    0.647790
33     opls_145     8.125030   15.013900    1.633790
34     opls_145     6.802380   14.584450    2.672100
35     opls_145     5.802990   15.406170    2.721760
36     opls_145     5.099830   24.332450    2.364620
37     opls_145     5.908550   25.434860    2.388650
38     opls_145     7.332060   25.507870    1.921380
39     opls_145     7.927190   24.469640    1.432290
40     opls_145     7.112130   23.372020    1.405850
41     opls_145     8.654160   28.766980    2.312550
42     opls_145    10.066380   28.771490    1.808410
43     opls_166    10.974040   29.852170    1.728730
44     opls_145    10.441980   30.942220    2.166270
45     opls_145     9.029740   30.936940    2.675170
46     opls_166     8.121800   29.854770    2.757390
47     opls_142    11.369860   32.089180    2.071850
48     opls_141    17.404480    5.468610    2.355350
49     opls_507    17.069400    4.180850    2.231280
50     opls_543    18.724390    5.993940    2.360700
51     opls_716    19.049860    7.220120    2.565940
52     opls_716    20.422290    7.370850    2.457410
53     opls_543    20.893250    6.234490    2.181720
54     opls_716    15.739570    3.637300    2.147470
55     opls_716    15.816720    2.420640    2.056840
56     opls_507    17.198090    2.178970    2.074740
57     opls_141    17.735050    0.982390    2.005110
58     opls_141    22.271250    5.958100    2.006190
59     opls_543    19.145680    0.969440    1.799740
60     opls_145    23.370860    6.939200    2.082030
61     opls_543    22.573690    4.728880    1.761560
62     opls_543    21.197610    1.788010    1.499930
63     opls_716    23.699100    4.101110    1.898870
64     opls_716    23.391320    2.835920    1.754010
65     opls_543    22.116760    2.801290    1.493330
66     opls_700    16.310400    6.324150    2.459310
67     opls_145    16.575110    7.590640    1.489320
68     opls_145    15.557190    8.391870    1.578050
69     opls_145    14.246260    7.936200    2.634190
70     opls_145    13.973700    6.675260    3.599560
71     opls_145    14.997450    5.878030    3.517550
72     opls_145    24.573990    6.568170    2.420140
73     opls_145    25.617080    7.481700    2.429370
74     opls_145    25.479380    8.798650    2.097990
75     opls_145    24.291780    9.182930    1.758410
76     opls_145    23.254450    8.263900    1.745770
77     opls_261    13.356840    9.917900    1.913880
78     opls_145    28.726330   10.519090    2.335760
79     opls_145    28.519480   11.815320    1.968960
80     opls_166    29.526270   12.815890    1.883550
81     opls_145    30.759700   12.497020    2.173610
82     opls_145    30.965750   11.200390    2.545630
83     opls_166    29.957080   10.199430    2.634010
84     opls_700    12.240880   10.711910    2.038670
85     opls_142    10.931060   10.185660    3.039640
86     opls_261     9.847400   10.928100    3.178370
87     opls_700    10.096160   12.219410    2.287530
88     opls_142    11.406430   12.744550    1.287700
89     opls_261    12.489980   12.003210    1.149440
90     opls_261     8.983080   13.016810    2.400120
91     opls_418    13.916540   13.799110    3.603230
92     opls_418     8.420030    9.132930    0.724920
93     opls_181    28.066760   14.376180    1.231360
94     opls_181     6.232240   30.963480    3.698730
95     opls_181    12.862950   28.741980    0.789980
96     opls_181    31.412020    8.638330    3.296730
97     opls_142    31.834810   13.526030    2.068700
98     opls_145    34.041290   14.254130    2.262560
99     opls_145    35.211820   13.895820    2.675900
100    opls_145    -0.853980   14.836100    2.536350
101    opls_145    -0.918750   16.153920    1.967070
102    opls_145    35.036850   16.500820    1.554890
103    opls_145    33.957550   15.566370    1.702590
104    opls_750    10.920060   33.097920    2.518620
105    opls_750     8.194130   26.625160    1.919360
106    opls_542    19.977420    2.064110    1.391310
107    opls_542     4.582790   19.786140    1.767560
108    opls_542     2.775980   21.238190    1.354510
109    opls_750    26.530440    9.763810    2.084140
110    opls_542     2.629040   17.679230    1.811690
111    opls_238     1.051530   19.393460    1.282220
112    opls_542    19.843440    5.392470    2.143020
113    opls_542    17.910110    3.270530    2.181550
114    opls_542    21.665150    3.935630    1.469740
115    opls_750    13.177040    8.730330    2.740910
116    opls_750     9.177120   14.201530    1.559940
117    opls_750    32.967690   13.270220    2.384850
118    opls_420    13.813740   12.511090    0.147960
119    opls_420     8.523210   10.420960    4.179240
120    opls_179    29.343640   14.125800    1.505410
121    opls_179    30.140110    8.889910    3.008920
122    opls_179     6.698640   29.826320    3.268220
123    opls_179    12.397230   29.881020    1.214360
124    opls_146     0.192170   14.564900    2.899400
125    opls_146    15.064110   35.581000    1.105400
126    opls_146    13.551980   33.349140    1.304950
127    opls_146    10.209970   35.159620    3.450650
128    opls_146    11.742590   37.396780    3.282460
129    opls_144     6.659930   27.648280    2.740740
130    opls_545    19.516090    3.008440    1.034310
131    opls_547    22.116210   -0.186850    2.132630
132    opls_547     2.819930   24.235940    2.228690
133    opls_547     0.463630   23.350910    2.135470
134    opls_547     7.540360   21.232440    2.095440
135    opls_547     7.630650   18.803340    2.105620
136    opls_545     3.253210   20.302390    0.995180
137    opls_144    27.937380    8.436460    2.703850
138    opls_547     4.144230   14.918330    1.467790
139    opls_547     1.567900   14.585540    1.477760
140    opls_144    -1.566830   21.118590    2.350210
141    opls_910     2.002240   19.004770    0.860850
142    opls_146     4.017760   24.272330    2.718650
143    opls_146     5.512190   26.423650    2.794140
144    opls_146     9.010400   24.544410    1.084950
145    opls_146     7.628760   22.455880    0.966670
146    opls_146    10.536640   27.807560    1.421680
147    opls_146     8.560230   31.900490    3.063530
148    opls_144    12.420430   32.080410    1.629770
149    opls_547    18.244040    7.992820    2.796770
150    opls_547    20.897370    8.395150    2.614900
151    opls_545    19.858080    4.298910    1.952660
152    opls_547    14.836780    4.333090    2.172010
153    opls_547    14.867580    1.793190    1.984110
154    opls_547    24.656890    4.685790    2.099280
155    opls_547    24.197050    2.037010    1.865260
156    opls_545    20.647410    4.316210    1.243650
157    opls_146    24.775470    5.484580    2.711530
158    opls_146    26.665410    7.146610    2.726460
159    opls_146    24.104690   10.270520    1.472450
160    opls_146    22.206630    8.591340    1.438500
161    opls_146    27.470230   12.171180    1.700050
162    opls_146    32.014560   10.844880    2.816530
163    opls_144    10.997820    9.188570    3.588040
164    opls_144    11.340460   13.741280    0.738640
165    opls_419    13.798770   13.550340    2.496920
166    opls_419    14.953950   14.234630    3.786430
167    opls_419     9.372520    8.934800    1.319190
168    opls_419     8.214610    8.251600    0.031490
169    opls_185    27.450050   13.431670    1.397700
170    opls_185    27.968990   14.707420    0.144860
171    opls_185     5.502610   30.775340    4.554100
172    opls_185     5.692300   31.498630    2.849310
173    opls_185    12.596750   28.608980   -0.310500
174    opls_185    12.403670   27.893760    1.397260
175    opls_185    32.054870    8.826190    2.374110
176    opls_185    31.520450    7.550490    3.620350
177    opls_144    31.588390   14.570900    1.684950
178    opls_146    35.363380   12.862590    3.132860
179    opls_146    34.874120   17.528240    1.088230
180    opls_146    32.908730   15.847390    1.355420
181    opls_547    16.379610   35.617570    2.438560
182    opls_146     7.387990   18.045360    0.079030
183    opls_146     9.324940   16.500780   -0.015660
184    opls_146     6.839630   13.615690    3.271710
185    opls_146     4.909240   15.177010    3.391510
186    opls_146    17.536980    7.651000    0.880520
187    opls_146    15.539400    9.359540    0.975770
188    opls_146    13.005730    6.614590    4.198650
189    opls_146    15.051150    4.908550    4.115140
190    opls_419    13.125220   14.561020    3.907820
191    opls_419     7.544290    9.263370    1.443030
192    opls_185    27.686320   15.203890    1.916550
193    opls_185     7.093500   31.611700    4.069630
194    opls_185    13.996470   28.725720    0.911490
195    opls_185    31.752610    9.322320    4.142790
