0      opls_750    22.986610    3.581010    4.384360
1      opls_520    20.846800    4.417560    7.179840
2      opls_750    10.970610   15.597010    0.142360
3      opls_520     8.830800   16.433560    2.937840
4      opls_750     1.045390   20.450990    4.384360
5      opls_520     3.185200   19.614440    7.179840
6      opls_750    13.061390    8.434990    0.142360
7      opls_520    15.201200    7.598440    2.937840
8      opls_750     3.581010    1.045390    4.099640
9      opls_520     4.417560    3.185200    1.304160
10     opls_750    15.597010   13.061390    8.341640
11     opls_520    16.433560   15.201200    5.546160
12     opls_750    20.450990   22.986610    4.099640
13     opls_520    19.614440   20.846800    1.304160
14     opls_750     8.434990   10.970610    8.341640
15     opls_520     7.598440    8.830800    5.546160
16     opls_750    13.061390    3.581010    1.978640
17     opls_520    15.201200    4.417560    7.667160
18     opls_750     1.045390   15.597010    6.220640
19     opls_520     3.185200   16.433560    3.425160
20     opls_750    10.970610   20.450990    1.978640
21     opls_520     8.830800   19.614440    7.667160
22     opls_750    22.986610    8.434990    6.220640
23     opls_520    20.846800    7.598440    3.425160
24     opls_750     8.434990    1.045390    2.263360
25     opls_520     7.598440    3.185200    5.058840
26     opls_750    20.450990   13.061390    6.505360
27     opls_520    19.614440   15.201200    0.816840
28     opls_750    15.597010   22.986610    2.263360
29     opls_520    16.433560   20.846800    5.058840
30     opls_750     3.581010   10.970610    6.505360
31     opls_520     4.417560    8.830800    0.816840
32     opls_700    23.638360    1.136230    0.963020
33     opls_145    22.434830    1.029770    1.692220
34     opls_145    22.172160    1.867050    2.775800
35     opls_145    23.116860    2.825920    3.172930
36     opls_145     0.268680    2.955940    2.446530
37     opls_145     0.536390    2.121060    1.361090
38     opls_142    21.908050    3.721600    5.097190
39     opls_521    21.952750    4.418760    6.388110
40     opls_522    23.124070    5.039510    6.839040
41     opls_523    23.137050    5.661460    8.083980
42     opls_700    21.982550    5.670590    0.399090
43     opls_521    20.833340    5.020040    8.398480
44     opls_700    11.622360   13.152230    5.205020
45     opls_145    10.418830   13.045770    5.934220
46     opls_145    10.156160   13.883050    7.017800
47     opls_145    11.100860   14.841920    7.414930
48     opls_145    12.284680   14.971940    6.688530
49     opls_145    12.552390   14.137060    5.603090
50     opls_142     9.892050   15.737600    0.855190
51     opls_521     9.936750   16.434760    2.146110
52     opls_522    11.108070   17.055510    2.597040
53     opls_523    11.121050   17.677460    3.841980
54     opls_700     9.966550   17.686590    4.641090
55     opls_521     8.817340   17.036040    4.156480
56     opls_700     0.393640   22.895770    0.963020
57     opls_145     1.597170   23.002230    1.692220
58     opls_145     1.859840   22.164950    2.775800
59     opls_145     0.915140   21.206080    3.172930
60     opls_145    23.763320   21.076060    2.446530
61     opls_145    23.495610   21.910940    1.361090
62     opls_142     2.123950   20.310400    5.097190
63     opls_521     2.079250   19.613240    6.388110
64     opls_522     0.907930   18.992490    6.839040
65     opls_523     0.894950   18.370540    8.083980
66     opls_700     2.049450   18.361410    0.399090
67     opls_521     3.198660   19.011960    8.398480
68     opls_700    12.409640   10.879770    5.205020
69     opls_145    13.613170   10.986230    5.934220
70     opls_145    13.875840   10.148950    7.017800
71     opls_145    12.931140    9.190080    7.414930
72     opls_145    11.747320    9.060060    6.688530
73     opls_145    11.479610    9.894940    5.603090
74     opls_142    14.139950    8.294400    0.855190
75     opls_521    14.095250    7.597240    2.146110
76     opls_522    12.923930    6.976490    2.597040
77     opls_523    12.910950    6.354540    3.841980
78     opls_700    14.065450    6.345410    4.641090
79     opls_521    15.214660    6.995960    4.156480
80     opls_700     1.136230    0.393640    7.520980
81     opls_145     1.029770    1.597170    6.791780
82     opls_145     1.867050    1.859840    5.708200
83     opls_145     2.825920    0.915140    5.311070
84     opls_145     2.955940   23.763320    6.037470
85     opls_145     2.121060   23.495610    7.122910
86     opls_142     3.721600    2.123950    3.386810
87     opls_521     4.418760    2.079250    2.095890
88     opls_522     5.039510    0.907930    1.644960
89     opls_523     5.661460    0.894950    0.400020
90     opls_700     5.670590    2.049450    8.084910
91     opls_521     5.020040    3.198660    0.085520
92     opls_700    13.152230   12.409640    3.278980
93     opls_145    13.045770   13.613170    2.549780
94     opls_145    13.883050   13.875840    1.466200
95     opls_145    14.841920   12.931140    1.069070
96     opls_145    14.971940   11.747320    1.795470
97     opls_145    14.137060   11.479610    2.880910
98     opls_142    15.737600   14.139950    7.628810
99     opls_521    16.434760   14.095250    6.337890
100    opls_522    17.055510   12.923930    5.886960
101    opls_523    17.677460   12.910950    4.642020
102    opls_700    17.686590   14.065450    3.842910
103    opls_521    17.036040   15.214660    4.327520
104    opls_700    22.895770   23.638360    7.520980
105    opls_145    23.002230   22.434830    6.791780
106    opls_145    22.164950   22.172160    5.708200
107    opls_145    21.206080   23.116860    5.311070
108    opls_145    21.076060    0.268680    6.037470
109    opls_145    21.910940    0.536390    7.122910
110    opls_142    20.310400   21.908050    3.386810
111    opls_521    19.613240   21.952750    2.095890
112    opls_522    18.992490   23.124070    1.644960
113    opls_523    18.370540   23.137050    0.400020
114    opls_700    18.361410   21.982550    8.084910
115    opls_521    19.011960   20.833340    0.085520
116    opls_700    10.879770   11.622360    3.278980
117    opls_145    10.986230   10.418830    2.549780
118    opls_145    10.148950   10.156160    1.466200
119    opls_145     9.190080   11.100860    1.069070
120    opls_145     9.060060   12.284680    1.795470
121    opls_145     9.894940   12.552390    2.880910
122    opls_142     8.294400    9.892050    7.628810
123    opls_521     7.597240    9.936750    6.337890
124    opls_522     6.976490   11.108070    5.886960
125    opls_523     6.354540   11.121050    4.642020
126    opls_700     6.345410    9.966550    3.842910
127    opls_521     6.995960    8.817340    4.327520
128    opls_700    12.409640    1.136230    5.399980
129    opls_145    13.613170    1.029770    4.670780
130    opls_145    13.875840    1.867050    3.587200
131    opls_145    12.931140    2.825920    3.190070
132    opls_145    11.747320    2.955940    3.916470
133    opls_145    11.479610    2.121060    5.001910
134    opls_142    14.139950    3.721600    1.265810
135    opls_521    14.095250    4.418760    8.458890
136    opls_522    12.923930    5.039510    8.007960
137    opls_523    12.910950    5.661460    6.763020
138    opls_700    14.065450    5.670590    5.963910
139    opls_521    15.214660    5.020040    6.448520
140    opls_700     0.393640   13.152230    1.157980
141    opls_145     1.597170   13.045770    0.428780
142    opls_145     1.859840   13.883050    7.829200
143    opls_145     0.915140   14.841920    7.432070
144    opls_145    23.763320   14.971940    8.158470
145    opls_145    23.495610   14.137060    0.759910
146    opls_142     2.123950   15.737600    5.507810
147    opls_521     2.079250   16.434760    4.216890
148    opls_522     0.907930   17.055510    3.765960
149    opls_523     0.894950   17.677460    2.521020
150    opls_700     2.049450   17.686590    1.721910
151    opls_521     3.198660   17.036040    2.206520
152    opls_700    11.622360   22.895770    5.399980
153    opls_145    10.418830   23.002230    4.670780
154    opls_145    10.156160   22.164950    3.587200
155    opls_145    11.100860   21.206080    3.190070
156    opls_145    12.284680   21.076060    3.916470
157    opls_145    12.552390   21.910940    5.001910
158    opls_142     9.892050   20.310400    1.265810
159    opls_521     9.936750   19.613240    8.458890
160    opls_522    11.108070   18.992490    8.007960
161    opls_523    11.121050   18.370540    6.763020
162    opls_700     9.966550   18.361410    5.963910
163    opls_521     8.817340   19.011960    6.448520
164    opls_700    23.638360   10.879770    1.157980
165    opls_145    22.434830   10.986230    0.428780
166    opls_145    22.172160   10.148950    7.829200
167    opls_145    23.116860    9.190080    7.432070
168    opls_145     0.268680    9.060060    8.158470
169    opls_145     0.536390    9.894940    0.759910
170    opls_142    21.908050    8.294400    5.507810
171    opls_521    21.952750    7.597240    4.216890
172    opls_522    23.124070    6.976490    3.765960
173    opls_523    23.137050    6.354540    2.521020
174    opls_700    21.982550    6.345410    1.721910
175    opls_521    20.833340    6.995960    2.206520
176    opls_700    10.879770    0.393640    7.326020
177    opls_145    10.986230    1.597170    8.055220
178    opls_145    10.148950    1.859840    0.654800
179    opls_145     9.190080    0.915140    1.051930
180    opls_145     9.060060   23.763320    0.325530
181    opls_145     9.894940   23.495610    7.724090
182    opls_142     8.294400    2.123950    2.976190
183    opls_521     7.597240    2.079250    4.267110
184    opls_522     6.976490    0.907930    4.718040
185    opls_523     6.354540    0.894950    5.962980
186    opls_700     6.345410    2.049450    6.762090
187    opls_521     6.995960    3.198660    6.277480
188    opls_700    22.895770   12.409640    3.084020
189    opls_145    23.002230   13.613170    3.813220
190    opls_145    22.164950   13.875840    4.896800
191    opls_145    21.206080   12.931140    5.293930
192    opls_145    21.076060   11.747320    4.567530
193    opls_145    21.910940   11.479610    3.482090
194    opls_142    20.310400   14.139950    7.218190
195    opls_521    19.613240   14.095250    0.025110
196    opls_522    18.992490   12.923930    0.476040
197    opls_523    18.370540   12.910950    1.720980
198    opls_700    18.361410   14.065450    2.520090
199    opls_521    19.011960   15.214660    2.035480
200    opls_700    13.152230   23.638360    7.326020
201    opls_145    13.045770   22.434830    8.055220
202    opls_145    13.883050   22.172160    0.654800
203    opls_145    14.841920   23.116860    1.051930
204    opls_145    14.971940    0.268680    0.325530
205    opls_145    14.137060    0.536390    7.724090
206    opls_142    15.737600   21.908050    2.976190
207    opls_521    16.434760   21.952750    4.267110
208    opls_522    17.055510   23.124070    4.718040
209    opls_523    17.677460   23.137050    5.962980
210    opls_700    17.686590   21.982550    6.762090
211    opls_521    17.036040   20.833340    6.277480
212    opls_700     1.136230   11.622360    3.084020
213    opls_145     1.029770   10.418830    3.813220
214    opls_145     1.867050   10.156160    4.896800
215    opls_145     2.825920   11.100860    5.293930
216    opls_145     2.955940   12.284680    4.567530
217    opls_145     2.121060   12.552390    3.482090
218    opls_142     3.721600    9.892050    7.218190
219    opls_521     4.418760    9.936750    0.025110
220    opls_522     5.039510   11.108070    0.476040
221    opls_523     5.661460   11.121050    1.720980
222    opls_700     5.670590    9.966550    2.520090
223    opls_521     5.020040    8.817340    2.035480
224    opls_701     0.000000    0.000000    0.000000
225    opls_701    12.016000   12.016000    4.242000
226    opls_701    12.016000    0.000000    6.363000
227    opls_701    24.032000   12.016000    2.121000
228    opls_146    21.728770    0.240080    1.468830
229    opls_146    21.268800    1.698820    3.339730
230    opls_146     1.014630    3.669930    2.767400
231    opls_146     1.509690    2.196770    0.894130
232    opls_144    20.961910    3.304640    4.786080
233    opls_525    24.017340    5.047440    6.228530
234    opls_526    24.042330    6.156280    8.406030
235    opls_524    19.931420    4.970780    8.994480
236    opls_146     9.712770   12.256080    5.710830
237    opls_146     9.252800   13.714820    7.581730
238    opls_146    13.030630   15.685930    7.009400
239    opls_146    13.525690   14.212770    5.136130
240    opls_144     8.945910   15.320640    0.544080
241    opls_525    12.001340   17.063440    1.986530
242    opls_526    12.026330   18.172280    4.164030
243    opls_524     7.915420   16.986780    4.752480
244    opls_146     2.303230   23.791920    1.468830
245    opls_146     2.763200   22.333180    3.339730
246    opls_146    23.017370   20.362070    2.767400
247    opls_146    22.522310   21.835230    0.894130
248    opls_144     3.070090   20.727360    4.786080
249    opls_525     0.014660   18.984560    6.228530
250    opls_526    -0.010330   17.875720    8.406030
251    opls_524     4.100580   19.061220    8.994480
252    opls_146    14.319230   11.775920    5.710830
253    opls_146    14.779200   10.317180    7.581730
254    opls_146    11.001370    8.346070    7.009400
255    opls_146    10.506310    9.819230    5.136130
256    opls_144    15.086090    8.711360    0.544080
257    opls_525    12.030660    6.968560    1.986530
258    opls_526    12.005670    5.859720    4.164030
259    opls_524    16.116580    7.045220    4.752480
260    opls_146     0.240080    2.303230    7.015170
261    opls_146     1.698820    2.763200    5.144270
262    opls_146     3.669930   23.017370    5.716600
263    opls_146     2.196770   22.522310    7.589870
264    opls_144     3.304640    3.070090    3.697920
265    opls_525     5.047440    0.014660    2.255470
266    opls_526     6.156280   -0.010330    0.077970
267    opls_524     4.970780    4.100580   -0.510480
268    opls_146    12.256080   14.319230    2.773170
269    opls_146    13.714820   14.779200    0.902270
270    opls_146    15.685930   11.001370    1.474600
271    opls_146    14.212770   10.506310    3.347870
272    opls_144    15.320640   15.086090    7.939920
273    opls_525    17.063440   12.030660    6.497470
274    opls_526    18.172280   12.005670    4.319970
275    opls_524    16.986780   16.116580    3.731520
276    opls_146    23.791920   21.728770    7.015170
277    opls_146    22.333180   21.268800    5.144270
278    opls_146    20.362070    1.014630    5.716600
279    opls_146    21.835230    1.509690    7.589870
280    opls_144    20.727360   20.961910    3.697920
281    opls_525    18.984560   24.017340    2.255470
282    opls_526    17.875720   24.042330    0.077970
283    opls_524    19.061220   19.931420   -0.510480
284    opls_146    11.775920    9.712770    2.773170
285    opls_146    10.317180    9.252800    0.902270
286    opls_146     8.346070   13.030630    1.474600
287    opls_146     9.819230   13.525690    3.347870
288    opls_144     8.711360    8.945910    7.939920
289    opls_525     6.968560   12.001340    6.497470
290    opls_526     5.859720   12.026330    4.319970
291    opls_524     7.045220    7.915420    3.731520
292    opls_146    14.319230    0.240080    4.894170
293    opls_146    14.779200    1.698820    3.023270
294    opls_146    11.001370    3.669930    3.595600
295    opls_146    10.506310    2.196770    5.468870
296    opls_144    15.086090    3.304640    1.576920
297    opls_525    12.030660    5.047440    8.618470
298    opls_526    12.005670    6.156280    6.440970
299    opls_524    16.116580    4.970780    5.852520
300    opls_146     2.303230   12.256080    0.652170
301    opls_146     2.763200   13.714820    7.265270
302    opls_146    23.017370   15.685930    7.837600
303    opls_146    22.522310   14.212770    1.226870
304    opls_144     3.070090   15.320640    5.818920
305    opls_525     0.014660   17.063440    4.376470
306    opls_526    -0.010330   18.172280    2.198970
307    opls_524     4.100580   16.986780    1.610520
308    opls_146     9.712770   23.791920    4.894170
309    opls_146     9.252800   22.333180    3.023270
310    opls_146    13.030630   20.362070    3.595600
311    opls_146    13.525690   21.835230    5.468870
312    opls_144     8.945910   20.727360    1.576920
313    opls_525    12.001340   18.984560    8.618470
314    opls_526    12.026330   17.875720    6.440970
315    opls_524     7.915420   19.061220    5.852520
316    opls_146    21.728770   11.775920    0.652170
317    opls_146    21.268800   10.317180    7.265270
318    opls_146     1.014630    8.346070    7.837600
319    opls_146     1.509690    9.819230    1.226870
320    opls_144    20.961910    8.711360    5.818920
321    opls_525    24.017340    6.968560    4.376470
322    opls_526    24.042330    5.859720    2.198970
323    opls_524    19.931420    7.045220    1.610520
324    opls_146    11.775920    2.303230    7.831830
325    opls_146    10.317180    2.763200    1.218730
326    opls_146     8.346070   23.017370    0.646400
327    opls_146     9.819230   22.522310    7.257130
328    opls_144     8.711360    3.070090    2.665080
329    opls_525     6.968560    0.014660    4.107530
330    opls_526     5.859720   -0.010330    6.285030
331    opls_524     7.045220    4.100580    6.873480
332    opls_146    23.791920   14.319230    3.589830
333    opls_146    22.333180   14.779200    5.460730
334    opls_146    20.362070   11.001370    4.888400
335    opls_146    21.835230   10.506310    3.015130
336    opls_144    20.727360   15.086090    6.907080
337    opls_525    18.984560   12.030660   -0.134470
338    opls_526    17.875720   12.005670    2.043030
339    opls_524    19.061220   16.116580    2.631480
340    opls_146    12.256080   21.728770    7.831830
341    opls_146    13.714820   21.268800    1.218730
342    opls_146    15.685930    1.014630    0.646400
343    opls_146    14.212770    1.509690    7.257130
344    opls_144    15.320640   20.961910    2.665080
345    opls_525    17.063440   24.017340    4.107530
346    opls_526    18.172280   24.042330    6.285030
347    opls_524    16.986780   19.931420    6.873480
348    opls_146     0.240080    9.712770    3.589830
349    opls_146     1.698820    9.252800    5.460730
350    opls_146     3.669930   13.030630    4.888400
351    opls_146     2.196770   13.525690    3.015130
352    opls_144     3.304640    8.945910    6.907080
353    opls_525     5.047440   12.001340   -0.134470
354    opls_526     6.156280   12.026330    2.043030
355    opls_524     4.970780    7.915420    2.631480
