0      opls_166    -2.600600   17.398180    6.797890
1      opls_166    -3.298780   16.178960    6.798230
2      opls_145    -2.639490   14.959290    6.798570
3      opls_700    -1.214690   14.966070    6.797210
4      opls_700    -0.500860   16.209700    6.797010
5      opls_145    -1.214690   17.444290    6.798030
6      opls_700    -0.480760   13.698480    6.796740
7      opls_700     0.952650   13.697580    6.799730
8      opls_700     1.682410   14.966070    6.799730
9      opls_700     0.965180   16.208350    6.796670
10     opls_145     3.106940   14.958840    0.001840
11     opls_166     3.762580   16.178510    6.798710
12     opls_166     3.061790   17.395920    6.794360
13     opls_145     1.676660   17.442490    6.793880
14     opls_145    -1.195380   12.466150    6.793880
15     opls_166    -0.463540   11.289880    6.794080
16     opls_166     0.941430   11.289430    6.798370
17     opls_145     1.670920   12.467060    0.001560
18     opls_145     0.217930    7.694600    6.794220
19     opls_145     6.529180   18.578070    6.794970
20     opls_145    -6.084430   18.555470    6.799730
21     opls_145    -1.008240    7.007460    6.789940
22     opls_145    -1.064100    5.616010    6.789460
23     opls_145     0.133630    4.866030    6.793610
24     opls_145     1.373380    5.544130    6.798300
25     opls_145     1.403660    6.937390    6.798500
26     opls_145     7.759270   17.895000    6.799390
27     opls_145     8.971090   18.581690    6.799390
28     opls_145     8.978400   19.994850    6.794830
29     opls_145     7.749870   20.692380    6.790550
30     opls_145     6.550320   19.983540    6.790820
31     opls_145    -6.153600   19.960040    6.799460
32     opls_145    -7.377160   20.629090    6.799520
33     opls_916    -8.584030   19.893130    6.799860
34     opls_145    -8.528700   18.480880    0.000270
35     opls_145    -7.292080   17.836230    0.000270
36     opls_234    11.500970   20.120070    6.797890
37     opls_234    10.337170   22.138540    6.791840
38     opls_145    25.974720   40.350440    6.792110
39     opls_145    24.742540   39.660140    6.787900
40     opls_145    24.727140   38.266420    6.788030
41     opls_145    25.918340   37.518700    6.792110
42     opls_145    27.138000   38.218050    6.796400
43     opls_145    27.179760   39.611310    6.796400
44     opls_166    25.185720   33.925240    6.788100
45     opls_166    26.590160   33.920260    6.793740
46     opls_145    24.451520   32.748510    6.785860
47     opls_700    25.163010   31.513470    6.788440
48     opls_700    26.597200   31.511210    6.793200
49     opls_145    27.317040   32.739920    6.796740
50     opls_700    24.430900   30.243620    6.788300
51     opls_700    25.147610   29.001340    6.792930
52     opls_700    26.612340   29.000440    6.794020
53     opls_700    27.327740   30.242260    6.794080
54     opls_145    27.320700   27.764490    6.794420
55     opls_166    28.705560   27.810600    6.793400
56     opls_166    29.405300   29.028010    6.793340
57     opls_145    28.751500   30.249040    6.794420
58     opls_145    23.006110   30.244970    6.785380
59     opls_166    22.351520   29.022590    6.787350
60     opls_166    23.055170   27.806530    6.793060
61     opls_145    24.440560   27.764940    6.796190
62     opls_145    32.181560   26.647890    6.791300
63     opls_145    32.245240   25.242870    6.791360
64     opls_145    33.468030   24.575170    6.790680
65     opls_916    34.673070   25.312490    6.789940
66     opls_145    34.620870   26.724740    6.789800
67     opls_145    33.387640   27.369840    6.790620
68     opls_145    19.589620   26.616700    6.790960
69     opls_145    18.365790   27.308810    6.786810
70     opls_145    17.146920   26.634330    6.786540
71     opls_145    17.125520   25.222080    6.790620
72     opls_145    18.348820   24.513690    6.794970
73     opls_145    19.555950   25.211230    6.795170
74     opls_700    12.505030   21.229890    6.797350
75     opls_700    11.803990   22.450460    6.793270
76     opls_145    13.907380   21.173380    0.000000
77     opls_234    -1.108730    2.654530    6.790210
78     opls_234     1.220180    2.586270    6.796400
79     opls_234    24.847720   42.628850    6.789390
80     opls_234    27.177410   42.574600    6.795650
81     opls_700    -0.689300    1.215600    6.791430
82     opls_700     0.717750    1.176270    6.795580
83     opls_145    50.733440    0.046560    6.789460
84     opls_700    25.344670   44.042910    6.790960
85     opls_700    26.752500   44.006740    6.795170
86     opls_145   -24.668940   45.173530    6.798100
87     opls_252    37.201900   25.284910    6.788920
88     opls_252    36.103870   23.226660    6.789660
89     opls_261   -12.557490   24.307100    6.789390
90     opls_700   -13.957240   24.206290    6.789190
91     opls_261    37.580350   22.964010    6.789530
92     opls_252   -11.120690   19.927040    0.000410
93     opls_252   -10.023180   21.984390    6.799800
94     opls_700    40.040790   21.003400    0.000880
95     opls_261   -11.496790   22.245680    0.000540
96     opls_261    38.640270   20.903050    0.001770
97     opls_234    15.737260   23.108670    6.793740
98     opls_234    14.585990   25.133470    6.787760
99     opls_700    14.274090   22.803980    6.793200
100    opls_700    13.575390   24.026820    6.788980
101    opls_145    12.172780   24.081060    6.787420
102    opls_166    -1.445940   16.669450    3.400880
103    opls_166    -2.144120   15.451140    3.400950
104    opls_145    -1.489270   14.231010    3.399860
105    opls_700    -0.065510   14.239600    3.400200
106    opls_700     0.648320   15.482330    3.400270
107    opls_145    -0.061070   16.717370    3.399860
108    opls_700     0.666330   12.972010    3.401090
109    opls_700     2.100010   12.969750    3.405850
110    opls_700     2.831590   14.240510    3.405980
111    opls_700     2.113060   15.482330    3.401360
112    opls_145     4.256130   14.241410    3.408910
113    opls_166     4.908890   15.465150    3.406940
114    opls_166     4.203930   16.679850    3.401220
115    opls_145     2.818540   16.719630    3.398100
116    opls_145    -0.053500   11.743300    3.397550
117    opls_166     0.673120   10.563410    3.400540
118    opls_166     2.077560   10.557530    3.406260
119    opls_145     2.811490   11.734710    3.408430
120    opls_145     1.338930    6.964520    3.402240
121    opls_145     7.666350   17.876920    3.403330
122    opls_145    -4.924030   17.827650    3.402990
123    opls_145     0.116930    6.269240    3.397890
124    opls_145     0.070470    4.875980    3.397960
125    opls_145     1.273160    4.132780    3.402240
126    opls_145     2.507430    4.819470    3.406390
127    opls_145     2.527520    6.213180    3.406320
128    opls_145     8.892010   17.187970    3.407550
129    opls_145    10.109050   17.865620    3.407820
130    opls_145    10.127060   19.278320    3.403670
131    opls_145     8.901930   19.983540    3.399320
132    opls_145     7.696630   19.282840    3.399120
133    opls_145    -4.989540   19.232210    3.402920
134    opls_145    -6.212840   19.898100    3.403600
135    opls_916    -7.417360   19.158980    3.404420
136    opls_145    -7.363590   17.746730    3.404490
137    opls_145    -6.129320   17.103440    3.403740
138    opls_234    12.665810   19.370090    3.406530
139    opls_234    11.512710   21.394440    3.400540
140    opls_145    27.114250   39.617190    3.400680
141    opls_145    25.876060   38.935480    3.395990
142    opls_145    25.851270   37.541760    3.395850
143    opls_145    27.039340   36.788620    3.400070
144    opls_145    28.263170   37.479830    3.404350
145    opls_145    28.313800   38.871280    3.404830
146    opls_166    26.321590   33.193800    3.395920
147    opls_166    27.726550   33.193340    3.400200
148    opls_145    25.592090   32.016170    3.392720
149    opls_700    26.310370   30.785640    3.394630
150    opls_700    27.743780   30.784740    3.397550
151    opls_145    28.458660   32.016620    3.400410
152    opls_700    25.579570   29.518050    3.394560
153    opls_700    26.295490   28.275330    3.397620
154    opls_700    27.761530   28.273070    3.397280
155    opls_700    28.476930   29.515790    3.397080
156    opls_145    28.474060   27.038020    3.396330
157    opls_166    29.859970   27.082330    3.396400
158    opls_166    30.559710   28.300640    3.396060
159    opls_145    29.901730   29.520770    3.395720
160    opls_145    24.155810   29.527550    3.392450
161    opls_166    23.498090   28.308780    3.395580
162    opls_166    24.197050   27.090010    3.399930
163    opls_145    25.582700   27.041640    3.400410
164    opls_145    33.341710   25.919610    3.394560
165    opls_145    33.409310   24.515050    3.394830
166    opls_145    34.631830   23.844180    3.394830
167    opls_916    35.839740   24.578340    3.394420
168    opls_145    35.786490   25.990590    3.394080
169    opls_145    34.550920   26.637040    3.394080
170    opls_145    20.726530   25.916000    3.399320
171    opls_145    19.499050   26.601780    3.394970
172    opls_145    18.284880   25.918260    3.394900
173    opls_145    18.274440   24.505100    3.399460
174    opls_145    19.501400   23.804850    3.403740
175    opls_145    20.702260   24.510530    3.403470
176    opls_700    13.675360   20.477650    3.405300
177    opls_700    12.976140   21.700490    3.401160
178    opls_145    15.077450   20.423400    3.406870
179    opls_234     0.065770    1.910430    3.398640
180    opls_234     2.394940    1.853470    3.404900
181    opls_234    26.022480   41.896050    3.397890
182    opls_234   -23.848090   41.830500    3.404150
183    opls_700     0.488850    0.476930    3.399120
184    opls_700     1.896430    0.440310    3.403400
185    opls_145    25.810550   44.516220    3.396190
186    opls_700    26.523340   43.306950    3.398780
187    opls_700   -24.269610   43.268520    3.402860
188    opls_145   -23.492610   44.437110    3.404830
189    opls_252   -13.823860   24.542170    3.393880
190    opls_252    37.277590   22.485730    3.394490
191    opls_261   -11.385600   23.565710    3.392520
192    opls_700   -12.786130   23.465350    3.393400
193    opls_261    38.751450   22.223080    3.393740
194    opls_252    -9.946450   19.184290    3.405370
195    opls_252    -8.849730   21.243000    3.404690
196    opls_700   -10.988100   20.262470    3.405100
197    opls_261   -10.325940   21.505200    3.404760
198    opls_261    39.811900   20.162110    3.404960
199    opls_234    16.912800   22.364570    3.402450
200    opls_234    15.750570   24.383950    3.396400
201    opls_700    15.446240   22.054000    3.401020
202    opls_700    14.745720   23.274580    3.397010
203    opls_145    13.342840   23.331090    3.394290
204    opls_167     5.127610   16.441610    6.799520
205    opls_167     3.976600   18.442450    6.792250
206    opls_167    -3.520370   18.442450    6.798710
207    opls_167    -4.663550   16.438900    6.799250
208    opls_167    -0.916110    9.977080    6.791840
209    opls_167     1.392700    9.973460    6.798910
210    opls_236    11.758310   18.928420    0.000070
211    opls_236     9.429930   22.944120    6.788980
212    opls_167    24.740710   35.243010    6.786810
213    opls_167    27.047690   35.231710    6.796260
214    opls_167    29.620630   26.763620    6.792790
215    opls_167    30.769290   28.766720    6.792660
216    opls_167    20.988320   28.754520    6.785920
217    opls_167    22.143500   26.757290    6.795380
218    opls_236    49.951480    3.070880    6.787280
219    opls_236     2.391020    2.924410    6.798780
220    opls_236   -23.871840   42.170000    6.797890
221    opls_236    23.688620   42.273070    6.786470
222    opls_236    35.226650   22.386270    6.789800
223    opls_236   -14.788000   26.481530    6.788370
224    opls_236    40.872080   18.729060    0.000140
225    opls_236    -9.143350   22.822060    6.798910
226    opls_236    16.639270   22.286820    6.795780
227    opls_236    14.349000   26.323310    6.785040
228    opls_167     6.272350   15.735490    3.408360
229    opls_167     5.112990   17.730900    3.398980
230    opls_167    -2.362570   17.715530    3.401500
231    opls_167    -3.508360   15.711080    3.401630
232    opls_167     0.214280    9.252420    3.398100
233    opls_167     2.521260    9.239310    3.407480
234    opls_236    12.904360   18.181160    3.409250
235    opls_236    10.609650   22.214490    3.398500
236    opls_167    25.869800   34.508850    3.395380
237    opls_167    28.178080   34.507050    3.402450
238    opls_167    30.778690   26.036250    3.395580
239    opls_167    31.924220   28.038440    3.395040
240    opls_167    22.133060   28.048390    3.394830
241    opls_167    23.280680   26.045290    3.402040
242    opls_236    -1.084720    2.317290    3.396400
243    opls_236     3.554820    2.206980    3.407820
244    opls_236   -22.707520   41.416410    3.407070
245    opls_236    24.852680   41.555190    3.395440
246    opls_236    36.396970   21.648500    3.395380
247    opls_236   -13.615590   25.740140    3.394150
248    opls_236   -10.154990   17.987680    3.405980
249    opls_236    -7.973030   22.084290    3.404490
250    opls_236    17.818730   21.557640    3.405300
251    opls_236    15.495310   25.575590    3.394220
252    MOF2_B_2     5.231480   17.833070    6.795310
253    MOF2_B_2    -4.773950   17.829910    6.799180
254    MOF2_B_2     0.237250    9.190940    6.794760
255    MOF2_B_2    25.898250   36.021920    6.791700
256    MOF2_B_2    30.874730   27.375260    6.792110
257    MOF2_B_2    20.887050   27.363060    6.790680
258    MOF2_B_2     6.370750   17.127400    3.403600
259    MOF2_B_2    -3.615630   17.102080    3.402180
260    MOF2_B_2     1.363200    8.461310    3.402650
261    MOF2_B_2    27.024200   35.292280    3.399520
262    MOF2_B_2    32.033050   26.647440    3.395100
263    MOF2_B_2    22.026310   26.657380    3.398980
264    opls_542    10.215020   20.715440    6.794900
265    opls_251    35.934220   24.638910    6.789600
266    opls_542     0.085870    3.436150    6.793470
267    opls_542    26.001340   41.783490    6.792380
268    opls_251    -9.848830   20.569420    0.000140
269    opls_542    15.876890   24.518660    6.790750
270    opls_542    11.374640   19.983540    3.403540
271    opls_251    37.104280   23.900690    3.394220
272    opls_542     1.243140    2.700190    3.401900
273    opls_542    27.158090   41.047530    3.400820
274    opls_251    -8.678770   19.831200    3.404690
275    opls_542    17.036250   23.787220    3.399390
276    opls_146    -3.228310   14.034370    6.801090
277    opls_146    -0.711220   18.418490    6.799930
278    opls_146     3.696280   14.033910    0.006320
279    opls_146     1.172150   18.416690    6.791770
280    opls_146    -2.291060   12.415520    6.791840
281    opls_146     2.766600   12.417330    0.005920
282    opls_146    -1.937920    7.595150    6.787220
283    opls_146    -2.041280    5.116930    6.786060
284    opls_146     2.320030    4.988540    6.801630
285    opls_146     2.370140    7.463150    6.802380
286    opls_146     7.750660   16.795130    6.803130
287    opls_146     9.909650   18.012090    6.802860
288    opls_146     7.726120   21.789550    6.787220
289    opls_146     5.591920   20.523310    6.787960
290    opls_146    -5.217390   20.537320    6.799660
291    opls_146    -7.388650   21.726710    6.799320
292    opls_146    -9.446890   17.879630    0.000750
293    opls_146    -7.248490   16.737260    0.001090
294    opls_146    23.792240   40.208490    6.784630
295    opls_146    23.766660   37.730270    6.785240
296    opls_146    28.075250   37.642570    6.799930
297    opls_146    28.154070   40.116270    6.799800
298    opls_146    23.356110   32.801400    6.782800
299    opls_146    28.412200   32.786940    6.802720
300    opls_146    26.817230   26.790290    6.795720
301    opls_146    29.342140   31.172610    6.795650
302    opls_146    22.415200   31.169000    6.782250
303    opls_146    24.946380   26.792100    6.802110
304    opls_146    31.306170   24.669650    6.792450
305    opls_146    33.480560   23.477560    6.790890
306    opls_146    35.540630   27.323280    6.789320
307    opls_146    33.339880   28.468810    6.791020
308    opls_146    18.385360   28.408690    6.784020
309    opls_146    16.212540   27.210260    6.783140
310    opls_146    18.366050   23.416080    6.798370
311    opls_146    20.507550   24.659710    6.798780
312    opls_146    14.453660   20.219070    0.004420
313    opls_146    49.634890    0.077760    6.787150
314    opls_146   -23.569870   45.143240    6.802580
315    MOF2_H_    -12.043580   25.278590    6.790340
316    MOF2_H_     38.123490   19.932910    0.003330
317    opls_146    11.626510   25.034470    6.785180
318    opls_146    -2.079130   13.306990    3.398640
319    opls_146     0.440830   17.692480    3.398640
320    opls_146     4.848340   13.317840    3.412040
321    opls_146     2.311150   17.691570    3.392180
322    opls_146    -1.148920   11.695830    3.391570
323    opls_146     3.907170   11.682270    3.411490
324    opls_146    -0.817970    6.847880    3.394360
325    opls_146    -0.905670    4.374180    3.394490
326    opls_146     3.455900    4.267950    3.409720
327    opls_146     3.490090    6.745720    3.409110
328    opls_146     8.875570   16.088100    3.410340
329    opls_146    11.044480   17.292400    3.411220
330    opls_146     8.882090   21.081160    3.395920
331    opls_146     6.743980   19.831650    3.395510
332    opls_146    -4.051760   19.806790    3.401840
333    opls_146    -6.227200   20.995270    3.403400
334    opls_146    -8.282050   17.146840    3.404960
335    opls_146    -6.079470   16.004470    3.403330
336    opls_146    24.928110   39.487900    3.392660
337    opls_146    24.886870   37.012390    3.391980
338    opls_146    29.194680   36.895310    3.407070
339    opls_146    29.289680   39.373530    3.408230
340    opls_146    24.496680   32.066350    3.388370
341    opls_146    29.554070   32.067700    3.402450
342    opls_146    27.969540   26.063820    3.394360
343    opls_146    30.491060   30.445690    3.393270
344    opls_146    23.567260   30.452920    3.387960
345    opls_146    26.085380   26.066990    3.402520
346    opls_146    32.472580   23.938660    3.394560
347    opls_146    34.641750   22.746570    3.394970
348    opls_146    36.705210   26.590930    3.393610
349    opls_146    34.508900   27.736010    3.393270
350    opls_146    19.509750   27.701660    3.391230
351    opls_146    17.348150   26.490120    3.391430
352    opls_146    19.522020   22.707690    3.407070
353    opls_146    21.659090   23.968050    3.406390
354    opls_146    15.624240   19.470000    3.409180
355    opls_146    24.711220   44.546960    3.391700
356    opls_146   -22.393800   44.405470    3.407140
357    MOF2_H_    -10.868820   24.535840    3.391020
358    MOF2_H_     39.298250   19.190170    3.403940
359    opls_146    12.796570   24.285400    3.389870
