0      opls_145     1.209370    9.574600    7.069440
1      opls_145     1.209370   10.673580    6.207060
2      opls_145    26.184370    6.618930    2.121620
3      opls_145    25.137000    6.618930    3.046330
4      opls_145     1.203780   13.654290    2.100320
5      opls_145     1.209370   14.624900    1.092760
6      opls_145    22.606540    6.622070    7.481300
7      opls_145    21.796570    6.618930    0.732190
8      opls_145    15.174370   25.229600    3.124440
9      opls_145    15.174370   26.328580    2.262060
10     opls_145    12.219370   22.273930    6.066620
11     opls_145    11.172000   22.273930    6.991330
12     opls_145    15.168780   29.309290    6.045320
13     opls_145    15.174370   30.279900    5.037770
14     opls_145     8.641540   22.277070    3.536300
15     opls_145     7.831570   22.273930    4.677190
16     opls_145    26.720630    6.080400    7.069440
17     opls_145    26.720630    4.981420    6.207060
18     opls_145     1.745620    9.036070    2.121620
19     opls_145     2.793000    9.036070    3.046330
20     opls_145    26.726220    2.000710    2.100320
21     opls_145    26.720630    1.030100    1.092760
22     opls_145     5.323460    9.032940    7.481300
23     opls_145     6.133430    9.036070    0.732190
24     opls_145    12.755630   21.735400    3.124440
25     opls_145    12.755630   20.636420    2.262060
26     opls_145    15.710630   24.691070    6.066620
27     opls_145    16.758000   24.691070    6.991330
28     opls_145    12.761220   17.655710    6.045320
29     opls_145    12.755630   16.685100    5.037770
30     opls_145    19.288460   24.687930    3.536300
31     opls_145    20.098430   24.691070    4.677190
32     opls_145    26.720630   25.229600    0.820560
33     opls_145    26.720630   26.328580    1.682940
34     opls_145     1.745620   22.273930    5.768380
35     opls_145     2.793000   22.273930    4.843670
36     opls_145    26.726220   29.309290    5.789680
37     opls_145    26.720630   30.279900    6.797230
38     opls_145     5.323460   22.277070    0.408700
39     opls_145     6.133430   22.273930    7.157810
40     opls_145    12.755630    9.574600    4.765560
41     opls_145    12.755630   10.673580    5.627940
42     opls_145    15.710630    6.618930    1.823380
43     opls_145    16.758000    6.618930    0.898670
44     opls_145    12.761220   13.654290    1.844680
45     opls_145    12.755630   14.624900    2.852230
46     opls_145    19.288460    6.622070    4.353700
47     opls_145    20.098430    6.618930    3.212810
48     opls_145     1.209370   21.735400    0.820560
49     opls_145     1.209370   20.636420    1.682940
50     opls_145    26.184370   24.691070    5.768380
51     opls_145    25.137000   24.691070    4.843670
52     opls_145     1.203780   17.655710    5.789680
53     opls_145     1.209370   16.685100    6.797230
54     opls_145    22.606540   24.687930    0.408700
55     opls_145    21.796570   24.691070    7.157810
56     opls_145    15.174370    6.080400    4.765560
57     opls_145    15.174370    4.981420    5.627940
58     opls_145    12.219370    9.036070    1.823380
59     opls_145    11.172000    9.036070    0.898670
60     opls_145    15.168780    2.000710    1.844680
61     opls_145    15.174370    1.030100    2.852230
62     opls_145     8.641540    9.032940    4.353700
63     opls_145     7.831570    9.036070    3.212810
64     opls_145    26.720630   21.735400    0.820560
65     opls_145    26.720630   20.636420    1.682940
66     opls_145     1.745620   24.691070    5.768380
67     opls_145     2.793000   24.691070    4.843670
68     opls_145    26.726220   17.655710    5.789680
69     opls_145    26.720630   16.685100    6.797230
70     opls_145     5.323460   24.687930    0.408700
71     opls_145     6.133430   24.691070    7.157810
72     opls_145    12.755630    6.080400    4.765560
73     opls_145    12.755630    4.981420    5.627940
74     opls_145    15.710630    9.036070    1.823380
75     opls_145    16.758000    9.036070    0.898670
76     opls_145    12.761220    2.000710    1.844680
77     opls_145    12.755630    1.030100    2.852230
78     opls_145    19.288460    9.032940    4.353700
79     opls_145    20.098430    9.036070    3.212810
80     opls_145     1.209370   25.229600    0.820560
81     opls_145     1.209370   26.328580    1.682940
82     opls_145    26.184370   22.273930    5.768380
83     opls_145    25.137000   22.273930    4.843670
84     opls_145     1.203780   29.309290    5.789680
85     opls_145     1.209370   30.279900    6.797230
86     opls_145    22.606540   22.277070    0.408700
87     opls_145    21.796570   22.273930    7.157810
88     opls_145    15.174370    9.574600    4.765560
89     opls_145    15.174370   10.673580    5.627940
90     opls_145    12.219370    6.618930    1.823380
91     opls_145    11.172000    6.618930    0.898670
92     opls_145    15.168780   13.654290    1.844680
93     opls_145    15.174370   14.624900    2.852230
94     opls_145     8.641540    6.622070    4.353700
95     opls_145     7.831570    6.618930    3.212810
96     opls_145     1.209370    6.080400    7.069440
97     opls_145     1.209370    4.981420    6.207060
98     opls_145    26.184370    9.036070    2.121620
99     opls_145    25.137000    9.036070    3.046330
100    opls_145     1.203780    2.000710    2.100320
101    opls_145     1.209370    1.030100    1.092760
102    opls_145    22.606540    9.032940    7.481300
103    opls_145    21.796570    9.036070    0.732190
104    opls_145    15.174370   21.735400    3.124440
105    opls_145    15.174370   20.636420    2.262060
106    opls_145    12.219370   24.691070    6.066620
107    opls_145    11.172000   24.691070    6.991330
108    opls_145    15.168780   17.655710    6.045320
109    opls_145    15.174370   16.685100    5.037770
110    opls_145     8.641540   24.687930    3.536300
111    opls_145     7.831570   24.691070    4.677190
112    opls_145    26.720630    9.574600    7.069440
113    opls_145    26.720630   10.673580    6.207060
114    opls_145     1.745620    6.618930    2.121620
115    opls_145     2.793000    6.618930    3.046330
116    opls_145    26.726220   13.654290    2.100320
117    opls_145    26.720630   14.624900    1.092760
118    opls_145     5.323460    6.622070    7.481300
119    opls_145     6.133430    6.618930    0.732190
120    opls_145    12.755630   25.229600    3.124440
121    opls_145    12.755630   26.328580    2.262060
122    opls_145    15.710630   22.273930    6.066620
123    opls_145    16.758000   22.273930    6.991330
124    opls_145    12.761220   29.309290    6.045320
125    opls_145    12.755630   30.279900    5.037770
126    opls_145    19.288460   22.277070    3.536300
127    opls_145    20.098430   22.273930    4.677190
128    opls_701    27.930000    7.827500    0.645400
129    opls_701    13.965000   23.482500    4.590400
130    opls_701    27.930000   23.482500    7.244600
131    opls_701    13.965000    7.827500    3.299600
132    opls_700    27.930000    9.045460    7.576770
133    opls_145    27.930000   11.240290    5.791260
134    opls_700    27.930000   15.135250    0.553880
135    opls_700    27.930000   13.172120    2.610010
136    opls_142     0.000000   12.082530    3.588370
137    opls_700    13.965000   24.700460    3.631770
138    opls_145    13.965000   26.895290    1.846260
139    opls_700    13.965000   30.790250    4.498880
140    opls_700    13.965000   28.827120    6.555010
141    opls_142    13.965000   27.737530    7.533370
142    opls_700    27.930000    6.609540    7.576770
143    opls_145    27.930000    4.414710    5.791260
144    opls_700    27.930000    0.519750    0.553880
145    opls_700    27.930000    2.482880    2.610010
146    opls_142    27.930000    3.572470    3.588370
147    opls_700    13.965000   22.264540    3.631770
148    opls_145    13.965000   20.069710    1.846260
149    opls_700    13.965000   16.174750    4.498880
150    opls_700    13.965000   18.137880    6.555010
151    opls_142    13.965000   19.227470    7.533370
152    opls_700    27.930000   24.700460    0.313230
153    opls_145    27.930000   26.895290    2.098740
154    opls_700     0.000000   30.790250    7.336120
155    opls_700    27.930000   28.827120    5.279990
156    opls_142    27.930000   27.737530    4.301630
157    opls_700    13.965000    9.045460    4.258230
158    opls_145    13.965000   11.240290    6.043740
159    opls_700    13.965000   15.135250    3.391120
160    opls_700    13.965000   13.172120    1.334990
161    opls_142    13.965000   12.082530    0.356630
162    opls_700    27.930000   22.264540    0.313230
163    opls_145    27.930000   20.069710    2.098740
164    opls_700    27.930000   16.174750    7.336120
165    opls_700    27.930000   18.137880    5.279990
166    opls_142    27.930000   19.227470    4.301630
167    opls_700    13.965000    6.609540    4.258230
168    opls_145    13.965000    4.414710    6.043740
169    opls_700    13.965000    0.519750    3.391120
170    opls_700    13.965000    2.482880    1.334990
171    opls_142    13.965000    3.572470    0.356630
172    opls_700    26.709460    7.827500    1.606400
173    opls_145    24.609120    7.827500    3.509470
174    opls_700    21.374830    7.827500    1.344460
175    opls_700    23.011530    7.827500    6.907700
176    opls_142    23.977900    7.827500    5.810200
177    opls_700    12.744460   23.482500    5.551400
178    opls_145    10.644120   23.482500    7.454470
179    opls_700     7.409830   23.482500    5.289460
180    opls_700     9.046530   23.482500    2.962700
181    opls_142    10.012900   23.482500    1.865200
182    opls_700     1.220540    7.827500    1.606400
183    opls_145     3.320880    7.827500    3.509470
184    opls_700     6.555170    7.827500    1.344460
185    opls_700     4.918470    7.827500    6.907700
186    opls_142     3.952090    7.827500    5.810200
187    opls_700    15.185540   23.482500    5.551400
188    opls_145    17.285880   23.482500    7.454470
189    opls_700    20.520170   23.482500    5.289460
190    opls_700    18.883470   23.482500    2.962700
191    opls_142    17.917090   23.482500    1.865200
192    opls_700     1.220540   23.482500    6.283600
193    opls_145     3.320880   23.482500    4.380530
194    opls_700     6.555170   23.482500    6.545540
195    opls_700     4.918470   23.482500    0.982300
196    opls_142     3.952090   23.482500    2.079800
197    opls_700    15.185540    7.827500    2.338600
198    opls_145    17.285880    7.827500    0.435530
199    opls_700    20.520170    7.827500    2.600540
200    opls_700    18.883470    7.827500    4.927300
201    opls_142    17.917090    7.827500    6.024800
202    opls_700    26.709460   23.482500    6.283600
203    opls_145    24.609120   23.482500    4.380530
204    opls_700    21.374830   23.482500    6.545540
205    opls_700    23.011530   23.482500    0.982300
206    opls_142    23.977900   23.482500    2.079800
207    opls_700    12.744460    7.827500    2.338600
208    opls_145    10.644120    7.827500    0.435530
209    opls_700     7.409830    7.827500    2.600540
210    opls_700     9.046530    7.827500    4.927300
211    opls_142    10.012900    7.827500    6.024800
212    opls_146     2.158990    9.151910    7.355060
213    opls_146     2.147820   11.074350    5.848070
214    opls_146    26.578190    5.667110    1.802860
215    opls_146    24.754360    5.679630    3.422680
216    opls_146     2.147820   13.269180    2.473510
217    opls_146     2.178540   14.941130    0.752710
218    opls_146    22.936120    5.682760    7.059970
219    opls_146    21.534030    5.648320    1.116440
220    opls_146    16.123990   24.806910    3.410060
221    opls_146    16.112820   26.729350    1.903070
222    opls_146    12.613190   21.322110    5.747870
223    opls_146    10.789360   21.334630    7.367680
224    opls_146    16.112820   28.924180    6.418520
225    opls_146    16.143540   30.596130    4.697710
226    opls_146     8.971120   21.337770    3.114970
227    opls_146     7.569030   21.303320    5.061440
228    opls_146    25.771010    6.503090    7.355060
229    opls_146    25.782180    4.580650    5.848070
230    opls_146     1.351810    9.987890    1.802860
231    opls_146     3.175640    9.975370    3.422680
232    opls_146    25.782180    2.385820    2.473510
233    opls_146    25.751460    0.713870    0.752710
234    opls_146     4.993880    9.972230    7.059970
235    opls_146     6.395970   10.006680    1.116440
236    opls_146    11.806010   22.158090    3.410060
237    opls_146    11.817180   20.235650    1.903070
238    opls_146    15.316810   25.642890    5.747870
239    opls_146    17.140640   25.630370    7.367680
240    opls_146    11.817180   18.040820    6.418520
241    opls_146    11.786460   16.368870    4.697710
242    opls_146    18.958880   25.627230    3.114970
243    opls_146    20.360970   25.661680    5.061440
244    opls_146    25.771010   24.806910    0.534940
245    opls_146    25.782180   26.729350    2.041930
246    opls_146     1.351810   21.322110    6.087130
247    opls_146     3.175640   21.334630    4.467320
248    opls_146    25.782180   28.924180    5.416480
249    opls_146    25.751460   30.596130    7.137290
250    opls_146     4.993880   21.337770    0.830030
251    opls_146     6.395970   21.303320    6.773560
252    opls_146    11.806010    9.151910    4.479940
253    opls_146    11.817180   11.074350    5.986930
254    opls_146    15.316810    5.667110    2.142140
255    opls_146    17.140640    5.679630    0.522320
256    opls_146    11.817180   13.269180    1.471480
257    opls_146    11.786460   14.941130    3.192290
258    opls_146    18.958880    5.682760    4.775030
259    opls_146    20.360970    5.648320    2.828570
260    opls_146     2.158990   22.158090    0.534940
261    opls_146     2.147820   20.235650    2.041930
262    opls_146    26.578190   25.642890    6.087130
263    opls_146    24.754360   25.630370    4.467320
264    opls_146     2.147820   18.040820    5.416480
265    opls_146     2.178540   16.368870    7.137290
266    opls_146    22.936120   25.627230    0.830030
267    opls_146    21.534030   25.661680    6.773560
268    opls_146    16.123990    6.503090    4.479940
269    opls_146    16.112820    4.580650    5.986930
270    opls_146    12.613190    9.987890    2.142140
271    opls_146    10.789360    9.975370    0.522320
272    opls_146    16.112820    2.385820    1.471480
273    opls_146    16.143540    0.713870    3.192290
274    opls_146     8.971120    9.972230    4.775030
275    opls_146     7.569030   10.006680    2.828570
276    opls_146    25.771010   22.158090    0.534940
277    opls_146    25.782180   20.235650    2.041930
278    opls_146     1.351810   25.642890    6.087130
279    opls_146     3.175640   25.630370    4.467320
280    opls_146    25.782180   18.040820    5.416480
281    opls_146    25.751460   16.368870    7.137290
282    opls_146     4.993880   25.627230    0.830030
283    opls_146     6.395970   25.661680    6.773560
284    opls_146    11.806010    6.503090    4.479940
285    opls_146    11.817180    4.580650    5.986930
286    opls_146    15.316810    9.987890    2.142140
287    opls_146    17.140640    9.975370    0.522320
288    opls_146    11.817180    2.385820    1.471480
289    opls_146    11.786460    0.713870    3.192290
290    opls_146    18.958880    9.972230    4.775030
291    opls_146    20.360970   10.006680    2.828570
292    opls_146     2.158990   24.806910    0.534940
293    opls_146     2.147820   26.729350    2.041930
294    opls_146    26.578190   21.322110    6.087130
295    opls_146    24.754360   21.334630    4.467320
296    opls_146     2.147820   28.924180    5.416480
297    opls_146     2.178540   30.596130    7.137290
298    opls_146    22.936120   21.337770    0.830030
299    opls_146    21.534030   21.303320    6.773560
300    opls_146    16.123990    9.151910    4.479940
301    opls_146    16.112820   11.074350    5.986930
302    opls_146    12.613190    5.667110    2.142140
303    opls_146    10.789360    5.679630    0.522320
304    opls_146    16.112820   13.269180    1.471480
305    opls_146    16.143540   14.941130    3.192290
306    opls_146     8.971120    5.682760    4.775030
307    opls_146     7.569030    5.648320    2.828570
308    opls_146     2.158990    6.503090    7.355060
309    opls_146     2.147820    4.580650    5.848070
310    opls_146    26.578190    9.987890    1.802860
311    opls_146    24.754360    9.975370    3.422680
312    opls_146     2.147820    2.385820    2.473510
313    opls_146     2.178540    0.713870    0.752710
314    opls_146    22.936120    9.972230    7.059970
315    opls_146    21.534030   10.006680    1.116440
316    opls_146    16.123990   22.158090    3.410060
317    opls_146    16.112820   20.235650    1.903070
318    opls_146    12.613190   25.642890    5.747870
319    opls_146    10.789360   25.630370    7.367680
320    opls_146    16.112820   18.040820    6.418520
321    opls_146    16.143540   16.368870    4.697710
322    opls_146     8.971120   25.627230    3.114970
323    opls_146     7.569030   25.661680    5.061440
324    opls_146    25.771010    9.151910    7.355060
325    opls_146    25.782180   11.074350    5.848070
326    opls_146     1.351810    5.667110    1.802860
327    opls_146     3.175640    5.679630    3.422680
328    opls_146    25.782180   13.269180    2.473510
329    opls_146    25.751460   14.941130    0.752710
330    opls_146     4.993880    5.682760    7.059970
331    opls_146     6.395970    5.648320    1.116440
332    opls_146    11.806010   24.806910    3.410060
333    opls_146    11.817180   26.729350    1.903070
334    opls_146    15.316810   21.322110    5.747870
335    opls_146    17.140640   21.334630    7.367680
336    opls_146    11.817180   28.924180    6.418520
337    opls_146    11.786460   30.596130    4.697710
338    opls_146    18.958880   21.337770    3.114970
339    opls_146    20.360970   21.303320    5.061440
340    opls_144     0.000000   11.064950    3.234900
341    opls_144    13.965000   26.719950    7.179900
342    opls_144    27.930000    4.590050    3.234900
343    opls_144    13.965000   20.245050    7.179900
344    opls_144    27.930000   26.719950    4.655100
345    opls_144    13.965000   11.064950    0.710100
346    opls_144    27.930000   20.245050    4.655100
347    opls_144    13.965000    4.590050    0.710100
348    opls_144    25.029750    7.827500    6.042240
349    opls_144    11.064470   23.482500    2.097240
350    opls_144     2.900530    7.827500    6.042240
351    opls_144    16.865530   23.482500    2.097240
352    opls_144     2.900530   23.482500    1.847760
353    opls_144    16.865530    7.827500    5.792760
354    opls_144    25.029750   23.482500    1.847760
355    opls_144    11.064470    7.827500    5.792760
356    opls_750     0.000000   12.323620    4.860240
357    opls_750    13.965000   27.978620    0.915240
358    opls_750    27.930000    3.331380    4.860240
359    opls_750    13.965000   18.986380    0.915240
360    opls_750    27.930000   27.978620    3.029760
361    opls_750    13.965000   12.323620    6.974760
362    opls_750    27.930000   18.986380    3.029760
363    opls_750    13.965000    3.331380    6.974760
364    opls_750    23.598060    7.827500    4.518600
365    opls_750     9.633060   23.482500    0.573600
366    opls_750     4.331940    7.827500    4.518600
367    opls_750    18.296940   23.482500    0.573600
368    opls_750     4.331940   23.482500    3.371400
369    opls_750    18.296940    7.827500    7.316400
370    opls_750    23.598060   23.482500    3.371400
371    opls_750     9.633060    7.827500    7.316400
