0      opls_145    -3.717120   18.589240    1.516060
1      opls_523    -2.502990   17.893400    1.472850
2      opls_700    -2.470070   16.502150    1.686890
3      opls_523    -3.680540   15.824860    1.930800
4      opls_145    -4.892060   16.525680    1.980160
5      opls_145    -4.914790   17.921000    1.789930
6      opls_531    -1.181340   15.763080    1.663990
7      opls_145    -0.496990    5.136390    1.767510
8      opls_145    -0.647890    3.745370    1.742580
9      opls_700     0.330810    2.900160    2.308850
10     opls_145     1.473340    3.498710    2.883720
11     opls_145     1.634950    4.888370    2.881720
12     opls_700     0.648150    5.719540    2.333200
13     opls_700     0.161090    1.409580    2.302660
14     opls_145    25.007320    0.831170    2.301970
15     opls_142    -7.255520   18.319730    2.365130
16     opls_145    -1.175200   10.115500    1.516060
17     opls_523    -1.179640   11.514890    1.472850
18     opls_700     0.008750   12.239030    1.686890
19     opls_523     1.200540   11.529370    1.930800
20     opls_145     1.199370   10.129750    1.980160
21     opls_145     0.002350    9.412410    1.789930
22     opls_531     0.004440   13.724640    1.663990
23     opls_145     8.865260   19.630640    1.767510
24     opls_145    10.145360   20.195470    1.742580
25     opls_700    10.387980   21.465650    2.308850
26     opls_145     9.298360   22.155840    2.883720
27     opls_145     8.014070   21.600970    2.881720
28     opls_700     7.787650   20.330790    2.333200
29     opls_700    11.763730   22.063970    2.302660
30     opls_145    12.906520   21.241390    2.301970
31     opls_142     0.827410    7.185920    2.365130
32     opls_145     4.892320   16.553740    1.516060
33     opls_523     3.682630   15.850200    1.472850
34     opls_700     2.461320   16.517310    1.686890
35     opls_523     2.480000   17.904260    1.930800
36     opls_145     3.692690   18.603050    1.980160
37     opls_145     4.912440   17.925080    1.789930
38     opls_531     1.176900   15.770770    1.663990
39     opls_145    -8.368260   20.491460    1.767510
40     opls_145    -9.497470   21.317650    1.742580
41     opls_700   -10.718790   20.892680    2.308850
42     opls_145   -10.771700   19.603940    2.883720
43     opls_145    -9.649030   18.769150    2.881720
44     opls_700    -8.435810   19.208150    2.333200
45     opls_700   -11.924820   21.784950    2.302660
46     opls_145     1.281150    0.556680    2.301970
47     opls_142     6.428110   19.752840    2.365130
48     opls_750     6.186280   18.590380    1.832520
49     opls_520    -1.168790   14.406230    1.664830
50     opls_750    -6.127880   18.691530    1.832520
51     opls_520     1.173240   14.413920    1.664830
52     opls_750    -0.058400    7.976580    1.832520
53     opls_520    -0.004440   16.438340    1.664830
54     opls_146    -3.733060   19.658250    1.345160
55     opls_526    -1.589490   18.438760    1.265120
56     opls_526    -3.685770   14.753140    2.094130
57     opls_146    -5.801770   15.969230    2.151420
58     opls_146    -1.260510    5.760050    1.316810
59     opls_146    -1.513970    3.339620    1.237310
60     opls_146     2.226930    2.903110    3.381490
61     opls_146     2.517490    5.317650    3.341670
62     opls_146    24.140590    1.472940    2.302700
63     opls_144    -7.343840   17.369300    2.875530
64     opls_146    -2.093010    9.567190    1.345160
65     opls_526    -2.108690   12.033330    1.265120
66     opls_526     2.131290   12.060710    2.094130
67     opls_146     2.136130    9.620140    2.151420
68     opls_146     8.706910   18.657590    1.316810
69     opls_146    10.929790   19.648290    1.237310
70     opls_146     9.437370   23.106270    3.381490
71     opls_146     7.201040   22.150640    3.341670
72     opls_146    12.784100   20.169900    2.302700
73     opls_144     1.694660    7.584640    2.875530
74     opls_146     5.826080   16.033050    1.345160
75     opls_526     3.698180   14.786400    1.265120
76     opls_526     1.554470   18.444640    2.094130
77     opls_146     3.665650   19.669110    2.151420
78     opls_146    -7.446400   20.840850    1.316810
79     opls_146    -9.415810   22.270570    1.237310
80     opls_146   -11.664300   19.249110    3.381490
81     opls_146    -9.718530   17.790210    3.341670
82     opls_146     2.270310    0.986410    2.302700
83     opls_144     5.649180   20.304540    2.875530
