0      opls_567    -0.287980   11.113530    1.802700
1      opls_716     1.002990   11.536040    1.802700
2      opls_567    -0.833040   15.646210    1.802700
3      opls_716     0.381250   15.076340    1.802700
4      opls_142     4.519090   11.031270    1.802700
5      opls_145     5.943290    9.128210    1.802700
6      opls_145     7.136900    9.773820    1.802700
7      opls_145     8.298520    9.075800    1.802700
8      opls_700     8.316290    7.700080    1.802700
9      opls_145     7.091020    7.075370    1.802700
10     opls_145     5.935860    7.781600    1.802700
11     opls_145     9.582920    6.935090    1.802700
12     opls_145     9.590790    5.568330    1.802700
13     opls_567     1.289140   12.847590    1.802700
14     opls_716     0.277750   13.754350    1.802700
15     opls_567    -2.363740   10.109220    1.802700
16     opls_716    -2.477370   11.445760    1.802700
17     opls_142    -1.043160   17.051770    1.802700
18     opls_145    10.662590    0.582930    1.802700
19     opls_145     9.506670    1.293820    1.802700
20     opls_145     9.530370    2.648830    1.802700
21     opls_700    10.712890    3.352080    1.802700
22     opls_145    11.866540    2.603320    1.802700
23     opls_145    11.832510    1.249800    1.802700
24     opls_145    10.742070    4.831510    1.802700
25     opls_145    11.921790    5.521700    1.802700
26     opls_567    -1.001160   13.346390    1.802700
27     opls_716    -1.280740   12.017120    1.802700
28     opls_567     3.196780   11.552080    1.802700
29     opls_716     2.096120   10.785410    1.802700
30     opls_142    -3.475940    9.224470    1.802700
31     opls_145    15.703370    8.942610    1.802700
32     opls_145    15.665680    7.586110    1.802700
33     opls_145    14.480360    6.929120    1.802700
34     opls_700    13.280070    7.601590    1.802700
35     opls_145    13.351690    8.975070    1.802700
36     opls_145    14.540890    9.622350    1.802700
37     opls_145    11.984250    6.887150    1.802700
38     opls_145    10.796670    7.563720    1.802700
39     opls_633    -2.109040   14.574740    1.802700
40     opls_633    -0.797820    9.539900    1.802700
41     opls_633     2.906860   13.192870    1.802700
42     opls_750     4.716400    9.786690    1.802700
43     opls_750    -0.063970   17.844930    1.802700
44     opls_750    -4.652420    9.675890    1.802700
45     opls_570     1.287740   15.602930    1.802700
46     opls_144     5.305500   11.719220    1.802700
47     opls_146     7.190750   10.816570    1.802700
48     opls_146     9.161930    9.655740    1.802700
49     opls_146     6.977070    6.041580    1.802700
50     opls_146     5.016230    7.278510    1.802700
51     opls_146     8.693340    5.073820    1.802700
52     opls_570    -3.386660   11.967500    1.802700
53     opls_144    -2.032140   17.388840    1.802700
54     opls_146     8.576710    0.819090    1.802700
55     opls_146     8.596410    3.106600    1.802700
56     opls_146    12.818800    3.021540    1.802700
57     opls_146    12.728010    0.704930    1.802700
58     opls_146    12.798770    4.991740    1.802700
59     opls_570     2.098920    9.737070    1.802700
60     opls_144    -3.273360    8.199440    1.802700
61     opls_146    16.541800    7.018100    1.802700
62     opls_146    14.550900    5.891420    1.802700
63     opls_146    12.513370    9.590640    1.802700
64     opls_146    14.565010   10.670320    1.802700
65     opls_146    10.817140    8.588190    1.802700
