0      opls_523     7.653850   10.835090    1.392030
1      opls_145     6.965480    9.629520    1.262790
2      opls_145     4.596710    5.540850   11.831550
3      opls_145     3.952050    4.425150   11.290730
4      opls_531     9.718190   14.516000    1.416660
5      opls_523    11.924650   15.733520    1.463630
6      opls_145    13.315960   15.755220    1.401800
7      opls_145    14.041900   14.550090    1.230420
8      opls_145    13.325160   13.331680    1.169990
9      opls_523    11.934360   13.321500    1.231180
10     opls_700    11.203820   14.522200    1.371970
11     opls_142    16.225870   15.413430    0.751810
12     opls_145    18.499550   16.478210    0.964840
13     opls_145    19.832830   16.410910    1.378830
14     opls_700    20.406180   15.177890    1.746350
15     opls_145    19.642400   14.003750    1.576740
16     opls_145    18.302980   14.075480    1.202110
17     opls_700    17.691810   15.320890    0.940710
18     opls_700    24.150920   14.899850    2.470870
19     opls_700    21.737410   15.106170    2.461980
20     opls_145     2.609310   29.268420   10.936530
21     opls_531     7.711360   13.356470    1.444840
22     opls_145     5.559600    9.629520    1.146250
23     opls_700     6.968290   12.069440    1.425290
24     opls_142     4.615620    7.994490   12.440530
25     opls_700     2.580930    4.470310   10.974490
26     opls_700     3.884820    6.728710   12.085450
27     opls_700     1.921450    3.328050   10.231820
28     opls_700     0.709070    1.228150   10.224460
29     opls_145    24.250610   42.003290    4.587410
30     opls_701    -0.000260   29.515910   10.813260
31     opls_701     0.000000    0.000000    4.465920
32     opls_523    37.912410    1.210880    1.392030
33     opls_145    39.300650    1.217530    1.262790
34     opls_145    44.025930    1.210440   11.831550
35     opls_145    45.314480    1.210000   11.290730
36     opls_531    33.692480    1.158200    1.416660
37     opls_523    31.534840    2.460290    1.463630
38     opls_145    30.820400    3.654350    1.401800
39     opls_145    31.501100    4.885600    1.230420
40     opls_145    32.914650    4.874090    1.169990
41     opls_523    33.618860    3.674710    1.231180
42     opls_700    32.944300    2.441690    1.371970
43     opls_142    29.661450    6.345300    0.751810
44     opls_145    27.602480    7.781980    0.964840
45     opls_145    26.994120    8.970280    1.378830
46     opls_700    27.775270   10.083320    1.746350
47     opls_145    29.173990   10.008940    1.576740
48     opls_145    29.781590    8.813110    1.202110
49     opls_700    29.008610    7.661110    0.940710
50     opls_700    26.143690   13.465390    2.470870
51     opls_700    27.171770   11.272070    2.461980
52     opls_145    -1.090450   31.899160   10.936530
53     opls_531    10.138670   44.273640    1.444840
54     opls_145    40.003590    0.000000    1.146250
55     opls_700    37.186210    0.000000    1.425290
56     opls_142    41.891560    0.000000   12.440530
57     opls_700    45.960930    0.000000   10.974490
58     opls_700    43.353160    0.000000   12.085450
59     opls_700    47.279900    0.000000   10.231820
60     opls_700    49.704650    0.000000   10.224460
61     opls_145     2.621580    0.000000    4.587410
62     opls_523    31.117940   32.227670    1.392030
63     opls_145    30.418070   33.426600    1.262790
64     opls_145    28.061560   37.522360   11.831550
65     opls_145    27.417670   38.638490   11.290730
66     opls_531    33.273530   28.599450    1.416660
67     opls_523    33.224710   26.079830    1.463630
68     opls_145    32.547840   24.864080    1.401800
69     opls_145    31.141200   24.837960    1.230420
70     opls_145    30.444390   26.067880    1.169990
71     opls_523    31.130970   27.277430    1.231180
72     opls_700    32.536080   27.309750    1.371970
73     opls_142    30.796890   22.514920    0.751810
74     opls_145    30.582170   20.013460    0.964840
75     opls_145    29.857250   18.892450    1.378830
76     opls_700    28.502750   19.012430    1.746350
77     opls_145    27.867810   20.260950    1.576740
78     opls_145    28.599630   21.385060    1.202110
79     opls_700    29.983780   21.291640    0.940710
80     opls_700    26.389590   15.908410    2.470870
81     opls_700    27.775020   17.895410    2.461980
82     opls_145    -1.518860   27.379710   10.936530
83     opls_531   -17.850040   30.917170    1.444840
84     opls_145   -20.001800   34.644130    1.146250
85     opls_700   -18.593110   32.204210    1.425290
86     opls_142   -20.945780   36.279150   12.440530
87     opls_700    28.142330   39.803330   10.974490
88     opls_700   -21.676580   37.544940   12.085450
89     opls_700   -23.639950   40.945590   10.231820
90     opls_700   -24.852330   43.045490   10.224460
91     opls_145    -1.310790    2.270350    4.587410
92     opls_523    17.907550   33.438550    7.739630
93     opls_145    18.595920   34.644130    7.610390
94     opls_145    20.964690   38.732800    5.483950
95     opls_145    21.609350   39.848490    4.943130
96     opls_531    15.843210   29.757640    7.764260
97     opls_523    13.636750   28.540120    7.811230
98     opls_145    12.245440   28.518420    7.749400
99     opls_145    11.519500   29.723550    7.578020
100    opls_145    12.236240   30.941960    7.517590
101    opls_523    13.627040   30.952150    7.578780
102    opls_700    14.357580   29.751450    7.719570
103    opls_142     9.335530   28.860220    7.099410
104    opls_145     7.061850   27.795440    7.312440
105    opls_145     5.728570   27.862730    7.726430
106    opls_700     5.155220   29.095750    8.093950
107    opls_145     5.919000   30.269890    7.924340
108    opls_145     7.258420   30.198170    7.549710
109    opls_700     7.869590   28.952750    7.288310
110    opls_700     1.410480   29.373790    8.818470
111    opls_700     3.823990   29.167480    8.809580
112    opls_145    22.952090   15.005220    4.588930
113    opls_531    17.850040   30.917170    7.792440
114    opls_145    20.001800   34.644130    7.493850
115    opls_700    18.593110   32.204210    7.772890
116    opls_142    20.945780   36.279150    6.092930
117    opls_700    22.980470   39.803330    4.626890
118    opls_700    21.676580   37.544940    5.737850
119    opls_700    23.639950   40.945590    3.884220
120    opls_700    24.852330   43.045490    3.876860
121    opls_145     1.310790    2.270350   10.935010
122    opls_701    25.561660   14.757730    4.465660
123    opls_701     0.000000    0.000000   10.813520
124    opls_523   -12.351010   43.062760    7.739630
125    opls_145   -13.739250   43.056120    7.610390
126    opls_145   -18.464530   43.063200    5.483950
127    opls_145   -19.753080   43.063640    4.943130
128    opls_531    -8.131080   43.115450    7.764260
129    opls_523    -5.973440   41.813360    7.811230
130    opls_145    -5.259000   40.619300    7.749400
131    opls_145    -5.939700   39.388050    7.578020
132    opls_145    -7.353250   39.399560    7.517590
133    opls_523    -8.057460   40.598930    7.578780
134    opls_700    -7.382900   41.831950    7.719570
135    opls_142    -4.100050   37.928340    7.099410
136    opls_145    -2.041080   36.491670    7.312440
137    opls_145    -1.432720   35.303360    7.726430
138    opls_700    -2.213870   34.190320    8.093950
139    opls_145    -3.612590   34.264700    7.924340
140    opls_145    -4.220190   35.460530    7.549710
141    opls_700    -3.447210   36.612530    7.288310
142    opls_700    -0.582290   30.808260    8.818470
143    opls_700    -1.610370   33.001570    8.809580
144    opls_145    26.651850   12.374480    4.588930
145    opls_531    15.422730    0.000000    7.792440
146    opls_145    11.119210    0.000000    7.493850
147    opls_700    13.936590    0.000000    7.772890
148    opls_142     9.231240    0.000000    6.092930
149    opls_700   -20.399530   44.273640    4.626890
150    opls_700     7.769640    0.000000    5.737850
151    opls_700     3.842900    0.000000    3.884220
152    opls_700     1.418150    0.000000    3.876860
153    opls_145    48.501220    0.000000   10.935010
154    opls_523    -5.556540   12.045970    7.739630
155    opls_145    -4.856670   10.847040    7.610390
156    opls_145    -2.500160    6.751290    5.483950
157    opls_145    -1.856270    5.635150    4.943130
158    opls_531    -7.712130   15.674200    7.764260
159    opls_523    -7.663310   18.193810    7.811230
160    opls_145    -6.986440   19.409570    7.749400
161    opls_145    -5.579800   19.435690    7.578020
162    opls_145    -4.882990   18.205760    7.517590
163    opls_523    -5.569570   16.996210    7.578780
164    opls_700    -6.974680   16.963890    7.719570
165    opls_142    -5.235490   21.758720    7.099410
166    opls_145    -5.020770   24.260190    7.312440
167    opls_145    -4.295850   25.381190    7.726430
168    opls_700    -2.941350   25.261210    8.093950
169    opls_145    -2.306410   24.012700    7.924340
170    opls_145    -3.038230   22.888590    7.549710
171    opls_700    -4.422380   22.982010    7.288310
172    opls_700    -0.828190   28.365240    8.818470
173    opls_700    -2.213620   26.378240    8.809580
174    opls_145    27.080260   16.893940    4.588930
175    opls_531    43.411440   13.356470    7.792440
176    opls_145    -5.559600    9.629520    7.493850
177    opls_700    -6.968290   12.069440    7.772890
178    opls_142    -4.615620    7.994490    6.092930
179    opls_700    -2.580930    4.470310    4.626890
180    opls_700    -3.884820    6.728710    5.737850
181    opls_700    -1.921450    3.328050    3.884220
182    opls_700    -0.709070    1.228150    3.876860
183    opls_145   -24.250610   42.003290   10.935010
184    opls_523     5.556540   12.045970    4.955570
185    opls_145     4.856670   10.847040    5.084810
186    opls_145     2.500160    6.751290    7.211250
187    opls_145     1.856270    5.635150    7.752070
188    opls_531     7.712130   15.674200    4.930940
189    opls_523     7.663310   18.193810    4.883970
190    opls_145     6.986440   19.409570    4.945800
191    opls_145     5.579800   19.435690    5.117180
192    opls_145     4.882990   18.205760    5.177610
193    opls_523     5.569570   16.996210    5.116420
194    opls_700     6.974680   16.963890    4.975630
195    opls_142     5.235490   21.758720    5.595790
196    opls_145     5.020770   24.260190    5.382760
197    opls_145     4.295850   25.381190    4.968770
198    opls_700     2.941350   25.261210    4.601250
199    opls_145     2.306410   24.012700    4.770860
200    opls_145     3.038230   22.888590    5.145490
201    opls_700     4.422380   22.982010    5.406890
202    opls_700     0.828190   28.365240    3.876730
203    opls_700     2.213620   26.378240    3.885620
204    opls_145    24.042540   16.893940    8.106270
205    opls_531     7.711360   13.356470    4.902760
206    opls_145     5.559600    9.629520    5.201350
207    opls_700     6.968290   12.069440    4.922310
208    opls_142     4.615620    7.994490    6.602270
209    opls_700     2.580930    4.470310    8.068310
210    opls_700     3.884820    6.728710    6.957350
211    opls_700     1.921450    3.328050    8.810980
212    opls_700     0.709070    1.228150    8.818340
213    opls_145    24.250610   42.003290    1.760190
214    opls_701    25.561660   14.757730    8.229540
215    opls_701     0.000000    0.000000    1.881680
216    opls_523   -17.907550   33.438550    4.955570
217    opls_145   -18.595920   34.644130    5.084810
218    opls_145   -20.964690   38.732800    7.211250
219    opls_145   -21.609350   39.848490    7.752070
220    opls_531   -15.843210   29.757640    4.930940
221    opls_523   -13.636750   28.540120    4.883970
222    opls_145   -12.245440   28.518420    4.945800
223    opls_145   -11.519500   29.723550    5.117180
224    opls_145   -12.236240   30.941960    5.177610
225    opls_523   -13.627040   30.952150    5.116420
226    opls_700   -14.357580   29.751450    4.975630
227    opls_142    -9.335530   28.860220    5.595790
228    opls_145    -7.061850   27.795440    5.382760
229    opls_145    -5.728570   27.862730    4.968770
230    opls_700    -5.155220   29.095750    4.601250
231    opls_145    -5.919000   30.269890    4.770860
232    opls_145    -7.258420   30.198170    5.145490
233    opls_700    -7.869590   28.952750    5.406890
234    opls_700    -1.410480   29.373790    3.876730
235    opls_700    -3.823990   29.167480    3.885620
236    opls_145    28.170710   15.005220    8.106270
237    opls_531   -17.850040   30.917170    4.902760
238    opls_145   -20.001800   34.644130    5.201350
239    opls_700   -18.593110   32.204210    4.922310
240    opls_142   -20.945780   36.279150    6.602270
241    opls_700   -22.980470   39.803330    8.068310
242    opls_700   -21.676580   37.544940    6.957350
243    opls_700   -23.639950   40.945590    8.810980
244    opls_700   -24.852330   43.045490    8.818340
245    opls_145    -1.310790    2.270350    1.760190
246    opls_523    12.351010   43.062760    4.955570
247    opls_145    13.739250   43.056120    5.084810
248    opls_145    18.464530   43.063200    7.211250
249    opls_145    19.753080   43.063640    7.752070
250    opls_531     8.131080   43.115450    4.930940
251    opls_523     5.973440   41.813360    4.883970
252    opls_145     5.259000   40.619300    4.945800
253    opls_145     5.939700   39.388050    5.117180
254    opls_145     7.353250   39.399560    5.177610
255    opls_523     8.057460   40.598930    5.116420
256    opls_700     7.382900   41.831950    4.975630
257    opls_142     4.100050   37.928340    5.595790
258    opls_145     2.041080   36.491670    5.382760
259    opls_145     1.432720   35.303360    4.968770
260    opls_700     2.213870   34.190320    4.601250
261    opls_145     3.612590   34.264700    4.770860
262    opls_145     4.220190   35.460530    5.145490
263    opls_700     3.447210   36.612530    5.406890
264    opls_700     0.582290   30.808260    3.876730
265    opls_700     1.610370   33.001570    3.885620
266    opls_145    24.470950   12.374480    8.106270
267    opls_531    35.700070    0.000000    4.902760
268    opls_145    40.003590    0.000000    5.201350
269    opls_700    37.186210    0.000000    4.922310
270    opls_142    41.891560    0.000000    6.602270
271    opls_700    45.960930    0.000000    8.068310
272    opls_700    43.353160    0.000000    6.957350
273    opls_700    47.279900    0.000000    8.810980
274    opls_700    49.704650    0.000000    8.818340
275    opls_145     2.621580    0.000000    1.760190
276    opls_523    20.004860   32.227670   11.303170
277    opls_145    20.704730   33.426600   11.432410
278    opls_145    23.061240   37.522360    0.863650
279    opls_145    23.705130   38.638490    1.404470
280    opls_531    17.849270   28.599450   11.278540
281    opls_523    17.898090   26.079830   11.231570
282    opls_145    18.574960   24.864080   11.293400
283    opls_145    19.981600   24.837960   11.464780
284    opls_145    20.678410   26.067880   11.525210
285    opls_523    19.991830   27.277430   11.464020
286    opls_700    18.586720   27.309750   11.323230
287    opls_142    20.325910   22.514920   11.943390
288    opls_145    20.540630   20.013460   11.730360
289    opls_145    21.265550   18.892450   11.316370
290    opls_700    22.620050   19.012430   10.948850
291    opls_145    23.254990   20.260950   11.118460
292    opls_145    22.523170   21.385060   11.493090
293    opls_700    21.139020   21.291640   11.754490
294    opls_700    24.733210   15.908410   10.224330
295    opls_700    23.347780   17.895410   10.233220
296    opls_145     1.518860   27.379710    1.758670
297    opls_531    17.850040   30.917170   11.250360
298    opls_145    20.001800   34.644130   11.548950
299    opls_700    18.593110   32.204210   11.269910
300    opls_142    20.945780   36.279150    0.254670
301    opls_700    22.980470   39.803330    1.720710
302    opls_700    21.676580   37.544940    0.609750
303    opls_700    23.639950   40.945590    2.463380
304    opls_700    24.852330   43.045490    2.470740
305    opls_145     1.310790    2.270350    8.107790
306    opls_701    -0.000260   29.515910    1.881940
307    opls_701     0.000000    0.000000    8.229280
308    opls_523    43.468950   10.835090   11.303170
309    opls_145    44.157320    9.629520   11.432410
310    opls_145    46.526090    5.540850    0.863650
311    opls_145    47.170750    4.425150    1.404470
312    opls_531    41.404610   14.516000   11.278540
313    opls_523    39.198150   15.733520   11.231570
314    opls_145    37.806840   15.755220   11.293400
315    opls_145    37.080900   14.550090   11.464780
316    opls_145    37.797640   13.331680   11.525210
317    opls_523    39.188440   13.321500   11.464020
318    opls_700    39.918980   14.522200   11.323230
319    opls_142    34.896930   15.413430   11.943390
320    opls_145    32.623250   16.478210   11.730360
321    opls_145    31.289970   16.410910   11.316370
322    opls_700    30.716620   15.177890   10.948850
323    opls_145    31.480400   14.003750   11.118460
324    opls_145    32.819820   14.075480   11.493090
325    opls_700    33.430990   15.320890   11.754490
326    opls_700    26.971880   14.899850   10.224330
327    opls_700    29.385390   15.106170   10.233220
328    opls_145    -2.609310   29.268420    1.758670
329    opls_531    -7.711360   13.356470   11.250360
330    opls_145    -5.559600    9.629520   11.548950
331    opls_700    -6.968290   12.069440   11.269910
332    opls_142    -4.615620    7.994490    0.254670
333    opls_700    -2.580930    4.470310    1.720710
334    opls_700    -3.884820    6.728710    0.609750
335    opls_700    -1.921450    3.328050    2.463380
336    opls_700    -0.709070    1.228150    2.470740
337    opls_145   -24.250610   42.003290    8.107790
338    opls_523    13.210390    1.210880   11.303170
339    opls_145    11.822150    1.217530   11.432410
340    opls_145     7.096870    1.210440    0.863650
341    opls_145     5.808320    1.210000    1.404470
342    opls_531    17.430320    1.158200   11.278540
343    opls_523    19.587960    2.460290   11.231570
344    opls_145    20.302400    3.654350   11.293400
345    opls_145    19.621700    4.885600   11.464780
346    opls_145    18.208150    4.874090   11.525210
347    opls_523    17.503940    3.674710   11.464020
348    opls_700    18.178500    2.441690   11.323230
349    opls_142    21.461350    6.345300   11.943390
350    opls_145    23.520320    7.781980   11.730360
351    opls_145    24.128680    8.970280   11.316370
352    opls_700    23.347530   10.083320   10.948850
353    opls_145    21.948810   10.008940   11.118460
354    opls_145    21.341210    8.813110   11.493090
355    opls_700    22.114190    7.661110   11.754490
356    opls_700    24.979110   13.465390   10.224330
357    opls_700    23.951030   11.272070   10.233220
358    opls_145     1.090450   31.899160    1.758670
359    opls_531    15.422730    0.000000   11.250360
360    opls_145    11.119210    0.000000   11.548950
361    opls_700    13.936590    0.000000   11.269910
362    opls_142     9.231240    0.000000    0.254670
363    opls_700     5.161870    0.000000    1.720710
364    opls_700     7.769640    0.000000    0.609750
365    opls_700     3.842900    0.000000    2.463380
366    opls_700     1.418150    0.000000    2.470740
367    opls_145    48.501220    0.000000    8.107790
368    opls_523    17.907550   33.438550   11.303170
369    opls_145    18.595920   34.644130   11.432410
370    opls_145    20.964690   38.732800    0.863650
371    opls_145    21.609350   39.848490    1.404470
372    opls_531    15.843210   29.757640   11.278540
373    opls_523    13.636750   28.540120   11.231570
374    opls_145    12.245440   28.518420   11.293400
375    opls_145    11.519500   29.723550   11.464780
376    opls_145    12.236240   30.941960   11.525210
377    opls_523    13.627040   30.952150   11.464020
378    opls_700    14.357580   29.751450   11.323230
379    opls_142     9.335530   28.860220   11.943390
380    opls_145     7.061850   27.795440   11.730360
381    opls_145     5.728570   27.862730   11.316370
382    opls_700     5.155220   29.095750   10.948850
383    opls_145     5.919000   30.269890   11.118460
384    opls_145     7.258420   30.198170   11.493090
385    opls_700     7.869590   28.952750   11.754490
386    opls_700     1.410480   29.373790   10.224330
387    opls_700     3.823990   29.167480   10.233220
388    opls_145    22.952090   15.005220    1.758670
389    opls_701    25.561660   14.757730    1.881940
390    opls_523   -12.351010   43.062760   11.303170
391    opls_145   -13.739250   43.056120   11.432410
392    opls_145   -18.464530   43.063200    0.863650
393    opls_145   -19.753080   43.063640    1.404470
394    opls_531    -8.131080   43.115450   11.278540
395    opls_523    -5.973440   41.813360   11.231570
396    opls_145    -5.259000   40.619300   11.293400
397    opls_145    -5.939700   39.388050   11.464780
398    opls_145    -7.353250   39.399560   11.525210
399    opls_523    -8.057460   40.598930   11.464020
400    opls_700    -7.382900   41.831950   11.323230
401    opls_142    -4.100050   37.928340   11.943390
402    opls_145    -2.041080   36.491670   11.730360
403    opls_145    -1.432720   35.303360   11.316370
404    opls_700    -2.213870   34.190320   10.948850
405    opls_145    -3.612590   34.264700   11.118460
406    opls_145    -4.220190   35.460530   11.493090
407    opls_700    -3.447210   36.612530   11.754490
408    opls_700    -0.582290   30.808260   10.224330
409    opls_700    -1.610370   33.001570   10.233220
410    opls_145    26.651850   12.374480    1.758670
411    opls_523    -5.556540   12.045970   11.303170
412    opls_145    -4.856670   10.847040   11.432410
413    opls_145    -2.500160    6.751290    0.863650
414    opls_145    -1.856270    5.635150    1.404470
415    opls_531    -7.712130   15.674200   11.278540
416    opls_523    -7.663310   18.193810   11.231570
417    opls_145    -6.986440   19.409570   11.293400
418    opls_145    -5.579800   19.435690   11.464780
419    opls_145    -4.882990   18.205760   11.525210
420    opls_523    -5.569570   16.996210   11.464020
421    opls_700    -6.974680   16.963890   11.323230
422    opls_142    -5.235490   21.758720   11.943390
423    opls_145    -5.020770   24.260190   11.730360
424    opls_145    -4.295850   25.381190   11.316370
425    opls_700    -2.941350   25.261210   10.948850
426    opls_145    -2.306410   24.012700   11.118460
427    opls_145    -3.038230   22.888590   11.493090
428    opls_700    -4.422380   22.982010   11.754490
429    opls_700    -0.828190   28.365240   10.224330
430    opls_700    -2.213620   26.378240   10.233220
431    opls_145    27.080260   16.893940    1.758670
432    opls_523     7.653850   10.835090    4.955570
433    opls_145     6.965480    9.629520    5.084810
434    opls_145     4.596710    5.540850    7.211250
435    opls_145     3.952050    4.425150    7.752070
436    opls_531     9.718190   14.516000    4.930940
437    opls_523    11.924650   15.733520    4.883970
438    opls_145    13.315960   15.755220    4.945800
439    opls_145    14.041900   14.550090    5.117180
440    opls_145    13.325160   13.331680    5.177610
441    opls_523    11.934360   13.321500    5.116420
442    opls_700    11.203820   14.522200    4.975630
443    opls_142    16.225870   15.413430    5.595790
444    opls_145    18.499550   16.478210    5.382760
445    opls_145    19.832830   16.410910    4.968770
446    opls_700    20.406180   15.177890    4.601250
447    opls_145    19.642400   14.003750    4.770860
448    opls_145    18.302980   14.075480    5.145490
449    opls_700    17.691810   15.320890    5.406890
450    opls_700    24.150920   14.899850    3.876730
451    opls_700    21.737410   15.106170    3.885620
452    opls_145     2.609310   29.268420    8.106270
453    opls_701    -0.000260   29.515910    8.229540
454    opls_523    37.912410    1.210880    4.955570
455    opls_145    39.300650    1.217530    5.084810
456    opls_145    44.025930    1.210440    7.211250
457    opls_145    45.314480    1.210000    7.752070
458    opls_531    33.692480    1.158200    4.930940
459    opls_523    31.534840    2.460290    4.883970
460    opls_145    30.820400    3.654350    4.945800
461    opls_145    31.501100    4.885600    5.117180
462    opls_145    32.914650    4.874090    5.177610
463    opls_523    33.618860    3.674710    5.116420
464    opls_700    32.944300    2.441690    4.975630
465    opls_142    29.661450    6.345300    5.595790
466    opls_145    27.602480    7.781980    5.382760
467    opls_145    26.994120    8.970280    4.968770
468    opls_700    27.775270   10.083320    4.601250
469    opls_145    29.173990   10.008940    4.770860
470    opls_145    29.781590    8.813110    5.145490
471    opls_700    29.008610    7.661110    5.406890
472    opls_700    26.143690   13.465390    3.876730
473    opls_700    27.171770   11.272070    3.885620
474    opls_145    -1.090450   31.899160    8.106270
475    opls_523    31.117940   32.227670    4.955570
476    opls_145    30.418070   33.426600    5.084810
477    opls_145    28.061560   37.522360    7.211250
478    opls_145    27.417670   38.638490    7.752070
479    opls_531    33.273530   28.599450    4.930940
480    opls_523    33.224710   26.079830    4.883970
481    opls_145    32.547840   24.864080    4.945800
482    opls_145    31.141200   24.837960    5.117180
483    opls_145    30.444390   26.067880    5.177610
484    opls_523    31.130970   27.277430    5.116420
485    opls_700    32.536080   27.309750    4.975630
486    opls_142    30.796890   22.514920    5.595790
487    opls_145    30.582170   20.013460    5.382760
488    opls_145    29.857250   18.892450    4.968770
489    opls_700    28.502750   19.012430    4.601250
490    opls_145    27.867810   20.260950    4.770860
491    opls_145    28.599630   21.385060    5.145490
492    opls_700    29.983780   21.291640    5.406890
493    opls_700    26.389590   15.908410    3.876730
494    opls_700    27.775020   17.895410    3.885620
495    opls_145    -1.518860   27.379710    8.106270
496    opls_523    20.004860   32.227670    7.739630
497    opls_145    20.704730   33.426600    7.610390
498    opls_145    23.061240   37.522360    5.483950
499    opls_145    23.705130   38.638490    4.943130
500    opls_531    17.849270   28.599450    7.764260
501    opls_523    17.898090   26.079830    7.811230
502    opls_145    18.574960   24.864080    7.749400
503    opls_145    19.981600   24.837960    7.578020
504    opls_145    20.678410   26.067880    7.517590
505    opls_523    19.991830   27.277430    7.578780
506    opls_700    18.586720   27.309750    7.719570
507    opls_142    20.325910   22.514920    7.099410
508    opls_145    20.540630   20.013460    7.312440
509    opls_145    21.265550   18.892450    7.726430
510    opls_700    22.620050   19.012430    8.093950
511    opls_145    23.254990   20.260950    7.924340
512    opls_145    22.523170   21.385060    7.549710
513    opls_700    21.139020   21.291640    7.288310
514    opls_700    24.733210   15.908410    8.818470
515    opls_700    23.347780   17.895410    8.809580
516    opls_145     1.518860   27.379710    4.588930
517    opls_701    -0.000260   29.515910    4.465660
518    opls_523    43.468950   10.835090    7.739630
519    opls_145    44.157320    9.629520    7.610390
520    opls_145    46.526090    5.540850    5.483950
521    opls_145    47.170750    4.425150    4.943130
522    opls_531    41.404610   14.516000    7.764260
523    opls_523    39.198150   15.733520    7.811230
524    opls_145    37.806840   15.755220    7.749400
525    opls_145    37.080900   14.550090    7.578020
526    opls_145    37.797640   13.331680    7.517590
527    opls_523    39.188440   13.321500    7.578780
528    opls_700    39.918980   14.522200    7.719570
529    opls_142    34.896930   15.413430    7.099410
530    opls_145    32.623250   16.478210    7.312440
531    opls_145    31.289970   16.410910    7.726430
532    opls_700    30.716620   15.177890    8.093950
533    opls_145    31.480400   14.003750    7.924340
534    opls_145    32.819820   14.075480    7.549710
535    opls_700    33.430990   15.320890    7.288310
536    opls_700    26.971880   14.899850    8.818470
537    opls_700    29.385390   15.106170    8.809580
538    opls_145    -2.609310   29.268420    4.588930
539    opls_523    13.210390    1.210880    7.739630
540    opls_145    11.822150    1.217530    7.610390
541    opls_145     7.096870    1.210440    5.483950
542    opls_145     5.808320    1.210000    4.943130
543    opls_531    17.430320    1.158200    7.764260
544    opls_523    19.587960    2.460290    7.811230
545    opls_145    20.302400    3.654350    7.749400
546    opls_145    19.621700    4.885600    7.578020
547    opls_145    18.208150    4.874090    7.517590
548    opls_523    17.503940    3.674710    7.578780
549    opls_700    18.178500    2.441690    7.719570
550    opls_142    21.461350    6.345300    7.099410
551    opls_145    23.520320    7.781980    7.312440
552    opls_145    24.128680    8.970280    7.726430
553    opls_700    23.347530   10.083320    8.093950
554    opls_145    21.948810   10.008940    7.924340
555    opls_145    21.341210    8.813110    7.549710
556    opls_700    22.114190    7.661110    7.288310
557    opls_700    24.979110   13.465390    8.818470
558    opls_700    23.951030   11.272070    8.809580
559    opls_145     1.090450   31.899160    4.588930
560    opls_523     5.556540   12.045970    1.392030
561    opls_145     4.856670   10.847040    1.262790
562    opls_145     2.500160    6.751290   11.831550
563    opls_145     1.856270    5.635150   11.290730
564    opls_531     7.712130   15.674200    1.416660
565    opls_523     7.663310   18.193810    1.463630
566    opls_145     6.986440   19.409570    1.401800
567    opls_145     5.579800   19.435690    1.230420
568    opls_145     4.882990   18.205760    1.169990
569    opls_523     5.569570   16.996210    1.231180
570    opls_700     6.974680   16.963890    1.371970
571    opls_142     5.235490   21.758720    0.751810
572    opls_145     5.020770   24.260190    0.964840
573    opls_145     4.295850   25.381190    1.378830
574    opls_700     2.941350   25.261210    1.746350
575    opls_145     2.306410   24.012700    1.576740
576    opls_145     3.038230   22.888590    1.202110
577    opls_700     4.422380   22.982010    0.940710
578    opls_700     0.828190   28.365240    2.470870
579    opls_700     2.213620   26.378240    2.461980
580    opls_145    24.042540   16.893940   10.936530
581    opls_701    25.561660   14.757730   10.813260
582    opls_523   -17.907550   33.438550    1.392030
583    opls_145   -18.595920   34.644130    1.262790
584    opls_145   -20.964690   38.732800   11.831550
585    opls_145   -21.609350   39.848490   11.290730
586    opls_531   -15.843210   29.757640    1.416660
587    opls_523   -13.636750   28.540120    1.463630
588    opls_145   -12.245440   28.518420    1.401800
589    opls_145   -11.519500   29.723550    1.230420
590    opls_145   -12.236240   30.941960    1.169990
591    opls_523   -13.627040   30.952150    1.231180
592    opls_700   -14.357580   29.751450    1.371970
593    opls_142    -9.335530   28.860220    0.751810
594    opls_145    -7.061850   27.795440    0.964840
595    opls_145    -5.728570   27.862730    1.378830
596    opls_700    -5.155220   29.095750    1.746350
597    opls_145    -5.919000   30.269890    1.576740
598    opls_145    -7.258420   30.198170    1.202110
599    opls_700    -7.869590   28.952750    0.940710
600    opls_700    -1.410480   29.373790    2.470870
601    opls_700    -3.823990   29.167480    2.461980
602    opls_145    28.170710   15.005220   10.936530
603    opls_523    12.351010   43.062760    1.392030
604    opls_145    13.739250   43.056120    1.262790
605    opls_145    18.464530   43.063200   11.831550
606    opls_145    19.753080   43.063640   11.290730
607    opls_531     8.131080   43.115450    1.416660
608    opls_523     5.973440   41.813360    1.463630
609    opls_145     5.259000   40.619300    1.401800
610    opls_145     5.939700   39.388050    1.230420
611    opls_145     7.353250   39.399560    1.169990
612    opls_523     8.057460   40.598930    1.231180
613    opls_700     7.382900   41.831950    1.371970
614    opls_142     4.100050   37.928340    0.751810
615    opls_145     2.041080   36.491670    0.964840
616    opls_145     1.432720   35.303360    1.378830
617    opls_700     2.213870   34.190320    1.746350
618    opls_145     3.612590   34.264700    1.576740
619    opls_145     4.220190   35.460530    1.202110
620    opls_700     3.447210   36.612530    0.940710
621    opls_700     0.582290   30.808260    2.470870
622    opls_700     1.610370   33.001570    2.461980
623    opls_145    24.470950   12.374480   10.936530
624    opls_750    15.451100   14.489440    1.227880
625    opls_520    16.491450   30.951260   11.264450
626    opls_750     4.853600    8.406680    0.938300
627    opls_520    16.491700   28.564470   11.278800
628    opls_750    30.849030    6.136330    1.227880
629    opls_520    -9.488900   43.080030   11.264450
630    opls_750    41.415600    0.000000    0.938300
631    opls_520    18.139390    0.000000   11.278800
632    opls_750    30.384070   23.647880    1.227880
633    opls_520    -7.002550   14.516000   11.264450
634    opls_750   -20.707800   35.866960    0.938300
635    opls_520    -9.069700   15.709170   11.278800
636    opls_750    10.110300   29.784210    7.575480
637    opls_520     9.069950   13.322380    4.916850
638    opls_750    20.707800   35.866960    7.285900
639    opls_520     9.069700   15.709170    4.931200
640    opls_750    -5.287630   38.137320    7.575480
641    opls_520    35.050300    1.193620    4.916850
642    opls_750     9.707200    0.000000    7.285900
643    opls_520    32.983410    0.000000    4.931200
644    opls_750    -4.822670   20.625760    7.575480
645    opls_520    32.563950   29.757640    4.916850
646    opls_750    -4.853600    8.406680    7.285900
647    opls_520   -16.491700   28.564470    4.931200
648    opls_750     4.822670   20.625760    5.119720
649    opls_520    18.558850   29.757640    7.778350
650    opls_750     4.853600    8.406680    5.409300
651    opls_520    16.491700   28.564470    7.764000
652    opls_750   -10.110300   29.784210    5.119720
653    opls_520    42.052850   13.322380    7.778350
654    opls_750   -20.707800   35.866960    5.409300
655    opls_520    -9.069700   15.709170    7.764000
656    opls_750     5.287630   38.137320    5.119720
657    opls_520    16.072500    1.193620    7.778350
658    opls_750    41.415600    0.000000    5.409300
659    opls_520    18.139390    0.000000    7.764000
660    opls_750    20.738730   23.647880   11.467320
661    opls_520     7.002550   14.516000    1.430750
662    opls_750    20.707800   35.866960   11.756900
663    opls_520     9.069700   15.709170    1.416400
664    opls_750    35.671700   14.489440   11.467320
665    opls_520   -16.491450   30.951260    1.430750
666    opls_750    -4.853600    8.406680   11.756900
667    opls_520   -16.491700   28.564470    1.416400
668    opls_750    20.273770    6.136330   11.467320
669    opls_520     9.488900   43.080030    1.430750
670    opls_750     9.707200    0.000000   11.756900
671    opls_520    32.983410    0.000000    1.416400
672    opls_750    10.110300   29.784210   11.467320
673    opls_520     9.069950   13.322380    1.430750
674    opls_750    -5.287630   38.137320   11.467320
675    opls_520    35.050300    1.193620    1.430750
676    opls_750    -4.822670   20.625760   11.467320
677    opls_520    32.563950   29.757640    1.430750
678    opls_750    15.451100   14.489440    5.119720
679    opls_520    16.491450   30.951260    7.778350
680    opls_750    30.849030    6.136330    5.119720
681    opls_520    -9.488900   43.080030    7.778350
682    opls_750    30.384070   23.647880    5.119720
683    opls_520    -7.002550   14.516000    7.778350
684    opls_750    20.738730   23.647880    7.575480
685    opls_520     7.002550   14.516000    4.916850
686    opls_750    35.671700   14.489440    7.575480
687    opls_520   -16.491450   30.951260    4.916850
688    opls_750    20.273770    6.136330    7.575480
689    opls_520     9.488900   43.080030    4.916850
690    opls_750     4.822670   20.625760    1.227880
691    opls_520    18.558850   29.757640   11.264450
692    opls_750   -10.110300   29.784210    1.227880
693    opls_520    42.052850   13.322380   11.264450
694    opls_750     5.287630   38.137320    1.227880
695    opls_520    16.072500    1.193620   11.264450
696    opls_526     8.742510   10.824910    1.449030
697    opls_146     7.512500    8.689150    1.209980
698    opls_146     5.666710    5.496570   12.035050
699    opls_146     4.528200    3.525510   11.073520
700    opls_526    11.381720   16.668580    1.599340
701    opls_146    13.839960   16.704450    1.516060
702    opls_146    13.872170   12.396620    1.055230
703    opls_526    11.400380   12.372710    1.176590
704    opls_144    15.838100   16.323250    0.232830
705    opls_146    18.063220   17.450900    0.730610
706    opls_146    20.415890   17.327820    1.467570
707    opls_146    20.084360   13.035490    1.811350
708    opls_146    17.710470   13.162550    1.146630
709    opls_146     2.610330   29.279930   12.027180
710    opls_146     1.310530    2.269910   12.025910
711    opls_144     4.953540    8.579790   11.548700
712    opls_702    -0.000260   29.515910   11.904540
713    opls_702     0.000000    0.000000    5.557200
714    opls_526    37.376900    2.158780    1.449030
715    opls_146    39.841530    2.161440    1.209980
716    opls_146    43.529270    2.159230   12.035050
717    opls_146    45.805520    2.158780   11.073520
718    opls_526    30.996520    1.522570    1.599340
719    opls_146    29.736340    3.633540    1.516060
720    opls_146    33.450930    5.815340    1.055230
721    opls_526    34.707520    3.686670    1.176590
722    opls_144    29.067400    5.554570    0.232830
723    opls_146    26.978270    6.917760    0.730610
724    opls_146    25.908520    9.016770    1.467570
725    opls_146    29.791560   10.875820    1.811350
726    opls_146    30.868460    8.756440    1.146630
727    opls_146    -1.100930   31.894290   12.027180
728    opls_146    48.501730    0.000000   12.025910
729    opls_144    41.215710    0.000000   11.548700
730    opls_526    30.564790   31.289950    1.449030
731    opls_146    29.330170   33.423060    1.209980
732    opls_146    27.488220   36.617850   12.035050
733    opls_146    26.350480   38.589350   11.073520
734    opls_526    34.305950   26.082490    1.599340
735    opls_146    33.107890   23.935660    1.516060
736    opls_146    29.361100   26.061680    1.055230
737    opls_526    30.576290   28.214260    1.176590
738    opls_144    31.778700   22.395820    0.232830
739    opls_146    31.642710   19.904990    0.730610
740    opls_146    30.359790   17.929050    1.467570
741    opls_146    26.808290   20.362330    1.811350
742    opls_146    28.105270   22.354650    1.146630
743    opls_146    -1.509400   27.373070   12.027180
744    opls_146   -24.250870   42.003730   12.025910
745    opls_144   -20.607860   35.693850   11.548700
746    opls_526    16.818890   33.448740    7.796630
747    opls_146    18.048900   35.584500    7.557580
748    opls_146    19.894690   38.777070    5.687450
749    opls_146    21.033200   40.748130    4.725920
750    opls_526    14.179680   27.605060    7.946940
751    opls_146    11.721440   27.569200    7.863660
752    opls_146    11.689230   31.877020    7.402830
753    opls_526    14.161020   31.900930    7.524190
754    opls_144     9.723300   27.950390    6.580430
755    opls_146     7.498180   26.822740    7.078210
756    opls_146     5.145510   26.945820    7.815170
757    opls_146     5.477040   31.238150    8.158950
758    opls_146     7.850930   31.111090    7.494230
759    opls_146    22.951070   14.993710    5.679580
760    opls_146    24.250870   42.003730    5.678310
761    opls_144    20.607860   35.693850    5.201100
762    opls_702    25.561660   14.757730    5.556940
763    opls_702     0.000000    0.000000   11.904800
764    opls_526   -11.815500   42.114860    7.796630
765    opls_146   -14.280130   42.112200    7.557580
766    opls_146   -17.967870   42.114420    5.687450
767    opls_146   -20.244120   42.114860    4.725920
768    opls_526    -5.435120   42.751070    7.946940
769    opls_146    -4.174940   40.640110    7.863660
770    opls_146    -7.889530   38.458300    7.402830
771    opls_526    -9.146120   40.586980    7.524190
772    opls_144    -3.506000   38.719070    6.580430
773    opls_146    -1.416870   37.355890    7.078210
774    opls_146    -0.347120   35.256870    7.815170
775    opls_146    -4.230160   33.397820    8.158950
776    opls_146    -5.307060   35.517200    7.494230
777    opls_146    26.662330   12.379350    5.679580
778    opls_146     2.621070    0.000000    5.678310
779    opls_144     9.907090    0.000000    5.201100
780    opls_526    -5.003390   12.983690    7.796630
781    opls_146    -3.768770   10.850580    7.557580
782    opls_146    -1.926820    7.655800    5.687450
783    opls_146    -0.789080    5.684290    4.725920
784    opls_526    -8.744550   18.191150    7.946940
785    opls_146    -7.546490   20.337980    7.863660
786    opls_146    -3.799700   18.211960    7.402830
787    opls_526    -5.014890   16.059380    7.524190
788    opls_144    -6.217300   21.877820    6.580430
789    opls_146    -6.081310   24.368660    7.078210
790    opls_146    -4.798390   26.344590    7.815170
791    opls_146    -1.246890   23.911310    8.158950
792    opls_146    -2.543870   21.919000    7.494230
793    opls_146    27.070800   16.900580    5.679580
794    opls_146    -1.310530    2.269910    5.678310
795    opls_144    -4.953540    8.579790    5.201100
796    opls_526     5.003390   12.983690    4.898570
797    opls_146     3.768770   10.850580    5.137620
798    opls_146     1.926820    7.655800    7.007750
799    opls_146     0.789080    5.684290    7.969280
800    opls_526     8.744550   18.191150    4.748260
801    opls_146     7.546490   20.337980    4.831540
802    opls_146     3.799700   18.211960    5.292370
803    opls_526     5.014890   16.059380    5.171010
804    opls_144     6.217300   21.877820    6.114770
805    opls_146     6.081310   24.368660    5.616990
806    opls_146     4.798390   26.344590    4.880030
807    opls_146     1.246890   23.911310    4.536250
808    opls_146     2.543870   21.919000    5.200970
809    opls_146    24.052000   16.900580    7.015620
810    opls_146     1.310530    2.269910    7.016890
811    opls_144     4.953540    8.579790    7.494100
812    opls_702    25.561660   14.757730    7.138260
813    opls_702     0.000000    0.000000    0.790400
814    opls_526   -16.818890   33.448740    4.898570
815    opls_146   -18.048900   35.584500    5.137620
816    opls_146   -19.894690   38.777070    7.007750
817    opls_146   -21.033200   40.748130    7.969280
818    opls_526   -14.179680   27.605060    4.748260
819    opls_146   -11.721440   27.569200    4.831540
820    opls_146   -11.689230   31.877020    5.292370
821    opls_526   -14.161020   31.900930    5.171010
822    opls_144    -9.723300   27.950390    6.114770
823    opls_146    -7.498180   26.822740    5.616990
824    opls_146    -5.145510   26.945820    4.880030
825    opls_146    -5.477040   31.238150    4.536250
826    opls_146    -7.850930   31.111090    5.200970
827    opls_146    28.171730   14.993710    7.015620
828    opls_146   -24.250870   42.003730    7.016890
829    opls_144   -20.607860   35.693850    7.494100
830    opls_526    11.815500   42.114860    4.898570
831    opls_146    14.280130   42.112200    5.137620
832    opls_146    17.967870   42.114420    7.007750
833    opls_146    20.244120   42.114860    7.969280
834    opls_526     5.435120   42.751070    4.748260
835    opls_146     4.174940   40.640110    4.831540
836    opls_146     7.889530   38.458300    5.292370
837    opls_526     9.146120   40.586980    5.171010
838    opls_144     3.506000   38.719070    6.114770
839    opls_146     1.416870   37.355890    5.616990
840    opls_146     0.347120   35.256870    4.880030
841    opls_146     4.230160   33.397820    4.536250
842    opls_146     5.307060   35.517200    5.200970
843    opls_146    24.460470   12.379350    7.015620
844    opls_146    48.501730    0.000000    7.016890
845    opls_144    41.215710    0.000000    7.494100
846    opls_526    20.558010   31.289950   11.246170
847    opls_146    21.792630   33.423060   11.485220
848    opls_146    23.634580   36.617850    0.660150
849    opls_146    24.772320   38.589350    1.621680
850    opls_526    16.816850   26.082490   11.095860
851    opls_146    18.014910   23.935660   11.179140
852    opls_146    21.761700   26.061680   11.639970
853    opls_526    20.546510   28.214260   11.518610
854    opls_144    19.344100   22.395820   12.462370
855    opls_146    19.480090   19.904990   11.964590
856    opls_146    20.763010   17.929050   11.227630
857    opls_146    24.314510   20.362330   10.883850
858    opls_146    23.017530   22.354650   11.548570
859    opls_146     1.509400   27.373070    0.668020
860    opls_146    24.250870   42.003730    0.669290
861    opls_144    20.607860   35.693850    1.146500
862    opls_702    -0.000260   29.515910    0.790660
863    opls_702     0.000000    0.000000    7.138000
864    opls_526    42.380290   10.824910   11.246170
865    opls_146    43.610300    8.689150   11.485220
866    opls_146    45.456090    5.496570    0.660150
867    opls_146    46.594600    3.525510    1.621680
868    opls_526    39.741080   16.668580   11.095860
869    opls_146    37.282840   16.704450   11.179140
870    opls_146    37.250630   12.396620   11.639970
871    opls_526    39.722420   12.372710   11.518610
872    opls_144    35.284700   16.323250   12.462370
873    opls_146    33.059580   17.450900   11.964590
874    opls_146    30.706910   17.327820   11.227630
875    opls_146    31.038440   13.035490   10.883850
876    opls_146    33.412330   13.162550   11.548570
877    opls_146    -2.610330   29.279930    0.668020
878    opls_146    -1.310530    2.269910    0.669290
879    opls_144    -4.953540    8.579790    1.146500
880    opls_526    13.745900    2.158780   11.246170
881    opls_146    11.281270    2.161440   11.485220
882    opls_146     7.593530    2.159230    0.660150
883    opls_146     5.317280    2.158780    1.621680
884    opls_526    20.126280    1.522570   11.095860
885    opls_146    21.386460    3.633540   11.179140
886    opls_146    17.671870    5.815340   11.639970
887    opls_526    16.415280    3.686670   11.518610
888    opls_144    22.055400    5.554570   12.462370
889    opls_146    24.144530    6.917760   11.964590
890    opls_146    25.214280    9.016770   11.227630
891    opls_146    21.331240   10.875820   10.883850
892    opls_146    20.254340    8.756440   11.548570
893    opls_146     1.100930   31.894290    0.668020
894    opls_146     2.621070    0.000000    0.669290
895    opls_144     9.907090    0.000000    1.146500
896    opls_526    16.818890   33.448740   11.246170
897    opls_146    18.048900   35.584500   11.485220
898    opls_146    19.894690   38.777070    0.660150
899    opls_146    21.033200   40.748130    1.621680
900    opls_526    14.179680   27.605060   11.095860
901    opls_146    11.721440   27.569200   11.179140
902    opls_146    11.689230   31.877020   11.639970
903    opls_526    14.161020   31.900930   11.518610
904    opls_144     9.723300   27.950390   12.462370
905    opls_146     7.498180   26.822740   11.964590
906    opls_146     5.145510   26.945820   11.227630
907    opls_146     5.477040   31.238150   10.883850
908    opls_146     7.850930   31.111090   11.548570
909    opls_146    22.951070   14.993710    0.668020
910    opls_702    25.561660   14.757730    0.790660
911    opls_526   -11.815500   42.114860   11.246170
912    opls_146   -14.280130   42.112200   11.485220
913    opls_146   -17.967870   42.114420    0.660150
914    opls_146   -20.244120   42.114860    1.621680
915    opls_526    -5.435120   42.751070   11.095860
916    opls_146    -4.174940   40.640110   11.179140
917    opls_146    -7.889530   38.458300   11.639970
918    opls_526    -9.146120   40.586980   11.518610
919    opls_144    -3.506000   38.719070   12.462370
920    opls_146    -1.416870   37.355890   11.964590
921    opls_146    -0.347120   35.256870   11.227630
922    opls_146    -4.230160   33.397820   10.883850
923    opls_146    -5.307060   35.517200   11.548570
924    opls_146    26.662330   12.379350    0.668020
925    opls_526    -5.003390   12.983690   11.246170
926    opls_146    -3.768770   10.850580   11.485220
927    opls_146    -1.926820    7.655800    0.660150
928    opls_146    -0.789080    5.684290    1.621680
929    opls_526    -8.744550   18.191150   11.095860
930    opls_146    -7.546490   20.337980   11.179140
931    opls_146    -3.799700   18.211960   11.639970
932    opls_526    -5.014890   16.059380   11.518610
933    opls_144    -6.217300   21.877820   12.462370
934    opls_146    -6.081310   24.368660   11.964590
935    opls_146    -4.798390   26.344590   11.227630
936    opls_146    -1.246890   23.911310   10.883850
937    opls_146    -2.543870   21.919000   11.548570
938    opls_146    27.070800   16.900580    0.668020
939    opls_526     8.742510   10.824910    4.898570
940    opls_146     7.512500    8.689150    5.137620
941    opls_146     5.666710    5.496570    7.007750
942    opls_146     4.528200    3.525510    7.969280
943    opls_526    11.381720   16.668580    4.748260
944    opls_146    13.839960   16.704450    4.831540
945    opls_146    13.872170   12.396620    5.292370
946    opls_526    11.400380   12.372710    5.171010
947    opls_144    15.838100   16.323250    6.114770
948    opls_146    18.063220   17.450900    5.616990
949    opls_146    20.415890   17.327820    4.880030
950    opls_146    20.084360   13.035490    4.536250
951    opls_146    17.710470   13.162550    5.200970
952    opls_146     2.610330   29.279930    7.015620
953    opls_702    -0.000260   29.515910    7.138260
954    opls_526    37.376900    2.158780    4.898570
955    opls_146    39.841530    2.161440    5.137620
956    opls_146    43.529270    2.159230    7.007750
957    opls_146    45.805520    2.158780    7.969280
958    opls_526    30.996520    1.522570    4.748260
959    opls_146    29.736340    3.633540    4.831540
960    opls_146    33.450930    5.815340    5.292370
961    opls_526    34.707520    3.686670    5.171010
962    opls_144    29.067400    5.554570    6.114770
963    opls_146    26.978270    6.917760    5.616990
964    opls_146    25.908520    9.016770    4.880030
965    opls_146    29.791560   10.875820    4.536250
966    opls_146    30.868460    8.756440    5.200970
967    opls_146    -1.100930   31.894290    7.015620
968    opls_526    30.564790   31.289950    4.898570
969    opls_146    29.330170   33.423060    5.137620
970    opls_146    27.488220   36.617850    7.007750
971    opls_146    26.350480   38.589350    7.969280
972    opls_526    34.305950   26.082490    4.748260
973    opls_146    33.107890   23.935660    4.831540
974    opls_146    29.361100   26.061680    5.292370
975    opls_526    30.576290   28.214260    5.171010
976    opls_144    31.778700   22.395820    6.114770
977    opls_146    31.642710   19.904990    5.616990
978    opls_146    30.359790   17.929050    4.880030
979    opls_146    26.808290   20.362330    4.536250
980    opls_146    28.105270   22.354650    5.200970
981    opls_146    -1.509400   27.373070    7.015620
982    opls_526    20.558010   31.289950    7.796630
983    opls_146    21.792630   33.423060    7.557580
984    opls_146    23.634580   36.617850    5.687450
985    opls_146    24.772320   38.589350    4.725920
986    opls_526    16.816850   26.082490    7.946940
987    opls_146    18.014910   23.935660    7.863660
988    opls_146    21.761700   26.061680    7.402830
989    opls_526    20.546510   28.214260    7.524190
990    opls_144    19.344100   22.395820    6.580430
991    opls_146    19.480090   19.904990    7.078210
992    opls_146    20.763010   17.929050    7.815170
993    opls_146    24.314510   20.362330    8.158950
994    opls_146    23.017530   22.354650    7.494230
995    opls_146     1.509400   27.373070    5.679580
996    opls_702    -0.000260   29.515910    5.556940
997    opls_526    42.380290   10.824910    7.796630
998    opls_146    43.610300    8.689150    7.557580
999    opls_146    45.456090    5.496570    5.687450
1000   opls_146    46.594600    3.525510    4.725920
1001   opls_526    39.741080   16.668580    7.946940
1002   opls_146    37.282840   16.704450    7.863660
1003   opls_146    37.250630   12.396620    7.402830
1004   opls_526    39.722420   12.372710    7.524190
1005   opls_144    35.284700   16.323250    6.580430
1006   opls_146    33.059580   17.450900    7.078210
1007   opls_146    30.706910   17.327820    7.815170
1008   opls_146    31.038440   13.035490    8.158950
1009   opls_146    33.412330   13.162550    7.494230
1010   opls_146    -2.610330   29.279930    5.679580
1011   opls_526    13.745900    2.158780    7.796630
1012   opls_146    11.281270    2.161440    7.557580
1013   opls_146     7.593530    2.159230    5.687450
1014   opls_146     5.317280    2.158780    4.725920
1015   opls_526    20.126280    1.522570    7.946940
1016   opls_146    21.386460    3.633540    7.863660
1017   opls_146    17.671870    5.815340    7.402830
1018   opls_526    16.415280    3.686670    7.524190
1019   opls_144    22.055400    5.554570    6.580430
1020   opls_146    24.144530    6.917760    7.078210
1021   opls_146    25.214280    9.016770    7.815170
1022   opls_146    21.331240   10.875820    8.158950
1023   opls_146    20.254340    8.756440    7.494230
1024   opls_146     1.100930   31.894290    5.679580
1025   opls_526     5.003390   12.983690    1.449030
1026   opls_146     3.768770   10.850580    1.209980
1027   opls_146     1.926820    7.655800   12.035050
1028   opls_146     0.789080    5.684290   11.073520
1029   opls_526     8.744550   18.191150    1.599340
1030   opls_146     7.546490   20.337980    1.516060
1031   opls_146     3.799700   18.211960    1.055230
1032   opls_526     5.014890   16.059380    1.176590
1033   opls_144     6.217300   21.877820    0.232830
1034   opls_146     6.081310   24.368660    0.730610
1035   opls_146     4.798390   26.344590    1.467570
1036   opls_146     1.246890   23.911310    1.811350
1037   opls_146     2.543870   21.919000    1.146630
1038   opls_146    24.052000   16.900580   12.027180
1039   opls_702    25.561660   14.757730   11.904540
1040   opls_526   -16.818890   33.448740    1.449030
1041   opls_146   -18.048900   35.584500    1.209980
1042   opls_146   -19.894690   38.777070   12.035050
1043   opls_146   -21.033200   40.748130   11.073520
1044   opls_526   -14.179680   27.605060    1.599340
1045   opls_146   -11.721440   27.569200    1.516060
1046   opls_146   -11.689230   31.877020    1.055230
1047   opls_526   -14.161020   31.900930    1.176590
1048   opls_144    -9.723300   27.950390    0.232830
1049   opls_146    -7.498180   26.822740    0.730610
1050   opls_146    -5.145510   26.945820    1.467570
1051   opls_146    -5.477040   31.238150    1.811350
1052   opls_146    -7.850930   31.111090    1.146630
1053   opls_146    28.171730   14.993710   12.027180
1054   opls_526    11.815500   42.114860    1.449030
1055   opls_146    14.280130   42.112200    1.209980
1056   opls_146    17.967870   42.114420   12.035050
1057   opls_146    20.244120   42.114860   11.073520
1058   opls_526     5.435120   42.751070    1.599340
1059   opls_146     4.174940   40.640110    1.516060
1060   opls_146     7.889530   38.458300    1.055230
1061   opls_526     9.146120   40.586980    1.176590
1062   opls_144     3.506000   38.719070    0.232830
1063   opls_146     1.416870   37.355890    0.730610
1064   opls_146     0.347120   35.256870    1.467570
1065   opls_146     4.230160   33.397820    1.811350
1066   opls_146     5.307060   35.517200    1.146630
1067   opls_146    24.460470   12.379350   12.027180
