0      opls_145    10.756040    4.730300    1.638030
1      opls_700    11.897620    5.551280    1.638030
2      opls_567    13.217290    4.943910    1.638030
3      opls_567    14.576230    3.189810    1.638030
4      opls_700    15.410230    4.338010    1.638030
5      opls_700    14.506180    5.461940    1.638030
6      opls_145    15.025390    1.879840    1.638030
7      opls_423    14.904720    6.816210    1.638030
8      opls_145    -0.152090    1.393980    1.638030
9      opls_700    19.940770    0.566380    1.638030
10     opls_567    18.622480    1.165850    1.638030
11     opls_567    17.252400    2.910940    1.638030
12     opls_700    16.422540    1.761450    1.638030
13     opls_700    17.333910    0.643220    1.638030
14     opls_145    16.804830    4.218890    1.638030
15     opls_423     6.351270   17.665650    1.638030
16     opls_145    11.752220    6.949860    1.638030
17     opls_700    10.470440    7.528000    1.638030
18     opls_567    10.336600    8.974560    1.638030
19     opls_567    11.176230   11.028480    1.638030
20     opls_700     9.764860   11.176650    1.638030
21     opls_700     9.243530    9.831750    1.638030
22     opls_145    12.086120   12.072450    1.638030
23     opls_423     7.871430    9.499760    1.638030
24     opls_145     9.482220   17.554240    1.638030
25     opls_700    10.765910   16.986030    1.638030
26     opls_567    10.905910   15.544620    1.638030
27     opls_567    10.079650   13.485550    1.638030
28     opls_700    11.490070   13.341610    1.638030
29     opls_700    12.002800   14.690000    1.638030
30     opls_145     9.170720   12.443970    1.638030
31     opls_423    -7.861130   15.050490    1.638030
32     opls_145     9.331940    6.702790    1.638030
33     opls_700     9.472140    5.303660    1.638030
34     opls_567     8.286310    4.464480    1.638030
35     opls_567     6.087740    4.164660    1.638030
36     opls_700     6.665110    2.868290    1.638030
37     opls_700     8.090490    3.089250    1.638030
38     opls_145     4.728690    4.430660    1.638030
39     opls_423     9.064060    2.066980    1.638030
40     opls_145    -9.330130   17.817670    1.638030
41     opls_700     1.133510    0.830540    1.638030
42     opls_567     2.311810    1.672480    1.638030
43     opls_567     4.508150    1.986460    1.638030
44     opls_700     3.927590    3.279890    1.638030
45     opls_700     2.503490    3.049730    1.638030
46     opls_145     5.864650    1.720090    1.638030
47     opls_423     1.509860    4.049760    1.638030
48     opls_145    -0.142640   13.652650    4.914080
49     opls_700    -1.284220   12.831670    4.914080
50     opls_567    -2.603890   13.439040    4.914080
51     opls_567    -3.962830   15.193140    4.914080
52     opls_700    -4.796830   14.044940    4.914080
53     opls_700    -3.892780   12.921010    4.914080
54     opls_145    -4.411990   16.503110    4.914080
55     opls_423    -4.291320   11.566730    4.914080
56     opls_145    10.765490   16.988970    4.914080
57     opls_700    -9.327370   17.816570    4.914080
58     opls_567    -8.009080   17.217100    4.914080
59     opls_567    -6.639000   15.472010    4.914080
60     opls_700    -5.809140   16.621490    4.914080
61     opls_700    -6.720510   17.739730    4.914080
62     opls_145    -6.191430   14.164060    4.914080
63     opls_423     4.262130    0.717300    4.914080
64     opls_145    -1.138820   11.433090    4.914080
65     opls_700     0.142960   10.854950    4.914080
66     opls_567     0.276800    9.408390    4.914080
67     opls_567    -0.562830    7.354470    4.914080
68     opls_700     0.848540    7.206300    4.914080
69     opls_700     1.369870    8.551200    4.914080
70     opls_145    -1.472720    6.310500    4.914080
71     opls_423     2.741970    8.883190    4.914080
72     opls_145     1.131180    0.828700    4.914080
73     opls_700    -0.152510    1.396920    4.914080
74     opls_567    -0.292510    2.838330    4.914080
75     opls_567     0.533750    4.897400    4.914080
76     opls_700    -0.876670    5.041340    4.914080
77     opls_700    -1.389400    3.692950    4.914080
78     opls_145     1.442680    5.938980    4.914080
79     opls_423    18.474530    3.332460    4.914080
80     opls_145     1.281460   11.680160    4.914080
81     opls_700     1.141260   13.079280    4.914080
82     opls_567     2.327090   13.918470    4.914080
83     opls_567     4.525660   14.218290    4.914080
84     opls_700     3.948290   15.514660    4.914080
85     opls_700     2.522910   15.293690    4.914080
86     opls_145     5.884710   13.952290    4.914080
87     opls_423     1.549340   16.315970    4.914080
88     opls_145    19.943530    0.565280    4.914080
89     opls_700     9.479890   17.552410    4.914080
90     opls_567     8.301590   16.710470    4.914080
91     opls_567     6.105250   16.396490    4.914080
92     opls_700     6.685810   15.103060    4.914080
93     opls_700     8.109910   15.333220    4.914080
94     opls_145     4.748750   16.662860    4.914080
95     opls_423     9.103540   14.333180    4.914080
96     opls_566    13.255820    3.571620    1.638030
97     opls_566    18.575780    2.536480    1.638030
98     opls_566    11.505770    9.694060    1.638030
99     opls_566     9.742250   14.818860    1.638030
100    opls_566     7.078610    5.117260    1.638030
101    opls_566     3.522160    1.027610    1.638030
102    opls_566    -2.642420   14.811330    4.914080
103    opls_566    -7.962380   15.846470    4.914080
104    opls_566    -0.892370    8.688880    4.914080
105    opls_566     0.871150    3.564090    4.914080
106    opls_566     3.534790   13.265690    4.914080
107    opls_566     7.091240   17.355340    4.914080
108    opls_753    15.273530    7.921580    1.638030
109    opls_753     6.025120   16.546310    1.638030
110    opls_753     6.729740    9.266480    1.638030
111    opls_753    -6.728680   15.327700    1.638030
112    opls_753     9.836920    1.194890    1.638030
113    opls_753     0.703560    4.891890    1.638030
114    opls_753    -4.660130   10.461370    4.914080
115    opls_753     4.588280    1.836640    4.914080
116    opls_753     3.883660    9.116470    4.914080
117    opls_753    17.342080    3.055250    4.914080
118    opls_753     0.776480   17.188060    4.914080
119    opls_753     9.909840   13.491060    4.914080
120    opls_146    10.879270    3.649930    1.638030
121    opls_146    14.350480    1.025220    1.638030
122    opls_146    -0.284970    2.471960    1.638030
123    opls_146    17.475920    5.076080    1.638030
124    opls_146    12.626230    7.596750    1.638030
125    opls_146    13.163690   11.915280    1.638030
126    opls_146     8.615110   16.900180    1.638030
127    opls_146     8.092820   12.596550    1.638030
128    opls_146     8.334700    7.136260    1.638030
129    opls_146     4.326020    5.442460    1.638030
130    opls_146    -8.330140   17.393760    1.638030
131    opls_146     6.271460    0.710320    1.638030
132    opls_146    -0.265870   14.733010    4.914080
133    opls_146    -3.737080   17.357730    4.914080
134    opls_146    10.898370   15.910990    4.914080
135    opls_146    -6.862520   13.306860    4.914080
136    opls_146    -2.012830   10.786190    4.914080
137    opls_146    -2.550290    6.467670    4.914080
138    opls_146     1.998290    1.482770    4.914080
139    opls_146     2.520580    5.786400    4.914080
140    opls_146     2.278700   11.246690    4.914080
141    opls_146     6.287380   12.940490    4.914080
142    opls_146    18.943540    0.989190    4.914080
143    opls_146     4.341940   17.672630    4.914080
