0      opls_700     8.188090   17.086340    0.242710
1      opls_166     8.493820   15.752500    3.448610
2      opls_145     9.842790   15.330160    3.417800
3      opls_700    10.886800   16.198580    0.238600
4      opls_166    10.579020   17.528880    0.585500
5      opls_145     9.233620   17.954810    0.602120
6      opls_181    11.614870   19.713360    0.439740
7      opls_181     7.469630   13.563400    0.014310
8      opls_142    12.304610   15.732840    0.258510
9      opls_142     6.775750   17.562850    0.250700
10     opls_145     5.187190   19.436280    0.263160
11     opls_145    13.943480   13.915290    3.506870
12     opls_145    14.081890   12.607200    3.030280
13     opls_145    15.326170   11.963900    3.027550
14     opls_700    16.477690   12.599320    3.541830
15     opls_145    16.329830   13.919770    0.474210
16     opls_145    15.087990   14.572540    0.448970
17     opls_145     5.065530   20.764080    3.388720
18     opls_145     3.817090   21.395630    3.348790
19     opls_700     2.646190   20.730710    0.225780
20     opls_145     2.785040   19.405890    0.699990
21     opls_145     4.034040   18.763570    0.707440
22     opls_700    17.802290   11.878950    0.078420
23     opls_700     1.298740   21.403710    0.129470
24     opls_145    19.008180   12.587840    0.123720
25     opls_166    -1.243650   22.712250    3.289070
26     opls_700     0.454170   31.578040    3.544070
27     opls_166     1.426030   32.581020    3.300400
28     opls_145    19.937530    1.290560    3.467710
29     opls_700    18.660670    1.680830    0.362170
30     opls_166    17.698820    0.692530    0.628390
31     opls_145    -0.815700   31.971240    0.471760
32     opls_181    15.293840    0.500960    0.452980
33     opls_181     3.539590   31.427200    0.009410
34     opls_142    18.320620    3.119830    0.514040
35     opls_142     0.721790   30.140350    3.263870
36     opls_145     0.033110   27.799470    0.090920
37     opls_145    19.021530    5.455770    0.159290
38     opls_145    20.033050    6.202620    3.113990
39     opls_145    19.982590    7.592680    3.121690
40     opls_700    19.013430    8.290700    0.273170
41     opls_145    17.944780    7.544880    0.827360
42     opls_145    17.939400    6.136550    0.757290
43     opls_145    -0.993850   27.052020    0.660260
44     opls_145    -0.956230   25.661310    0.632650
45     opls_700     0.025390   24.963280    3.504030
46     opls_145     1.103840   25.706490    2.966910
47     opls_145     1.116960   27.115800    3.046080
48     opls_700    19.083690    9.788460    0.299900
49     opls_700    -0.027890   23.465520    3.494730
50     opls_145    17.867090   10.483010    0.148640
51     opls_145     0.129400   20.661590    3.480600
52     opls_700    -8.147330   17.363540    3.117150
53     opls_166    -9.445610   17.888690    2.972490
54     opls_145    27.150690   17.092300    3.272140
55     opls_700    27.299320   15.760910    0.150520
56     opls_166    28.610200   15.211280    0.209410
57     opls_145    -7.994550   16.028280    3.512010
58     opls_181    28.355460   12.841190    3.353680
59     opls_181   -10.211670   20.148870    3.167590
60     opls_142    26.100100   14.947220    0.488050
61     opls_142    -6.967290   18.245100    2.941000
62     opls_145    -4.588310   18.647520    3.041040
63     opls_145    23.730950   14.550670    0.444530
64     opls_145    22.519590   15.010500    0.989030
65     opls_145    21.390250   14.165170    1.025450
66     opls_700    21.441890   12.867520    0.459970
67     opls_145    22.610460   12.502080    3.368910
68     opls_145    23.759600   13.282450    3.403140
69     opls_145    -3.360160   18.216740    2.512800
70     opls_145    -2.235900   19.067620    2.536690
71     opls_700    -2.309600   20.345350    3.144020
72     opls_145    -3.493440   20.673260    0.233480
73     opls_145    -4.637330   19.885710    0.141680
74     opls_700    20.249700   11.959870    0.356380
75     opls_700    -1.131160   21.269000    3.287480
76     opls_166    20.324690   10.516930    0.425010
77     opls_145     1.185690   22.796370    0.186520
78     opls_245    22.834290    7.830490    0.446410
79     opls_246    24.847000    8.738090    1.332560
80     opls_136    23.983790    9.917670    0.838550
81     opls_158    22.636560    9.350780    0.347860
82     opls_465    24.496260    6.188090    1.130110
83     opls_468    26.438830    4.694530    1.682450
84     opls_135    27.543530    3.692580    1.125210
85     opls_135    27.295350    5.800250    2.346230
86     opls_135    25.396750    3.709460    2.359720
87     opls_245    -3.800990   25.361160    3.232670
88     opls_158    -3.566470   23.851640    3.357020
89     opls_136    -4.897110   23.240370    2.885720
90     opls_246    -5.854210   24.384040    2.464760
91     opls_465    -5.484510   26.918720    2.381770
92     opls_468    -7.401860   28.419470    1.637610
93     opls_135    -8.338130   27.378700    0.980720
94     opls_135    -6.299440   29.351010    1.004970
95     opls_135    -8.447360   29.508900    2.105610
96     opls_465    26.313560    9.076560    1.142960
97     opls_468    28.564460    8.700630    0.289750
98     opls_465    -7.296540   24.132360    2.930490
99     opls_468    -9.693290   24.561240    2.783840
100    opls_179    11.618340   18.390500    0.985800
101    opls_179     7.450720   14.897410    3.046890
102    opls_179    16.431240    1.087740    1.092120
103    opls_179     2.710410   32.308860    2.800130
104    opls_179    28.877830   13.894630    0.615710
105    opls_179    -9.620910   19.135520    2.359540
106    opls_179    21.451280    9.868690    1.040720
107    opls_467    25.706310    5.535360    0.758600
108    opls_466    23.554850    5.488960    1.469380
109    opls_179    -2.371750   23.350050    2.667650
110    opls_467    -6.751750   27.541110    2.592880
111    opls_466    -4.550080   27.619480    2.032160
112    opls_467    27.204980    8.259680    0.442860
113    opls_466    26.707270   10.114410    1.662290
114    opls_467    -8.348030   24.896790    2.407400
115    opls_466    -7.548490   23.168780    0.093930
116    opls_750     6.499180   18.836390    0.267560
117    opls_750    12.624510   14.508980    3.498520
118    opls_750    -0.060680   29.229990    0.209240
119    opls_750    19.159090    4.026550    0.116370
120    opls_750    -5.746340   17.791100    3.004190
121    opls_750    24.886490   15.406770    0.364870
122    opls_239    24.226390    7.512570    0.793920
123    opls_239    -5.193280   25.639590    2.854480
124    opls_146    10.076910   14.327870    3.082710
125    opls_146     9.000640   18.958400    0.930490
126    opls_185    10.759530   19.909570   -0.237390
127    opls_185    12.554220   19.864850   -0.128330
128    opls_185    11.591850   20.461360    1.252580
129    opls_185     8.310260   13.370460    0.709500
130    opls_185     7.528660   12.835970   -0.810430
131    opls_185     6.519700   13.377320    0.549540
132    opls_144    13.068370   16.438780    0.548400
133    opls_144     5.976600   16.837970    0.180770
134    opls_146    13.216500   12.085020    2.641550
135    opls_146    15.375460   10.974670    2.597290
136    opls_146    17.161100   14.444230    0.924560
137    opls_146    15.035310   15.569600    0.859310
138    opls_146     5.942420   21.301980    3.050440
139    opls_146     3.773610   22.397320    2.944870
140    opls_146     1.936270   18.867010    1.096520
141    opls_146     4.099390   17.756660    1.097060
142    opls_146    18.986290   13.656100   -0.032660
143    opls_146    20.687010    2.038650    3.240330
144    opls_146    -1.554990   31.219240    0.715860
145    opls_185    15.554670   -0.291760   -0.276330
146    opls_185    14.735290    1.299330   -0.076610
147    opls_185    14.619430    0.061920    1.211690
148    opls_185     3.991460   30.671360   -0.663530
149    opls_185     2.989630   30.883710    0.799600
150    opls_185     4.361830   32.011710    0.470840
151    opls_144    17.365090    3.402450    0.931450
152    opls_144     1.565250   29.861020    2.651320
153    opls_146    20.840670    5.700690    2.596750
154    opls_146    20.677820    8.147240    2.540060
155    opls_146    17.140940    8.038980    1.355850
156    opls_146    17.124210    5.598310    1.218180
157    opls_146    -1.800530   27.552970    1.180020
158    opls_146    -1.660890   25.100870    1.191520
159    opls_146     1.920710   25.203580    2.465900
160    opls_146     1.953090   27.653050    2.621640
161    opls_146    16.952380    9.914460    0.094290
162    opls_146     0.201220   19.585180    3.463630
163    opls_146    26.161100   17.508120    3.134050
164    opls_146    -7.003820   15.608550    3.634280
165    opls_185    29.193810   12.313470    2.854480
166    opls_185    27.634210   13.197650    2.594550
167    opls_185    27.826350   12.112000    3.995240
168    opls_185   -10.506990   20.999470    2.520540
169    opls_185    -9.459930   20.533610    3.885160
170    opls_185   -11.121850   19.785560    3.690580
171    opls_144    26.234440   13.923990    0.802090
172    opls_144    -7.138910   19.307480    2.816290
173    opls_146    22.460120   16.003640    1.415670
174    opls_146    20.486610   14.525130    1.499380
175    opls_146    22.565620   11.663330    2.736550
176    opls_146    24.638340   12.940770    2.871100
177    opls_146    -3.287310   17.246780    2.037980
178    opls_146    -1.326970   18.731810    2.056730
179    opls_146    -3.478400   21.497000    0.895060
180    opls_146    -5.529080   20.199650    0.668040
181    opls_146     2.063490   23.380580    0.426600
182    opls_140    22.103290    7.386890    1.123220
183    opls_140    22.644990    7.324670   -0.488800
184    opls_140    24.753170    8.656740    2.384320
185    opls_140    24.512440   10.443200    0.026660
186    opls_140    23.907210   10.710060    1.570160
187    opls_185    22.549570    9.560400   -0.676880
188    opls_140    27.646750    3.570930    0.065250
189    opls_140    27.410480    2.644550    1.469590
190    opls_140    28.576300    3.942560    1.456140
191    opls_140    27.984850    6.229500    1.604530
192    opls_140    28.008700    5.542350    3.127830
193    opls_140    26.650470    6.647850    2.590260
194    opls_140    25.810110    2.873880    2.948980
195    opls_140    24.853340    3.179480    1.552700
196    opls_140    24.594620    4.145130    2.962970
197    opls_140    -3.069970   25.822390    2.570590
198    opls_140    -3.634870   25.873830    4.166000
199    opls_185    -3.471940   23.656380    4.385560
200    opls_140    -5.331670   22.640090    3.688060
201    opls_140    -4.789030   22.483550    2.122790
202    opls_140    -5.882600   24.402070    1.398980
203    opls_140    -7.796610   26.459300    0.703110
204    opls_140    -9.000180   27.699920    0.206250
205    opls_140    -9.089660   27.039200    1.711990
206    opls_140    -6.645810   30.262630    0.509030
207    opls_140    -5.530120   28.891190    0.386670
208    opls_140    -5.720580   29.802010    1.835170
209    opls_140    -9.406950   29.197170    2.546340
210    opls_140    -8.846530   30.000500    1.197730
211    opls_140    -8.044250   30.377680    2.635450
212    opls_469    28.815170    8.746080   -0.767370
213    opls_469    29.253870    7.955800    0.734780
214    opls_469    28.782190    9.705530    0.706660
215    opls_469    -9.790810   23.619580    3.360040
216    opls_469   -10.316230   24.439240    1.883950
217    opls_469   -10.126880   25.400320    3.362280
