0      opls_520     3.434070   13.577500    1.699000
1      opls_520    17.071070    0.000000    1.699000
2      opls_520    23.839930   13.577500    1.699000
3      opls_520    10.202930    0.000000    1.699000
4      opls_700     0.711310   13.577500    1.699000
5      opls_700    14.348310    0.000000    1.699000
6      opls_700    26.562690   13.577500    1.699000
7      opls_700    12.925690    0.000000    1.699000
8      opls_521     2.761220   14.723170    1.699000
9      opls_522     1.408970   14.760370    1.699000
10     opls_142     3.419890   15.926410    1.699000
11     opls_142     4.717860   15.990760    1.699000
12     opls_145     4.547940   18.450460    1.699000
13     opls_145     5.142790   19.639040    1.699000
14     opls_700     6.522300   19.713440    1.699000
15     opls_145     7.300700   18.524870    1.699000
16     opls_145     6.689770   17.309950    1.699000
17     opls_700     5.315430   17.270310    1.699000
18     opls_521    16.398220    1.145670    1.699000
19     opls_522    15.045970    1.182870    1.699000
20     opls_142    17.056890    2.348910    1.699000
21     opls_142    18.354860    2.413260    1.699000
22     opls_145    18.184940    4.872960    1.699000
23     opls_145    18.779790    6.061540    1.699000
24     opls_700    20.159300    6.135940    1.699000
25     opls_145    20.937700    4.947370    1.699000
26     opls_145    20.326770    3.732450    1.699000
27     opls_700    18.952430    3.692810    1.699000
28     opls_521    24.512780   12.431830    1.699000
29     opls_522    25.865030   12.394630    1.699000
30     opls_142    23.854110   11.228590    1.699000
31     opls_142    22.556140   11.164240    1.699000
32     opls_145    22.726060    8.704540    1.699000
33     opls_145    22.131210    7.515960    1.699000
34     opls_700    20.751700    7.441560    1.699000
35     opls_145    19.973300    8.630130    1.699000
36     opls_145    20.584230    9.845050    1.699000
37     opls_700    21.958570    9.884690    1.699000
38     opls_521    10.875780   26.009330    1.699000
39     opls_522    12.228030   25.972130    1.699000
40     opls_142    10.217110   24.806090    1.699000
41     opls_142     8.919140   24.741740    1.699000
42     opls_145     9.089060   22.282040    1.699000
43     opls_145     8.494210   21.093460    1.699000
44     opls_700     7.114700   21.019060    1.699000
45     opls_145     6.336300   22.207630    1.699000
46     opls_145     6.947230   23.422550    1.699000
47     opls_700     8.321570   23.462190    1.699000
48     opls_521    24.512780   14.723170    1.699000
49     opls_522    25.865030   14.760370    1.699000
50     opls_142    23.854110   15.926410    1.699000
51     opls_142    22.556140   15.990760    1.699000
52     opls_145    22.726060   18.450460    1.699000
53     opls_145    22.131210   19.639040    1.699000
54     opls_700    20.751700   19.713440    1.699000
55     opls_145    19.973300   18.524870    1.699000
56     opls_145    20.584230   17.309950    1.699000
57     opls_700    21.958570   17.270310    1.699000
58     opls_521    10.875780    1.145670    1.699000
59     opls_522    12.228030    1.182870    1.699000
60     opls_142    10.217110    2.348910    1.699000
61     opls_142     8.919140    2.413260    1.699000
62     opls_145     9.089060    4.872960    1.699000
63     opls_145     8.494210    6.061540    1.699000
64     opls_700     7.114700    6.135940    1.699000
65     opls_145     6.336300    4.947370    1.699000
66     opls_145     6.947230    3.732450    1.699000
67     opls_700     8.321570    3.692810    1.699000
68     opls_521     2.761220   12.431830    1.699000
69     opls_522     1.408970   12.394630    1.699000
70     opls_142     3.419890   11.228590    1.699000
71     opls_142     4.717860   11.164240    1.699000
72     opls_145     4.547940    8.704540    1.699000
73     opls_145     5.142790    7.515960    1.699000
74     opls_700     6.522300    7.441560    1.699000
75     opls_145     7.300700    8.630130    1.699000
76     opls_145     6.689770    9.845050    1.699000
77     opls_700     5.315430    9.884690    1.699000
78     opls_521    16.398220   26.009330    1.699000
79     opls_522    15.045970   25.972130    1.699000
80     opls_142    17.056890   24.806090    1.699000
81     opls_142    18.354860   24.741740    1.699000
82     opls_145    18.184940   22.282040    1.699000
83     opls_145    18.779790   21.093460    1.699000
84     opls_700    20.159300   21.019060    1.699000
85     opls_145    20.937700   22.207630    1.699000
86     opls_145    20.326770   23.422550    1.699000
87     opls_700    18.952430   23.462190    1.699000
88     opls_525     0.963590   15.730080    1.699000
89     opls_144     2.768310   16.765770    1.699000
90     opls_144     5.340250   15.100900    1.699000
91     opls_146     3.479890   18.549310    1.699000
92     opls_146     4.462840   20.467270    1.699000
93     opls_146     8.370660   18.462410    1.699000
94     opls_146     7.290070   16.405960    1.699000
95     opls_525    14.600590    2.152580    1.699000
96     opls_144    16.405310    3.188270    1.699000
97     opls_144    18.977250    1.523400    1.699000
98     opls_146    17.116890    4.971810    1.699000
99     opls_146    18.099840    6.889770    1.699000
100    opls_146    22.007660    4.884910    1.699000
101    opls_146    20.927070    2.828460    1.699000
102    opls_525    26.310410   11.424920    1.699000
103    opls_144    24.505690   10.389230    1.699000
104    opls_144    21.933750   12.054100    1.699000
105    opls_146    23.794110    8.605690    1.699000
106    opls_146    22.811160    6.687730    1.699000
107    opls_146    18.903340    8.692590    1.699000
108    opls_146    19.983930   10.749040    1.699000
109    opls_525    12.673410   25.002420    1.699000
110    opls_144    10.868690   23.966730    1.699000
111    opls_144     8.296750   25.631600    1.699000
112    opls_146    10.157110   22.183190    1.699000
113    opls_146     9.174160   20.265230    1.699000
114    opls_146     5.266340   22.270090    1.699000
115    opls_146     6.346930   24.326540    1.699000
116    opls_525    26.310410   15.730080    1.699000
117    opls_144    24.505690   16.765770    1.699000
118    opls_144    21.933750   15.100900    1.699000
119    opls_146    23.794110   18.549310    1.699000
120    opls_146    22.811160   20.467270    1.699000
121    opls_146    18.903340   18.462410    1.699000
122    opls_146    19.983930   16.405960    1.699000
123    opls_525    12.673410    2.152580    1.699000
124    opls_144    10.868690    3.188270    1.699000
125    opls_144     8.296750    1.523400    1.699000
126    opls_146    10.157110    4.971810    1.699000
127    opls_146     9.174160    6.889770    1.699000
128    opls_146     5.266340    4.884910    1.699000
129    opls_146     6.346930    2.828460    1.699000
130    opls_525     0.963590   11.424920    1.699000
131    opls_144     2.768310   10.389230    1.699000
132    opls_144     5.340250   12.054100    1.699000
133    opls_146     3.479890    8.605690    1.699000
134    opls_146     4.462840    6.687730    1.699000
135    opls_146     8.370660    8.692590    1.699000
136    opls_146     7.290070   10.749040    1.699000
137    opls_525    14.600590   25.002420    1.699000
138    opls_144    16.405310   23.966730    1.699000
139    opls_144    18.977250   25.631600    1.699000
140    opls_146    17.116890   22.183190    1.699000
141    opls_146    18.099840   20.265230    1.699000
142    opls_146    22.007660   22.270090    1.699000
143    opls_146    20.927070   24.326540    1.699000
