0      opls_750     0.007350   19.898620    0.230260
1      opls_520    10.494670    6.024600    0.496800
2      opls_750    -5.563840   10.274510    0.230260
3      opls_520    12.880310    6.076350    0.496800
4      opls_750     5.556480   10.261770    0.230260
5      opls_520    11.642670    8.116500    0.496800
6      opls_239    -0.000120   13.478370    3.739770
7      opls_142     0.753460   19.117420    3.672370
8      opls_700     0.554560   17.675910    3.709340
9      opls_145    -0.514880   17.113460    0.248500
10     opls_145    -0.694050   15.746560    0.254580
11     opls_916     0.191310   14.902890    3.734850
12     opls_145     1.264020   15.479890    3.070200
13     opls_145     1.442140   16.846590    3.051420
14     opls_145     6.749300    9.497750    0.291140
15     opls_145     6.916800    8.295420    3.751520
16     opls_523     8.115460    7.617530    3.823890
17     opls_700     9.167150    8.116500    0.444150
18     opls_523     8.986810    9.307100    1.133090
19     opls_145     7.790140    9.987220    1.052150
20     opls_531    10.452180    7.409090    0.492660
21     opls_142    -5.260350   11.311260    3.672370
22     opls_700    -3.912520   11.859760    3.709340
23     opls_145    -2.890710   11.214820    0.248500
24     opls_145    -1.617350   11.743100    0.254580
25     opls_916    -1.329390   12.931690    3.734850
26     opls_145    -2.365440   13.572180    3.070200
27     opls_145    -3.638100   13.043090    3.051420
28     opls_145    11.745150    1.096190    0.291140
29     opls_145    12.702650    1.842420    3.751520
30     opls_523    12.690400    3.219430    3.823890
31     opls_700    11.732430    3.880740    0.444150
32     opls_523    10.791510    3.129260    1.133090
33     opls_145    10.800840    1.752850    1.052150
34     opls_531    11.702550    5.347310    0.492660
35     opls_142     4.506890   10.006220    3.672370
36     opls_700     3.357960   10.899230    3.709340
37     opls_145     3.405580   12.106610    0.248500
38     opls_145     2.311400   12.945230    0.254580
39     opls_916     1.138070   12.600320    3.734850
40     opls_145     1.101420   11.382830    3.070200
41     opls_145     2.195960   10.545220    3.051420
42     opls_145    16.523190    9.623510    0.291140
43     opls_145    15.398190   10.079610    3.751520
44     opls_523    14.211800    9.380490    3.823890
45     opls_700    14.118070    8.220210    0.444150
46     opls_523    15.239330    7.781090    1.133090
47     opls_145    16.426660    8.477380    1.052150
48     opls_531    12.862920    7.461050    0.492660
49     opls_144     1.529800   19.497710    3.049100
50     opls_146    -1.213710   17.733940    0.767380
51     opls_146    -1.536570   15.351110    0.757950
52     opls_146     1.973830   14.873170    2.573150
53     opls_146     2.274050   17.256400    2.520170
54     opls_146     6.146530    7.878740    3.147570
55     opls_526     8.230200    6.722100    3.253070
56     opls_526     9.761170    9.701750    1.754360
57     opls_146     7.663610   10.899830    1.591840
58     opls_144    -5.977860   11.793440    3.049100
59     opls_146    -3.078640   10.299380    0.767380
60     opls_146    -0.853610   11.211180    0.757950
61     opls_146    -2.194910   14.490250    2.573150
62     opls_146    -4.408960   13.558630    2.520170
63     opls_146    13.448650    1.383680    3.147570
64     opls_526    13.408490    3.766510    3.253070
65     opls_526    10.062560    3.602550    1.754360
66     opls_146    10.073760    1.186970    1.591840
67     opls_144     4.448060    9.143750    3.049100
68     opls_146     4.292350   12.401590    0.767380
69     opls_146     2.390190   13.872610    0.757950
70     opls_146     0.221080   11.071480    2.573150
71     opls_146     2.134910    9.619870    2.520170
72     opls_146    15.422470   10.955030    3.147570
73     opls_526    13.378960    9.728840    3.253070
74     opls_526    15.193920    6.913150    1.754360
75     opls_146    17.280280    8.130650    1.591840
