0      opls_523     2.224550    7.092680    1.783400
1      opls_700     1.008660    7.795970    1.723010
2      opls_145    19.518430   26.839050    1.724880
3      opls_145    18.316220   26.114060    1.639280
4      opls_145    20.733370   26.135150    1.801200
5      opls_523    18.334380   24.721670    1.652170
6      opls_523    20.739840   24.743080    1.815510
7      opls_700    19.540390   24.015560    1.744530
8      opls_523    21.975910   18.408110    1.719080
9      opls_523    23.182670   20.469460    1.933960
10     opls_700    -9.193850   17.268310    1.669060
11     opls_166    -9.122420   15.913710    1.875790
12     opls_145    -7.979540   17.899680    1.465680
13     opls_166    -7.880610   15.210610    1.868640
14     opls_145    -6.776020   17.219300    1.459590
15     opls_700    -6.687460   15.850600    1.655320
16     opls_142    -5.381350   15.198290    1.609230
17     opls_145    -2.711510   14.053650    1.882090
18     opls_145    -3.884470   11.963810    1.656980
19     opls_145    23.173700   17.699280    1.725240
20     opls_145    24.387800   19.769590    1.939800
21     opls_145    24.398280   18.373440    1.825450
22     opls_142     8.142300   13.761040    1.577620
23     opls_142   -10.425700   18.053220    1.637580
24     opls_700    11.890480   15.939440    1.609260
25     opls_700     9.376090   14.541580    1.605120
26     opls_145    10.594370   13.891580    1.425390
27     opls_166     9.443850   15.907150    1.791430
28     opls_145    11.802820   14.563010    1.428260
29     opls_166    10.690130   16.601280    1.792600
30     opls_142    13.203120   16.581700    1.582180
31     opls_523    15.897060   20.504760    1.648910
32     opls_523    17.065980   18.430500    1.886590
33     opls_145    14.683180   19.823110    1.650860
34     opls_145    15.856660   17.737970    1.888040
35     opls_145    14.648620   18.426740    1.760210
36     opls_700    21.961600   19.803590    1.820960
37     opls_166     1.478320    0.637410    1.668350
38     opls_166   -17.369460   31.198840    1.672880
39     opls_700    18.642290   30.444960    1.879160
40     opls_145    17.471390   31.162800    2.074000
41     opls_145    36.320360    0.557230    2.070000
42     opls_700     0.309370    1.333830    1.870520
43     opls_142     0.200770    2.790280    1.903090
44     opls_531     0.994230    9.271260    1.739220
45     opls_531    -0.171450   11.253220    1.745590
46     opls_531     2.126550   11.271180    1.775260
47     opls_531    19.543070   22.540010    1.762370
48     opls_531    20.687050   20.547910    1.805810
49     opls_531    18.389130   20.550400    1.767010
50     opls_700     3.397780   12.021310    1.783750
51     opls_142    18.605620   28.986080    1.916470
52     opls_145     1.041590    4.972730    1.705380
53     opls_145    -0.177940    5.673120    1.631390
54     opls_145     5.824110   12.062460    1.896680
55     opls_145     4.603590   14.126190    1.670510
56     opls_145     5.829770   13.455280    1.771650
57     opls_700    -1.456960   11.978060    1.749240
58     opls_523    -1.499250   13.366540    1.869780
59     opls_523    -2.667870   11.287570    1.643740
60     opls_145     2.245410    5.701520    1.769560
61     opls_145    -3.922270   13.358990    1.768070
62     opls_700    17.106990   19.818840    1.764390
63     opls_523    -0.186770    7.065870    1.642750
64     opls_523     4.621030   11.360020    1.898410
65     opls_523     3.407100   13.414470    1.672910
66     opls_167     8.358840   16.646730    1.979200
67     opls_167    26.938080   15.198230    2.092620
68     opls_167     2.626100    1.249260    1.459170
69     opls_167    10.625680   17.911510    1.980580
70     opls_167    -7.934490   13.913590    2.079700
71     opls_167   -16.191520   30.641880    1.467910
72     opls_750    25.571150   17.603220    1.842410
73     opls_750     7.001450   14.224910    1.778190
74     opls_520     0.971210   11.966580    1.767150
75     opls_520    -0.194750    9.905860    1.722760
76     opls_520     2.172500    9.923870    1.770510
77     opls_520    18.358680   21.897340    1.742120
78     opls_520    20.724910   21.895850    1.798800
79     opls_520    19.536390   19.845130    1.794580
80     opls_750    -5.180480   13.977040    1.797840
81     opls_750    13.393220   17.803650    1.771720
82     opls_750    19.574960   28.239420    1.703710
83     opls_750     1.134500    3.575160    1.684910
84     opls_526     3.331080    7.563520    1.775930
85     opls_146    17.184530   26.512940    1.642220
86     opls_146    21.678400   26.882680    1.794480
87     opls_526    17.249290   24.205080    1.659570
88     opls_526    21.857830   24.299410    1.809980
89     opls_526    20.895920   17.880330    1.724560
90     opls_526    23.111600   21.669960    1.937390
91     opls_146    -8.073420   19.101430    1.454710
92     opls_146    -5.864180   18.005830    1.440550
93     opls_144    -4.532530   16.043030    1.584870
94     opls_146    -2.721570   15.246470    1.887760
95     opls_146    -4.808850   11.192610    1.662540
96     opls_146    22.976520   16.511590    1.725270
97     opls_146    25.297780   20.553280    1.937640
98     opls_144     8.432730   12.600190    1.562000
99     opls_144   -10.296480   19.241200    1.618890
100    opls_146    10.786910   12.702920    1.417110
101    opls_146    12.880430   14.023350    1.410880
102    opls_144    14.160050   15.865140    1.560770
103    opls_526    15.980580   21.704270    1.640770
104    opls_526    18.139650   17.889580    1.883580
105    opls_146    13.755650   20.590170    1.652880
106    opls_146    16.073420   16.557010    1.895400
107    opls_146    16.489990   30.463270    2.093820
108    opls_146    35.176590    0.934070    2.088760
109    opls_144    -0.959240    3.089090    1.929040
110    opls_144    17.516540   28.497360    1.943230
111    opls_146    -1.201000    5.059610    1.635990
112    opls_146     6.849260   11.454700    1.896290
113    opls_146     4.404070   15.313230    1.665870
114    opls_526    -0.555300   14.112150    1.864820
115    opls_526    -2.576590   10.088680    1.639670
116    opls_146     3.207240    4.975080    1.764740
117    opls_526    -1.302750    7.513710    1.649340
118    opls_526     4.788470   10.168820    1.903870
119    opls_526     2.324340   13.936830    1.676560
120    opls_168     7.375500   16.313740    1.980860
121    opls_168    25.931960   15.476200    2.091280
122    opls_168     2.851550    2.269030    1.465260
123    opls_168    11.395150   18.616480    1.962380
124    opls_168    -7.112440   13.292380    2.072580
125    opls_168   -15.914790   29.632370    1.476830
