0      opls_700    14.557570   19.493110    3.068870
1      opls_145    13.798710   20.228710    2.138420
2      opls_145    13.661840   21.612210    2.263240
3      opls_145    15.195750   21.596600    4.131860
4      opls_145    15.258150   20.195160    4.067640
5      opls_145    14.368890   22.307190    3.248000
6      opls_145    15.034440    6.949550    2.957510
7      opls_145    14.252030    7.676320    3.872460
8      opls_145    14.247320    9.077470    3.844490
9      opls_145    15.701160    9.039210    1.916000
10     opls_145    15.780050    7.647470    2.002450
11     opls_700    14.964670    9.790410    2.857690
12     opls_700    14.615270   17.987750    2.979350
13     opls_543    13.438120   17.257740    2.953950
14     opls_543    15.834210   17.355470    2.779360
15     opls_716    17.006940   18.076060    2.677610
16     opls_716    17.983340   17.187090    2.467580
17     opls_543    17.382250   15.941360    2.384550
18     opls_716    12.199750   17.862350    3.022420
19     opls_716    11.297240   16.914810    2.732230
20     opls_543    11.984280   15.714110    2.649490
21     opls_700    14.902560   11.226600    2.779210
22     opls_543    13.677140   11.866530    2.725200
23     opls_543    16.054100   11.993700    2.634640
24     opls_716    17.307190   11.409980    2.590520
25     opls_716    18.170550   12.371660    2.276950
26     opls_543    17.467030   13.560280    2.313990
27     opls_716    12.486160   11.163310    2.663550
28     opls_716    11.506240   12.066110    2.604630
29     opls_543    12.109090   13.310660    2.542740
30     opls_700    18.114030   14.783940    2.186940
31     opls_700    11.351400   14.483980    2.474360
32     opls_700     9.922580   14.408630    2.319240
33     opls_700    19.533440   14.864000    1.975620
34     opls_145    20.441830   14.206700    2.834470
35     opls_145    21.822970   14.311190    2.642760
36     opls_145    22.338690   15.134810    1.631600
37     opls_145    21.452070   15.836860    0.807060
38     opls_145    20.067990   15.674080    0.949310
39     opls_145     9.341810   13.626510    1.295460
40     opls_145     7.950370   13.514950    1.171130
41     opls_145     7.095250   14.254970    1.998640
42     opls_145     7.661310   15.034140    3.024850
43     opls_145     9.046860   15.066520    3.209880
44     opls_142    15.191630   24.604670    3.454180
45     opls_142     4.814850   15.017660    2.307260
46     opls_142    24.649410   14.335330    1.718700
47     opls_142    14.231130    4.688860    3.663660
48     opls_145    16.124750   29.366830    3.375450
49     opls_700    15.425640   28.168780    3.577810
50     opls_567    14.074530   28.162300    3.893900
51     opls_145    13.372480   29.359170    4.086800
52     opls_700    14.079240    1.120920    3.912120
53     opls_567    15.414160    1.127400    3.536270
54     opls_145     0.034730   16.080300    1.766330
55     opls_700     1.201280   15.314960    1.893670
56     opls_567     1.162430   13.929410    1.938980
57     opls_145    29.376240   13.243550    1.915410
58     opls_700    28.206160   14.011240    1.817520
59     opls_567    28.250910   15.394140    1.716220
60     opls_716    13.552920    2.381670    4.024860
61     opls_567    14.513710    3.325680    3.688370
62     opls_716    15.943720   26.906270    3.432240
63     opls_567    14.942600   25.963440    3.608110
64     opls_716    26.925700   13.522600    1.820490
65     opls_567    26.020540   14.564930    1.692010
66     opls_716     2.472620   15.812430    2.003640
67     opls_567     3.383080   14.771280    2.095590
68     opls_146    13.287700   19.694740    1.270600
69     opls_146    12.969800   22.182090    1.559310
70     opls_146    15.817730   22.160010    4.903470
71     opls_146    15.882780   19.626160    4.832860
72     opls_146    13.617090    7.125870    4.642730
73     opls_146    13.657720    9.661190    4.626400
74     opls_146    16.237780    9.589070    1.073740
75     opls_146    16.460320    7.080540    1.284660
76     opls_547    16.988400   19.211700    2.775750
77     opls_547    19.065700   17.536500    2.392770
78     opls_547    12.119100   18.968260    3.288160
79     opls_547    10.199280   17.192980    2.605130
80     opls_547    17.425230   10.296710    2.806100
81     opls_547    19.255850   12.110260    2.045630
82     opls_547    12.496170   10.023550    2.670480
83     opls_547    10.417990   11.727010    2.612310
84     opls_146    20.052390   13.577940    3.702090
85     opls_146    22.537080   13.724530    3.310440
86     opls_146    21.854760   16.548040    0.012180
87     opls_146    19.370070   16.206580    0.221820
88     opls_146    10.007650   13.073120    0.553700
89     opls_146     7.502060   12.816140    0.389910
90     opls_146     6.988990   15.645230    3.713380
91     opls_146     9.465440   15.639350    4.102150
92     opls_144     5.138940   15.929000    2.910670
93     opls_144    13.311550    5.090370    4.204890
94     opls_144    16.269570   24.239070    3.393720
95     opls_144    24.287050   13.280640    1.954230
96     opls_146    17.228600   29.341510    3.091540
97     opls_146    12.269510   29.333270    4.374420
98     opls_146     0.102440   17.216820    1.707700
99     opls_146    29.360350   12.105260    1.974880
100    opls_570    12.508530    2.716940    4.335750
101    opls_570    17.009000   26.570990    3.203390
102    opls_570    26.550680   12.449660    1.908870
103    opls_570     2.837340   16.892440    2.026320
104    opls_542    16.036730   16.009950    2.607950
105    opls_542    13.331270   15.914280    2.753960
106    opls_542    16.118560   13.362770    2.505800
107    opls_542    13.477270   13.216760    2.637210
108    opls_750     5.748560   14.176380    1.794600
109    opls_750    14.170780   23.718940    3.375990
110    opls_750    15.095660    5.591070    2.957910
111    opls_750    23.753090   15.320260    1.475440
112    F2_Co4+2    14.713000   14.650000    2.630920
113    opls_633    16.053810    2.680740    3.255630
114    opls_633    13.380720   26.606610    3.968420
115    opls_633    26.722000   16.136520    1.567830
116    opls_633     2.696930   13.190570    2.060980
