0      opls_145    12.989050   13.216880    0.221090
1      opls_145    13.886300   12.901850    8.193540
2      opls_142    13.680970   11.757090    7.519630
3      opls_145    14.963560   13.762540    7.979560
4      opls_145    14.398210   10.314170    5.853040
5      opls_145    15.506420    9.926020    5.195990
6      opls_145    15.419220    8.882510    4.385340
7      opls_145    14.195700    8.232770    4.176680
8      opls_145    13.098740    8.598420    4.881670
9      opls_145    13.188750    9.636310    5.693210
10     opls_145    27.052550   27.280380    4.660590
11     opls_145    27.949800   26.965350    3.754040
12     opls_142    27.744470   25.820590    3.080130
13     opls_145     0.900060   27.826040    3.540060
14     opls_145     0.334710   24.377670    1.413540
15     opls_145     1.442920   23.989520    0.756490
16     opls_145     1.355720   22.946010    8.824840
17     opls_145     0.132200   22.296270    8.616180
18     opls_145    27.162240   22.661920    0.442170
19     opls_145    27.252250   23.699810    1.253710
20     opls_145     1.074450   14.910120    4.660590
21     opls_145     0.177200   15.225150    3.754040
22     opls_142     0.382530   16.369910    3.080130
23     opls_145    27.226940   14.364460    3.540060
24     opls_145    27.792290   17.812830    1.413540
25     opls_145    26.684080   18.200980    0.756490
26     opls_145    26.771280   19.244490    8.824840
27     opls_145    27.994800   19.894230    8.616180
28     opls_145     0.964760   19.528580    0.442170
29     opls_145     0.874750   18.490690    1.253710
30     opls_145    15.137950    0.846620    0.221090
31     opls_145    14.240700    1.161650    8.193540
32     opls_142    14.446030    2.306410    7.519630
33     opls_145    13.163440    0.300960    7.979560
34     opls_145    13.728790    3.749330    5.853040
35     opls_145    12.620580    4.137480    5.195990
36     opls_145    12.707780    5.180990    4.385340
37     opls_145    13.931300    5.830730    4.176680
38     opls_145    15.028260    5.465080    4.881670
39     opls_145    14.938250    4.427190    5.693210
40     opls_145     7.878370   20.020800    2.440840
41     opls_145     8.193400   20.918050    1.534290
42     opls_142     9.338160   20.712720    0.860380
43     opls_145     7.332710   21.995310    1.320310
44     opls_145    10.781080   21.429960    8.072790
45     opls_145    11.169230   22.538170    7.415740
46     opls_145    12.212740   22.450970    6.605090
47     opls_145    12.862480   21.227450    6.396430
48     opls_145    12.496830   20.130490    7.101420
49     opls_145    11.458940   20.220500    7.912960
50     opls_145    21.941870    5.957300    6.880340
51     opls_145    22.256900    6.854550    5.973790
52     opls_142    23.401660    6.649220    5.299880
53     opls_145    21.396210    7.931810    5.759810
54     opls_145    24.844580    7.366460    3.633290
55     opls_145    25.232730    8.474670    2.976240
56     opls_145    26.276240    8.387470    2.165590
57     opls_145    26.925980    7.163950    1.956930
58     opls_145    26.560330    6.066990    2.661920
59     opls_145    25.522440    6.157000    3.473460
60     opls_145     6.185130    8.106200    6.880340
61     opls_145     5.870100    7.208950    5.973790
62     opls_142     4.725340    7.414280    5.299880
63     opls_145     6.730790    6.131690    5.759810
64     opls_145     3.282420    6.697040    3.633290
65     opls_145     2.894270    5.588830    2.976240
66     opls_145     1.850760    5.676030    2.165590
67     opls_145     1.201020    6.899550    1.956930
68     opls_145     1.566670    7.996510    2.661920
69     opls_145     2.604560    7.906500    3.473460
70     opls_145    20.248630   22.169700    2.440840
71     opls_145    19.933600   21.272450    1.534290
72     opls_142    18.788840   21.477780    0.860380
73     opls_145    20.794290   20.195190    1.320310
74     opls_145    17.345920   20.760540    8.072790
75     opls_145    16.957770   19.652330    7.415740
76     opls_145    15.914260   19.739530    6.605090
77     opls_145    15.264520   20.963050    6.396430
78     opls_145    15.630170   22.060010    7.101420
79     opls_145    16.668060   21.970000    7.912960
80     opls_145    15.137950   14.910120    8.657910
81     opls_145    14.240700   15.225150    0.685460
82     opls_142    14.446030   16.369910    1.359370
83     opls_145    13.163440   14.364460    0.899440
84     opls_145    13.728790   17.812830    3.025960
85     opls_145    12.620580   18.200980    3.683010
86     opls_145    12.707780   19.244490    4.493660
87     opls_145    13.931300   19.894230    4.702320
88     opls_145    15.028260   19.528580    3.997330
89     opls_145    14.938250   18.490690    3.185790
90     opls_145     1.074450    0.846620    4.218410
91     opls_145     0.177200    1.161650    5.124960
92     opls_142     0.382530    2.306410    5.798870
93     opls_145    27.226940    0.300960    5.338940
94     opls_145    27.792290    3.749330    7.465460
95     opls_145    26.684080    4.137480    8.122510
96     opls_145    26.771280    5.180990    0.054160
97     opls_145    27.994800    5.830730    0.262820
98     opls_145     0.964760    5.465080    8.436830
99     opls_145     0.874750    4.427190    7.625290
100    opls_145    27.052550   13.216880    4.218410
101    opls_145    27.949800   12.901850    5.124960
102    opls_142    27.744470   11.757090    5.798870
103    opls_145     0.900060   13.762540    5.338940
104    opls_145     0.334710   10.314170    7.465460
105    opls_145     1.442920    9.926020    8.122510
106    opls_145     1.355720    8.882510    0.054160
107    opls_145     0.132200    8.232770    0.262820
108    opls_145    27.162240    8.598420    8.436830
109    opls_145    27.252250    9.636310    7.625290
110    opls_145    12.989050   27.280380    8.657910
111    opls_145    13.886300   26.965350    0.685460
112    opls_142    13.680970   25.820590    1.359370
113    opls_145    14.963560   27.826040    0.899440
114    opls_145    14.398210   24.377670    3.025960
115    opls_145    15.506420   23.989520    3.683010
116    opls_145    15.419220   22.946010    4.493660
117    opls_145    14.195700   22.296270    4.702320
118    opls_145    13.098740   22.661920    3.997330
119    opls_145    13.188750   23.699810    3.185790
120    opls_145    20.248630    8.106200    6.438160
121    opls_145    19.933600    7.208950    7.344710
122    opls_142    18.788840    7.414280    8.018620
123    opls_145    20.794290    6.131690    7.558690
124    opls_145    17.345920    6.697040    0.806210
125    opls_145    16.957770    5.588830    1.463260
126    opls_145    15.914260    5.676030    2.273910
127    opls_145    15.264520    6.899550    2.482570
128    opls_145    15.630170    7.996510    1.777580
129    opls_145    16.668060    7.906500    0.966040
130    opls_145     6.185130   22.169700    1.998660
131    opls_145     5.870100   21.272450    2.905210
132    opls_142     4.725340   21.477780    3.579120
133    opls_145     6.730790   20.195190    3.119190
134    opls_145     3.282420   20.760540    5.245710
135    opls_145     2.894270   19.652330    5.902760
136    opls_145     1.850760   19.739530    6.713410
137    opls_145     1.201020   20.963050    6.922070
138    opls_145     1.566670   22.060010    6.217080
139    opls_145     2.604560   21.970000    5.405540
140    opls_145    21.941870   20.020800    1.998660
141    opls_145    22.256900   20.918050    2.905210
142    opls_142    23.401660   20.712720    3.579120
143    opls_145    21.396210   21.995310    3.119190
144    opls_145    24.844580   21.429960    5.245710
145    opls_145    25.232730   22.538170    5.902760
146    opls_145    26.276240   22.450970    6.713410
147    opls_145    26.925980   21.227450    6.922070
148    opls_145    26.560330   20.130490    6.217080
149    opls_145    25.522440   20.220500    5.405540
150    opls_145     7.878370    5.957300    6.438160
151    opls_145     8.193400    6.854550    7.344710
152    opls_142     9.338160    6.649220    8.018620
153    opls_145     7.332710    7.931810    7.558690
154    opls_145    10.781080    7.366460    0.806210
155    opls_145    11.169230    8.474670    1.463260
156    opls_145    12.212740    8.387470    2.273910
157    opls_145    12.862480    7.163950    2.482570
158    opls_145    12.496830    6.066990    1.777580
159    opls_145    11.458940    6.157000    0.966040
160    opls_139    28.127000    7.031750    1.109870
161    opls_139    14.063500   21.095250    5.549380
162    opls_139    14.063500    7.031750    3.329630
163    opls_139    28.127000   21.095250    7.769120
164    opls_750    14.533220   11.419560    6.645040
165    opls_750     0.469720   25.483060    2.205540
166    opls_750    27.657280   16.707440    2.205540
167    opls_750    13.593780    2.643940    6.645040
168    opls_750     9.675690   21.564970    8.864790
169    opls_750    23.739190    7.501470    4.425290
170    opls_750     4.387810    6.562030    4.425290
171    opls_750    18.451310   20.625530    8.864790
172    opls_750    13.593780   16.707440    2.233960
173    opls_750    27.657280    2.643940    6.673460
174    opls_750     0.469720   11.419560    6.673460
175    opls_750    14.533220   25.483060    2.233960
176    opls_750    18.451310    6.562030    0.014210
177    opls_750     4.387810   20.625530    4.453710
178    opls_750    23.739190   21.564970    4.453710
179    opls_750     9.675690    7.501470    0.014210
180    opls_146    12.145240   12.575580    0.407550
181    opls_144    12.834350   11.129850    7.714960
182    opls_146    15.677990   13.554400    7.287880
183    opls_146    16.451480   10.423870    5.323850
184    opls_146    16.322100    8.584360    3.945830
185    opls_146    12.156490    8.083700    4.791110
186    opls_146    12.302750    9.920390    6.177120
187    opls_146    26.208740   26.639080    4.847050
188    opls_144    26.897850   25.193350    3.275460
189    opls_146     1.614490   27.617900    2.848380
190    opls_146     2.387980   24.487370    0.884350
191    opls_146     2.258600   22.647860    8.385330
192    opls_146    26.219990   22.147200    0.351610
193    opls_146    26.366250   23.983890    1.737620
194    opls_146     1.918260   15.551420    4.847050
195    opls_144     1.229150   16.997150    3.275460
196    opls_146    26.512510   14.572600    2.848380
197    opls_146    25.739020   17.703130    0.884350
198    opls_146    25.868400   19.542640    8.385330
199    opls_146     1.907010   20.043300    0.351610
200    opls_146     1.760750   18.206610    1.737620
201    opls_146    15.981760    1.487920    0.407550
202    opls_144    15.292650    2.933650    7.714960
203    opls_146    12.449010    0.509100    7.287880
204    opls_146    11.675520    3.639630    5.323850
205    opls_146    11.804900    5.479140    3.945830
206    opls_146    15.970510    5.979800    4.791110
207    opls_146    15.824250    4.143110    6.177120
208    opls_146     8.519670   19.176990    2.627300
209    opls_144     9.965400   19.866100    1.055710
210    opls_146     7.540850   22.709740    0.628630
211    opls_146    10.671380   23.483230    7.543600
212    opls_146    12.510890   23.353850    6.165580
213    opls_146    13.011550   19.188240    7.010860
214    opls_146    11.174860   19.334500    8.396870
215    opls_146    22.583170    5.113490    7.066800
216    opls_144    24.028900    5.802600    5.495210
217    opls_146    21.604350    8.646240    5.068130
218    opls_146    24.734880    9.419730    3.104100
219    opls_146    26.574390    9.290350    1.726080
220    opls_146    27.075050    5.124740    2.571360
221    opls_146    25.238360    5.271000    3.957370
222    opls_146     5.543830    8.950010    7.066800
223    opls_144     4.098100    8.260900    5.495210
224    opls_146     6.522650    5.417260    5.068130
225    opls_146     3.392120    4.643770    3.104100
226    opls_146     1.552610    4.773150    1.726080
227    opls_146     1.051950    8.938760    2.571360
228    opls_146     2.888640    8.792500    3.957370
229    opls_146    19.607330   23.013510    2.627300
230    opls_144    18.161600   22.324400    1.055710
231    opls_146    20.586150   19.480760    0.628630
232    opls_146    17.455620   18.707270    7.543600
233    opls_146    15.616110   18.836650    6.165580
234    opls_146    15.115450   23.002260    7.010860
235    opls_146    16.952140   22.856000    8.396870
236    opls_146    15.981760   15.551420    8.471450
237    opls_144    15.292650   16.997150    1.164040
238    opls_146    12.449010   14.572600    1.591120
239    opls_146    11.675520   17.703130    3.555150
240    opls_146    11.804900   19.542640    4.933170
241    opls_146    15.970510   20.043300    4.087890
242    opls_146    15.824250   18.206610    2.701880
243    opls_146     1.918260    1.487920    4.031950
244    opls_144     1.229150    2.933650    5.603540
245    opls_146    26.512510    0.509100    6.030620
246    opls_146    25.739020    3.639630    7.994650
247    opls_146    25.868400    5.479140    0.493670
248    opls_146     1.907010    5.979800    8.527390
249    opls_146     1.760750    4.143110    7.141380
250    opls_146    26.208740   12.575580    4.031950
251    opls_144    26.897850   11.129850    5.603540
252    opls_146     1.614490   13.554400    6.030620
253    opls_146     2.387980   10.423870    7.994650
254    opls_146     2.258600    8.584360    0.493670
255    opls_146    26.219990    8.083700    8.527390
256    opls_146    26.366250    9.920390    7.141380
257    opls_146    12.145240   26.639080    8.471450
258    opls_144    12.834350   25.193350    1.164040
259    opls_146    15.677990   27.617900    1.591120
260    opls_146    16.451480   24.487370    3.555150
261    opls_146    16.322100   22.647860    4.933170
262    opls_146    12.156490   22.147200    4.087890
263    opls_146    12.302750   23.983890    2.701880
264    opls_146    19.607330    8.950010    6.251700
265    opls_144    18.161600    8.260900    7.823290
266    opls_146    20.586150    5.417260    8.250370
267    opls_146    17.455620    4.643770    1.335400
268    opls_146    15.616110    4.773150    2.713420
269    opls_146    15.115450    8.938760    1.868140
270    opls_146    16.952140    8.792500    0.482130
271    opls_146     5.543830   23.013510    1.812200
272    opls_144     4.098100   22.324400    3.383790
273    opls_146     6.522650   19.480760    3.810870
274    opls_146     3.392120   18.707270    5.774900
275    opls_146     1.552610   18.836650    7.152920
276    opls_146     1.051950   23.002260    6.307640
277    opls_146     2.888640   22.856000    4.921630
278    opls_146    22.583170   19.176990    1.812200
279    opls_144    24.028900   19.866100    3.383790
280    opls_146    21.604350   22.709740    3.810870
281    opls_146    24.734880   23.483230    5.774900
282    opls_146    26.574390   23.353850    7.152920
283    opls_146    27.075050   19.188240    6.307640
284    opls_146    25.238360   19.334500    4.921630
285    opls_146     8.519670    5.113490    6.251700
286    opls_144     9.965400    5.802600    7.823290
287    opls_146     7.540850    8.646240    8.250370
288    opls_146    10.671380    9.419730    1.335400
289    opls_146    12.510890    9.290350    2.713420
290    opls_146    13.011550    5.124740    1.868140
291    opls_146    11.174860    5.271000    0.482130
