0      opls_281    -0.363190    3.191920    1.663780
1      opls_281     3.187170    6.402210    1.643610
2      opls_281    -1.367830    7.871680    1.715310
3      opls_280     0.037010    4.400140    1.668460
4      opls_700     1.471470    4.741230    1.652460
5      opls_280     1.940770    6.144590    1.657810
6      opls_700     0.928360    7.216330    1.679850
7      opls_142     1.310770    8.549400    1.685810
8      opls_280    -0.521480    6.920980    1.696460
9      opls_700    -0.943420    5.508340    1.690360
10     opls_142    -2.289110    5.172800    1.705270
11     opls_142     2.378200    3.706690    1.637640
12     opls_141     5.606320    2.831730    1.611100
13     opls_238     3.539710    3.881280    1.601130
14     opls_238     6.365940    1.755180    1.665570
15     opls_238     6.126910    4.061330    1.706320
16     opls_238     5.735830    0.525950    1.693780
17     opls_238     4.283060    2.715980    1.570960
18     opls_238     7.484710    4.237830    1.674150
19     opls_144    -3.080020    5.991460    1.766830
20     opls_910     7.471070    1.856300    1.687170
21     opls_910     3.771340    1.732540    1.515230
22     opls_910     8.157190    3.357690    1.602590
23     opls_910     3.945690    4.914370    1.593540
24     opls_144     2.011910    2.627410    1.661130
25     opls_144     2.416940    8.825110    1.684150
26     opls_910     4.627510    0.470940    1.720630
27     opls_910     5.457850    4.940640    1.811650
28     opls_402     5.457790    6.688640    0.959640
