0      opls_146     4.333340   -0.340950    1.347590
1      opls_146     5.547130    1.782350    1.353910
2      opls_146     2.810080    3.393290    2.694830
3      opls_146     1.611090    1.235510    2.681060
4      opls_146     1.159170   12.066580    0.638910
5      opls_146     2.376890   10.057710    0.667670
6      opls_146     5.880050   12.082630    3.420450
7      opls_146     4.667990   14.194600    3.379520
8      opls_146     1.145940    1.746620    0.967850
9      opls_146    15.386510    3.604850    1.177250
10     opls_146    12.358570    1.475720    3.219230
11     opls_146    13.834290   -0.417450    2.995540
12     opls_146    13.988710   14.108820    1.102800
13     opls_146    12.712900   12.059970    0.734410
14     opls_146    15.527710   10.830910    1.959430
15     opls_146     1.006010   13.015920    2.282520
16     opls_146     9.853240    9.182830    0.376280
17     opls_146    10.650990    4.970060    1.112720
18     opls_146    13.627770    7.482170    3.593040
19     opls_146     8.264340    8.984490    1.564790
20     opls_146     4.879080    6.788310    0.064620
21     opls_146     8.601980    4.741980    0.791400
22     opls_144     6.223200   10.111550    1.505850
23     opls_144    11.433320   10.635410    3.896640
24     opls_144    14.234430    5.284100   -0.304210
25     opls_144     6.861340    3.411550    0.321360
26     opls_700     0.606820   14.879180    4.121420
27     opls_700     2.006350   14.766160    4.189940
28     opls_700    15.500320   13.655000    3.898120
29     opls_700     2.781750   13.399530    4.209260
30     opls_700     2.861560    0.287120    4.167550
31     opls_700    15.502840    0.431780    4.180890
32     opls_145     4.004200    0.455230    0.653850
33     opls_145     4.696330    1.670120    0.655890
34     opls_145     4.276830    2.770570    4.190810
35     opls_145     3.169140    2.569880    3.341280
36     opls_145     2.498570    1.351210    3.316590
37     opls_145     2.204530   12.172830    0.312910
38     opls_145     2.897920   10.969430    0.316940
39     opls_145     4.234490   10.888840    4.226490
40     opls_145     4.833900   12.094750    3.780230
41     opls_145     4.131540   13.307910    3.766150
42     opls_145     0.156310    1.620380    0.514480
43     opls_145    15.038160    2.712800    0.622930
44     opls_145    13.737800    2.688250    0.068470
45     opls_145    13.355610    1.529240    3.695120
46     opls_145    14.215070    0.440750    3.579310
47     opls_145    14.324780   13.413850    0.312440
48     opls_145    13.596130   12.247760    0.095070
49     opls_145    14.026330   11.283780    3.479270
50     opls_145    15.171810   11.566010    2.705530
51     opls_145     0.125140   12.757450    2.883150
52     opls_700    11.794890    8.490070    4.146330
53     opls_145    10.534980    8.315810    0.373680
54     opls_700    10.063850    7.055590    0.848700
55     opls_145    10.977140    5.962380    0.755800
56     opls_700    12.246500    6.089720    0.175150
57     opls_145    12.629000    7.363480    4.051520
58     opls_700     8.644480    6.888100    1.144210
59     opls_145     7.804700    8.021140    1.278550
60     opls_700     6.487340    8.046960    0.804010
61     opls_145     5.927120    6.807670    0.412610
62     opls_700     6.643960    5.589000    0.492430
63     opls_145     7.988870    5.657320    0.871920
64     opls_142     5.840700    9.361640    0.783820
65     opls_142    12.161650    9.823640    3.702960
66     opls_142    13.208120    5.005800    0.010180
67     opls_142     6.142610    4.246610    0.198360
68     opls_750    13.388660   10.039450    3.340980
69     opls_750     4.890570    9.629870    4.262010
70     opls_750     4.888210    4.049210    4.243730
71     opls_750    12.839620    3.771230    0.196450
