0      opls_142    12.039520   15.045110    8.320170
1      opls_145    13.791090   13.570720    0.594600
2      opls_700    13.980480   12.457080    8.273480
3      opls_145    15.255830   11.852020    8.199480
4      opls_700    16.312330   12.265750    0.490380
5      opls_145    16.095740   13.337530    1.372460
6      opls_700    14.849660   14.010290    1.431440
7      opls_700    17.633750   11.556030    0.458540
8      opls_145    18.842440   12.283090    0.457510
9      opls_700    10.702420   15.693670    8.456830
10     opls_727    10.297760   16.605190    7.468140
11     opls_727     9.032610   17.248850    7.539070
12     opls_515     6.050070   20.763770    1.086420
13     opls_135     6.131830   22.292120    1.085570
14     opls_135     5.950360   20.278410    2.523840
15     opls_515     4.246940   17.456200    6.187960
16     opls_135     5.243960   17.797650    5.073280
17     opls_135     2.979340   16.898560    5.522090
18     opls_142    -6.843140   25.947020    2.629680
19     opls_145    -5.091570   24.472630    3.439800
20     opls_700    -4.902180   23.358990    2.582990
21     opls_145    -3.626830   22.753930    2.508980
22     opls_700    -2.570330   23.167660    3.335580
23     opls_145    -2.786920   24.239440    4.217660
24     opls_700    -4.033000   24.912200    4.276640
25     opls_700    -1.248910   22.457940    3.303740
26     opls_145    -0.040220   23.185000    3.302720
27     opls_700    -8.180240   26.595580    2.766340
28     opls_727    -8.584900   27.507100    1.777640
29     opls_727    -9.850050   28.150760    1.848580
30     opls_515   -12.832600   31.665680    3.931630
31     opls_135     6.132020    0.487970    3.930780
32     opls_135   -12.932300   31.180320    5.369040
33     opls_515   -14.635720   28.358110    0.497460
34     opls_135   -13.638700   28.699560    7.918480
35     opls_135   -15.903330   27.800470    8.367290
36     opls_142    30.922180    4.143200    5.474970
37     opls_145    32.673750    2.668810    6.285090
38     opls_700    32.863150    1.555170    5.428280
39     opls_145    34.138490    0.950110    5.354270
40     opls_700    35.194990    1.363840    6.180870
41     opls_145    34.978400    2.435620    7.062950
42     opls_700    33.732320    3.108380    7.121930
43     opls_700    36.516410    0.654120    6.149030
44     opls_145    -0.040600    1.381180    6.148010
45     opls_700    29.585080    4.791760    5.611630
46     opls_727    29.180420    5.703280    4.622940
47     opls_727    27.915270    6.346940    4.693870
48     opls_515    24.932730    9.861860    6.776920
49     opls_135    25.014490   11.390210    6.776070
50     opls_135    24.833020    9.376500    8.214330
51     opls_515    23.129600    6.554290    3.342750
52     opls_135    24.126620    6.895740    2.228070
53     opls_135    21.862000    5.996660    2.676880
54     opls_142    18.716490    2.903970    8.320170
55     opls_145    19.117560    5.158070    0.594600
56     opls_700    19.987310    5.878910    8.273480
57     opls_145    19.873630    7.285930    8.199480
58     opls_700    18.987080    7.994010    0.490380
59     opls_145    18.167190    7.270560    1.372460
60     opls_700    18.207600    5.855040    1.431440
61     opls_700    18.941010    9.493260    0.458540
62     opls_145    17.707010   10.176490    0.457510
63     opls_700    18.823370    1.421730    8.456830
64     opls_727    18.236300    0.615530    7.468140
65     opls_727    -0.571400   31.904100    7.539070
66     opls_515    -2.124130   27.563680    1.086420
67     opls_135    -3.488610   26.870310    1.085570
68     opls_135    -1.653950   27.720020    2.523840
69     opls_515     1.641860   27.655910    6.187960
70     opls_135     0.847650   28.348630    5.073280
71     opls_135     2.758600   26.836950    5.522090
72     opls_142    -0.166170   13.805880    2.629680
73     opls_145     0.234900   16.059980    3.439800
74     opls_700     1.104650   16.780820    2.582990
75     opls_145     0.990970   18.187840    2.508980
76     opls_700     0.104420   18.895920    3.335580
77     opls_145    -0.715470   18.172470    4.217660
78     opls_700    -0.675060   16.756950    4.276640
79     opls_700     0.058350   20.395170    3.303740
80     opls_145    -1.175650   21.078400    3.302720
81     opls_700    -0.059290   12.323640    2.766340
82     opls_727    -0.646360   11.517440    1.777640
83     opls_727    -0.571210   10.099960    1.848580
84     opls_515    -2.123940    5.759540    3.931630
85     opls_135    34.277280    5.066170    3.930780
86     opls_135    -1.653760    5.915870    5.369040
87     opls_515     1.642050    5.851770    0.497460
88     opls_135     0.847840    6.544480    7.918480
89     opls_135     2.758780    5.032810    8.367290
90     opls_142    18.716300   24.708120    5.474970
91     opls_145    19.117370   26.962220    6.285090
92     opls_700    19.987120   27.683060    5.428280
93     opls_145    19.873440   29.090070    5.354270
94     opls_700    18.986890   29.798160    6.180870
95     opls_145    18.167000   29.074700    7.062950
96     opls_700    18.207410   27.659180    7.121930
97     opls_700    18.940820   31.297410    6.149030
98     opls_145    17.706830   31.980640    6.148010
99     opls_700    18.823180   23.225880    5.611630
100    opls_727    18.236110   22.419670    4.622940
101    opls_727    18.311270   21.002190    4.693870
102    opls_515    16.758530   16.661770    6.776920
103    opls_135    15.394050   15.968400    6.776070
104    opls_135    17.228710   16.818110    8.214330
105    opls_515    20.524520   16.754000    3.342750
106    opls_135    19.730310   17.446720    2.228070
107    opls_135    21.641260   15.935040    2.676880
108    opls_142    25.892540   14.756970    8.320170
109    opls_145    23.739900   13.977260    0.594600
110    opls_700    22.680760   14.370060    8.273480
111    opls_145    21.519080   13.568110    8.199480
112    opls_700    21.349140   12.446290    0.490380
113    opls_145    22.385620   12.097970    1.372460
114    opls_700    23.591290   12.840720    1.431440
115    opls_700    20.073790   11.656770    0.458540
116    opls_145    20.099090   10.246480    0.457510
117    opls_700    27.122760   15.590650    8.456830
118    opls_727    28.114490   15.485340    7.468140
119    opls_727    -8.461220   16.259160    7.539070
120    opls_515    -3.925930   17.084660    1.086420
121    opls_135    -2.643220   16.249680    1.085570
122    opls_135    -4.296410   17.413690    2.523840
123    opls_515    -5.888810   20.299990    6.187960
124    opls_135    -6.091610   19.265830    5.073280
125    opls_135    -5.737930   21.676590    5.522090
126    opls_142     7.009880   25.658880    2.629680
127    opls_145     4.857240   24.879170    3.439800
128    opls_700     3.798100   25.271970    2.582990
129    opls_145     2.636420   24.470020    2.508980
130    opls_700     2.466480   23.348200    3.335580
131    opls_145     3.502960   22.999880    4.217660
132    opls_700     4.708630   23.742630    4.276640
133    opls_700     1.191130   22.558670    3.303740
134    opls_145     1.216430   21.148390    3.302720
135    opls_700     8.240100   26.492560    2.766340
136    opls_727     9.231830   26.387250    1.777640
137    opls_727    10.421820   27.161070    1.848580
138    opls_515    14.957110   27.986570    3.931630
139    opls_135    16.239820   27.151590    3.930780
140    opls_135    14.586620   28.315590    5.369040
141    opls_515    12.994230   31.201900    0.497460
142    opls_135    12.791430   30.167740    7.918480
143    opls_135    13.145110   32.578500    8.367290
144    opls_142     7.009500    3.855060    5.474970
145    opls_145     4.856860    3.075350    6.285090
146    opls_700     3.797720    3.468150    5.428280
147    opls_145     2.636050    2.666200    5.354270
148    opls_700     2.466100    1.544380    6.180870
149    opls_145     3.502580    1.196060    7.062950
150    opls_700     4.708250    1.938810    7.121930
151    opls_700     1.190750    0.754860    6.149030
152    opls_145   -17.666790   32.050630    6.148010
153    opls_700     8.239720    4.688740    5.611630
154    opls_727     9.231450    4.583430    4.622940
155    opls_727    10.421440    5.357250    4.693870
156    opls_515    14.956730    6.182750    6.776920
157    opls_135    16.239440    5.347770    6.776070
158    opls_135    14.586250    6.511780    8.214330
159    opls_515    12.993860    9.398090    3.342750
160    opls_135    12.791050    8.363920    2.228070
161    opls_135    13.144730   10.774680    2.676880
162    opls_142     6.843330   17.660940    0.215530
163    opls_145     5.091760   19.135330    7.941100
164    opls_700     4.902370   20.248970    0.262220
165    opls_145     3.627020   20.854040    0.336220
166    opls_700     2.570520   20.440300    8.045320
167    opls_145     2.787110   19.368530    7.163240
168    opls_700     4.033190   18.695760    7.104260
169    opls_700     1.249100   21.150020    8.077160
170    opls_145     0.040410   20.422970    8.078190
171    opls_700     8.180430   17.012380    0.078870
172    opls_727     8.585090   16.100860    1.067560
173    opls_727     9.850240   15.457210    0.996630
174    opls_515    12.832780   11.942290    7.449280
175    opls_135    12.751020   10.413940    7.450130
176    opls_135    12.932490   12.427650    6.011860
177    opls_515    14.635910   15.249850    2.347740
178    opls_135    13.638890   14.908400    3.462420
179    opls_135    15.903510   15.807490    3.013610
180    opls_142   -12.039330   28.562850    3.060730
181    opls_145   -13.790900   30.037240    2.250610
182    opls_700   -13.980300   31.150880    3.107420
183    opls_145   -15.255640   31.755940    3.181430
184    opls_700   -16.312140   31.342210    2.354830
185    opls_145   -16.095550   30.270440    1.472750
186    opls_700   -14.849470   29.597670    1.413770
187    opls_700   -17.633560   32.051930    2.386670
188    opls_145    18.923450   31.324880    2.387690
189    opls_700   -10.702230   27.914290    2.924070
190    opls_727   -10.297570   27.002770    3.912760
191    opls_727    -9.032420   26.359120    3.841830
192    opls_515    -6.049880   22.844200    1.758780
193    opls_135    -6.131640   21.315840    1.759630
194    opls_135    -5.950170   23.329560    0.321370
195    opls_515    -4.246750   26.151760    5.192950
196    opls_135    -5.243770   25.810310    6.307630
197    opls_135    -2.979150   26.709400    5.858820
198    opls_142    25.725990    6.759030    5.906020
199    opls_145    23.974420    8.233420    5.095900
200    opls_700    23.785030    9.347060    5.952710
201    opls_145    22.509680    9.952130    6.026720
202    opls_700    21.453180    9.538390    5.200120
203    opls_145    21.669770    8.466620    4.318040
204    opls_700    22.915850    7.793850    4.259060
205    opls_700    20.131760   10.248120    5.231960
206    opls_145    18.923070    9.521060    5.232980
207    opls_700    27.063090    6.110470    5.769360
208    opls_727    27.467750    5.198950    6.758060
209    opls_727    28.732900    4.555300    6.687120
210    opls_515    31.715450    1.040380    4.604070
211    opls_135    12.750830   32.218080    4.604920
212    opls_135    31.815150    1.525740    3.166660
213    opls_515    33.518570    4.347940    8.038240
214    opls_135    32.521550    4.006490    0.617220
215    opls_135    34.786180    4.905580    0.168410
216    opls_142     0.166360   29.802080    0.215530
217    opls_145    -0.234710   27.547980    7.941100
218    opls_700    -1.104460   26.827140    0.262220
219    opls_145    -0.990780   25.420130    0.336220
220    opls_700    -0.104230   24.712040    8.045320
221    opls_145     0.715660   25.435500    7.163240
222    opls_700     0.675250   26.851020    7.104260
223    opls_700    -0.058160   23.212800    8.077160
224    opls_145     1.175840   22.529570    8.078190
225    opls_700     0.059480   31.284320    0.078870
226    opls_727     0.646550   32.090530    1.067560
227    opls_727    19.454250    0.801950    0.996630
228    opls_515    21.006980    5.142370    7.449280
229    opls_135    22.371460    5.835740    7.450130
230    opls_135    20.536800    4.986040    6.011860
231    opls_515    17.240990    5.050140    2.347740
232    opls_135    18.035200    4.357430    3.462420
233    opls_135    16.124250    5.869100    3.013610
234    opls_142     0.166550    7.997940    3.060730
235    opls_145    -0.234530    5.743840    2.250610
236    opls_700    -1.104270    5.023000    3.107420
237    opls_145    -0.990590    3.615980    3.181430
238    opls_700    -0.104040    2.907900    2.354830
239    opls_145     0.715850    3.631350    1.472750
240    opls_700     0.675440    5.046870    1.413770
241    opls_700    -0.057970    1.408650    2.386670
242    opls_145     1.176020    0.725420    2.387690
243    opls_700     0.059670    9.480180    2.924070
244    opls_727     0.646740   10.286380    3.912760
245    opls_727     0.571580   11.703860    3.841830
246    opls_515     2.124320   16.044280    1.758780
247    opls_135     3.488800   16.737650    1.759630
248    opls_135     1.654140   15.887950    0.321370
249    opls_515    -1.641670   15.952050    5.192950
250    opls_135    -0.847460   15.259340    6.307630
251    opls_135    -2.758410   16.771010    5.858820
252    opls_142    19.049020   18.900180    5.906020
253    opls_145    18.647950   16.646070    5.095900
254    opls_700    17.778200   15.925230    5.952710
255    opls_145    17.891880   14.518220    6.026720
256    opls_700    18.778430   13.810130    5.200120
257    opls_145    19.598320   14.533590    4.318040
258    opls_700    19.557910   15.949110    4.259060
259    opls_700    18.824500   12.310890    5.231960
260    opls_145    20.058500   11.627660    5.232980
261    opls_700    18.942140   20.382410    5.769360
262    opls_727    19.529210   21.188620    6.758060
263    opls_727    19.454060   22.606100    6.687120
264    opls_515    21.006790   26.946520    4.604070
265    opls_135   -15.394430   27.639890    4.604920
266    opls_135    20.536610   26.790180    3.166660
267    opls_515    17.240800   26.854290    8.038240
268    opls_135    18.035010   26.161570    0.617220
269    opls_135    16.124070   27.673250    0.168410
270    opls_142    -7.009690   17.949080    0.215530
271    opls_145    -4.857050   18.728800    7.941100
272    opls_700    -3.797910   18.336000    0.262220
273    opls_145    -2.636230   19.137950    0.336220
274    opls_700    -2.466290   20.259770    8.045320
275    opls_145    -3.502770   20.608090    7.163240
276    opls_700    -4.708440   19.865330    7.104260
277    opls_700    -1.190940   21.049290    8.077160
278    opls_145    -1.216240   22.459580    8.078190
279    opls_700    -8.239910   17.115410    0.078870
280    opls_727    -9.231640   17.220720    1.067560
281    opls_727    27.344070   16.446890    0.996630
282    opls_515    22.808780   15.621390    7.449280
283    opls_135    21.526070   16.456380    7.450130
284    opls_135    23.179260   15.292370    6.011860
285    opls_515    24.771660   12.406060    2.347740
286    opls_135    24.974460   13.440230    3.462420
287    opls_135    24.620780   11.029460    3.013610
288    opls_142    11.873350   28.850990    3.060730
289    opls_145    14.025990   29.630710    2.250610
290    opls_700    15.085130   29.237910    3.107420
291    opls_145    16.246800   30.039860    3.181430
292    opls_700    16.416750   31.161680    2.354830
293    opls_145    15.380270   31.510000    1.472750
294    opls_700    14.174600   30.767240    1.413770
295    opls_700    17.692100   31.951200    2.386670
296    opls_145    36.549640    0.655430    2.387690
297    opls_700    10.643130   28.017320    2.924070
298    opls_727     9.651400   28.122630    3.912760
299    opls_727     8.461410   27.348800    3.841830
300    opls_515     3.926120   26.523300    1.758780
301    opls_135     2.643410   27.358290    1.759630
302    opls_135     4.296600   26.194280    0.321370
303    opls_515     5.888990   23.307970    5.192950
304    opls_135     6.091800   24.342140    6.307630
305    opls_135     5.738120   21.931370    5.858820
306    opls_142    11.872970    7.047170    5.906020
307    opls_145    14.025610    7.826890    5.095900
308    opls_700    15.084750    7.434090    5.952710
309    opls_145    16.246430    8.236040    6.026720
310    opls_700    16.416370    9.357860    5.200120
311    opls_145    15.379890    9.706180    4.318040
312    opls_700    14.174220    8.963420    4.259060
313    opls_700    17.691720   10.147380    5.231960
314    opls_145    17.666420   11.557670    5.232980
315    opls_700    10.642750    6.213500    5.769360
316    opls_727     9.651020    6.318810    6.758060
317    opls_727     8.461030    5.544980    6.687120
318    opls_515     3.925740    4.719480    4.604070
319    opls_135     2.643030    5.554470    4.604920
320    opls_135     4.296230    4.390460    3.166660
321    opls_515     5.888620    1.504150    8.038240
322    opls_135     6.091420    2.538320    0.617220
323    opls_135     5.737740    0.127550    0.168410
324    opls_750    12.504790   14.220920    0.675770
325    opls_750    -6.377870   25.122830    3.520980
326    opls_750    31.387450    3.319010    6.366270
327    opls_750    19.197630    3.719010    0.675770
328    opls_750     0.314970   14.620920    3.520980
329    opls_750    19.197440   25.523150    6.366270
330    opls_750    24.946130   14.766130    0.675770
331    opls_750     6.063470   25.668040    3.520980
332    opls_750     6.063090    3.864220    6.366270
333    opls_750     6.378060   18.485140    7.859930
334    opls_750   -12.504600   29.387050    2.169430
335    opls_750    25.260720    7.583230    5.014720
336    opls_750    -0.314780   28.987050    7.859930
337    opls_750    -0.314590    7.182900    2.169430
338    opls_750    18.567880   18.085140    5.014720
339    opls_750    -6.063280   17.939930    7.859930
340    opls_750    12.819760   28.841840    2.169430
341    opls_750    12.819380    7.038020    5.014720
342    opls_719     8.649290   18.131260    6.570440
343    opls_719    11.167510   16.856370    6.444370
344    opls_719   -10.233370   29.033170    0.879950
345    opls_719    -7.715150   27.758280    0.753870
346    opls_719    27.531950    7.229350    3.725240
347    opls_719    30.050170    5.954460    3.599160
348    opls_719    -1.143920   31.130930    6.570440
349    opls_719    17.583900    1.243160    6.444370
350    opls_719    -1.143730    9.326790    0.879950
351    opls_719    -1.298760   12.145070    0.753870
352    opls_719    17.738740   20.229020    3.725240
353    opls_719    17.583710   23.047300    3.599160
354    opls_719    -7.505370   16.149920    6.570440
355    opls_719    27.897140   14.606520    6.444370
356    opls_719    11.377670   27.051830    0.879950
357    opls_719     9.014480   25.508430    0.753870
358    opls_719    11.377290    5.248010    3.725240
359    opls_719     9.014110    3.704610    3.599160
360    opls_719    10.233560   14.574800    1.965260
361    opls_719     7.715340   15.849680    2.091330
362    opls_719    -8.649100   25.476710    4.810460
363    opls_719   -11.167320   26.751590    4.936540
364    opls_719    29.116220    3.672890    7.655750
365    opls_719    26.598000    4.947770    7.781830
366    opls_719    20.026770    1.575120    1.965260
367    opls_719     1.298950   31.462900    2.091330
368    opls_719     1.144110   12.477030    4.810460
369    opls_719     1.299140    9.658750    4.936540
370    opls_719    20.026580   23.379270    7.655750
371    opls_719    20.181610   20.560990    7.781830
372    opls_719    26.388220   16.556130    1.965260
373    opls_719    -9.014290   18.099530    2.091330
374    opls_719     7.505560   27.458040    4.810460
375    opls_719     9.868740   29.001440    4.936540
376    opls_719     7.505180    5.654220    7.655750
377    opls_719     9.868370    7.197620    7.781830
378    opls_144    12.643010   15.285830    7.454230
379    opls_146    15.425210   11.039930    7.506810
380    opls_146    16.906000   13.626320    2.025950
381    opls_146    18.810910   13.365330    0.465540
382    opls_702     7.016490   20.394190    0.655110
383    opls_140     5.304950   22.748370    1.663100
384    opls_140     6.097650   22.681650    0.054460
385    opls_140     7.095230   22.617870    1.536770
386    opls_140     6.780080   20.698350    3.135160
387    opls_140     6.048740   19.175890    2.557210
388    opls_140     4.973550   20.573740    2.960860
389    opls_702     4.681630   16.639860    6.819090
390    opls_140     4.810590   18.579660    4.422860
391    opls_140     5.490000   16.895290    4.470490
392    opls_140     6.221140   18.164940    5.461910
393    opls_140     3.202340   15.948450    4.985530
394    opls_140     2.565420   17.624640    4.793390
395    opls_140     2.193050   16.667660    6.260850
396    opls_144    -6.239650   26.187740    1.763730
397    opls_146    -3.457450   21.941840    1.816310
398    opls_146    -1.976660   24.528230    4.871150
399    opls_146    -0.071750   24.267240    3.310740
400    opls_702   -11.866170   31.296100    3.500320
401    opls_140     5.305140    0.944220    4.508300
402    opls_140     6.097840    0.877500    2.899660
403    opls_140     7.095420    0.813730    4.381970
404    opls_140   -12.102590   31.600260    5.980370
405    opls_140   -12.833920   30.077800    5.402420
406    opls_140   -13.909110   31.475650    5.806070
407    opls_702   -14.201040   27.541770    1.128590
408    opls_140   -14.072070   29.481570    7.268060
409    opls_140   -13.392660   27.797200    7.315690
410    opls_140   -12.661520   29.066850    8.307110
411    opls_140   -15.680320   26.850360    7.830740
412    opls_140   -16.317240   28.526550    7.638600
413    opls_140   -16.689610   27.569570    9.106060
414    opls_144    31.525670    4.383920    4.609020
415    opls_146    34.307870    0.138020    4.661600
416    opls_146    35.788670    2.724410    7.716440
417    opls_146    -0.072130    2.463420    6.156030
418    opls_702    25.899150    9.492280    6.345610
419    opls_140    24.187610   11.846460    7.353590
420    opls_140    24.980310   11.779740    5.744950
421    opls_140    25.977890   11.715960    7.227260
422    opls_140    25.662740    9.796440    8.825660
423    opls_140    24.931400    8.273980    8.247710
424    opls_140    23.856220    9.671830    8.651360
425    opls_702    23.564290    5.737950    3.973880
426    opls_140    23.693260    7.677750    1.577650
427    opls_140    24.372660    5.993380    1.625280
428    opls_140    25.103800    7.263030    2.616700
429    opls_140    22.085000    5.046540    2.140330
430    opls_140    21.448090    6.722730    1.948190
431    opls_140    21.075720    5.765750    3.415650
432    opls_144    18.206280    3.306260    7.454230
433    opls_146    20.492240    7.838660    7.506810
434    opls_146    17.511960    7.827870    2.025950
435    opls_146    16.785530    9.608060    0.465540
436    opls_702    -2.287280   28.585420    0.655110
437    opls_140    -3.470290   25.926090    1.663100
438    opls_140    -3.808860   26.645950    0.054460
439    opls_140    -4.252420   27.541770    1.536770
440    opls_140    -2.432490   28.228600    3.135160
441    opls_140    -0.748330   28.356480    2.557210
442    opls_140    -1.421310   26.726410    2.960860
443    opls_702     2.131500   28.440530    6.819090
444    opls_140     0.387100   27.582320    4.422860
445    opls_140     1.506100   29.012890    4.470490
446    opls_140     0.040980   29.011250    5.461910
447    opls_140     3.469910   27.505140    4.985530
448    opls_140     2.336750   26.115460    4.793390
449    opls_140     3.351710   26.271470    6.260850
450    opls_144    -0.676380   14.208160    1.763730
451    opls_146     1.609570   18.740570    1.816310
452    opls_146    -1.370710   18.729780    4.871150
453    opls_146    -2.097130   20.509970    3.310740
454    opls_702    -2.287090    6.781270    3.500320
455    opls_140    34.295600    4.121940    4.508300
456    opls_140    33.957030    4.841800    2.899660
457    opls_140    33.513470    5.737620    4.381970
458    opls_140    -2.432300    6.424450    5.980370
459    opls_140    -0.748140    6.552330    5.402420
460    opls_140    -1.421120    4.922260    5.806070
461    opls_702     2.131680    6.636390    1.128590
462    opls_140     0.387290    5.778180    7.268060
463    opls_140     1.506280    7.208740    7.315690
464    opls_140     0.041160    7.207110    8.307110
465    opls_140     3.470100    5.700990    7.830740
466    opls_140     2.336940    4.311310    7.638600
467    opls_140     3.351890    4.467320    9.106060
468    opls_144    18.206090   25.110400    4.609020
469    opls_146    20.492050   29.642810    4.661600
470    opls_146    17.511770   29.632010    7.716440
471    opls_146    16.785340   31.412200    6.156030
472    opls_702    16.595380   17.683510    6.345610
473    opls_140    15.412370   15.024180    7.353590
474    opls_140    15.073800   15.744040    5.744950
475    opls_140    14.630240   16.639860    7.227260
476    opls_140    16.450170   17.326690    8.825660
477    opls_140    18.134330   17.454570    8.247710
478    opls_140    17.461350   15.824500    8.651360
479    opls_702    21.014160   17.538620    3.973880
480    opls_140    19.269760   16.680420    1.577650
481    opls_140    20.388760   18.110980    1.625280
482    opls_140    18.923640   18.109340    2.616700
483    opls_140    22.352570   16.603230    2.140330
484    opls_140    21.219410   15.213550    1.948190
485    opls_140    22.234370   15.369560    3.415650
486    opls_144    25.799260   14.113970    7.454230
487    opls_146    20.731100   13.827470    7.506810
488    opls_146    22.230590   11.251860    2.025950
489    opls_146    21.052110    9.732670    0.465540
490    opls_702    -4.729210   16.432500    0.655110
491    opls_140    -1.834660   16.737650    1.663100
492    opls_140    -2.288790   16.084510    0.054460
493    opls_140    -2.842810   15.252470    1.536770
494    opls_140    -4.347590   16.485160    3.135160
495    opls_140    -5.300420   17.879750    2.557210
496    opls_140    -3.552240   18.111960    2.960860
497    opls_702    -6.813120   20.331720    6.819090
498    opls_140    -5.197690   19.250130    4.422860
499    opls_140    -6.996100   19.503930    4.470490
500    opls_140    -6.262120   18.235920    5.461910
501    opls_140    -6.672260   21.958520    4.985530
502    opls_140    -4.902180   21.672010    4.793390
503    opls_140    -5.544760   22.472980    6.260850
504    opls_144     6.916600   25.015880    1.763730
505    opls_146     1.848440   24.729380    1.816310
506    opls_146     3.347930   22.153770    4.871150
507    opls_146     2.169450   20.634580    3.310740
508    opls_702    14.153830   27.334410    3.500320
509    opls_140    17.048380   27.639560    4.508300
510    opls_140    16.594250   26.986420    2.899660
511    opls_140    16.040230   26.154380    4.381970
512    opls_140    14.535450   27.387070    5.980370
513    opls_140    13.582620   28.781660    5.402420
514    opls_140    15.330800   29.013870    5.806070
515    opls_702    12.069920   31.233630    1.128590
516    opls_140    13.685350   30.152040    7.268060
517    opls_140    11.886940   30.405840    7.315690
518    opls_140    12.620920   29.137820    8.307110
519    opls_140    12.210780   32.860430    7.830740
520    opls_140    13.980860   32.573920    7.638600
521    opls_140    13.338280   33.374890    9.106060
522    opls_144     6.916220    3.212060    4.609020
523    opls_146     1.848060    2.925560    4.661600
524    opls_146     3.347550    0.349950    7.716440
525    opls_146   -16.713780   31.536810    6.156030
526    opls_702    14.153450    5.530590    6.345610
527    opls_140    17.048000    5.835740    7.353590
528    opls_140    16.593870    5.182600    5.744950
529    opls_140    16.039850    4.350560    7.227260
530    opls_140    14.535070    5.583250    8.825660
531    opls_140    13.582250    6.977840    8.247710
532    opls_140    15.330420    7.210050    8.651360
533    opls_702    12.069540    9.429810    3.973880
534    opls_140    13.684970    8.348220    1.577650
535    opls_140    11.886570    8.602020    1.625280
536    opls_140    12.620540    7.334010    2.616700
537    opls_140    12.210410   11.056610    2.140330
538    opls_140    13.980480   10.770100    1.948190
539    opls_140    13.337900   11.571080    3.415650
540    opls_144     6.239840   17.420230    1.081470
541    opls_146     3.457640   21.666130    1.028890
542    opls_146     1.976850   19.079730    6.509750
543    opls_146     0.071940   19.340730    8.070160
544    opls_702    11.866360   12.311870    7.880590
545    opls_140    13.577900    9.957690    6.872600
546    opls_140    12.785200   10.024410    8.481240
547    opls_140    11.787620   10.088180    6.998930
548    opls_140    12.102770   12.007700    5.400540
549    opls_140    12.834110   13.530170    5.978490
550    opls_140    13.909300   12.132310    5.574840
551    opls_702    14.201230   16.066200    1.716610
552    opls_140    14.072260   14.126400    4.112840
553    opls_140    13.392850   15.810760    4.065210
554    opls_140    12.661710   14.541110    3.073790
555    opls_140    15.680510   16.757600    3.550170
556    opls_140    16.317430   15.081420    3.742310
557    opls_140    16.689800   16.038400    2.274850
558    opls_144   -12.642820   28.322140    3.926680
559    opls_146   -15.425020   32.568040    3.874100
560    opls_146   -16.905820   29.981640    0.819260
561    opls_146    18.954980   30.242640    2.379670
562    opls_702    -7.016300   23.213780    2.190090
563    opls_140    -5.304760   20.859600    1.182110
564    opls_140    -6.097460   20.926320    2.790750
565    opls_140    -7.095040   20.990090    1.308440
566    opls_140    -6.779890   22.909610   -0.289960
567    opls_140    -6.048550   24.432080    0.287990
568    opls_140    -4.973370   23.034220   -0.115660
569    opls_702    -4.681440   26.968110    4.561820
570    opls_140    -4.810410   25.028310    6.958050
571    opls_140    -5.489810   26.712670    6.910420
572    opls_140    -6.220950   25.443020    5.919000
573    opls_140    -3.202150   27.659510    6.395370
574    opls_140    -2.565240   25.983330    6.587510
575    opls_140    -2.192870   26.940310    5.120050
576    opls_144    25.122500    6.518320    6.771970
577    opls_146    22.340300   10.764220    6.719390
578    opls_146    20.859510    8.177820    3.664550
579    opls_146    18.954600    8.438820    5.224960
580    opls_702    30.749020    1.409960    5.035380
581    opls_140    13.577710   31.761830    4.027400
582    opls_140    12.785010   31.828550    5.636040
583    opls_140    11.787430   31.892330    4.153730
584    opls_140    30.985440    1.105790    2.555330
585    opls_140    31.716770    2.628260    3.133280
586    opls_140    32.791960    1.230400    2.729630
587    opls_702    33.083890    5.164290    7.407110
588    opls_140    32.954920    3.224490    1.267640
589    opls_140    32.275510    4.908850    1.220010
590    opls_140    31.544370    3.639200    0.228590
591    opls_140    34.563170    5.855690    0.704960
592    opls_140    35.200090    4.179510    0.897100
593    opls_140    35.572460    5.136490   -0.570360
594    opls_144     0.676570   29.399800    1.081470
595    opls_146    -1.609390   24.867400    1.028890
596    opls_146     1.370890   24.878190    6.509750
597    opls_146     2.097320   23.098000    8.070160
598    opls_702    21.170130    4.120640    7.880590
599    opls_140    22.353140    6.779970    6.872600
600    opls_140    22.691710    6.060110    8.481240
601    opls_140    23.135270    5.164290    6.998930
602    opls_140    21.315340    4.477460    5.400540
603    opls_140    19.631180    4.349580    5.978490
604    opls_140    20.304160    5.979650    5.574840
605    opls_702    16.751350    4.265520    1.716610
606    opls_140    18.495750    5.123730    4.112840
607    opls_140    17.376750    3.693170    4.065210
608    opls_140    18.841870    3.694800    3.073790
609    opls_140    15.412940    5.200920    3.550170
610    opls_140    16.546100    6.590600    3.742310
611    opls_140    15.531140    6.434590    2.274850
612    opls_144     0.676760    7.595650    3.926680
613    opls_146    -1.609200    3.063250    3.874100
614    opls_146     1.371080    3.074040    0.819260
615    opls_146     2.097510    1.293850    2.379670
616    opls_702     2.287470   15.022550    2.190090
617    opls_140     3.470480   17.681870    1.182110
618    opls_140     3.809050   16.962010    2.790750
619    opls_140     4.252610   16.066200    1.308440
620    opls_140     2.432680   15.379370   -0.289960
621    opls_140     0.748520   15.251490    0.287990
622    opls_140     1.421500   16.881560   -0.115660
623    opls_702    -2.131310   15.167430    4.561820
624    opls_140    -0.386910   16.025640    6.958050
625    opls_140    -1.505910   14.595080    6.910420
626    opls_140    -0.040790   14.596710    5.919000
627    opls_140    -3.469720   16.102830    6.395370
628    opls_140    -2.336560   17.492510    6.587510
629    opls_140    -3.351520   17.336500    5.120050
630    opls_144    19.559230   18.497890    6.771970
631    opls_146    17.273280   13.965490    6.719390
632    opls_146    20.253560   13.976280    3.664550
633    opls_146    20.979980   12.196090    5.224960
634    opls_702    21.169940   25.924780    5.035380
635    opls_140   -15.412750   28.584110    4.027400
636    opls_140   -15.074180   27.864250    5.636040
637    opls_140   -14.630620   26.968430    4.153730
638    opls_140    21.315150   26.281610    2.555330
639    opls_140    19.630990   26.153720    3.133280
640    opls_140    20.303970   27.783790    2.729630
641    opls_702    16.751170   26.069670    7.407110
642    opls_140    18.495560   26.927880    1.267640
643    opls_140    17.376570   25.497310    1.220010
644    opls_140    18.841690   25.498950    0.228590
645    opls_140    15.412750   27.005060    0.704960
646    opls_140    16.545910   28.394740    0.897100
647    opls_140    15.530960   28.238740   -0.570360
648    opls_144    -6.916410   18.592080    1.081470
649    opls_146    -1.848250   18.878590    1.028890
650    opls_146    -3.347740   21.454190    6.509750
651    opls_146    -2.169260   22.973390    8.070160
652    opls_702    23.612060   16.273550    7.880590
653    opls_140    20.717510   15.968400    6.872600
654    opls_140    21.171640   16.621540    8.481240
655    opls_140    21.725660   17.453590    6.998930
656    opls_140    23.230440   16.220900    5.400540
657    opls_140    24.183270   14.826310    5.978490
658    opls_140    22.435090   14.594100    5.574840
659    opls_702    25.695970   12.374340    1.716610
660    opls_140    24.080540   13.455930    4.112840
661    opls_140    25.878950   13.202130    4.065210
662    opls_140    25.144970   14.470140    3.073790
663    opls_140    25.555110   10.747540    3.550170
664    opls_140    23.785030   11.034040    3.742310
665    opls_140    24.427610   10.233070    2.274850
666    opls_144    11.966630   29.493990    3.926680
667    opls_146    17.034790   29.780500    3.874100
668    opls_146    15.535300   32.356100    0.819260
669    opls_146    35.596630    1.169240    2.379670
670    opls_702     4.729400   27.175460    2.190090
671    opls_140     1.834850   26.870310    1.182110
672    opls_140     2.288980   27.523450    2.790750
673    opls_140     2.843000   28.355500    1.308440
674    opls_140     4.347780   27.122800   -0.289960
675    opls_140     5.300600   25.728220    0.287990
676    opls_140     3.552430   25.496010   -0.115660
677    opls_702     6.813310   23.276250    4.561820
678    opls_140     5.197880   24.357830    6.958050
679    opls_140     6.996280   24.104040    6.910420
680    opls_140     6.262310   25.372050    5.919000
681    opls_140     6.672440   21.649450    6.395370
682    opls_140     4.902370   21.935950    6.587510
683    opls_140     5.544950   21.134980    5.120050
684    opls_144    11.966250    7.690170    6.771970
685    opls_146    17.034410    7.976680    6.719390
686    opls_146    15.534920   10.552280    3.664550
687    opls_146    16.713400   12.071480    5.224960
688    opls_702     4.729020    5.371640    5.035380
689    opls_140     1.834470    5.066500    4.027400
690    opls_140     2.288600    5.719640    5.636040
691    opls_140     2.842620    6.551680    4.153730
692    opls_140     4.347400    5.318990    2.555330
693    opls_140     5.300230    3.924400    3.133280
694    opls_140     3.552050    3.692190    2.729630
695    opls_702     6.812930    1.472430    7.407110
696    opls_140     5.197500    2.554020    1.267640
697    opls_140     6.995910    2.300220    1.220010
698    opls_140     6.261930    3.568230    0.228590
699    opls_140     6.672070   -0.154370    0.704960
700    opls_140     4.901990    0.132130    0.897100
701    opls_140     5.544570   -0.668840   -0.570360
