0      opls_750     5.730200   26.704880    2.283290
1      opls_750    17.144950   10.919430    2.283290
2      opls_750    17.099300    4.866020    2.283290
3      opls_750     5.684550   20.651470    2.283290
4      opls_750    17.099300   26.704880    1.987410
5      opls_750     5.684550   10.919430    1.987410
6      opls_750     5.730200    4.866020    1.987410
7      opls_750    17.144950   20.651470    1.987410
8      opls_239    14.273230    0.000000    2.135350
9      opls_239     2.858480   15.785450    2.135350
10     opls_239     8.556270    0.000000    2.135350
11     opls_239    19.971020   15.785450    2.135350
12     opls_700     4.122320   25.303130    3.315990
13     opls_145     2.025660   24.373680    3.983410
14     opls_145     3.380140   23.230500    2.337010
15     opls_700     1.075950   22.528680    2.681230
16     opls_145    10.727350   30.392040    2.115700
17     opls_145    16.919860   29.073640    1.449650
18     opls_916    15.026830   30.345000    2.210980
19     opls_145    15.351240   28.071900    2.991160
20     opls_142     5.033680   26.415060    3.335540
21     opls_145     2.990890   25.351120    4.121520
22     opls_700     2.221080   23.301530    3.105610
23     opls_145     4.275050   24.284970    2.382790
24     opls_145     1.091020   21.142400    2.669570
25     opls_145    16.436100   27.949720    2.122450
26     opls_145    16.195020   30.233560    1.457930
27     opls_145    14.673890   29.290850    3.074950
28     opls_700    15.537070    9.517680    3.315990
29     opls_145    13.440410    8.588230    3.983410
30     opls_145    14.794890    7.445050    2.337010
31     opls_700    12.490700    6.743230    2.681230
32     opls_145    22.142100   14.606590    2.115700
33     opls_145     5.505110   13.288190    1.449650
34     opls_916     3.612080   14.559550    2.210980
35     opls_145     3.936490   12.286450    2.991160
36     opls_142    16.448430   10.629610    3.335540
37     opls_145    14.405640    9.565670    4.121520
38     opls_700    13.635830    7.516080    3.105610
39     opls_145    15.689800    8.499520    2.382790
40     opls_145    12.505770    5.356950    2.669570
41     opls_145     5.021350   12.164270    2.122450
42     opls_145     4.780270   14.448110    1.457930
43     opls_145     3.259140   13.505400    3.074950
44     opls_700    18.707180    6.267770    3.315990
45     opls_145    20.803840    7.197220    3.983410
46     opls_145    19.449360    8.340400    2.337010
47     opls_700    21.753550    9.042220    2.681230
48     opls_145    12.102150    1.178860    2.115700
49     opls_145     5.909640    2.497260    1.449650
50     opls_916     7.802670    1.225900    2.210980
51     opls_145     7.478260    3.499000    2.991160
52     opls_142    17.795820    5.155840    3.335540
53     opls_145    19.838610    6.219780    4.121520
54     opls_700    20.608420    8.269370    3.105610
55     opls_145    18.554450    7.285930    2.382790
56     opls_145    21.738480   10.428500    2.669570
57     opls_145     6.393400    3.621180    2.122450
58     opls_145     6.634480    1.337340    1.457930
59     opls_145     8.155610    2.280050    3.074950
60     opls_700     7.292430   22.053220    3.315990
61     opls_145     9.389090   22.982670    3.983410
62     opls_145     8.034610   24.125850    2.337010
63     opls_700    10.338800   24.827670    2.681230
64     opls_145     0.687400   16.964310    2.115700
65     opls_145    17.324390   18.282710    1.449650
66     opls_916    19.217420   17.011350    2.210980
67     opls_145    18.893010   19.284450    2.991160
68     opls_142     6.381070   20.941290    3.335540
69     opls_145     8.423860   22.005230    4.121520
70     opls_700     9.193670   24.054820    3.105610
71     opls_145     7.139700   23.071380    2.382790
72     opls_145    10.323730   26.213950    2.669570
73     opls_145    17.808150   19.406630    2.122450
74     opls_145    18.049230   17.122790    1.457930
75     opls_145    19.570360   18.065500    3.074950
76     opls_700    18.707180   25.303130    0.954710
77     opls_145    20.803840   24.373680    0.287290
78     opls_145    19.449360   23.230500    1.933690
79     opls_700    21.753550   22.528680    1.589470
80     opls_145    12.102150   30.392040    2.155000
81     opls_145     5.909640   29.073640    2.821050
82     opls_916     7.802670   30.345000    2.059720
83     opls_145     7.478260   28.071900    1.279540
84     opls_142    17.795820   26.415060    0.935160
85     opls_145    19.838610   25.351120    0.149180
86     opls_700    20.608420   23.301530    1.165090
87     opls_145    18.554450   24.284970    1.887910
88     opls_145    21.738480   21.142400    1.601130
89     opls_145     6.393400   27.949720    2.148250
90     opls_145     6.634480   30.233560    2.812770
91     opls_145     8.155610   29.290850    1.195750
92     opls_700     7.292430    9.517680    0.954710
93     opls_145     9.389090    8.588230    0.287290
94     opls_145     8.034610    7.445050    1.933690
95     opls_700    10.338800    6.743230    1.589470
96     opls_145     0.687400   14.606590    2.155000
97     opls_145    17.324390   13.288190    2.821050
98     opls_916    19.217420   14.559550    2.059720
99     opls_145    18.893010   12.286450    1.279540
100    opls_142     6.381070   10.629610    0.935160
101    opls_145     8.423860    9.565670    0.149180
102    opls_700     9.193670    7.516080    1.165090
103    opls_145     7.139700    8.499520    1.887910
104    opls_145    10.323730    5.356950    1.601130
105    opls_145    17.808150   12.164270    2.148250
106    opls_145    18.049230   14.448110    2.812770
107    opls_145    19.570360   13.505400    1.195750
108    opls_700     4.122320    6.267770    0.954710
109    opls_145     2.025660    7.197220    0.287290
110    opls_145     3.380140    8.340400    1.933690
111    opls_700     1.075950    9.042220    1.589470
112    opls_145    10.727350    1.178860    2.155000
113    opls_145    16.919860    2.497260    2.821050
114    opls_916    15.026830    1.225900    2.059720
115    opls_145    15.351240    3.499000    1.279540
116    opls_142     5.033680    5.155840    0.935160
117    opls_145     2.990890    6.219780    0.149180
118    opls_700     2.221080    8.269370    1.165090
119    opls_145     4.275050    7.285930    1.887910
120    opls_145     1.091020   10.428500    1.601130
121    opls_145    16.436100    3.621180    2.148250
122    opls_145    16.195020    1.337340    2.812770
123    opls_145    14.673890    2.280050    1.195750
124    opls_700    15.537070   22.053220    0.954710
125    opls_145    13.440410   22.982670    0.287290
126    opls_145    14.794890   24.125850    1.933690
127    opls_700    12.490700   24.827670    1.589470
128    opls_145    22.142100   16.964310    2.155000
129    opls_145     5.505110   18.282710    2.821050
130    opls_916     3.612080   17.011350    2.059720
131    opls_145     3.936490   19.284450    1.279540
132    opls_142    16.448430   20.941290    0.935160
133    opls_145    14.405640   22.005230    0.149180
134    opls_700    13.635830   24.054820    1.165090
135    opls_145    15.689800   23.071380    1.887910
136    opls_145    12.505770   26.213950    1.601130
137    opls_145     5.021350   19.406630    2.148250
138    opls_145     4.780270   17.122790    2.812770
139    opls_145     3.259140   18.065500    1.195750
140    opls_145    22.829500   23.214080    2.135350
141    opls_145    22.829500   20.471520    2.135350
142    opls_145    11.414750    7.428630    2.135350
143    opls_145    11.414750    4.686070    2.135350
144    opls_145     0.000000    8.356820    2.135350
145    opls_145    22.829500   11.099380    2.135350
146    opls_145    11.414750   24.142270    2.135350
147    opls_145    11.414750   26.884830    2.135350
148    opls_916    12.827440    0.000000    2.135350
149    opls_916     1.412690   15.785450    2.135350
150    opls_916    10.002060    0.000000    2.135350
151    opls_916    21.416810   15.785450    2.135350
152    opls_146     2.821950   26.178590    4.801290
153    opls_146     3.489950   22.475010    1.567770
154    opls_146     1.934800   20.591490    3.066580
155    opls_146    17.845820   29.059430    0.893430
156    opls_146    13.857280   29.401980    3.775560
157    opls_144     4.990990   27.072680    4.189090
158    opls_146     1.095130   24.505020    4.491580
159    opls_146     4.994410   24.406520    1.595450
160    opls_146    10.158670   29.405140    2.065650
161    opls_146    16.569880   31.062920    0.900480
162    opls_146    15.041670   27.229590    3.595200
163    opls_146    14.236700   10.393140    4.801290
164    opls_146    14.904700    6.689560    1.567770
165    opls_146    13.349550    4.806040    3.066580
166    opls_146     6.431070   13.273980    0.893430
167    opls_146     2.442530   13.616530    3.775560
168    opls_144    16.405740   11.287230    4.189090
169    opls_146    12.509880    8.719570    4.491580
170    opls_146    16.409160    8.621070    1.595450
171    opls_146    21.573420   13.619690    2.065650
172    opls_146     5.155130   15.277470    0.900480
173    opls_146     3.626920   11.444140    3.595200
174    opls_146    20.007550    5.392310    4.801290
175    opls_146    19.339550    9.095890    1.567770
176    opls_146    20.894700   10.979410    3.066580
177    opls_146     4.983680    2.511470    0.893430
178    opls_146     8.972220    2.168920    3.775560
179    opls_144    17.838510    4.498220    4.189090
180    opls_146    21.734370    7.065880    4.491580
181    opls_146    17.835090    7.164380    1.595450
182    opls_146    12.670830    2.165760    2.065650
183    opls_146     6.259620    0.507980    0.900480
184    opls_146     7.787830    4.341310    3.595200
185    opls_146     8.592800   21.177760    4.801290
186    opls_146     7.924800   24.881340    1.567770
187    opls_146     9.479950   26.764860    3.066580
188    opls_146    16.398430   18.296920    0.893430
189    opls_146    20.386970   17.954370    3.775560
190    opls_144     6.423760   20.283670    4.189090
191    opls_146    10.319620   22.851330    4.491580
192    opls_146     6.420340   22.949830    1.595450
193    opls_146     1.256080   17.951210    2.065650
194    opls_146    17.674370   16.293430    0.900480
195    opls_146    19.202580   20.126760    3.595200
196    opls_146    20.007550   26.178590   -0.530590
197    opls_146    19.339550   22.475010    2.702930
198    opls_146    20.894700   20.591490    1.204120
199    opls_146     4.983680   29.059430    3.377270
200    opls_146     8.972220   29.401980    0.495140
201    opls_144    17.838510   27.072680    0.081610
202    opls_146    21.734370   24.505020   -0.220880
203    opls_146    17.835090   24.406520    2.675250
204    opls_146    12.670830   29.405140    2.205050
205    opls_146     6.259620   31.062920    3.370220
206    opls_146     7.787830   27.229590    0.675500
207    opls_146     8.592800   10.393140   -0.530590
208    opls_146     7.924800    6.689560    2.702930
209    opls_146     9.479950    4.806040    1.204120
210    opls_146    16.398430   13.273980    3.377270
211    opls_146    20.386970   13.616530    0.495140
212    opls_144     6.423760   11.287230    0.081610
213    opls_146    10.319620    8.719570   -0.220880
214    opls_146     6.420340    8.621070    2.675250
215    opls_146     1.256080   13.619690    2.205050
216    opls_146    17.674370   15.277470    3.370220
217    opls_146    19.202580   11.444140    0.675500
218    opls_146     2.821950    5.392310   -0.530590
219    opls_146     3.489950    9.095890    2.702930
220    opls_146     1.934800   10.979410    1.204120
221    opls_146    17.845820    2.511470    3.377270
222    opls_146    13.857280    2.168920    0.495140
223    opls_144     4.990990    4.498220    0.081610
224    opls_146     1.095130    7.065880   -0.220880
225    opls_146     4.994410    7.164380    2.675250
226    opls_146    10.158670    2.165760    2.205050
227    opls_146    16.569880    0.507980    3.370220
228    opls_146    15.041670    4.341310    0.675500
229    opls_146    14.236700   21.177760   -0.530590
230    opls_146    14.904700   24.881340    2.702930
231    opls_146    13.349550   26.764860    1.204120
232    opls_146     6.431070   18.296920    3.377270
233    opls_146     2.442530   17.954370    0.495140
234    opls_144    16.405740   20.283670    0.081610
235    opls_146    12.509880   22.851330   -0.220880
236    opls_146    16.409160   22.949830    2.675250
237    opls_146    21.573420   17.951210    2.205050
238    opls_146     5.155130   16.293430    3.370220
239    opls_146     3.626920   20.126760    0.675500
240    opls_146    22.829500   24.297600    2.135350
241    opls_146    22.829500   19.440100    2.135350
242    opls_146    11.414750    8.512150    2.135350
243    opls_146    11.414750    3.654650    2.135350
244    opls_146     0.000000    7.273300    2.135350
245    opls_146    22.829500   12.130800    2.135350
246    opls_146    11.414750   23.058750    2.135350
247    opls_146    11.414750   27.916250    2.135350
