0      opls_700    21.343590   30.158280    3.436630
1      opls_700    22.317290   30.255210    4.470090
2      opls_145    23.365940   29.321160    4.513840
3      opls_145    23.415180   28.259200    3.611950
4      opls_263    22.419800   28.119830    2.646620
5      opls_145    21.403990   29.073400    2.546850
6      opls_700    20.326230    0.169410    3.341930
7      opls_145    20.194610    1.109660    4.363650
8      opls_166    21.096140    1.155800    5.424810
9      opls_700    22.213230    0.302890    5.446920
10     opls_700    23.265280    0.508530    6.486430
11     opls_166    23.504060   30.488110    7.452210
12     opls_145    24.465680   30.683530    0.874330
13     opls_700    25.200910    0.903700    0.950410
14     opls_700    24.968630    1.916420    7.566370
15     opls_700    24.014760    1.706450    6.532610
16     opls_145    23.836990    2.695630    5.552370
17     opls_145    24.553020    3.887970    5.603240
18     opls_263    25.464150    4.109410    6.632230
19     opls_145    25.681870    3.127660    0.034370
20     opls_142    19.395270    0.317440    2.204010
21     opls_145    18.547000   30.731840    0.034670
22     opls_142    26.234070    1.049570    1.997800
23     opls_145    27.699570    0.044290    3.634210
24     opls_145    17.762840    0.919190    7.472270
25     opls_145    16.826000    1.023560    6.440250
26     opls_700    16.647610   30.945530    5.515650
27     opls_145    17.462430   29.803980    5.647220
28     opls_145    18.410120   29.704880    6.669020
29     opls_145    27.967770    1.197610    4.391210
30     opls_145    28.985750    1.184600    5.357890
31     opls_700    29.749780    0.021680    5.584010
32     opls_145    29.472290   29.855390    4.802410
33     opls_145    28.450590   29.861270    3.855860
34     opls_700     5.858590   14.673280    7.221630
35     opls_700     6.832290   14.770210    0.685090
36     opls_145     7.880940   13.836160    0.728840
37     opls_145     7.930180   12.774200    7.396950
38     opls_263     6.934800   12.634830    6.431620
39     opls_145     5.918990   13.588400    6.331850
40     opls_700     4.841230   15.654410    7.126930
41     opls_145     4.709610   16.594660    0.578650
42     opls_166     5.611140   16.640800    1.639810
43     opls_700     6.728230   15.787890    1.661920
44     opls_700     7.780280   15.993530    2.701430
45     opls_166     8.019060   15.003110    3.667210
46     opls_145     8.980680   15.198530    4.659330
47     opls_700     9.715910   16.388700    4.735410
48     opls_700     9.483630   17.401420    3.781370
49     opls_700     8.529760   17.191450    2.747610
50     opls_145     8.351990   18.180630    1.767370
51     opls_145     9.068020   19.372970    1.818240
52     opls_263     9.979150   19.594410    2.847230
53     opls_145    10.196870   18.612660    3.819370
54     opls_142     3.910270   15.802440    5.989010
55     opls_145     3.062000   15.246840    3.819670
56     opls_142    10.749070   16.534570    5.782800
57     opls_145    12.214570   15.529290    7.419210
58     opls_145     2.277840   16.404190    3.687270
59     opls_145     1.341000   16.508560    2.655250
60     opls_700     1.162610   15.460530    1.730650
61     opls_145     1.977430   14.318980    1.862220
62     opls_145     2.925120   14.219880    2.884020
63     opls_145    12.482770   16.682610    0.606210
64     opls_145    13.500750   16.669600    1.572890
65     opls_700    14.264780   15.506680    1.799010
66     opls_145    13.987290   14.370390    1.017410
67     opls_145    12.965590   14.376270    0.070860
68     opls_700    25.111410   16.296720    7.221630
69     opls_700    24.137710   16.199790    0.685090
70     opls_145    23.089060   17.133840    0.728840
71     opls_145    23.039820   18.195800    7.396950
72     opls_263    24.035200   18.335170    6.431620
73     opls_145    25.051010   17.381600    6.331850
74     opls_700    26.128770   15.315590    7.126930
75     opls_145    26.260390   14.375340    0.578650
76     opls_166    25.358860   14.329200    1.639810
77     opls_700    24.241770   15.182110    1.661920
78     opls_700    23.189720   14.976470    2.701430
79     opls_166    22.950940   15.966890    3.667210
80     opls_145    21.989320   15.771470    4.659330
81     opls_700    21.254090   14.581300    4.735410
82     opls_700    21.486370   13.568580    3.781370
83     opls_700    22.440240   13.778550    2.747610
84     opls_145    22.618010   12.789370    1.767370
85     opls_145    21.901980   11.597030    1.818240
86     opls_263    20.990850   11.375590    2.847230
87     opls_145    20.773130   12.357340    3.819370
88     opls_142    27.059730   15.167560    5.989010
89     opls_145    27.908000   15.723160    3.819670
90     opls_142    20.220930   14.435430    5.782800
91     opls_145    18.755430   15.440710    7.419210
92     opls_145    28.692160   14.565810    3.687270
93     opls_145    29.629000   14.461440    2.655250
94     opls_700    29.807390   15.509470    1.730650
95     opls_145    28.992570   16.651020    1.862220
96     opls_145    28.044880   16.750120    2.884020
97     opls_145    18.487230   14.287390    0.606210
98     opls_145    17.469250   14.300400    1.572890
99     opls_700    16.705220   15.463320    1.799010
100    opls_145    16.982710   16.599610    1.017410
101    opls_145    18.004410   16.593730    0.070860
102    opls_700     9.626410    0.811720    3.436630
103    opls_700     8.652710    0.714790    4.470090
104    opls_145     7.604060    1.648840    4.513840
105    opls_145     7.554820    2.710800    3.611950
106    opls_263     8.550200    2.850170    2.646620
107    opls_145     9.566010    1.896600    2.546850
108    opls_700    10.643770   30.800590    3.341930
109    opls_145    10.775390   29.860340    4.363650
110    opls_166     9.873860   29.814200    5.424810
111    opls_700     8.756770   30.667110    5.446920
112    opls_700     7.704720   30.461470    6.486430
113    opls_166     7.465940    0.481890    7.452210
114    opls_145     6.504320    0.286470    0.874330
115    opls_700     5.769090   30.066300    0.950410
116    opls_700     6.001370   29.053580    7.566370
117    opls_700     6.955240   29.263550    6.532610
118    opls_145     7.133010   28.274370    5.552370
119    opls_145     6.416980   27.082030    5.603240
120    opls_263     5.505850   26.860590    6.632230
121    opls_145     5.288130   27.842340    0.034370
122    opls_142    11.574730   30.652560    2.204010
123    opls_145    12.423000    0.238160    0.034670
124    opls_142     4.735930   29.920430    1.997800
125    opls_145     3.270430   30.925710    3.634210
126    opls_145    13.207160   30.050810    7.472270
127    opls_145    14.144000   29.946440    6.440250
128    opls_700    14.322390    0.024470    5.515650
129    opls_145    13.507570    1.166020    5.647220
130    opls_145    12.559880    1.265120    6.669020
131    opls_145     3.002230   29.772390    4.391210
132    opls_145     1.984250   29.785400    5.357890
133    opls_700     1.220220   30.948320    5.584010
134    opls_145     1.497710    1.114610    4.802410
135    opls_145     2.519410    1.108730    3.855860
136    opls_700     0.811720    5.858590    5.329130
137    opls_700     0.714790    6.832290    6.362590
138    opls_145     1.648840    7.880940    6.406340
139    opls_145     2.710800    7.930180    5.504450
140    opls_263     2.850170    6.934800    4.539120
141    opls_145     1.896600    5.918990    4.439350
142    opls_700    30.800590    4.841230    5.234430
143    opls_145    29.860340    4.709610    6.256150
144    opls_166    29.814200    5.611140    7.317310
145    opls_700    30.667110    6.728230    7.339420
146    opls_700    30.461470    7.780280    0.808930
147    opls_166     0.481890    8.019060    1.774710
148    opls_145     0.286470    8.980680    2.766830
149    opls_700    30.066300    9.715910    2.842910
150    opls_700    29.053580    9.483630    1.888870
151    opls_700    29.263550    8.529760    0.855110
152    opls_145    28.274370    8.351990    7.444870
153    opls_145    27.082030    9.068020    7.495740
154    opls_263    26.860590    9.979150    0.954730
155    opls_145    27.842340   10.196870    1.926870
156    opls_142    30.652560    3.910270    4.096510
157    opls_145     0.238160    3.062000    1.927170
158    opls_142    29.920430   10.749070    3.890300
159    opls_145    30.925710   12.214570    5.526710
160    opls_145    30.050810    2.277840    1.794770
161    opls_145    29.946440    1.341000    0.762750
162    opls_700     0.024470    1.162610    7.408150
163    opls_145     1.166020    1.977430    7.539720
164    opls_145     1.265120    2.925120    0.991520
165    opls_145    29.772390   12.482770    6.283710
166    opls_145    29.785400   13.500750    7.250390
167    opls_700    30.948320   14.264780    7.476510
168    opls_145     1.114610   13.987290    6.694910
169    opls_145     1.108730   12.965590    5.748360
170    opls_700    16.296720   21.343590    1.544130
171    opls_700    16.199790   22.317290    2.577590
172    opls_145    17.133840   23.365940    2.621340
173    opls_145    18.195800   23.415180    1.719450
174    opls_263    18.335170   22.419800    0.754120
175    opls_145    17.381600   21.403990    0.654350
176    opls_700    15.315590   20.326230    1.449430
177    opls_145    14.375340   20.194610    2.471150
178    opls_166    14.329200   21.096140    3.532310
179    opls_700    15.182110   22.213230    3.554420
180    opls_700    14.976470   23.265280    4.593930
181    opls_166    15.966890   23.504060    5.559710
182    opls_145    15.771470   24.465680    6.551830
183    opls_700    14.581300   25.200910    6.627910
184    opls_700    13.568580   24.968630    5.673870
185    opls_700    13.778550   24.014760    4.640110
186    opls_145    12.789370   23.836990    3.659870
187    opls_145    11.597030   24.553020    3.710740
188    opls_263    11.375590   25.464150    4.739730
189    opls_145    12.357340   25.681870    5.711870
190    opls_142    15.167560   19.395270    0.311510
191    opls_145    15.723160   18.547000    5.712170
192    opls_142    14.435430   26.234070    0.105300
193    opls_145    15.440710   27.699570    1.741710
194    opls_145    14.565810   17.762840    5.579770
195    opls_145    14.461440   16.826000    4.547750
196    opls_700    15.509470   16.647610    3.623150
197    opls_145    16.651020   17.462430    3.754720
198    opls_145    16.750120   18.410120    4.776520
199    opls_145    14.287390   27.967770    2.498710
200    opls_145    14.300400   28.985750    3.465390
201    opls_700    15.463320   29.749780    3.691510
202    opls_145    16.599610   29.472290    2.909910
203    opls_145    16.593730   28.450590    1.963360
204    opls_700    14.673280    9.626410    1.544130
205    opls_700    14.770210    8.652710    2.577590
206    opls_145    13.836160    7.604060    2.621340
207    opls_145    12.774200    7.554820    1.719450
208    opls_263    12.634830    8.550200    0.754120
209    opls_145    13.588400    9.566010    0.654350
210    opls_700    15.654410   10.643770    1.449430
211    opls_145    16.594660   10.775390    2.471150
212    opls_166    16.640800    9.873860    3.532310
213    opls_700    15.787890    8.756770    3.554420
214    opls_700    15.993530    7.704720    4.593930
215    opls_166    15.003110    7.465940    5.559710
216    opls_145    15.198530    6.504320    6.551830
217    opls_700    16.388700    5.769090    6.627910
218    opls_700    17.401420    6.001370    5.673870
219    opls_700    17.191450    6.955240    4.640110
220    opls_145    18.180630    7.133010    3.659870
221    opls_145    19.372970    6.416980    3.710740
222    opls_263    19.594410    5.505850    4.739730
223    opls_145    18.612660    5.288130    5.711870
224    opls_142    15.802440   11.574730    0.311510
225    opls_145    15.246840   12.423000    5.712170
226    opls_142    16.534570    4.735930    0.105300
227    opls_145    15.529290    3.270430    1.741710
228    opls_145    16.404190   13.207160    5.579770
229    opls_145    16.508560   14.144000    4.547750
230    opls_700    15.460530   14.322390    3.623150
231    opls_145    14.318980   13.507570    3.754720
232    opls_145    14.219880   12.559880    4.776520
233    opls_145    16.682610    3.002230    2.498710
234    opls_145    16.669600    1.984250    3.465390
235    opls_700    15.506680    1.220220    3.691510
236    opls_145    14.370390    1.497710    2.909910
237    opls_145    14.376270    2.519410    1.963360
238    opls_700    30.158280   25.111410    5.329130
239    opls_700    30.255210   24.137710    6.362590
240    opls_145    29.321160   23.089060    6.406340
241    opls_145    28.259200   23.039820    5.504450
242    opls_263    28.119830   24.035200    4.539120
243    opls_145    29.073400   25.051010    4.439350
244    opls_700     0.169410   26.128770    5.234430
245    opls_145     1.109660   26.260390    6.256150
246    opls_166     1.155800   25.358860    7.317310
247    opls_700     0.302890   24.241770    7.339420
248    opls_700     0.508530   23.189720    0.808930
249    opls_166    30.488110   22.950940    1.774710
250    opls_145    30.683530   21.989320    2.766830
251    opls_700     0.903700   21.254090    2.842910
252    opls_700     1.916420   21.486370    1.888870
253    opls_700     1.706450   22.440240    0.855110
254    opls_145     2.695630   22.618010    7.444870
255    opls_145     3.887970   21.901980    7.495740
256    opls_263     4.109410   20.990850    0.954730
257    opls_145     3.127660   20.773130    1.926870
258    opls_142     0.317440   27.059730    4.096510
259    opls_145    30.731840   27.908000    1.927170
260    opls_142     1.049570   20.220930    3.890300
261    opls_145     0.044290   18.755430    5.526710
262    opls_145     0.919190   28.692160    1.794770
263    opls_145     1.023560   29.629000    0.762750
264    opls_700    30.945530   29.807390    7.408150
265    opls_145    29.803980   28.992570    7.539720
266    opls_145    29.704880   28.044880    0.991520
267    opls_145     1.197610   18.487230    6.283710
268    opls_145     1.184600   17.469250    7.250390
269    opls_700     0.021680   16.705220    7.476510
270    opls_145    29.855390   16.982710    6.694910
271    opls_145    29.861270   18.004410    5.748360
272    opls_701     0.000000    0.000000    6.440710
273    opls_701    15.485000   15.485000    2.655710
274    opls_701     0.000000   15.485000    0.763210
275    opls_701    15.485000    0.000000    4.548210
276    opls_750    19.449160   30.556550    1.134440
277    opls_750    26.691180    0.007120    2.618770
278    opls_750     3.964160   15.071550    4.919440
279    opls_750    11.206180   15.492120    6.403770
280    opls_750    27.005840   15.898450    4.919440
281    opls_750    19.763820   15.477880    6.403770
282    opls_750    11.520840    0.413450    1.134440
283    opls_750     4.278820   30.962880    2.618770
284    opls_750     0.413450    3.964160    3.026940
285    opls_750    30.962880   11.206180    4.511270
286    opls_750    15.898450   19.449160    6.811940
287    opls_750    15.477880   26.691180    0.726270
288    opls_750    15.071550   11.520840    6.811940
289    opls_750    15.492120    4.278820    0.726270
290    opls_750    30.556550   27.005840    3.026940
291    opls_750     0.007120   19.763820    4.511270
292    opls_264    22.442100   26.741670    1.566460
293    opls_264    26.312420    5.633440    6.700890
294    opls_264     6.957100   11.256670    5.351460
295    opls_264    10.827420   21.118440    2.915890
296    opls_264    24.012900   19.713330    5.351460
297    opls_264    20.142580    9.851560    2.915890
298    opls_264     8.527900    4.228330    1.566460
299    opls_264     4.657580   25.336560    6.700890
300    opls_264     4.228330    6.957100    3.458960
301    opls_264    25.336560   10.827420    1.023390
302    opls_264    19.713330   22.442100    7.243960
303    opls_264     9.851560   26.312420    4.808390
304    opls_264    11.256670    8.527900    7.243960
305    opls_264    21.118440    4.657580    4.808390
306    opls_264    26.741670   24.012900    3.458960
307    opls_264     5.633440   20.142580    1.023390
308    opls_167    20.884930    2.052690    6.437450
309    opls_167    22.795160   29.320230    7.432980
310    opls_167     5.399930   17.537690    2.652450
311    opls_167     7.310160   13.835230    3.647980
312    opls_167    25.570070   13.432310    2.652450
313    opls_167    23.659840   17.134770    3.647980
314    opls_167    10.085070   28.917310    6.437450
315    opls_167     8.174840    1.649770    7.432980
316    opls_167    28.917310    5.399930    0.759950
317    opls_167     1.649770    7.310160    1.755480
318    opls_167    13.432310   20.884930    4.544950
319    opls_167    17.134770   22.795160    5.540480
320    opls_167    17.537690   10.085070    4.544950
321    opls_167    13.835230    8.174840    5.540480
322    opls_167     2.052690   25.570070    0.759950
323    opls_167    29.320230   23.659840    1.755480
324    opls_146    24.190980   29.426760    5.293850
325    opls_146    24.269020   27.505700    3.664640
326    opls_146    20.609300   28.976770    1.734890
327    opls_146    19.336740    1.860060    4.340640
328    opls_146    24.665750   29.865920    1.643600
329    opls_146    23.094330    2.512290    4.706720
330    opls_146    24.392900    4.683590    4.802030
331    opls_146    26.441880    3.306360    0.865330
332    opls_144    18.598100    1.126690    2.301810
333    opls_144    26.629240    2.086760    2.258360
334    opls_146    17.893850    1.776440    8.212620
335    opls_146    16.193280    1.966290    6.338130
336    opls_146    17.354970   28.938990    4.911870
337    opls_146    19.076280   28.782280    6.741240
338    opls_146    27.357040    2.144980    4.219290
339    opls_146    29.202540    2.121750    5.970460
340    opls_146    30.088590   28.906160    4.937760
341    opls_146    28.223580   28.918550    3.255930
342    opls_168    21.862030    2.409470    6.825490
343    opls_168    21.803500   29.481580    7.905500
344    opls_146     8.705980   13.941760    1.508850
345    opls_146     8.784020   12.020700    7.449640
346    opls_146     5.124300   13.491770    5.519890
347    opls_146     3.851740   17.345060    0.555640
348    opls_146     9.180750   14.380920    5.428600
349    opls_146     7.609330   17.997290    0.921720
350    opls_146     8.907900   20.168590    1.017030
351    opls_146    10.956880   18.791360    4.650330
352    opls_144     3.113100   16.611690    6.086810
353    opls_144    11.144240   17.571760    6.043360
354    opls_146     2.408850   17.261440    4.427620
355    opls_146     0.708280   17.451290    2.553130
356    opls_146     1.869970   13.453990    1.126870
357    opls_146     3.591280   13.297280    2.956240
358    opls_146    11.872040   17.629980    0.434290
359    opls_146    13.717540   17.606750    2.185460
360    opls_146    14.603590   13.421160    1.152760
361    opls_146    12.738580   13.433550   -0.529070
362    opls_168     6.377030   17.894470    3.040490
363    opls_168     6.318500   13.996580    4.120500
364    opls_146    22.264020   17.028240    1.508850
365    opls_146    22.185980   18.949300    7.449640
366    opls_146    25.845700   17.478230    5.519890
367    opls_146    27.118260   13.624940    0.555640
368    opls_146    21.789250   16.589080    5.428600
369    opls_146    23.360670   12.972710    0.921720
370    opls_146    22.062100   10.801410    1.017030
371    opls_146    20.013120   12.178640    4.650330
372    opls_144    27.856900   14.358310    6.086810
373    opls_144    19.825760   13.398240    6.043360
374    opls_146    28.561150   13.708560    4.427620
375    opls_146    30.261720   13.518710    2.553130
376    opls_146    29.100030   17.516010    1.126870
377    opls_146    27.378720   17.672720    2.956240
378    opls_146    19.097960   13.340020    0.434290
379    opls_146    17.252460   13.363250    2.185460
380    opls_146    16.366410   17.548840    1.152760
381    opls_146    18.231420   17.536450   -0.529070
382    opls_168    24.592970   13.075530    3.040490
383    opls_168    24.651500   16.973420    4.120500
384    opls_146     6.779020    1.543240    5.293850
385    opls_146     6.700980    3.464300    3.664640
386    opls_146    10.360700    1.993230    1.734890
387    opls_146    11.633260   29.109940    4.340640
388    opls_146     6.304250    1.104080    1.643600
389    opls_146     7.875670   28.457710    4.706720
390    opls_146     6.577100   26.286410    4.802030
391    opls_146     4.528120   27.663640    0.865330
392    opls_144    12.371900   29.843310    2.301810
393    opls_144     4.340760   28.883240    2.258360
394    opls_146    13.076150   29.193560    8.212620
395    opls_146    14.776720   29.003710    6.338130
396    opls_146    13.615030    2.031010    4.911870
397    opls_146    11.893720    2.187720    6.741240
398    opls_146     3.612960   28.825020    4.219290
399    opls_146     1.767460   28.848250    5.970460
400    opls_146     0.881410    2.063840    4.937760
401    opls_146     2.746420    2.051450    3.255930
402    opls_168     9.107970   28.560530    6.825490
403    opls_168     9.166500    1.488420    7.905500
404    opls_146     1.543240    8.705980    7.186350
405    opls_146     3.464300    8.784020    5.557140
406    opls_146     1.993230    5.124300    3.627390
407    opls_146    29.109940    3.851740    6.233140
408    opls_146     1.104080    9.180750    3.536100
409    opls_146    28.457710    7.609330    6.599220
410    opls_146    26.286410    8.907900    6.694530
411    opls_146    27.663640   10.956880    2.757830
412    opls_144    29.843310    3.113100    4.194310
413    opls_144    28.883240   11.144240    4.150860
414    opls_146    29.193560    2.408850    2.535120
415    opls_146    29.003710    0.708280    0.660630
416    opls_146     2.031010    1.869970    6.804370
417    opls_146     2.187720    3.591280    1.063740
418    opls_146    28.825020   11.872040    6.111790
419    opls_146    28.848250   13.717540    7.862960
420    opls_146     2.063840   14.603590    6.830260
421    opls_146     2.051450   12.738580    5.148430
422    opls_168    28.560530    6.377030    1.147990
423    opls_168     1.488420    6.318500    2.228000
424    opls_146    17.028240   24.190980    3.401350
425    opls_146    18.949300   24.269020    1.772140
426    opls_146    17.478230   20.609300   -0.157610
427    opls_146    13.624940   19.336740    2.448140
428    opls_146    16.589080   24.665750    7.321100
429    opls_146    12.972710   23.094330    2.814220
430    opls_146    10.801410   24.392900    2.909530
431    opls_146    12.178640   26.441880    6.542830
432    opls_144    14.358310   18.598100    0.409310
433    opls_144    13.398240   26.629240    0.365860
434    opls_146    13.708560   17.893850    6.320120
435    opls_146    13.518710   16.193280    4.445630
436    opls_146    17.516010   17.354970    3.019370
437    opls_146    17.672720   19.076280    4.848740
438    opls_146    13.340020   27.357040    2.326790
439    opls_146    13.363250   29.202540    4.077960
440    opls_146    17.548840   30.088590    3.045260
441    opls_146    17.536450   28.223580    1.363430
442    opls_168    13.075530   21.862030    4.932990
443    opls_168    16.973420   21.803500    6.013000
444    opls_146    13.941760    6.779020    3.401350
445    opls_146    12.020700    6.700980    1.772140
446    opls_146    13.491770   10.360700   -0.157610
447    opls_146    17.345060   11.633260    2.448140
448    opls_146    14.380920    6.304250    7.321100
449    opls_146    17.997290    7.875670    2.814220
450    opls_146    20.168590    6.577100    2.909530
451    opls_146    18.791360    4.528120    6.542830
452    opls_144    16.611690   12.371900    0.409310
453    opls_144    17.571760    4.340760    0.365860
454    opls_146    17.261440   13.076150    6.320120
455    opls_146    17.451290   14.776720    4.445630
456    opls_146    13.453990   13.615030    3.019370
457    opls_146    13.297280   11.893720    4.848740
458    opls_146    17.629980    3.612960    2.326790
459    opls_146    17.606750    1.767460    4.077960
460    opls_146    13.421160    0.881410    3.045260
461    opls_146    13.433550    2.746420    1.363430
462    opls_168    17.894470    9.107970    4.932990
463    opls_168    13.996580    9.166500    6.013000
464    opls_146    29.426760   22.264020    7.186350
465    opls_146    27.505700   22.185980    5.557140
466    opls_146    28.976770   25.845700    3.627390
467    opls_146     1.860060   27.118260    6.233140
468    opls_146    29.865920   21.789250    3.536100
469    opls_146     2.512290   23.360670    6.599220
470    opls_146     4.683590   22.062100    6.694530
471    opls_146     3.306360   20.013120    2.757830
472    opls_144     1.126690   27.856900    4.194310
473    opls_144     2.086760   19.825760    4.150860
474    opls_146     1.776440   28.561150    2.535120
475    opls_146     1.966290   30.261720    0.660630
476    opls_146    28.938990   29.100030    6.804370
477    opls_146    28.782280   27.378720    1.063740
478    opls_146     2.144980   19.097960    6.111790
479    opls_146     2.121750   17.252460    7.862960
480    opls_146    28.906160   16.366410    6.830260
481    opls_146    28.918550   18.231420    5.148430
482    opls_168     2.409470   24.592970    1.147990
483    opls_168    29.481580   24.651500    2.228000
