0      opls_145     2.263090   22.957460    4.211990
1      opls_145     3.329800   22.786810    5.121810
2      opls_145     3.372570   21.778910    6.121130
3      opls_145     2.297400   20.967960    6.182200
4      opls_145     1.236030   21.136390    5.278890
5      opls_145     1.195930   22.126020    4.257630
6      opls_145     5.543420   22.454410    7.155770
7      opls_145     4.523500   21.561470    7.084880
8      opls_145     6.700140   21.143970    8.900950
9      opls_145     6.620830   22.253010    8.053220
10     opls_261     8.775640   21.435370   10.197080
11     opls_145    32.193380   44.213710    4.340760
12     opls_727     4.630440   20.452880    7.947530
13     opls_145     5.698040   20.261720    8.825600
14     opls_166    11.066350   43.982460    6.295290
15     opls_700    12.279660   44.328670    5.716460
16     opls_145    42.299960   43.872400   11.865760
17     opls_145    41.237260   44.036820   10.948170
18     opls_145    41.189580    0.486570    9.944260
19     opls_145    42.262090    1.305540    9.899760
20     opls_145    43.319440    1.143350   10.810220
21     opls_145    43.362220    0.151940   11.828150
22     opls_145    39.032550   44.399520    9.058020
23     opls_145    40.105490    0.675490    9.016720
24     opls_145    37.918600    1.050670    7.191090
25     opls_145    37.952020    0.021830    8.159550
26     opls_261    35.802560    0.768170    5.975530
27     opls_145    12.348280   22.574710   11.912550
28     opls_727    40.044000    1.702550    8.021860
29     opls_145    38.971500    1.872310    7.145060
30     opls_145    33.505610   22.879490    9.976130
31     opls_145    32.310120   22.549760   10.556880
32     opls_701     8.813070   22.756950    0.210120
33     opls_182     8.310460   21.534740    0.891590
34     opls_182     8.284170   20.736710    3.083900
35     opls_182     8.598300   21.401510    4.486110
36     opls_182     9.214090   23.292980    5.312160
37     opls_182    10.314660   23.911000    4.501920
38     opls_182    10.916640   25.241050    2.779180
39     opls_182    10.913960   24.719720    1.261460
40     opls_145    24.541940    0.678610   10.586840
41     opls_145    25.608650    0.507960   11.496660
42     opls_145    25.651420   44.057760   12.495980
43     opls_145    24.576250   43.246810   12.557050
44     opls_145    23.514880   43.415240   11.653740
45     opls_145    23.474780   44.404870   10.632480
46     opls_145    27.822270    0.175560    0.780920
47     opls_145    26.802350   43.840320    0.710030
48     opls_145    28.978990   43.422820    2.526100
49     opls_145    28.899680   44.531860    1.678370
50     opls_261    31.054490   43.714220    3.822230
51     opls_145     9.914530   21.934860   10.715610
52     opls_727    26.909290   42.731730    1.572680
53     opls_145    27.976890   42.540570    2.450750
54     opls_166    33.345200   21.703610   12.670140
55     opls_700    34.558510   22.049820   12.091310
56     opls_145    20.021110   21.593550    5.490910
57     opls_145    18.958410   21.757970    4.573320
58     opls_145    18.910730   22.765420    3.569410
59     opls_145    19.983240   23.584390    3.524910
60     opls_145    21.040590   23.422200    4.435370
61     opls_145    21.083370   22.430790    5.453300
62     opls_145    16.753700   22.120670    2.683170
63     opls_145    17.826640   22.954340    2.641870
64     opls_145    15.639750   23.329520    0.816240
65     opls_145    15.673170   22.300680    1.784700
66     opls_261    13.523710   23.047020   12.350380
67     opls_145    34.627130    0.295860    5.537700
68     opls_727    17.765150   23.981400    1.647010
69     opls_145    16.692650   24.151160    0.770210
70     opls_145    11.226760    0.600640    3.601280
71     opls_145    10.031280    0.270910    4.182030
72     opls_701    31.091920    0.478100    6.584970
73     opls_182    30.589310   43.813590    7.266440
74     opls_182    30.563020   43.015560    9.458750
75     opls_182    30.877150   43.680360   10.860960
76     opls_182    31.492940    1.014130   11.687010
77     opls_182    32.593510    1.632150   10.876770
78     opls_182    33.195490    2.962200    9.154030
79     opls_182    33.192810    2.440870    7.636310
80     opls_145    20.015760   43.879090   10.586840
81     opls_145    18.949050   44.049740   11.496660
82     opls_145    18.906280    0.499940   12.495980
83     opls_145    19.981450    1.310890   12.557050
84     opls_145    21.042820    1.142460   11.653740
85     opls_145    21.082920    0.152830   10.632480
86     opls_145    16.735430   44.382140    0.780920
87     opls_145    17.755350    0.717380    0.710030
88     opls_145    15.578710    1.134880    2.526100
89     opls_145    15.658020    0.025840    1.678370
90     opls_261    13.503210    0.843480    3.822230
91     opls_145    34.643170   22.622840   10.715610
92     opls_727    17.648410    1.825970    1.572680
93     opls_145    16.580810    2.017130    2.450750
94     opls_166    11.212500   22.854090   12.670140
95     opls_700     9.999190   22.507880   12.091310
96     opls_145    24.536590   22.964150    5.490910
97     opls_145    25.599290   22.799730    4.573320
98     opls_145    25.646970   21.792280    3.569410
99     opls_145    24.574460   20.973310    3.524910
100    opls_145    23.517110   21.135500    4.435370
101    opls_145    23.474330   22.126910    5.453300
102    opls_145    27.804000   22.437030    2.683170
103    opls_145    26.731060   21.603360    2.641870
104    opls_145    28.917950   21.228180    0.816240
105    opls_145    28.884530   22.257020    1.784700
106    opls_261    31.033990   21.510680   12.350380
107    opls_145     9.930570   44.261840    5.537700
108    opls_727    26.792550   20.576300    1.647010
109    opls_145    27.865050   20.406540    0.770210
110    opls_145    33.330940   43.957060    3.601280
111    opls_145    34.526430   44.286790    4.182030
112    opls_701    13.465780   44.079600    6.584970
113    opls_182    13.968390    0.744110    7.266440
114    opls_182    13.994680    1.542140    9.458750
115    opls_182    13.680550    0.877340   10.860960
116    opls_182    13.064760   43.543570   11.687010
117    opls_182    11.964190   42.925550   10.876770
118    opls_182    11.362210   41.595500    9.154030
119    opls_182    11.364890   42.116830    7.636310
120    opls_145    42.294610   21.600240    4.211990
121    opls_145    41.227900   21.770890    5.121810
122    opls_145    41.185130   22.778790    6.121130
123    opls_145    42.260300   23.589740    6.182200
124    opls_145    43.321670   23.421310    5.278890
125    opls_145    43.361770   22.431680    4.257630
126    opls_145    39.014280   22.103290    7.155770
127    opls_145    40.034200   22.996230    7.084880
128    opls_145    37.857560   23.413730    8.900950
129    opls_145    37.936870   22.304690    8.053220
130    opls_261    35.782060   23.122330   10.197080
131    opls_145    12.364320    0.343990    4.340760
132    opls_727    39.927260   24.104820    7.947530
133    opls_145    38.859660   24.295980    8.825600
134    opls_166    33.491350    0.575240    6.295290
135    opls_700    32.278040    0.229030    5.716460
136    opls_145     2.257740    0.685300   11.865760
137    opls_145     3.320440    0.520880   10.948170
138    opls_145     3.368120   44.071130    9.944260
139    opls_145     2.295610   43.252160    9.899760
140    opls_145     1.238260   43.414350   10.810220
141    opls_145     1.195480   44.405760   11.828150
142    opls_145     5.525150    0.158180    9.058020
143    opls_145     4.452210   43.882210    9.016720
144    opls_145     6.639100   43.507030    7.191090
145    opls_145     6.605680   44.535870    8.159550
146    opls_261     8.755140   43.789530    5.975530
147    opls_145    32.209420   21.982990   11.912550
148    opls_727     4.513700   42.855150    8.021860
149    opls_145     5.586200   42.685390    7.145060
150    opls_145    11.052090   21.678210    9.976130
151    opls_145    12.247570   22.007940   10.556880
152    opls_701    35.744630   21.800750    0.210120
153    opls_182    36.247240   23.022960    0.891590
154    opls_182    36.273530   23.820990    3.083900
155    opls_182    35.959400   23.156190    4.486110
156    opls_182    35.343610   21.264720    5.312160
157    opls_182    34.243040   20.646700    4.501920
158    opls_182    33.641060   19.316650    2.779180
159    opls_182    33.643740   19.837980    1.261460
160    opls_145    21.600240   24.541940    7.399420
161    opls_145    21.770890   25.608650    8.309230
162    opls_145    22.778790   25.651420    9.308560
163    opls_145    23.589740   24.576250    9.369630
164    opls_145    23.421310   23.514880    8.466310
165    opls_145    22.431680   23.474780    7.445060
166    opls_145    22.103290   27.822270   10.343190
167    opls_145    22.996230   26.802350   10.272310
168    opls_145    23.413730   28.978990   12.088370
169    opls_145    22.304690   28.899680   11.240650
170    opls_261    23.122330   31.054490    0.634810
171    opls_145     0.343990    9.914530    7.528190
172    opls_727    24.104820   26.909290   11.134950
173    opls_145    24.295980   27.976890   12.013020
174    opls_166     0.575240   33.345200    9.482720
175    opls_700     0.229030   34.558510    8.903880
176    opls_145     0.685300   20.021110    2.303490
177    opls_145     0.520880   18.958410    1.385890
178    opls_145    44.071130   18.910730    0.381980
179    opls_145    43.252160   19.983240    0.337480
180    opls_145    43.414350   21.040590    1.247940
181    opls_145    44.405760   21.083370    2.265880
182    opls_145     0.158180   16.753700   12.245450
183    opls_145    43.882210   17.826640   12.204140
184    opls_145    43.507030   15.639750   10.378510
185    opls_145    44.535870   15.673170   11.346980
186    opls_261    43.789530   13.523710    9.162950
187    opls_145    21.982990   34.627130    2.350280
188    opls_727    42.855150   17.765150   11.209280
189    opls_145    42.685390   16.692650   10.332480
190    opls_145    21.678210   11.226760    0.413860
191    opls_145    22.007940   10.031280    0.994600
192    opls_701    21.800750   31.091920    3.397540
193    opls_182    23.022960   30.589310    4.079010
194    opls_182    23.820990   30.563020    6.271320
195    opls_182    23.156190   30.877150    7.673530
196    opls_182    21.264720   31.492940    8.499590
197    opls_182    20.646700   32.593510    7.689340
198    opls_182    19.316650   33.195490    5.966600
199    opls_182    19.837980   33.192810    4.448880
200    opls_145    43.879090    2.263090    1.024570
201    opls_145    44.049740    3.329800    1.934380
202    opls_145     0.499940    3.372570    2.933710
203    opls_145     1.310890    2.297400    2.994780
204    opls_145     1.142460    1.236030    2.091460
205    opls_145     0.152830    1.195930    1.070210
206    opls_145    44.382140    5.543420    3.968340
207    opls_145     0.717380    4.523500    3.897460
208    opls_145     1.134880    6.700140    5.713520
209    opls_145     0.025840    6.620830    4.865800
210    opls_261     0.843480    8.775640    7.009660
211    opls_145    22.622840   32.193380    1.153340
212    opls_727     1.825970    4.630440    4.760100
213    opls_145     2.017130    5.698040    5.638170
214    opls_166    22.854090   11.066350    3.107870
215    opls_700    22.507880   12.279660    2.529030
216    opls_145    22.964150   42.299960    8.678340
217    opls_145    22.799730   41.237260    7.760740
218    opls_145    21.792280   41.189580    6.756830
219    opls_145    20.973310   42.262090    6.712330
220    opls_145    21.135500   43.319440    7.622790
221    opls_145    22.126910   43.362220    8.640730
222    opls_145    22.437030   39.032550    5.870600
223    opls_145    21.603360   40.105490    5.829290
224    opls_145    21.228180   37.918600    4.003660
225    opls_145    22.257020   37.952020    4.972130
226    opls_261    21.510680   35.802560    2.788100
227    opls_145    44.261840   12.348280    8.725130
228    opls_727    20.576300   40.044000    4.834430
229    opls_145    20.406540   38.971500    3.957630
230    opls_145    43.957060   33.505610    6.788710
231    opls_145    44.286790   32.310120    7.369450
232    opls_701    44.079600    8.813070    9.772390
233    opls_182     0.744110    8.310460   10.453860
234    opls_182     1.542140    8.284170   12.646170
235    opls_182     0.877340    8.598300    1.298680
236    opls_182    43.543570    9.214090    2.124740
237    opls_182    42.925550   10.314660    1.314490
238    opls_182    41.595500   10.916640   12.341450
239    opls_182    42.116830   10.913960   10.823730
240    opls_145     0.678610   42.294610    1.024570
241    opls_145     0.507960   41.227900    1.934380
242    opls_145    44.057760   41.185130    2.933710
243    opls_145    43.246810   42.260300    2.994780
244    opls_145    43.415240   43.321670    2.091460
245    opls_145    44.404870   43.361770    1.070210
246    opls_145     0.175560   39.014280    3.968340
247    opls_145    43.840320   40.034200    3.897460
248    opls_145    43.422820   37.857560    5.713520
249    opls_145    44.531860   37.936870    4.865800
250    opls_261    43.714220   35.782060    7.009660
251    opls_145    21.934860   12.364320    1.153340
252    opls_727    42.731730   39.927260    4.760100
253    opls_145    42.540570   38.859660    5.638170
254    opls_166    21.703610   33.491350    3.107870
255    opls_700    22.049820   32.278040    2.529030
256    opls_145    21.593550    2.257740    8.678340
257    opls_145    21.757970    3.320440    7.760740
258    opls_145    22.765420    3.368120    6.756830
259    opls_145    23.584390    2.295610    6.712330
260    opls_145    23.422200    1.238260    7.622790
261    opls_145    22.430790    1.195480    8.640730
262    opls_145    22.120670    5.525150    5.870600
263    opls_145    22.954340    4.452210    5.829290
264    opls_145    23.329520    6.639100    4.003660
265    opls_145    22.300680    6.605680    4.972130
266    opls_261    23.047020    8.755140    2.788100
267    opls_145     0.295860   32.209420    8.725130
268    opls_727    23.981400    4.513700    4.834430
269    opls_145    24.151160    5.586200    3.957630
270    opls_145     0.600640   11.052090    6.788710
271    opls_145     0.270910   12.247570    7.369450
272    opls_701     0.478100   35.744630    9.772390
273    opls_182    43.813590   36.247240   10.453860
274    opls_182    43.015560   36.273530   12.646170
275    opls_182    43.680360   35.959400    1.298680
276    opls_182     1.014130   35.343610    2.124740
277    opls_182     1.632150   34.243040    1.314490
278    opls_182     2.962200   33.641060   12.341450
279    opls_182     2.440870   33.643740   10.823730
280    opls_145    22.957460   20.015760    7.399420
281    opls_145    22.786810   18.949050    8.309230
282    opls_145    21.778910   18.906280    9.308560
283    opls_145    20.967960   19.981450    9.369630
284    opls_145    21.136390   21.042820    8.466310
285    opls_145    22.126020   21.082920    7.445060
286    opls_145    22.454410   16.735430   10.343190
287    opls_145    21.561470   17.755350   10.272310
288    opls_145    21.143970   15.578710   12.088370
289    opls_145    22.253010   15.658020   11.240650
290    opls_261    21.435370   13.503210    0.634810
291    opls_145    44.213710   34.643170    7.528190
292    opls_727    20.452880   17.648410   11.134950
293    opls_145    20.261720   16.580810   12.013020
294    opls_166    43.982460   11.212500    9.482720
295    opls_700    44.328670    9.999190    8.903880
296    opls_145    43.872400   24.536590    2.303490
297    opls_145    44.036820   25.599290    1.385890
298    opls_145     0.486570   25.646970    0.381980
299    opls_145     1.305540   24.574460    0.337480
300    opls_145     1.143350   23.517110    1.247940
301    opls_145     0.151940   23.474330    2.265880
302    opls_145    44.399520   27.804000   12.245450
303    opls_145     0.675490   26.731060   12.204140
304    opls_145     1.050670   28.917950   10.378510
305    opls_145     0.021830   28.884530   11.346980
306    opls_261     0.768170   31.033990    9.162950
307    opls_145    22.574710    9.930570    2.350280
308    opls_727     1.702550   26.792550   11.209280
309    opls_145     1.872310   27.865050   10.332480
310    opls_145    22.879490   33.330940    0.413860
311    opls_145    22.549760   34.526430    0.994600
312    opls_701    22.756950   13.465780    3.397540
313    opls_182    21.534740   13.968390    4.079010
314    opls_182    20.736710   13.994680    6.271320
315    opls_182    21.401510   13.680550    7.673530
316    opls_182    23.292980   13.064760    8.499590
317    opls_182    23.911000   11.964190    7.689340
318    opls_182    25.241050   11.362210    5.966600
319    opls_182    24.719720   11.364890    4.448880
320    opls_139    44.557700   22.278850    3.262140
321    opls_139    22.278850   44.557700    9.636990
322    opls_139    22.278850   22.278850    6.449560
323    opls_139    44.557700   44.557700    0.074710
324    opls_750     7.754820   20.828940    9.842000
325    opls_750    36.863920    1.341190    6.239960
326    opls_750    30.033670   43.107790    3.467150
327    opls_750    14.585070   23.620040   12.614810
328    opls_750    14.524030    1.449910    3.467150
329    opls_750    29.972630   20.937660   12.614810
330    opls_750    36.802880   23.728760    9.842000
331    opls_750     7.693780   43.216510    6.239960
332    opls_750    23.728760   30.033670    0.279730
333    opls_750    43.216510   14.585070    9.427380
334    opls_750     1.449910    7.754820    6.654580
335    opls_750    20.937660   36.863920    3.052530
336    opls_750    43.107790   36.802880    6.654580
337    opls_750    23.620040    7.693780    3.052530
338    opls_750    20.828940   14.524030    0.279730
339    opls_750     1.341190   29.972630    9.427380
340    opls_719     3.602040   42.045090    7.892060
341    opls_719    40.839810   25.026720    7.945610
342    opls_719    25.880890   19.766240    1.517210
343    opls_719    18.560960    2.747870    1.570760
344    opls_719    18.676810   24.791460    1.517210
345    opls_719    25.996740   41.809830    1.570760
346    opls_719    40.955660    2.512610    7.892060
347    opls_719     3.717890   19.530980    7.945610
348    opls_719     2.512610   25.880890   11.079490
349    opls_719    19.530980   18.560960   11.133040
350    opls_719    24.791460    3.602040    4.704640
351    opls_719    41.809830   40.839810    4.758190
352    opls_719    19.766240   40.955660    4.704640
353    opls_719     2.747870    3.717890    4.758190
354    opls_719    42.045090   18.676810   11.079490
355    opls_719    25.026720   25.996740   11.133040
356    opls_179    11.295380   23.415520    1.276630
357    opls_180     9.842350   24.799920    3.518280
358    opls_180     8.367040   22.711950    4.355300
359    opls_180     9.112940   21.157780    2.009990
360    opls_179    33.574230    1.136670    7.651480
361    opls_180    32.121200    2.521070    9.893130
362    opls_180    30.645890    0.433100   10.730150
363    opls_180    31.391790   43.436630    8.384840
364    opls_179    10.983470   43.421030    7.651480
365    opls_180    12.436500   42.036630    9.893130
366    opls_180    13.911810   44.124600   10.730150
367    opls_180    13.165910    1.121070    8.384840
368    opls_179    33.262320   21.142180    1.276630
369    opls_180    34.715350   19.757780    3.518280
370    opls_180    36.190660   21.845750    4.355300
371    opls_180    35.444760   23.399920    2.009990
372    opls_179    21.142180   33.574230    4.464050
373    opls_180    19.757780   32.121200    6.705700
374    opls_180    21.845750   30.645890    7.542720
375    opls_180    23.399920   31.391790    5.197420
376    opls_179    43.421030   11.295380   10.838900
377    opls_180    42.036630    9.842350    0.330850
378    opls_180    44.124600    8.367040    1.167870
379    opls_180     1.121070    9.112940   11.572270
380    opls_179     1.136670   33.262320   10.838900
381    opls_180     2.521070   34.715350    0.330850
382    opls_180     0.433100   36.190660    1.167870
383    opls_180    43.436630   35.444760   11.572270
384    opls_179    23.415520   10.983470    4.464050
385    opls_180    24.799920   12.436500    6.705700
386    opls_180    22.711950   13.911810    7.542720
387    opls_180    21.157780   13.165910    5.197420
388    opls_146     2.247040   23.782670    3.414110
389    opls_146     4.175950   23.471660    5.054490
390    opls_146     2.271110   20.144980    6.982630
391    opls_146     0.381410   20.463120    5.363540
392    opls_146     5.481490   23.352690    6.467030
393    opls_146     7.423310   22.990880    8.087390
394    opls_146     5.733680   19.349630    9.493550
395    opls_146    42.316450   43.047190   12.663770
396    opls_146    40.394670   43.347070   11.009880
397    opls_146    42.290160    2.132980    9.105330
398    opls_146    44.169160    1.823750   10.733970
399    opls_146    39.057050   43.565850    9.844040
400    opls_146    37.109430   -0.668370    8.222920
401    opls_146    38.976850    2.717570    6.373580
402    opls_146    33.561750   23.364280    8.884500
403    opls_146    31.398470   22.742700    9.923220
404    opls_702     9.043880   23.478790    1.088440
405    opls_702     8.050690   23.175800   -0.526440
406    opls_185     7.306570   21.710290    1.326860
407    opls_185     8.273920   20.747400    0.047810
408    opls_185     8.392890   19.658860    3.223890
409    opls_185     7.256220   20.967070    2.769230
410    opls_185     7.974050   20.992020    5.375910
411    opls_185     9.648970   21.237980    4.758190
412    opls_185     9.608870   22.541290    6.078550
413    opls_185     8.687410   24.059380    5.949900
414    opls_185    10.974560   24.415840    5.292780
415    opls_185    10.874310   23.138810    3.909310
416    opls_185    11.819380   24.908650    3.354450
417    opls_185    10.900150   26.330930    2.740800
418    opls_185     9.910080   24.800370    0.793290
419    opls_185    11.609510   25.295850    0.577050
420    opls_146    24.525890    1.503820    9.788960
421    opls_146    26.454800    1.192810   11.429340
422    opls_146    24.549960   42.423830   13.357480
423    opls_146    22.660260   42.741970   11.738390
424    opls_146    27.760340    1.073840    0.092180
425    opls_146    29.702160   45.269730    1.712540
426    opls_146    28.012530   41.628480    3.118700
427    opls_146    20.037600   20.768340    6.288920
428    opls_146    18.115820   21.068220    4.635030
429    opls_146    20.011310   24.411830    2.730480
430    opls_146    21.890310   24.102600    4.359120
431    opls_146    16.778200   21.287000    3.469190
432    opls_146    14.830580   21.610480    1.848070
433    opls_146    16.698000   24.996420   -0.001270
434    opls_146    11.282900    1.085430    2.509650
435    opls_146     9.119620    0.463850    3.548370
436    opls_702    31.322730    1.199940    7.463290
437    opls_702    30.329540    0.896950    5.848410
438    opls_185    29.585420   43.989140    7.701710
439    opls_185    30.552770   43.026250    6.422660
440    opls_185    30.671740   41.937710    9.598740
441    opls_185    29.535070   43.245920    9.144080
442    opls_185    30.252900   43.270870   11.750760
443    opls_185    31.927820   43.516830   11.133040
444    opls_185    31.887720    0.262440   12.453400
445    opls_185    30.966260    1.780530   12.324750
446    opls_185    33.253410    2.136990   11.667630
447    opls_185    33.153160    0.859960   10.284160
448    opls_185    34.098230    2.629800    9.729300
449    opls_185    33.179000    4.052080    9.115650
450    opls_185    32.188930    2.521520    7.168140
451    opls_185    33.888360    3.017000    6.951900
452    opls_146    20.031810   43.053880    9.788960
453    opls_146    18.102900   43.364890   11.429340
454    opls_146    20.007740    2.133870   13.357480
455    opls_146    21.897440    1.815730   11.738390
456    opls_146    16.797360   43.483860    0.092180
457    opls_146    14.855540   -0.712030    1.712540
458    opls_146    16.545170    2.929220    3.118700
459    opls_146    24.520100   23.789360    6.288920
460    opls_146    26.441880   23.489480    4.635030
461    opls_146    24.546390   20.145870    2.730480
462    opls_146    22.667390   20.455100    4.359120
463    opls_146    27.779500   23.270700    3.469190
464    opls_146    29.727120   22.947220    1.848070
465    opls_146    27.859700   19.561280   -0.001270
466    opls_146    33.274800   43.472270    2.509650
467    opls_146    35.438080   44.093850    3.548370
468    opls_702    13.234970   43.357760    7.463290
469    opls_702    14.228160   43.660750    5.848410
470    opls_185    14.972280    0.568560    7.701710
471    opls_185    14.004930    1.531450    6.422660
472    opls_185    13.885960    2.619990    9.598740
473    opls_185    15.022630    1.311780    9.144080
474    opls_185    14.304800    1.286830   11.750760
475    opls_185    12.629880    1.040870   11.133040
476    opls_185    12.669980   44.295260   12.453400
477    opls_185    13.591440   42.777170   12.324750
478    opls_185    11.304290   42.420710   11.667630
479    opls_185    11.404540   43.697740   10.284160
480    opls_185    10.459470   41.927900    9.729300
481    opls_185    11.378700   40.505620    9.115650
482    opls_185    12.368770   42.036180    7.168140
483    opls_185    10.669340   41.540700    6.951900
484    opls_146    42.310660   20.775030    3.414110
485    opls_146    40.381750   21.086040    5.054490
486    opls_146    42.286590   24.412720    6.982630
487    opls_146    44.176290   24.094580    5.363540
488    opls_146    39.076210   21.205010    6.467030
489    opls_146    37.134390   21.566820    8.087390
490    opls_146    38.824020   25.208070    9.493550
491    opls_146     2.241250    1.510510   12.663770
492    opls_146     4.163030    1.210630   11.009880
493    opls_146     2.267540   42.424720    9.105330
494    opls_146     0.388540   42.733950   10.733970
495    opls_146     5.500650    0.991850    9.844040
496    opls_146     7.448270   45.226070    8.222920
497    opls_146     5.580850   41.840130    6.373580
498    opls_146    10.995950   21.193420    8.884500
499    opls_146    13.159230   21.815000    9.923220
500    opls_702    35.513820   21.078910    1.088440
501    opls_702    36.507010   21.381900   -0.526440
502    opls_185    37.251130   22.847410    1.326860
503    opls_185    36.283780   23.810300    0.047810
504    opls_185    36.164810   24.898840    3.223890
505    opls_185    37.301480   23.590630    2.769230
506    opls_185    36.583650   23.565680    5.375910
507    opls_185    34.908730   23.319720    4.758190
508    opls_185    34.948830   22.016410    6.078550
509    opls_185    35.870290   20.498320    5.949900
510    opls_185    33.583140   20.141860    5.292780
511    opls_185    33.683390   21.418890    3.909310
512    opls_185    32.738320   19.649050    3.354450
513    opls_185    33.657550   18.226770    2.740800
514    opls_185    34.647620   19.757330    0.793290
515    opls_185    32.948190   19.261850    0.577050
516    opls_146    20.775030   24.525890    6.601540
517    opls_146    21.086040   26.454800    8.241920
518    opls_146    24.412720   24.549960   10.170050
519    opls_146    24.094580   22.660260    8.550970
520    opls_146    21.205010   27.760340    9.654460
521    opls_146    21.566820   29.702160   11.274810
522    opls_146    25.208070   28.012530   12.680980
523    opls_146     1.510510   20.037600    3.101490
524    opls_146     1.210630   18.115820    1.447600
525    opls_146    42.424720   20.011310   -0.456950
526    opls_146    42.733950   21.890310    1.171700
527    opls_146     0.991850   16.778200   13.031470
528    opls_146    45.226070   14.830580   11.410340
529    opls_146    41.840130   16.698000    9.561000
530    opls_146    21.193420   11.282900   -0.677770
531    opls_146    21.815000    9.119620    0.360940
532    opls_702    21.078910   31.322730    4.275870
533    opls_702    21.381900   30.329540    2.660990
534    opls_185    22.847410   29.585420    4.514290
535    opls_185    23.810300   30.552770    3.235240
536    opls_185    24.898840   30.671740    6.411310
537    opls_185    23.590630   29.535070    5.956660
538    opls_185    23.565680   30.252900    8.563340
539    opls_185    23.319720   31.927820    7.945610
540    opls_185    22.016410   31.887720    9.265970
541    opls_185    20.498320   30.966260    9.137330
542    opls_185    20.141860   33.253410    8.480210
543    opls_185    21.418890   33.153160    7.096740
544    opls_185    19.649050   34.098230    6.541870
545    opls_185    18.226770   33.179000    5.928230
546    opls_185    19.757330   32.188930    3.980710
547    opls_185    19.261850   33.888360    3.764480
548    opls_146    43.053880    2.247040    0.226690
549    opls_146    43.364890    4.175950    1.867070
550    opls_146     2.133870    2.271110    3.795200
551    opls_146     1.815730    0.381410    2.176120
552    opls_146    43.483860    5.481490    3.279610
553    opls_146    -0.712030    7.423310    4.899960
554    opls_146     2.929220    5.733680    6.306130
555    opls_146    23.789360   42.316450    9.476340
556    opls_146    23.489480   40.394670    7.822450
557    opls_146    20.145870   42.290160    5.917900
558    opls_146    20.455100   44.169160    7.546550
559    opls_146    23.270700   39.057050    6.656620
560    opls_146    22.947220   37.109430    5.035490
561    opls_146    19.561280   38.976850    3.186150
562    opls_146    43.472270   33.561750    5.697080
563    opls_146    44.093850   31.398470    6.735790
564    opls_702    43.357760    9.043880   10.650720
565    opls_702    43.660750    8.050690    9.035840
566    opls_185     0.568560    7.306570   10.889140
567    opls_185     1.531450    8.273920    9.610090
568    opls_185     2.619990    8.392890   12.786160
569    opls_185     1.311780    7.256220   12.331510
570    opls_185     1.286830    7.974050    2.188490
571    opls_185     1.040870    9.648970    1.570760
572    opls_185    44.295260    9.608870    2.891120
573    opls_185    42.777170    8.687410    2.762480
574    opls_185    42.420710   10.974560    2.105360
575    opls_185    43.697740   10.874310    0.721890
576    opls_185    41.927900   11.819380   12.916720
577    opls_185    40.505620   10.900150   12.303080
578    opls_185    42.036180    9.910080   10.355560
579    opls_185    41.540700   11.609510   10.139330
580    opls_146     1.503820   42.310660    0.226690
581    opls_146     1.192810   40.381750    1.867070
582    opls_146    42.423830   42.286590    3.795200
583    opls_146    42.741970   44.176290    2.176120
584    opls_146     1.073840   39.076210    3.279610
585    opls_146    45.269730   37.134390    4.899960
586    opls_146    41.628480   38.824020    6.306130
587    opls_146    20.768340    2.241250    9.476340
588    opls_146    21.068220    4.163030    7.822450
589    opls_146    24.411830    2.267540    5.917900
590    opls_146    24.102600    0.388540    7.546550
591    opls_146    21.287000    5.500650    6.656620
592    opls_146    21.610480    7.448270    5.035490
593    opls_146    24.996420    5.580850    3.186150
594    opls_146     1.085430   10.995950    5.697080
595    opls_146     0.463850   13.159230    6.735790
596    opls_702     1.199940   35.513820   10.650720
597    opls_702     0.896950   36.507010    9.035840
598    opls_185    43.989140   37.251130   10.889140
599    opls_185    43.026250   36.283780    9.610090
600    opls_185    41.937710   36.164810   12.786160
601    opls_185    43.245920   37.301480   12.331510
602    opls_185    43.270870   36.583650    2.188490
603    opls_185    43.516830   34.908730    1.570760
604    opls_185     0.262440   34.948830    2.891120
605    opls_185     1.780530   35.870290    2.762480
606    opls_185     2.136990   33.583140    2.105360
607    opls_185     0.859960   33.683390    0.721890
608    opls_185     2.629800   32.738320   12.916720
609    opls_185     4.052080   33.657550   12.303080
610    opls_185     2.521520   34.647620   10.355560
611    opls_185     3.017000   32.948190   10.139330
612    opls_146    23.782670   20.031810    6.601540
613    opls_146    23.471660   18.102900    8.241920
614    opls_146    20.144980   20.007740   10.170050
615    opls_146    20.463120   21.897440    8.550970
616    opls_146    23.352690   16.797360    9.654460
617    opls_146    22.990880   14.855540   11.274810
618    opls_146    19.349630   16.545170   12.680980
619    opls_146    43.047190   24.520100    3.101490
620    opls_146    43.347070   26.441880    1.447600
621    opls_146     2.132980   24.546390   -0.456950
622    opls_146     1.823750   22.667390    1.171700
623    opls_146    43.565850   27.779500   13.031470
624    opls_146    -0.668370   29.727120   11.410340
625    opls_146     2.717570   27.859700    9.561000
626    opls_146    23.364280   33.274800   -0.677770
627    opls_146    22.742700   35.438080    0.360940
628    opls_702    23.478790   13.234970    4.275870
629    opls_702    23.175800   14.228160    2.660990
630    opls_185    21.710290   14.972280    4.514290
631    opls_185    20.747400   14.004930    3.235240
632    opls_185    19.658860   13.885960    6.411310
633    opls_185    20.967070   15.022630    5.956660
634    opls_185    20.992020   14.304800    8.563340
635    opls_185    21.237980   12.629880    7.945610
636    opls_185    22.541290   12.669980    9.265970
637    opls_185    24.059380   13.591440    9.137330
638    opls_185    24.415840   11.304290    8.480210
639    opls_185    23.138810   11.404540    7.096740
640    opls_185    24.908650   10.459470    6.541870
641    opls_185    26.330930   11.378700    5.928230
642    opls_185    24.800370   12.368770    3.980710
643    opls_185    25.295850   10.669340    3.764480
