0      opls_700     6.341980    1.796270    0.000070
1      opls_231     7.691990    2.263650    0.000200
2      opls_700     7.998900    3.659590    6.522080
3      opls_231     6.920160    4.591300    6.521170
4      opls_700     5.557080    4.165540    6.520970
5      opls_231     5.290960    2.765510    6.521750
6      opls_142     9.414360    4.029240    6.522270
7      opls_142     5.953600    0.386410    0.000590
8      opls_142     4.528320    5.208410    6.519660
9      opls_141    11.519810    6.867020    0.000330
10     opls_700    12.985150    7.203560    0.000460
11     opls_145    13.306710    8.574990    0.001170
12     opls_145    14.026530    6.260450    6.522530
13     opls_700    14.644470    9.003550    0.001370
14     opls_700    15.374710    6.665970    0.000130
15     opls_145    15.668870    8.038200    0.000980
16     opls_141    16.407370    5.575130    6.522530
17     opls_141    15.085790   10.438540    0.002020
18     opls_700     6.365880    4.751240    3.259730
19     opls_231     7.713430    5.219420    3.260060
20     opls_700     8.024180    6.612000    3.259600
21     opls_231     6.944450    7.543840    3.258430
22     opls_700     5.579200    7.115950    3.258170
23     opls_231     5.314080    5.715530    3.258890
24     opls_142     9.440800    6.983910    3.260320
25     opls_142     5.972350    3.342310    3.260320
26     opls_142    19.943940    8.153240    3.257260
27     opls_141    11.539340    9.827440    3.262280
28     opls_700    13.008900   10.159600    3.262600
29     opls_145    13.334230   11.530900    3.262870
30     opls_145    14.051510    9.217380    3.262410
31     opls_700    14.670920   11.962650    3.263060
32     opls_700    15.400010    9.626530    3.262470
33     opls_145    15.697250   10.999560    3.263000
34     opls_141    16.431750    8.536580    3.262150
35     opls_141     7.381430    0.104400    3.263060
36     opls_144    10.215330    3.218000    6.522270
37     opls_144     4.850460    0.099060    0.000070
38     opls_144     4.830800    6.307520    6.517320
39     opls_146    12.475570    9.355250    0.001630
40     opls_146    13.786290    5.146040    6.521950
41     opls_146    16.760780    8.365830    0.001370
42     opls_144    10.242850    6.173740    3.260190
43     opls_144     4.868130    3.058950    3.259800
44     opls_144    20.279340    9.242780    3.254520
45     opls_146    12.505170   12.313420    3.262930
46     opls_146    13.812500    8.102710    3.262210
47     opls_146    16.788470   11.329450    3.263390
48     opls_750     9.799820    5.269840    6.522470
49     opls_750    14.561660   12.726800    0.001630
50     opls_750    11.132850    5.539500    6.522530
51     opls_750    14.129980   11.437670    0.001630
52     opls_750     3.263290    4.918000    6.521100
53     opls_750    17.748960    5.924710    6.519930
54     opls_750     9.823800    8.223980    3.261100
55     opls_750     6.852130    2.386670    3.261430
56     opls_750    11.152300    8.500680    3.261760
57     opls_750     6.418450    1.099400    3.261820
58     opls_750    18.676300    7.863100    3.259470
59     opls_750    17.770090    8.878180    3.258820
60     opls_272    10.671080    7.765350    0.000520
61     opls_272    16.073980    4.387160    0.002220
62     opls_272    16.291230   10.724160    0.003000
63     opls_272     7.105650    5.938400    6.520580
64     opls_272     8.759340    1.436590    0.001110
65     opls_272     4.032750    2.251060    6.521620
66     opls_272    10.699010   10.732020    3.262410
67     opls_272    16.096810    7.343190    3.264690
68     opls_272     8.579580    0.401320    3.264100
69     opls_272     7.127850    8.886030    3.257780
70     opls_272     8.784760    4.382520    3.260970
71     opls_272     4.057330    5.198550    3.258760
