0      opls_146   -10.179510   20.243440    0.000000
1      opls_146     8.025920   16.513310    0.000000
2      opls_146     2.153590   34.144740    0.000000
3      opls_146    30.647010   15.207310    0.000000
4      opls_146    12.441580   18.937440    0.000000
5      opls_146    18.313910    1.306010    0.000000
6      opls_146    22.621090    1.306010    0.000000
7      opls_146    10.287990   15.207310    0.000000
8      opls_146    28.493420   18.937440    0.000000
9      opls_146    -2.153590   34.144740    0.000000
10     opls_146    10.179510   20.243440    0.000000
11     opls_146    -8.025920   16.513310    0.000000
12     opls_146    -7.925630   22.810080    0.000000
13     opls_146     4.676210   17.181910    0.000000
14     opls_146     3.249420   30.909510    0.000000
15     opls_146    28.393130   12.640670    0.000000
16     opls_146    15.791290   18.268830    0.000000
17     opls_146    17.218080    4.541240    0.000000
18     opls_146    23.716920    4.541240    0.000000
19     opls_146    12.541870   12.640670    0.000000
20     opls_146    25.143710   18.268830    0.000000
21     opls_146    -3.249420   30.909510    0.000000
22     opls_146     7.925630   22.810080    0.000000
23     opls_146    -4.676210   17.181910    0.000000
24     opls_146    -6.785390   25.123950    0.000000
25     opls_146     2.102220   17.012460    0.000000
26     opls_146     4.683170   28.765090    0.000000
27     opls_146    27.252890   10.326800    0.000000
28     opls_146    18.365280   18.438290    0.000000
29     opls_146    15.784330    6.685660    0.000000
30     opls_146    25.150670    6.685660    0.000000
31     opls_146    13.682110   10.326800    0.000000
32     opls_146    22.569720   18.438290    0.000000
33     opls_146    -4.683170   28.765090    0.000000
34     opls_146     6.785390   25.123950    0.000000
35     opls_146    -2.102220   17.012460    0.000000
36     opls_146     2.929920   23.240450    0.000000
37     opls_146    -1.124280   26.367910    0.000000
38     opls_146    -1.805640   21.293140    0.000000
39     opls_146    17.537580   12.210300    0.000000
40     opls_146    21.591780    9.082840    0.000000
41     opls_146    22.273140   14.157610    0.000000
42     opls_146    18.661860   14.157610    0.000000
43     opls_146    23.397420   12.210300    0.000000
44     opls_146    19.343220    9.082840    0.000000
45     opls_146     1.805640   21.293140    0.000000
46     opls_146    -2.929920   23.240450    0.000000
47     opls_146     1.124280   26.367910    0.000000
48     opls_145   -10.281640   19.160420    0.000000
49     opls_145     9.014910   16.966370    0.000000
50     opls_145     1.266730   34.774700    0.000000
51     opls_145    30.749140   16.290330    0.000000
52     opls_145    11.452590   18.484380    0.000000
53     opls_145    19.200770    0.676050    0.000000
54     opls_145    21.734230    0.676050    0.000000
55     opls_145    10.185860   16.290330    0.000000
56     opls_145    29.482410   18.484380    0.000000
57     opls_145    -1.266730   34.774700    0.000000
58     opls_145    10.281640   19.160420    0.000000
59     opls_145    -9.014910   16.966370    0.000000
60     opls_166    -6.572930   20.618160    0.000000
61     opls_166     5.898120   19.449340    0.000000
62     opls_166     0.674810   30.834000    0.000000
63     opls_166    27.040430   14.832590    0.000000
64     opls_166    14.569380   16.001400    0.000000
65     opls_166    19.792690    4.616750    0.000000
66     opls_166    21.142310    4.616750    0.000000
67     opls_166    13.894570   14.832590    0.000000
68     opls_166    26.365620   16.001400    0.000000
69     opls_166    -0.674810   30.834000    0.000000
70     opls_166     6.572930   20.618160    0.000000
71     opls_166    -5.898120   19.449340    0.000000
72     opls_147    -5.998210   21.849010    0.000000
73     opls_147     4.544810   19.331650    0.000000
74     opls_147     1.453400   29.720850    0.000000
75     opls_147    26.465710   13.601740    0.000000
76     opls_147    15.922690   16.119100    0.000000
77     opls_147    19.014100    5.729900    0.000000
78     opls_147    21.920900    5.729900    0.000000
79     opls_147    14.469290   13.601740    0.000000
80     opls_147    25.012310   16.119100    0.000000
81     opls_147    -1.453400   29.720850    0.000000
82     opls_147     5.998210   21.849010    0.000000
83     opls_147    -4.544810   19.331650    0.000000
84     opls_145    -6.849860   22.964640    0.000000
85     opls_145     4.004470   18.036280    0.000000
86     opls_145     2.845390   29.900580    0.000000
87     opls_145    27.317360   12.486110    0.000000
88     opls_145    16.463030   17.414470    0.000000
89     opls_145    17.622110    5.550170    0.000000
90     opls_145    23.312890    5.550170    0.000000
91     opls_145    13.617640   12.486110    0.000000
92     opls_145    24.471970   17.414470    0.000000
93     opls_145    -2.845390   29.900580    0.000000
94     opls_145     6.849860   22.964640    0.000000
95     opls_145    -4.004470   18.036280    0.000000
96     opls_145    -6.252620   24.176350    0.000000
97     opls_145     2.656480   17.947650    0.000000
98     opls_145     3.596140   28.777500    0.000000
99     opls_145    26.720120   11.274400    0.000000
100    opls_145    17.811020   17.503100    0.000000
101    opls_145    16.871360    6.673250    0.000000
102    opls_145    24.063640    6.673250    0.000000
103    opls_145    14.214880   11.274400    0.000000
104    opls_145    23.123980   17.503100    0.000000
105    opls_145    -3.596140   28.777500    0.000000
106    opls_145     6.252620   24.176350    0.000000
107    opls_145    -2.656480   17.947650    0.000000
108    opls_145    -4.847520   24.183080    0.000000
109    opls_145     1.948100   19.161130    0.000000
110    opls_145     2.899430   27.557290    0.000000
111    opls_145    25.315020   11.267670    0.000000
112    opls_145    18.519400   16.289620    0.000000
113    opls_145    17.568070    7.893460    0.000000
114    opls_145    23.366930    7.893460    0.000000
115    opls_145    15.619980   11.267670    0.000000
116    opls_145    22.415600   16.289620    0.000000
117    opls_145    -2.899430   27.557290    0.000000
118    opls_145     4.847520   24.183080    0.000000
119    opls_145    -1.948100   19.161130    0.000000
120    opls_261    -4.249670   25.397270    0.000000
121    opls_261     0.597650   19.071790    0.000000
122    opls_261     3.652020   26.432430    0.000000
123    opls_261    24.717170   10.053480    0.000000
124    opls_261    19.869850   16.378960    0.000000
125    opls_261    16.815480    9.018320    0.000000
126    opls_261    24.119520    9.018320    0.000000
127    opls_261    16.217830   10.053480    0.000000
128    opls_261    21.065150   16.378960    0.000000
129    opls_261    -3.652020   26.432430    0.000000
130    opls_261     4.249670   25.397270    0.000000
131    opls_261    -0.597650   19.071790    0.000000
132    opls_700     4.583490   21.823480    0.000000
133    opls_700    -0.723940   28.508430    0.000000
134    opls_700    -3.859560   20.569590    0.000000
135    opls_700    15.884010   13.627270    0.000000
136    opls_700    21.191440    6.942320    0.000000
137    opls_700    24.327060   14.881160    0.000000
138    opls_700    16.607940   14.881160    0.000000
139    opls_700    25.050990   13.627270    0.000000
140    opls_700    19.743560    6.942320    0.000000
141    opls_700     3.859560   20.569590    0.000000
142    opls_700    -4.583490   21.823480    0.000000
143    opls_700     0.723940   28.508430    0.000000
144    opls_145     2.486800   20.445160    0.000000
145    opls_145     1.518070   27.381800    0.000000
146    opls_145    -4.004880   23.074540    0.000000
147    opls_145    17.980700   15.005590    0.000000
148    opls_145    18.949430    8.068950    0.000000
149    opls_145    24.472380   12.376210    0.000000
150    opls_145    16.462620   12.376210    0.000000
151    opls_145    22.954300   15.005590    0.000000
152    opls_145    21.985570    8.068950    0.000000
153    opls_145     4.004880   23.074540    0.000000
154    opls_145    -2.486800   20.445160    0.000000
155    opls_145    -1.518070   27.381800    0.000000
156    opls_145    -9.160020   18.345050    0.000000
157    opls_145     9.160020   18.345050    0.000000
158    opls_145    -0.000200   34.211040    0.000000
159    opls_145    29.627730   17.105340    0.000000
160    opls_145    11.307070   17.105700    0.000000
161    opls_145    20.467300    1.239710    0.000000
162    opls_167    -7.907820   20.426010    0.000000
163    opls_167     6.731970   18.389370    0.000000
164    opls_167     1.175860   32.086120    0.000000
165    opls_167    28.375320   15.024740    0.000000
166    opls_167    13.735530   17.061380    0.000000
167    opls_167    19.291640    3.364630    0.000000
168    opls_167    21.643360    3.364630    0.000000
169    opls_167    12.559680   15.024740    0.000000
170    opls_167    27.199470   17.061380    0.000000
171    opls_167    -1.175860   32.086120    0.000000
172    opls_167     7.907820   20.426010    0.000000
173    opls_167    -6.731970   18.389370    0.000000
174    MOF2_B_2    -7.930130   19.055130    0.000000
175    MOF2_B_2     7.930540   19.055130    0.000000
176    MOF2_B_2     0.000200   32.790880    0.000000
177    MOF2_B_2    28.397630   16.395620    0.000000
178    MOF2_B_2    12.536960   16.395620    0.000000
179    MOF2_B_2    20.467300    2.659870    0.000000
