0      opls_145    16.855480   27.739190    3.070530
1      opls_145    16.855530   29.130400    3.069450
2      opls_916    17.111180   24.893490    2.289520
3      opls_145    13.571320   25.404770    3.167330
4      opls_145    12.366930   24.716890    3.222360
5      opls_145    12.185750   23.489630    2.553710
6      opls_145    13.278640   22.982360    1.813990
7      opls_145    14.480220   23.669940    1.749290
8      opls_916    14.651410    1.092030    2.475650
9      opls_145    18.164520    0.541230    1.484200
10     opls_145    19.386810    1.188050    1.389250
11     opls_145    19.626710    2.408210    2.051850
12     opls_145    18.564410    2.970440    2.793880
13     opls_145    17.337550    2.325160    2.891290
14     opls_142    21.365050    3.888330    2.634180
15     opls_700    22.700050    4.438210    2.462060
16     opls_716    23.747520    3.826280    1.691380
17     opls_716    25.045690    4.468470    1.592980
18     opls_700    25.313990    5.721660    2.232650
19     opls_145    24.277130    6.269680    2.985680
20     opls_145    23.026770    5.638300    3.103190
21     opls_142    21.125190   21.780720    2.630870
22     opls_145     0.877530   12.301940    3.070530
23     opls_145     0.877580   13.693150    3.069450
24     opls_916     1.133230    9.456240    2.289520
25     opls_145    29.549270    9.967520    3.167330
26     opls_145    28.344880    9.279640    3.222360
27     opls_145    28.163700    8.052380    2.553710
28     opls_145    29.256590    7.545110    1.813990
29     opls_145    30.458170    8.232690    1.749290
30     opls_916    30.629360   16.529280    2.475650
31     opls_145     2.186570   15.978480    1.484200
32     opls_145     3.408860   16.625300    1.389250
33     opls_145     3.648760   17.845460    2.051850
34     opls_145     2.586460   18.407690    2.793880
35     opls_145     1.359600   17.762410    2.891290
36     opls_142     5.387100   19.325580    2.634180
37     opls_700     6.722100   19.875460    2.462060
38     opls_716     7.769570   19.263530    1.691380
39     opls_716     9.067740   19.905720    1.592980
40     opls_700     9.336040   21.158910    2.232650
41     opls_145     8.299180   21.706930    2.985680
42     opls_145     7.048820   21.075550    3.103190
43     opls_142     5.147240    6.343470    2.630870
44     opls_145    14.910870   27.739190    1.648860
45     opls_145    14.910820   29.130400    1.649950
46     opls_916    14.655170   24.893490    2.429870
47     opls_145    18.195030   25.404770    1.552070
48     opls_145    19.399420   24.716890    1.497040
49     opls_145    19.580600   23.489630    2.165680
50     opls_145    18.487710   22.982360    2.905400
51     opls_145    17.286130   23.669940    2.970100
52     opls_916    17.114940    1.092030    2.243740
53     opls_145    13.601830    0.541230    3.235190
54     opls_145    12.379540    1.188050    3.330150
55     opls_145    12.139640    2.408210    2.667540
56     opls_145    13.201940    2.970440    1.925510
57     opls_145    14.428800    2.325160    1.828100
58     opls_142    10.401300    3.888330    2.085220
59     opls_700     9.066300    4.438210    2.257330
60     opls_716     8.018830    3.826280    3.028010
61     opls_716     6.720660    4.468470    3.126410
62     opls_700     6.452360    5.721660    2.486740
63     opls_145     7.489220    6.269680    1.733720
64     opls_145     8.739580    5.638300    1.616200
65     opls_142    10.641160   21.780720    2.088520
66     opls_145    30.888820   12.301940    1.648860
67     opls_145    30.888770   13.693150    1.649950
68     opls_916    30.633120    9.456240    2.429870
69     opls_145     2.217080    9.967520    1.552070
70     opls_145     3.421470    9.279640    1.497040
71     opls_145     3.602650    8.052380    2.165680
72     opls_145     2.509760    7.545110    2.905400
73     opls_145     1.308180    8.232690    2.970100
74     opls_916     1.136990   16.529280    2.243740
75     opls_145    29.579780   15.978480    3.235190
76     opls_145    28.357490   16.625300    3.330150
77     opls_145    28.117590   17.845460    2.667540
78     opls_145    29.179890   18.407690    1.925510
79     opls_145    30.406750   17.762410    1.828100
80     opls_142    26.379250   19.325580    2.085220
81     opls_700    25.044250   19.875460    2.257330
82     opls_716    23.996780   19.263530    3.028010
83     opls_716    22.698610   19.905720    3.126410
84     opls_700    22.430310   21.158910    2.486740
85     opls_145    23.467170   21.706930    1.733720
86     opls_145    24.717530   21.075550    1.616200
87     opls_142    26.619110    6.343470    2.088520
88     opls_916    15.883170   27.017970    2.359700
89     opls_916    15.883170   29.852250    2.359700
90     opls_916    -0.094780   11.580720    2.359700
91     opls_916    -0.094780   14.415000    2.359700
92     opls_750    20.904800    2.942030    1.888420
93     opls_750    20.835480   22.889740    2.031040
94     opls_750     5.824390    3.758660    3.848190
95     opls_750     8.066270    2.641000    3.676830
96     opls_750     4.926850   18.379280    1.888420
97     opls_750     4.857530    7.452490    2.031040
98     opls_750    21.802340   19.195910    3.848190
99     opls_750    24.044220   18.078250    3.676830
100    opls_750    10.861550    2.942030    2.830980
101    opls_750    10.930870   22.889740    2.688360
102    opls_750    25.941960    3.758660    0.871200
103    opls_750    23.700080    2.641000    1.042560
104    opls_750    26.839500   18.379280    2.830980
105    opls_750    26.908820    7.452490    2.688360
106    opls_750     9.964010   19.195910    0.871200
107    opls_750     7.722130   18.078250    1.042560
108    opls_239    15.883170   25.593420    2.359700
109    opls_239    15.883170    0.404460    2.359700
110    opls_239    -0.094780   10.156170    2.359700
111    opls_239    -0.094780   15.841710    2.359700
112    opls_202     6.604210    2.422100    4.323250
113    opls_202    22.582160   17.859350    4.323250
114    opls_202    25.162140    2.422100    0.396150
115    opls_202     9.184190   17.859350    0.396150
116    opls_146    17.618360   27.202600    3.633180
117    opls_146    17.620810   29.667920    3.627940
118    opls_146    13.681980   26.349220    3.698170
119    opls_146    11.530920   25.106830    3.804300
120    opls_146    13.186530   22.048410    1.258950
121    opls_146    15.300120   23.266410    1.154880
122    opls_146    18.010090   -0.405380    0.969130
123    opls_146    20.198110    0.767540    0.793990
124    opls_146    18.698060    3.917970    3.317260
125    opls_146    16.541510    2.769750    3.488290
126    opls_144    20.787590    4.342810    3.462010
127    opls_146     8.484120   22.652310    3.497210
128    opls_146    22.259040    6.112840    3.719640
129    opls_144    20.423160   21.237640    3.282430
130    opls_146     1.640410   11.765350    3.633180
131    opls_146     1.642860   14.230670    3.627940
132    opls_146    29.659930   10.911970    3.698170
133    opls_146    27.508870    9.669580    3.804300
134    opls_146    29.164480    6.611160    1.258950
135    opls_146    31.278070    7.829160    1.154880
136    opls_146     2.032140   15.031870    0.969130
137    opls_146     4.220160   16.204790    0.793990
138    opls_146     2.720110   19.355220    3.317260
139    opls_146     0.563560   18.207000    3.488290
140    opls_144     4.809640   19.780060    3.462010
141    opls_146    24.462070    7.215060    3.497210
142    opls_146     6.281090   21.550090    3.719640
143    opls_144     4.445210    5.800390    3.282430
144    opls_146    14.147990   27.202600    1.086220
145    opls_146    14.145540   29.667920    1.091450
146    opls_146    18.084370   26.349220    1.021230
147    opls_146    20.235430   25.106830    0.915090
148    opls_146    18.579820   22.048410    3.460450
149    opls_146    16.466230   23.266410    3.564510
150    opls_146    13.756260   -0.405380    3.750270
151    opls_146    11.568240    0.767540    3.925400
152    opls_146    13.068290    3.917970    1.402130
153    opls_146    15.224830    2.769750    1.231100
154    opls_144    10.978760    4.342810    1.257390
155    opls_146    23.282230   22.652310    1.222180
156    opls_146     9.507310    6.112840    0.999760
157    opls_144    11.343190   21.237640    1.436960
158    opls_146    30.125940   11.765350    1.086220
159    opls_146    30.123490   14.230670    1.091450
160    opls_146     2.106420   10.911970    1.021230
161    opls_146     4.257480    9.669580    0.915090
162    opls_146     2.601870    6.611160    3.460450
163    opls_146     0.488280    7.829160    3.564510
164    opls_146    29.734210   15.031870    3.750270
165    opls_146    27.546190   16.204790    3.925400
166    opls_146    29.046240   19.355220    1.402130
167    opls_146    31.202780   18.207000    1.231100
168    opls_144    26.956710   19.780060    1.257390
169    opls_146     7.304280    7.215060    1.222180
170    opls_146    25.485260   21.550090    0.999760
171    opls_144    27.321140    5.800390    1.436960
