0      opls_528    10.879230   18.206110    7.500790
1      opls_528    11.787030   17.202760    7.048820
2      opls_142    11.572030   16.457410    5.657730
3      opls_142    12.439210   15.602170    4.981130
4      opls_700    12.260040   14.842480    3.588690
5      opls_145    13.382840   14.223750    2.964860
6      opls_145    13.296840   13.425840    1.757810
7      opls_700    12.073700   13.175000    1.063620
8      opls_145    10.943730   13.810460    1.680670
9      opls_145    11.032120   14.627480    2.890440
10     opls_528     5.167280    1.072630   12.004240
11     opls_528     5.198330    0.086000   13.051610
12     opls_142     4.295310    0.274730    0.717200
13     opls_142     3.922640   23.201390    1.935080
14     opls_700     3.045900   23.540610    3.257150
15     opls_145     2.842840   22.527700    4.253110
16     opls_145     1.978040   22.671040    5.408740
17     opls_700     1.244640   23.853570    5.702380
18     opls_145     1.459640    1.029630    4.749730
19     opls_145     2.310100    0.914960    3.573800
20     opls_528     6.904040   22.883660   11.724120
21     opls_528     6.920760   23.851180   10.657800
22     opls_142     8.067450   23.870290    9.518410
23     opls_142     7.780780   23.858340    7.909450
24     opls_700     8.946580   23.865510    6.793060
25     opls_145     9.297750    1.141910    6.043390
26     opls_145    10.157770    1.139520    4.863400
27     opls_700    10.707230   23.851180    4.262580
28     opls_145    10.341720   22.599370    5.025780
29     opls_145     9.505590   22.604150    6.204420
30     opls_528    12.948050   17.532430    9.181460
31     opls_528    12.045040   18.540560    9.641550
32     opls_142    12.176430   19.068520   11.151720
33     opls_142    11.870640   20.346600   11.799900
34     opls_700    12.021150   20.628500   13.291130
35     opls_145    10.771730   21.120620    0.510160
36     opls_145    10.802790   22.018860    1.649550
37     opls_700    11.985310   22.647150    2.146180
38     opls_145    13.155890   22.381980    1.359970
39     opls_145    13.191730   21.512400    0.197570
40     opls_905     9.992940   19.830590    9.146280
41     opls_905     6.196910   21.968690    0.320710
42     opls_528    13.010170    5.683290    7.500790
43     opls_528    12.102370    6.686640    7.048820
44     opls_142    12.317370    7.431990    5.657730
45     opls_142    11.450190    8.287230    4.981130
46     opls_700    11.629360    9.046920    3.588690
47     opls_145    10.506560    9.665650    2.964860
48     opls_145    10.592560   10.463560    1.757810
49     opls_700    11.815700   10.714400    1.063620
50     opls_145    12.945670   10.078940    1.680670
51     opls_145    12.857280    9.261920    2.890440
52     opls_528    18.722120   22.816770   12.004240
53     opls_528    18.691070   23.803400   13.051610
54     opls_142    19.594090   23.614670    0.717200
55     opls_142    19.966760    0.688010    1.935080
56     opls_700    20.843500    0.348790    3.257150
57     opls_145    21.046560    1.361700    4.253110
58     opls_145    21.911360    1.218360    5.408740
59     opls_700    22.644760    0.035830    5.702380
60     opls_145    22.429760   22.859770    4.749730
61     opls_145    21.579300   22.974440    3.573800
62     opls_528    16.985360    1.005740   11.724120
63     opls_528    16.968640    0.038220   10.657800
64     opls_142    15.821950    0.019110    9.518410
65     opls_142    16.108620    0.031060    7.909450
66     opls_700    14.942820    0.023890    6.793060
67     opls_145    14.591650   22.747490    6.043390
68     opls_145    13.731630   22.749880    4.863400
69     opls_700    13.182170    0.038220    4.262580
70     opls_145    13.547680    1.290030    5.025780
71     opls_145    14.383810    1.285250    6.204420
72     opls_528    10.941350    6.356970    9.181460
73     opls_528    11.844360    5.348840    9.641550
74     opls_142    11.712970    4.820880   11.151720
75     opls_142    12.018760    3.542800   11.799900
76     opls_700    11.868250    3.260900   13.291130
77     opls_145    13.117670    2.768780    0.510160
78     opls_145    13.086610    1.870540    1.649550
79     opls_700    11.904090    1.242250    2.146180
80     opls_145    10.733510    1.507420    1.359970
81     opls_145    10.697670    2.377000    0.197570
82     opls_905    13.896460    4.058810    9.146280
83     opls_905    17.692490    1.920710    0.320710
84     opls_528    18.206110   13.010170    6.031210
85     opls_528    17.202760   12.102370    6.483180
86     opls_142    16.457410   12.317370    7.874270
87     opls_142    15.602170   11.450190    8.550870
88     opls_700    14.842480   11.629360    9.943310
89     opls_145    14.223750   10.506560   10.567140
90     opls_145    13.425840   10.592560   11.774190
91     opls_700    13.175000   11.815700   12.468380
92     opls_145    13.810460   12.945670   11.851330
93     opls_145    14.627480   12.857280   10.641560
94     opls_528     1.072630   18.722120    1.527760
95     opls_528     0.086000   18.691070    0.480390
96     opls_142     0.274730   19.594090   12.814800
97     opls_142    23.201390   19.966760   11.596920
98     opls_700    23.540610   20.843500   10.274850
99     opls_145    22.527700   21.046560    9.278890
100    opls_145    22.671040   21.911360    8.123260
101    opls_700    23.853570   22.644760    7.829620
102    opls_145     1.029630   22.429760    8.782270
103    opls_145     0.914960   21.579300    9.958200
104    opls_528    22.883660   16.985360    1.807880
105    opls_528    23.851180   16.968640    2.874200
106    opls_142    23.870290   15.821950    4.013590
107    opls_142    23.858340   16.108620    5.622550
108    opls_700    23.865510   14.942820    6.738940
109    opls_145     1.141910   14.591650    7.488610
110    opls_145     1.139520   13.731630    8.668600
111    opls_700    23.851180   13.182170    9.269420
112    opls_145    22.599370   13.547680    8.506220
113    opls_145    22.604150   14.383810    7.327580
114    opls_528    17.532430   10.941350    4.350540
115    opls_528    18.540560   11.844360    3.890450
116    opls_142    19.068520   11.712970    2.380280
117    opls_142    20.346600   12.018760    1.732100
118    opls_700    20.628500   11.868250    0.240870
119    opls_145    21.120620   13.117670   13.021840
120    opls_145    22.018860   13.086610   11.882450
121    opls_700    22.647150   11.904090   11.385820
122    opls_145    22.381980   10.733510   12.172030
123    opls_145    21.512400   10.697670   13.334430
124    opls_905    19.830590   13.896460    4.385720
125    opls_905    21.968690   17.692490   13.211290
126    opls_528     5.683290   10.879230    6.031210
127    opls_528     6.686640   11.787030    6.483180
128    opls_142     7.431990   11.572030    7.874270
129    opls_142     8.287230   12.439210    8.550870
130    opls_700     9.046920   12.260040    9.943310
131    opls_145     9.665650   13.382840   10.567140
132    opls_145    10.463560   13.296840   11.774190
133    opls_700    10.714400   12.073700   12.468380
134    opls_145    10.078940   10.943730   11.851330
135    opls_145     9.261920   11.032120   10.641560
136    opls_528    22.816770    5.167280    1.527760
137    opls_528    23.803400    5.198330    0.480390
138    opls_142    23.614670    4.295310   12.814800
139    opls_142     0.688010    3.922640   11.596920
140    opls_700     0.348790    3.045900   10.274850
141    opls_145     1.361700    2.842840    9.278890
142    opls_145     1.218360    1.978040    8.123260
143    opls_700     0.035830    1.244640    7.829620
144    opls_145    22.859770    1.459640    8.782270
145    opls_145    22.974440    2.310100    9.958200
146    opls_528     1.005740    6.904040    1.807880
147    opls_528     0.038220    6.920760    2.874200
148    opls_142     0.019110    8.067450    4.013590
149    opls_142     0.031060    7.780780    5.622550
150    opls_700     0.023890    8.946580    6.738940
151    opls_145    22.747490    9.297750    7.488610
152    opls_145    22.749880   10.157770    8.668600
153    opls_700     0.038220   10.707230    9.269420
154    opls_145     1.290030   10.341720    8.506220
155    opls_145     1.285250    9.505590    7.327580
156    opls_528     6.356970   12.948050    4.350540
157    opls_528     5.348840   12.045040    3.890450
158    opls_142     4.820880   12.176430    2.380280
159    opls_142     3.542800   11.870640    1.732100
160    opls_700     3.260900   12.021150    0.240870
161    opls_145     2.768780   10.771730   13.021840
162    opls_145     1.870540   10.802790   11.882450
163    opls_700     1.242250   11.985310   11.385820
164    opls_145     1.507420   13.155890   12.172030
165    opls_145     2.377000   13.191730   13.334430
166    opls_905     4.058810    9.992940    4.385720
167    opls_905     1.920710    6.196910   13.211290
168    opls_701    11.944700   23.889400    3.205730
169    opls_701    23.889400   11.944700   10.326270
170    opls_701    11.944700   11.944700    0.000000
171    opls_701    23.889400   23.889400    6.766000
172    opls_527    12.804720   16.911310    7.931110
173    opls_900     6.067910   22.967270   12.871640
174    opls_527     6.053570    0.996190   10.826950
175    opls_900    11.008240   18.846350    8.756560
176    opls_527    11.084680    6.978090    7.931110
177    opls_900    17.821490    0.922130   12.871640
178    opls_527    17.835830   22.893210   10.826950
179    opls_900    12.881160    5.043050    8.756560
180    opls_527    16.911310   11.084680    5.600890
181    opls_900    22.967270   17.821490    0.660360
182    opls_527     0.996190   17.835830    2.705050
183    opls_900    18.846350   12.881160    4.775440
184    opls_527     6.978090   12.804720    5.600890
185    opls_900     0.922130    6.067910    0.660360
186    opls_527    22.893210    6.053570    2.705050
187    opls_900     5.043050   11.008240    4.775440
188    opls_144    13.397180   15.451660    5.472340
189    opls_146    14.355140   14.328860    3.441190
190    opls_146    14.197470   12.938500    1.404620
191    opls_146     9.959490   13.621740    1.263890
192    opls_146    10.121940   15.043160    3.307220
193    opls_144    10.628390   16.655690    5.155690
194    opls_146    10.055050   18.459340    6.835010
195    opls_144     3.487850   22.284030    1.481750
196    opls_146     3.330180   21.572130    4.105610
197    opls_146     1.839480   21.801470    6.046100
198    opls_146     0.907800    1.949380    4.880990
199    opls_146     2.391330    1.753480    2.882320
200    opls_144     3.695690    1.177750    0.710430
201    opls_146     4.491210    1.913540   12.080020
202    opls_144     7.006760   24.610860    7.652350
203    opls_146     8.896410    2.092710    6.376280
204    opls_146    10.415780    2.097490    4.424960
205    opls_146    10.743060   21.653350    4.682070
206    opls_146     9.266700   21.662910    6.688870
207    opls_144     8.831910   23.098660    9.747100
208    opls_146     7.615940   22.071420   11.636170
209    opls_144    11.519470   21.158840   11.170670
210    opls_146     9.813770   20.709720    0.209750
211    opls_146     9.856770   22.274480    2.113700
212    opls_146    14.063690   22.917100    1.611660
213    opls_146    14.080410   21.407290   -0.309880
214    opls_144    12.625550   18.347060   11.835090
215    opls_146    13.762680   17.229040    9.833700
216    opls_140     9.582040   19.591700   10.169300
217    opls_140    10.434890   20.845890    9.143570
218    opls_140     9.135310   19.835370    8.426380
219    opls_140     6.431030   22.415420    1.328840
220    opls_140     5.270000   21.361900    0.365360
221    opls_140     7.025870   21.261570    0.094720
222    opls_144    10.492220    8.437740    5.472340
223    opls_146     9.534260    9.560540    3.441190
224    opls_146     9.691930   10.950900    1.404620
225    opls_146    13.929910   10.267660    1.263890
226    opls_146    13.767460    8.846240    3.307220
227    opls_144    13.261010    7.233710    5.155690
228    opls_146    13.834350    5.430060    6.835010
229    opls_144    20.401550    1.605370    1.481750
230    opls_146    20.559220    2.317270    4.105610
231    opls_146    22.049920    2.087930    6.046100
232    opls_146    22.981600   21.940020    4.880990
233    opls_146    21.498070   22.135920    2.882320
234    opls_144    20.193710   22.711650    0.710430
235    opls_146    19.398190   21.975860   12.080020
236    opls_144    16.882640   -0.721460    7.652350
237    opls_146    14.992990   21.796690    6.376280
238    opls_146    13.473620   21.791910    4.424960
239    opls_146    13.146340    2.236050    4.682070
240    opls_146    14.622700    2.226490    6.688870
241    opls_144    15.057490    0.790740    9.747100
242    opls_146    16.273460    1.817980   11.636170
243    opls_144    12.369930    2.730560   11.170670
244    opls_146    14.075630    3.179680    0.209750
245    opls_146    14.032630    1.614920    2.113700
246    opls_146     9.825710    0.972300    1.611660
247    opls_146     9.808990    2.482110   -0.309880
248    opls_144    11.263850    5.542340   11.835090
249    opls_146    10.126720    6.660360    9.833700
250    opls_140    14.307360    4.297700   10.169300
251    opls_140    13.454510    3.043510    9.143570
252    opls_140    14.754090    4.054030    8.426380
253    opls_140    17.458370    1.473980    1.328840
254    opls_140    18.619400    2.527500    0.365360
255    opls_140    16.863530    2.627830    0.094720
256    opls_144    15.451660   10.492220    8.059660
257    opls_146    14.328860    9.534260   10.090810
258    opls_146    12.938500    9.691930   12.127380
259    opls_146    13.621740   13.929910   12.268110
260    opls_146    15.043160   13.767460   10.224780
261    opls_144    16.655690   13.261010    8.376310
262    opls_146    18.459340   13.834350    6.696990
263    opls_144    22.284030   20.401550   12.050250
264    opls_146    21.572130   20.559220    9.426390
265    opls_146    21.801470   22.049920    7.485900
266    opls_146     1.949380   22.981600    8.651010
267    opls_146     1.753480   21.498070   10.649680
268    opls_144     1.177750   20.193710   12.821570
269    opls_146     1.913540   19.398190    1.451980
270    opls_144    24.610860   16.882640    5.879650
271    opls_146     2.092710   14.992990    7.155720
272    opls_146     2.097490   13.473620    9.107040
273    opls_146    21.653350   13.146340    8.849930
274    opls_146    21.662910   14.622700    6.843130
275    opls_144    23.098660   15.057490    3.784900
276    opls_146    22.071420   16.273460    1.895830
277    opls_144    21.158840   12.369930    2.361330
278    opls_146    20.709720   14.075630   13.322250
279    opls_146    22.274480   14.032630   11.418300
280    opls_146    22.917100    9.825710   11.920340
281    opls_146    21.407290    9.808990   13.841880
282    opls_144    18.347060   11.263850    1.696910
283    opls_146    17.229040   10.126720    3.698300
284    opls_140    19.591700   14.307360    3.362700
285    opls_140    20.845890   13.454510    4.388430
286    opls_140    19.835370   14.754090    5.105620
287    opls_140    22.415420   17.458370   12.203160
288    opls_140    21.361900   18.619400   13.166640
289    opls_140    21.261570   16.863530   13.437280
290    opls_144     8.437740   13.397180    8.059660
291    opls_146     9.560540   14.355140   10.090810
292    opls_146    10.950900   14.197470   12.127380
293    opls_146    10.267660    9.959490   12.268110
294    opls_146     8.846240   10.121940   10.224780
295    opls_144     7.233710   10.628390    8.376310
296    opls_146     5.430060   10.055050    6.696990
297    opls_144     1.605370    3.487850   12.050250
298    opls_146     2.317270    3.330180    9.426390
299    opls_146     2.087930    1.839480    7.485900
300    opls_146    21.940020    0.907800    8.651010
301    opls_146    22.135920    2.391330   10.649680
302    opls_144    22.711650    3.695690   12.821570
303    opls_146    21.975860    4.491210    1.451980
304    opls_144    -0.721460    7.006760    5.879650
305    opls_146    21.796690    8.896410    7.155720
306    opls_146    21.791910   10.415780    9.107040
307    opls_146     2.236050   10.743060    8.849930
308    opls_146     2.226490    9.266700    6.843130
309    opls_144     0.790740    8.831910    3.784900
310    opls_146     1.817980    7.615940    1.895830
311    opls_144     2.730560   11.519470    2.361330
312    opls_146     3.179680    9.813770   13.322250
313    opls_146     1.614920    9.856770   11.418300
314    opls_146     0.972300   14.063690   11.920340
315    opls_146     2.482110   14.080410   13.841880
316    opls_144     5.542340   12.625550    1.696910
317    opls_146     6.660360   13.762680    3.698300
318    opls_140     4.297700    9.582040    3.362700
319    opls_140     3.043510   10.434890    4.388430
320    opls_140     4.054030    9.135310    5.105620
321    opls_140     1.473980    6.431030   12.203160
322    opls_140     2.527500    5.270000   13.166640
323    opls_140     2.627830    7.025870   13.437280
