0      opls_700     1.261420   20.591930    2.951920
1      opls_145     1.172580   21.994020    2.973650
2      opls_700     2.592180   19.916860    2.787970
3      opls_523     2.689670   18.675660    2.125330
4      opls_700     3.929930   18.037530    1.917920
5      opls_521     5.102880   18.720890    2.313840
6      opls_522     5.019010   19.944250    2.978210
7      opls_523     3.778190   20.524710    3.240870
8      opls_521     6.490660   16.968370    1.495020
9      opls_700     7.868140   16.423270    1.353490
10     opls_261     8.119770   15.038070    1.342890
11     opls_142     9.431030   14.554150    1.337400
12     opls_700     4.062000   16.735800    1.352250
13     opls_522     5.355790   16.242640    1.103280
14     opls_700     2.924730   15.777820    1.184120
15     opls_145     1.768340   16.092900    0.449150
16     opls_145     0.717160   15.178890    0.338310
17     opls_145     0.826600   13.914430    0.917670
18     opls_145     1.986120   13.565270    1.610960
19     opls_145     3.024240   14.491070    1.750950
20     opls_700    -0.070450   22.654760    2.951920
21     opls_145    -1.240270   21.876780    2.973650
22     opls_700    -0.151190   24.144770    2.787970
23     opls_523     0.874970   24.849800    2.125330
24     opls_700     0.807470   26.242960    1.917920
25     opls_521    -0.370810   26.917080    2.313840
26     opls_522    -1.388330   26.232760    2.978210
27     opls_523    -1.270620   24.867950    3.240870
28     opls_521     0.453030   28.995200    1.495020
29     opls_700     0.236360   30.460680    1.353490
30     opls_261     1.310160   31.371190    1.342890
31     opls_142    19.467020    0.890440    1.337400
32     opls_700     1.868770   27.008200    1.352250
33     opls_522     1.648970   28.375240    1.103280
34     opls_700     3.267040   26.502290    1.184120
35     opls_145     3.572370   25.343280    0.449150
36     opls_145     4.889520   24.889940    0.338310
37     opls_145     5.929850   25.616940    0.917670
38     opls_145     5.652480   26.795700    1.610960
39     opls_145     4.331650   27.231840    1.750950
40     opls_700    -1.190970   20.469920    2.951920
41     opls_145     0.067690   19.845810    2.973650
42     opls_700    -2.440990   19.654980    2.787970
43     opls_523    -3.564640   20.191160    2.125330
44     opls_700    -4.737400   19.436110    1.917920
45     opls_521    -4.732070   18.078630    2.313840
46     opls_522    -3.630670   17.539590    2.978210
47     opls_523    -2.507570   18.323940    3.240870
48     opls_521    -6.943690   17.753040    1.495020
49     opls_700    -8.104500   16.832650    1.353490
50     opls_261    -9.429930   17.307340    1.342890
51     opls_142    26.282150   16.413720    1.337400
52     opls_700    -5.930770   19.972610    1.352250
53     opls_522    -7.004760   19.098730    1.103280
54     opls_700    -6.191770   21.436500    1.184120
55     opls_145    -5.340710   22.280420    0.449150
56     opls_145    -5.606680   23.647780    0.338310
57     opls_145    -6.756450   24.185230    0.917670
58     opls_145    -7.638600   23.355640    1.610960
59     opls_145    -7.355890   21.993700    1.750950
60     opls_700    17.131980   11.266370    2.951920
61     opls_145    17.220820    9.864290    2.973650
62     opls_700    15.801220   11.941450    2.787970
63     opls_523    15.703730   13.182650    2.125330
64     opls_700    14.463470   13.820770    1.917920
65     opls_521    13.290520   13.137410    2.313840
66     opls_522    13.374390   11.914050    2.978210
67     opls_523    14.615210   11.333590    3.240870
68     opls_521    11.902740   14.889930    1.495020
69     opls_700    10.525260   15.435030    1.353490
70     opls_261    10.273630   16.820230    1.342890
71     opls_142     8.962370   17.304160    1.337400
72     opls_700    14.331400   15.122500    1.352250
73     opls_522    13.037610   15.615670    1.103280
74     opls_700    15.468670   16.080480    1.184120
75     opls_145    16.625060   15.765400    0.449150
76     opls_145    17.676240   16.679410    0.338310
77     opls_145    17.566800   17.943870    0.917670
78     opls_145    16.407280   18.293040    1.610960
79     opls_145    15.369160   17.367240    1.750950
80     opls_700    18.463850    9.203550    2.951920
81     opls_145    19.633670    9.981530    2.973650
82     opls_700    18.544590    7.713530    2.787970
83     opls_523    17.518430    7.008510    2.125330
84     opls_700    17.585930    5.615340    1.917920
85     opls_521    18.764210    4.941220    2.313840
86     opls_522    19.781730    5.625540    2.978210
87     opls_523    19.664020    6.990350    3.240870
88     opls_521    17.940370    2.863110    1.495020
89     opls_700    18.157040    1.397620    1.353490
90     opls_261    17.083240    0.487110    1.342890
91     opls_142    -1.073620   30.967860    1.337400
92     opls_700    16.524630    4.850110    1.352250
93     opls_522    16.744430    3.483070    1.103280
94     opls_700    15.126360    5.356020    1.184120
95     opls_145    14.821030    6.515020    0.449150
96     opls_145    13.503880    6.968370    0.338310
97     opls_145    12.463550    6.241360    0.917670
98     opls_145    12.740920    5.062600    1.610960
99     opls_145    14.061750    4.626460    1.750950
100    opls_700    19.584370   11.388390    2.951920
101    opls_145    18.325710   12.012490    2.973650
102    opls_700    20.834390   12.203320    2.787970
103    opls_523    21.958040   11.667150    2.125330
104    opls_700    23.130800   12.422190    1.917920
105    opls_521    23.125470   13.779670    2.313840
106    opls_522    22.024070   14.318710    2.978210
107    opls_523    20.900970   13.534360    3.240870
108    opls_521    25.337090   14.105260    1.495020
109    opls_700    26.497900   15.025650    1.353490
110    opls_261    27.823330   14.550960    1.342890
111    opls_142    -7.888750   15.444590    1.337400
112    opls_700    24.324170   11.885700    1.352250
113    opls_522    25.398160   12.759570    1.103280
114    opls_700    24.585170   10.421810    1.184120
115    opls_145    23.734110    9.577880    0.449150
116    opls_145    24.000080    8.210520    0.338310
117    opls_145    25.149850    7.673070    0.917670
118    opls_145    26.032000    8.502660    1.610960
119    opls_145    25.749290    9.864610    1.750950
120    opls_520     6.324570   18.176120    2.093280
121    opls_520    -0.509870   28.247480    2.093280
122    opls_520    -5.814710   17.293010    2.093280
123    opls_520    12.068830   13.682190    2.093280
124    opls_520    18.903270    3.610820    2.093280
125    opls_520    24.208110   14.565300    2.093280
126    opls_146     2.078820   22.572880    2.963790
127    opls_526     1.793540   18.226450    1.757640
128    opls_525     5.923590   20.429140    3.321630
129    opls_526     3.755380   21.441590    3.813850
130    opls_144     9.595100   13.483710    1.356150
131    opls_525     5.467070   15.282750    0.618640
132    opls_146     1.676370   17.035270   -0.054010
133    opls_146    -0.169400   15.440760   -0.225810
134    opls_146     0.017840   13.201760    0.819280
135    opls_146     2.071460   12.585940    2.063980
136    opls_146     3.897750   14.213580    2.327950
137    opls_146    -2.194700   22.372170    2.963790
138    opls_526     1.712060   24.298330    1.757640
139    opls_525    -2.260550   26.773720    3.321630
140    opls_526    -2.053260   24.389760    3.813850
141    opls_144    20.312020    1.567750    1.356150
142    opls_525     2.424620   28.951550    0.618640
143    opls_146     2.802230   24.792450   -0.054010
144    opls_146     5.106010   23.991210   -0.225810
145    opls_146     6.951420   25.272870    0.819280
146    opls_146     6.457920   27.359270    2.063980
147    opls_146     4.135200   28.127060    2.327950
148    opls_146     0.115880   18.771550    2.963790
149    opls_526    -3.505600   21.191820    1.757640
150    opls_525    -3.663050   16.513750    3.321630
151    opls_526    -1.702130   17.885250    3.813850
152    opls_144    25.273080   16.806850    1.356150
153    opls_525    -7.891690   19.482310    0.618640
154    opls_146    -4.478610   21.888880   -0.054010
155    opls_146    -4.936600   24.284630   -0.225810
156    opls_146    -6.969260   25.241970    0.819280
157    opls_146    -8.529390   23.771390    2.063980
158    opls_146    -8.032950   21.375970    2.327950
159    opls_146    16.314580    9.285420    2.963790
160    opls_526    16.599860   13.631850    1.757640
161    opls_525    12.469810   11.429170    3.321630
162    opls_526    14.638020   10.416710    3.813850
163    opls_144     8.798300   18.374600    1.356150
164    opls_525    12.926330   16.575560    0.618640
165    opls_146    16.717030   14.823030   -0.054010
166    opls_146    18.562800   16.417540   -0.225810
167    opls_146    18.375560   18.656540    0.819280
168    opls_146    16.321940   19.272360    2.063980
169    opls_146    14.495650   17.644720    2.327950
170    opls_146    20.588100    9.486130    2.963790
171    opls_526    16.681340    7.559980    1.757640
172    opls_525    20.653950    5.084590    3.321630
173    opls_526    20.446660    7.468540    3.813850
174    opls_144    -1.918620   30.290560    1.356150
175    opls_525    15.968780    2.906750    0.618640
176    opls_146    15.591170    7.065850   -0.054010
177    opls_146    13.287390    7.867090   -0.225810
178    opls_146    11.441980    6.585430    0.819280
179    opls_146    11.935480    4.499030    2.063980
180    opls_146    14.258200    3.731240    2.327950
181    opls_146    18.277520   13.086750    2.963790
182    opls_526    21.899000   10.666480    1.757640
183    opls_525    22.056450   15.344550    3.321630
184    opls_526    20.095530   13.973050    3.813850
185    opls_144    -6.879680   15.051460    1.356150
186    opls_525    26.285090   12.376000    0.618640
187    opls_146    22.872010    9.969420   -0.054010
188    opls_146    23.330000    7.573670   -0.225810
189    opls_146    25.362660    6.616330    0.819280
190    opls_146    26.922790    8.086910    2.063980
191    opls_146    26.426350   10.482340    2.327950
