0      opls_750     7.472800   12.000740    1.556990
1      opls_750    13.243560    0.471270    1.556990
2      opls_750    20.342990   11.233620    1.556990
3      opls_750     6.213650   11.704890    1.556990
4      opls_750     0.442890   23.234360    1.556990
5      opls_750    -6.656540   12.472000    1.556990
6      opls_142     8.444950   11.066970    1.555340
7      opls_142    13.566150    1.780060    1.555340
8      opls_142    19.048250   10.858600    1.555340
9      opls_142     5.241500   12.638650    1.555340
10     opls_142     0.120300   21.925570    1.555340
11     opls_142    -5.361800   12.847030    1.555340
12     opls_700    10.721960    3.734580    5.636530
13     opls_700    18.777670    7.418200    5.636530
14     opls_700    11.559710   12.552840    5.636530
15     opls_700     2.964490   19.971040    5.636530
16     opls_700    -5.091220   16.287420    5.636530
17     opls_700     2.126740   11.152790    5.636530
18     opls_145    11.354690    5.006390    5.690060
19     opls_145    17.359890    7.330250    5.690060
20     opls_145    12.344770   11.368980    5.690060
21     opls_145     2.331760   18.699240    5.690060
22     opls_145    -3.673440   16.375370    5.690060
23     opls_145     1.341680   12.336650    5.690060
24     opls_700     9.789780   11.291700    1.163130
25     opls_700    12.699110    2.832350    1.163130
26     opls_700    18.570460    9.581580    1.163130
27     opls_700     3.896670   12.413930    1.163130
28     opls_700     0.987340   20.873280    1.163130
29     opls_700    -4.884010   14.124050    1.163130
30     opls_145    10.689390   10.207640    1.298430
31     opls_145    13.188130    4.153460    1.298430
32     opls_145    17.181830    9.344520    1.298430
33     opls_145     2.997060   13.497980    1.298430
34     opls_145     0.498320   19.552160    1.298430
35     opls_145    -3.495380   14.361110    1.298430
36     opls_700    12.824070    9.055310    0.755270
37     opls_700    13.118740    6.578310    0.755270
38     opls_700    15.116550    8.072000    0.755270
39     opls_700     0.862660   14.650310    0.755270
40     opls_700     0.567710   17.127320    0.755270
41     opls_700    -1.430100   15.633620    0.755270
42     opls_166    10.271130   12.489550    0.558310
43     opls_166    11.421070    2.650290    0.558310
44     opls_166    19.367150    8.565790    0.558310
45     opls_166     3.415320   11.216080    0.558310
46     opls_166     2.265380   21.055340    0.558310
47     opls_166    -5.680700   15.139840    0.558310
48     opls_700    11.968800   10.198630    0.698320
49     opls_700    12.556220    5.265970    0.698320
50     opls_700    16.534330    8.241020    0.698320
51     opls_700     1.717650   13.506990    0.698320
52     opls_700     1.130230   18.439660    0.698320
53     opls_700    -2.847880   15.464600    0.698320
54     opls_145    14.235550    9.181660    0.766200
55     opls_145    12.303710    7.737280    0.766200
56     opls_145    14.520500    6.786450    0.766200
57     opls_145    -0.549100   14.523960    0.766200
58     opls_145     1.383020   15.968350    0.766200
59     opls_145    -0.834050   16.919180    0.766200
60     opls_135    12.208720   14.994050    0.261130
61     opls_516     4.319990   20.163530    4.938380
62     opls_135    13.477590   13.712280    4.257360
63     opls_135     2.575650    9.443610    3.793180
64     opls_135     8.283310    3.076040    0.261130
65     opls_516    -5.935400   17.365080    4.938380
66     opls_135     8.759050    4.816040    4.257360
67     opls_135     4.220220   21.214400    3.793180
68     opls_135    20.567310    5.635540    0.261130
69     opls_516     1.615690    9.882640    4.938380
70     opls_135    18.822560    5.177550    4.257360
71     opls_135    -6.795870   16.753240    3.793180
72     opls_135     1.477730    8.711580    0.261130
73     opls_516     9.366460    3.542090    4.938380
74     opls_135     0.208720    9.993580    4.257360
75     opls_135    11.110800   14.262020    3.793180
76     opls_135     5.403410   20.629580    0.261130
77     opls_516    19.622130    6.340540    4.938380
78     opls_135     4.927670   18.889590    4.257360
79     opls_135     9.466230    2.491220    3.793180
80     opls_135    -6.880860   18.070090    0.261130
81     opls_516    12.070760   13.822990    4.938380
82     opls_135    -5.136110   18.528080    4.257360
83     opls_135    20.482320    6.952390    3.793180
84     opls_144     8.151380   10.108080    1.769210
85     opls_144    14.543360    2.005260    1.769210
86     opls_144    18.364620   11.592290    1.769210
87     opls_144     5.535070   13.597550    1.769210
88     opls_144    -0.856910   21.700370    1.769210
89     opls_144    -4.678170   12.113340    1.769210
90     opls_146    10.933010    5.782280    5.189320
91     opls_146    16.898930    6.576890    5.189320
92     opls_146    13.227820   11.346220    5.189320
93     opls_146     2.753440   17.923350    5.189320
94     opls_146    -3.212480   17.128740    5.189320
95     opls_146     0.458630   12.359400    5.189320
96     opls_146    10.391850    9.390750    1.838680
97     opls_146    14.044350    4.304230    1.838680
98     opls_146    16.623150   10.010650    1.838680
99     opls_146     3.294600   14.314880    1.838680
100    opls_146    -0.357900   19.401400    1.838680
101    opls_146    -2.936700   13.694980    1.838680
102    opls_146    11.291590    7.615200    0.768420
103    opls_146    15.132150    5.971210    0.768420
104    opls_146    14.635610   10.119220    0.768420
105    opls_146     2.394860   16.090430    0.768420
106    opls_146    -1.445700   17.734420    0.768420
107    opls_146    -0.949160   13.586410    0.768420
108    opls_168     8.588790   13.536390    0.948120
109    opls_168    11.355650    0.669920    0.948120
110    opls_168    21.114910    9.499320    0.948120
111    opls_168     5.097660   10.169240    0.948120
112    opls_168     2.330800   23.035710    0.948120
113    opls_168    -7.428460   14.206310    0.948120
114    opls_140    13.474310   12.945640    3.478810
115    opls_140    14.247460   13.460770    4.990140
116    opls_140    13.779380   14.650310    3.784980
117    opls_140    12.878950   14.713130    1.074880
118    opls_140    11.242870   15.255040    0.692570
119    opls_140    12.600840   15.897940   -0.209430
120    opls_140    11.006780   13.460770    3.063820
121    opls_140    11.470750   15.154770    3.281000
122    opls_140    10.113740   14.495520    4.161590
123    opls_140     9.424350    5.196510    3.478810
124    opls_140     8.591810    5.608280    4.990140
125    opls_140     7.795670    4.608140    3.784980
126    opls_140     8.191750    3.796930    1.074880
127    opls_140     8.540210    2.109090    0.692570
128    opls_140     7.304600    2.963440   -0.209430
129    opls_140    10.212140    2.801770    3.063820
130    opls_140     8.513110    2.356580    3.281000
131    opls_140     9.762540    1.511000    4.161590
132    opls_140    18.160280    5.563710    3.478810
133    opls_140    18.220090    4.636580    4.990140
134    opls_140    19.484300    4.447180    3.784980
135    opls_140    19.988920    5.195560    1.074880
136    opls_140    21.276270    6.341490    0.692570
137    opls_140    21.154320    4.844010   -0.209430
138    opls_140    19.840430    7.443090    3.063820
139    opls_140    21.075490    6.194280    3.281000
140    opls_140    21.183070    7.699110    4.161590
141    opls_140     0.212140   10.759980    3.478810
142    opls_140    -0.561010   10.244860    4.990140
143    opls_140    -0.092930    9.055310    3.784980
144    opls_140     0.807360    8.992730    1.074880
145    opls_140     2.443580    8.450580    0.692570
146    opls_140     1.085610    7.807690   -0.209430
147    opls_140     2.679940   10.244860    3.063820
148    opls_140     2.215700    8.550860    3.281000
149    opls_140     3.572980    9.210110    4.161590
150    opls_140     4.262100   18.509120    3.478810
151    opls_140     5.094640   18.097350    4.990140
152    opls_140     5.890780   19.097490    3.784980
153    opls_140     5.494970   19.908700    1.074880
154    opls_140     5.146240   21.596540    0.692570
155    opls_140     6.381850   20.742190   -0.209430
156    opls_140     3.474310   20.903860    3.063820
157    opls_140     5.173340   21.349050    3.281000
158    opls_140     3.923910   22.194630    4.161590
159    opls_140    -4.473830   18.141920    3.478810
160    opls_140    -4.533640   19.069040    4.990140
161    opls_140    -5.797720   19.258210    3.784980
162    opls_140    -6.302470   18.510060    1.074880
163    opls_140    -7.589820   17.364130    0.692570
164    opls_140    -7.467870   18.861620   -0.209430
165    opls_140    -6.153980   16.262530    3.063820
166    opls_140    -7.389040   17.511350    3.281000
167    opls_140    -7.496620   16.006510    4.161590
168    opls_167     9.485530   13.598020    0.568610
169    opls_167    10.853900    1.415700    0.568610
170    opls_167    20.719920    8.691910    0.568610
171    opls_167     4.200920   10.107610    0.568610
172    opls_167     2.832550   22.289930    0.568610
173    opls_167    -7.033470   15.013720    0.568610
