0      opls_916    -0.519940   13.451550    1.562990
1      opls_145     0.332780   12.869360    2.180030
2      opls_145     0.512520   11.529010    2.187840
3      opls_145    -0.189560   10.739770    1.557810
4      opls_145    -1.070180   11.342130    0.936980
5      opls_145    -1.224650   12.685650    0.956020
6      opls_142     5.471820    5.683500    1.771780
7      opls_145     6.669040    5.198270    1.905920
8      opls_280     6.822630    3.785540    2.001230
9      opls_148     1.446740   10.983010    2.883690
10     opls_148    -1.851930   10.592810    0.241630
11     opls_145     7.462820    8.845000    5.442040
12     opls_145     8.307410    8.277170    6.072070
13     opls_145     8.489630    6.937520    6.094480
14     opls_145     7.783080    6.133360    5.478830
15     opls_145     6.904450    6.719560    4.849820
16     opls_145     6.764170    8.064190    4.841430
17     opls_142    13.444450    1.072940    5.637120
18     opls_145    14.640880    0.592410    5.785340
19     opls_280     6.821510   12.989530    5.871090
20     opls_135     9.429190    6.406570    6.791060
21     opls_135     6.107790    5.954910    4.173670
22     opls_916    -3.414860    6.636270    1.562990
23     opls_145    -3.337030    7.665840    2.180030
24     opls_145    -2.266130    8.491680    2.187840
25     opls_145    -1.231590    8.278280    1.557810
26     opls_145    -1.312930    7.214450    0.936980
27     opls_145    -2.399220    6.408920    0.956020
28     opls_142     8.291140    1.896980    1.771780
29     opls_145     8.112750    3.176420    1.905920
30     opls_280     9.259410    4.015800    2.001230
31     opls_148    -2.260390    9.573740    2.883690
32     opls_148    -0.273130    6.912100    0.241630
33     opls_145     4.557690    2.040490    5.442040
34     opls_145     4.627150    3.055840    6.072070
35     opls_145     5.696220    3.883470    6.094480
36     opls_145     6.745910    3.673660    5.478830
37     opls_145     6.677570    2.619650    4.849820
38     opls_145     5.583220    1.825850    4.841430
39     opls_142     8.297680   11.106770    5.637120
40     opls_145     8.115620   12.383160    5.785340
41     opls_280    -6.685460   13.225160    5.871090
42     opls_135     5.686250    4.962630    6.791060
43     opls_135     7.738100    2.312050    4.173670
44     opls_916     3.934800    7.536830    1.562990
45     opls_145     3.004250    7.089450    2.180030
46     opls_145     1.753600    7.603960    2.187840
47     opls_145     1.421140    8.606600    1.557810
48     opls_145     2.383110    9.068070    0.936980
49     opls_145     3.623870    8.530080    0.956020
50     opls_142    10.160690    6.231850    1.771780
51     opls_145     9.141860    5.437640    1.905920
52     opls_280     7.841610    6.010990    2.001230
53     opls_148     0.813640    7.067910    2.883690
54     opls_148     2.125060   10.119740    0.241630
55     opls_145    11.903130    2.926830    5.442040
56     opls_145    10.989090    2.479310    6.072070
57     opls_145     9.737800    2.991340    6.094480
58     opls_145     9.394660    4.005300    5.478830
59     opls_145    10.341640    4.473120    4.849820
60     opls_145    11.576260    3.922290    4.841430
61     opls_142     2.181520    1.632620    5.637120
62     opls_145     1.167160    0.836750    5.785340
63     opls_280    -0.136050    1.409960    5.871090
64     opls_135     8.808210    2.443120    6.791060
65     opls_135    10.077760    5.545370    4.173670
66     opls_238     5.217030    7.016800    1.564010
67     opls_238    13.184240    2.403480    5.422410
68     opls_238     7.263860    1.009680    1.564010
69     opls_238     7.275500   10.216150    5.422410
70     opls_238    11.442760    5.785850    1.564010
71     opls_238     3.463910    1.192690    5.422410
72     opls_281     5.883300    3.136230    2.205720
73     opls_281     5.871500   12.330540    6.033680
74     opls_281    10.291400    3.526980    2.205720
75     opls_281    -5.639760   12.731930    6.033680
76     opls_281     7.748950    7.149120    2.205720
77     opls_281    -0.231740    2.562190    6.033680
78     opls_146     0.846420   13.466470    2.667310
79     opls_146    -1.894270   13.148780    0.489910
80     opls_910     5.962730    7.608660    1.322530
81     opls_144     4.661120    5.016360    1.769230
82     opls_140     2.321230   10.625820    2.525290
83     opls_140     0.995300   10.175680    3.264200
84     opls_140     1.761420   11.713130    3.395710
85     opls_140    -1.219070    9.933690   -0.152960
86     opls_140    -2.354010   11.231490   -0.257400
87     opls_140    -2.601700   10.020430    0.601420
88     opls_146     8.814590    8.885470    6.556510
89     opls_146     6.111460    8.515160    4.357280
90     opls_910    13.922450    2.982910    5.157060
91     opls_144    12.636230    0.404290    5.627780
92     opls_140    10.294270    6.021760    6.436970
93     opls_140     8.971450    5.624240    7.194200
94     opls_140     9.766590    7.155610    7.280750
95     opls_140     6.704760    5.205170    3.839060
96     opls_140     5.715360    6.573560    3.614650
97     opls_140     5.290320    5.485700    4.534040
98     opls_146    -4.110960    7.812110    2.667310
99     opls_146    -2.465490    5.597450    0.489910
100    opls_910     6.378440    1.359550    1.322530
101    opls_144     9.274240    1.528470    1.769230
102    opls_140    -2.388300   10.509660    2.525290
103    opls_140    -1.335500    9.586440    3.264200
104    opls_140    -3.050030    9.481190    3.395710
105    opls_140    -0.018740    7.789740   -0.152960
106    opls_140    -0.575200    6.157950   -0.257400
107    opls_140     0.597450    6.548980    0.601420
108    opls_146     3.846760    3.190920    6.556510
109    opls_146     5.519030    1.035100    4.357280
110    opls_910     6.404600   10.565740    5.157060
111    opls_144     9.280860   10.741160    5.627780
112    opls_140     5.586970    5.904220    6.436970
113    opls_140     6.592640    4.957380    7.194200
114    opls_140     4.868860    4.880310    7.280750
115    opls_140     8.088910    3.203910    3.839060
116    opls_140     7.398550    1.662870    3.614650
117    opls_140     8.553180    1.838700    4.534040
118    opls_146     3.264540    6.346070    2.667310
119    opls_146     4.359770    8.878420    0.489910
120    opls_910    11.582480    4.844120    1.322530
121    opls_144     9.988280    7.267490    1.769230
122    opls_140     0.067070    6.489170    2.525290
123    opls_140     0.340190    7.862530    3.264200
124    opls_140     1.288610    6.430330    3.395710
125    opls_140     1.237810    9.901230   -0.152960
126    opls_140     2.929210   10.235210   -0.257400
127    opls_140     2.004240   11.055250    0.601420
128    opls_146    11.262300    1.735930    6.556510
129    opls_146    12.293170    4.262070    4.357280
130    opls_910     3.596600    0.263680    5.157060
131    opls_144     2.006560    2.666880    5.627780
132    opls_140     8.042410    1.886350    6.436970
133    opls_140     8.359560    3.230700    7.194200
134    opls_140     9.288200    1.776400    7.280750
135    opls_140     9.129980    5.403240    3.839060
136    opls_140    10.809740    5.575900    3.614650
137    opls_140    10.080150    6.487930    4.534040
138    MOF2_B_2    -0.000080    9.208260    1.552340
139    MOF2_B_2     7.974630    4.604060    5.493420
