0      opls_520    16.730300    9.728190    0.034790
1      opls_750    12.195600   14.041610    3.669930
2      opls_520    18.962700    9.624770    0.034790
3      opls_750    17.494510    3.540900    3.669930
4      opls_520    17.936060   11.609790    0.034790
5      opls_750    23.938940   13.380240    3.669930
6      opls_520     1.146050   21.234560    0.034790
7      opls_750     5.680750   16.921140    3.669930
8      opls_520    -1.086350   21.337980    0.034790
9      opls_750     0.381840   27.421850    3.669930
10     opls_520    -0.059710   19.352960    0.034790
11     opls_750    -6.062590   17.582510    3.669930
12     opls_531    17.816110    9.022850    0.034940
13     opls_522    15.588180   11.787520    0.032110
14     opls_523    15.630370   13.122010    3.536230
15     opls_145    14.503260   13.838800    3.528230
16     opls_145    13.315200   13.246790    0.012440
17     opls_145    13.267290   11.912920    0.195210
18     opls_523    14.392790   11.192100    0.198580
19     opls_142    11.012730   13.664170    3.627350
20     opls_145     9.957840   14.600790    3.628490
21     opls_145    10.198820   15.921040    3.629410
22     opls_145     9.187370   16.794190    3.627170
23     opls_531    19.030630   10.917770    0.034940
24     opls_522    17.750320    7.606000    0.032110
25     opls_523    16.573520    6.975290    3.536230
26     opls_145    16.516320    5.640790    3.528230
27     opls_145    17.623040    4.907900    0.012440
28     opls_145    18.802170    5.533350    0.195210
29     opls_523    18.863660    6.868470    0.198580
30     opls_142    18.412820    2.705220    3.627350
31     opls_145    18.129120    1.323350    3.628490
32     opls_145    16.865260    0.871910    3.629410
33     opls_145    -1.261530   30.522150    3.627170
34     opls_531    16.782320   11.022120    0.034940
35     opls_522    20.290550   11.569230    0.032110
36     opls_523    21.425160   10.865450    3.536230
37     opls_145    22.609470   11.483150    3.528230
38     opls_145    22.690810   12.808050    0.012440
39     opls_145    21.559590   13.516480    0.195210
40     opls_523    20.372600   12.902180    0.198580
41     opls_142    24.203510   14.593360    3.627350
42     opls_145    25.542090   15.038610    3.628490
43     opls_145    26.564970   14.169790    3.629410
44     opls_145    -7.925840   14.609150    3.627170
45     opls_531     0.060240   21.939890    0.034940
46     opls_522     2.288170   19.175230    0.032110
47     opls_523     2.245980   17.840730    3.536230
48     opls_145     3.373090   17.123950    3.528230
49     opls_145     4.561150   17.715950    0.012440
50     opls_145     4.609060   19.049830    0.195210
51     opls_523     3.483560   19.770640    0.198580
52     opls_142     6.863620   17.298580    3.627350
53     opls_145     7.918510   16.361950    3.628490
54     opls_145     7.677530   15.041700    3.629410
55     opls_145     8.688980   14.168550    3.627170
56     opls_531    -1.154280   20.044970    0.034940
57     opls_522     0.126030   23.356750    0.032110
58     opls_523     1.302830   23.987460    3.536230
59     opls_145     1.360030   25.321950    3.528230
60     opls_145     0.253310   26.054840    0.012440
61     opls_145    -0.925820   25.429390    0.195210
62     opls_523    -0.987310   24.094280    0.198580
63     opls_142    -0.536470   28.257530    3.627350
64     opls_145    -0.252770   29.639400    3.628490
65     opls_145     1.011090   30.090840    3.629410
66     opls_145    19.137880    0.440600    3.627170
67     opls_531     1.094030   19.940630    0.034940
68     opls_522    -2.414200   19.393520    0.032110
69     opls_523    -3.548810   20.097300    3.536230
70     opls_145    -4.733120   19.479590    3.528230
71     opls_145    -4.814460   18.154700    0.012440
72     opls_145    -3.683240   17.446270    0.195210
73     opls_523    -2.496250   18.060570    0.198580
74     opls_142    -6.327160   16.369380    3.627350
75     opls_145    -7.665740   15.924140    3.628490
76     opls_145    -8.688620   16.792960    3.629410
77     opls_145    25.802190   16.353590    3.627170
78     opls_146     8.481260   13.155450    3.626440
79     opls_526    16.535800   13.607200    3.402490
80     opls_146    14.545810   14.863670    3.392250
81     opls_146    12.374550   11.421230    0.356390
82     opls_526    14.333080   10.167860    0.346410
83     opls_144    10.771570   12.662520    3.572160
84     opls_146    11.171110   16.273090    3.629260
85     opls_146    20.119120    0.767260    3.626440
86     opls_526    15.700620    7.516830    3.402490
87     opls_146    15.607480    5.165210    3.392250
88     opls_146    19.674350    5.006060    0.356390
89     opls_526    19.780540    7.328880    0.346410
90     opls_144    19.400850    2.997190    3.572160
91     opls_146    16.074240    1.537920    3.629260
92     opls_146    25.028680   17.040040    3.626440
93     opls_526    21.392630    9.838720    3.402490
94     opls_146    23.475760   10.933870    3.392250
95     opls_146    21.580150   14.535460    0.356390
96     opls_526    19.515430   13.466010    0.346410
97     opls_144    23.456630   15.303030    3.572160
98     opls_146    26.383700   13.151740    3.629260
99     opls_146     9.395090   17.807290    3.626440
100    opls_526     1.340550   17.355550    3.402490
101    opls_146     3.330540   16.099080    3.392250
102    opls_146     5.501800   19.541520    0.356390
103    opls_526     3.543270   20.794890    0.346410
104    opls_144     7.104780   18.300220    3.572160
105    opls_146     6.705240   14.689660    3.629260
106    opls_146    -2.242770   30.195490    3.626440
107    opls_526     2.175730   23.445920    3.402490
108    opls_146     2.268870   25.797540    3.392250
109    opls_146    -1.798000   25.956690    0.356390
110    opls_526    -1.904190   23.633860    0.346410
111    opls_144    -1.524500   27.965550    3.572160
112    opls_146     1.802110   29.424830    3.629260
113    opls_146    -7.152330   13.922710    3.626440
114    opls_526    -3.516280   21.124020    3.402490
115    opls_146    -5.599410   20.028870    3.392250
116    opls_146    -3.703800   16.427290    0.356390
117    opls_526    -1.639080   17.496740    0.346410
118    opls_144    -5.580280   15.659720    3.572160
119    opls_146    -8.507350   17.811010    3.629260
