0      opls_141    13.339390   23.170990    2.401650
1      opls_700    11.865620   23.151520    2.425650
2      opls_145    11.169990   22.212620    1.645200
3      opls_145     9.792730   22.169400    1.630650
4      opls_145     9.060920   23.093110    2.395050
5      opls_145     9.742010   24.026790    3.190500
6      opls_145    11.112140   24.036760    3.215250
7      opls_700    13.925060   21.826040    2.380950
8      opls_145    13.339120   20.815900    3.162300
9      opls_145    13.839790   19.535540    3.168750
10     opls_145    14.977680   19.234440    2.410500
11     opls_145    15.569660   20.230330    1.621500
12     opls_145    15.040750   21.497880    1.599150
13     opls_142     6.960340   22.139960    2.652450
14     opls_700     5.521930   22.181750    2.473950
15     opls_145     4.719380   21.285590    3.186450
16     opls_145     3.344310   21.418090    3.153000
17     opls_700     2.760830   22.437250    2.391000
18     opls_145     3.574630   23.294940    1.631550
19     opls_145     4.940920   23.167190    1.663500
20     opls_700     1.316670   22.621990    2.393400
21     opls_142    16.710300   17.780730    2.776950
22     opls_700    17.362870   16.497520    2.666400
23     opls_145    18.581100   16.273830    3.315300
24     opls_145    19.209270   15.051880    3.198300
25     opls_700    18.611540   14.019420    2.464050
26     opls_145    17.385630   14.250710    1.826100
27     opls_145    16.775010   15.477410    1.903050
28     opls_700    19.216950   12.702970    2.414100
29     opls_145    20.600520   12.509200    2.410350
30     opls_145    18.390260   11.573150    2.404200
31     opls_145    21.134920   11.242610    2.392200
32     opls_145     0.462010   21.520670    2.404350
33     opls_141     0.682740   47.458030    2.401650
34     opls_700     1.436490   46.191440    2.425650
35     opls_145     2.597410   46.058460    1.645200
36     opls_145     3.323470   44.887330    1.630650
37     opls_145     2.889150   43.791230    2.395050
38     opls_145     1.740290   43.914710    3.190500
39     opls_145     1.046310   45.095810    3.215250
40     opls_700    28.973760    1.146440    2.380950
41     opls_145    30.141540    1.144060    3.162300
42     opls_145    31.000030    2.217840    3.168750
43     opls_145    30.691840    3.353830    2.410500
44     opls_145    29.533390    3.368560    1.621500
45     opls_145    28.700390    2.276260    1.599150
46     opls_142     4.765170   42.449130    2.652450
47     opls_700     5.448180   41.182530    2.473950
48     opls_145     6.625550   40.935580    3.186450
49     opls_145     7.198340   39.678480    3.153000
50     opls_700     6.607450   38.663600    2.391000
51     opls_145     5.457770   38.939520    1.631550
52     opls_145     4.885260   40.186640    1.663500
53     opls_700     7.169000   37.320540    2.393400
54     opls_142    31.084490    5.581170    2.776950
55     opls_700    31.869490    6.787930    2.666400
56     opls_145    31.454090    7.954790    3.315300
57     opls_145    32.198250    9.109780    3.198300
58     opls_700    33.391530    9.107880    2.464050
59     opls_145    33.803910    7.931040    1.826100
60     opls_145    33.046870    6.788880    1.903050
61     opls_700    34.228630   10.290880    2.414100
62     opls_145    33.704650   11.585970    2.410350
63     opls_145    35.620430   10.139860    2.404200
64     opls_145    34.534080   12.682540    2.392200
65     opls_145     8.550650   37.131050    2.404350
66     opls_141   -14.022130   24.353530    2.401650
67     opls_700   -13.302100   25.639590    2.425650
68     opls_145   -13.767130   26.710990    1.645200
69     opls_145   -13.115930   27.925340    1.630650
70     opls_145   -11.950340   28.097740    2.395050
71     opls_145   -11.482300   27.041060    3.190500
72     opls_145   -12.158180   25.849500    3.215250
73     opls_700    39.358470   24.518800    2.380950
74     opls_145    38.776640   25.531310    3.162300
75     opls_145    37.417470   25.737900    3.168750
76     opls_145    36.587770   24.903000    2.410500
77     opls_145    37.154250   23.892390    1.621500
78     opls_145    38.516980   23.716670    1.599150
79     opls_142   -11.725500   30.393470    2.652450
80     opls_700   -10.970110   31.618270    2.473950
81     opls_145   -11.344930   32.761380    3.186450
82     opls_145   -10.542640   33.885970    3.153000
83     opls_700    -9.368280   33.881700    2.391000
84     opls_145    -9.032400   32.748080    1.631550
85     opls_145    -9.825910   31.628240    1.663500
86     opls_700    -8.486210   35.040010    2.393400
87     opls_142    34.462520   24.129370    2.776950
88     opls_700    33.024930   24.205830    2.666400
89     opls_145    32.222100   23.262650    3.315300
90     opls_145    30.849780   23.329610    3.198300
91     opls_700    30.255060   24.363500    2.464050
92     opls_145    31.068310   25.309520    1.826100
93     opls_145    32.434880   25.224990    1.903050
94     opls_700    28.811720   24.497420    2.414100
95     opls_145    27.952130   23.396100    2.410350
96     opls_145    28.246610   25.778260    2.404200
97     opls_145    26.587480   23.566600    2.392200
98     opls_145    -9.012380   36.330350    2.404350
99     opls_141    14.079710   24.320280    2.401650
100    opls_700    15.553480   24.339750    2.425650
101    opls_145    16.248560   25.278660    1.645200
102    opls_145    17.625820   25.321870    1.630650
103    opls_145    18.358460   24.397690    2.395050
104    opls_145    17.677090   23.464490    3.190500
105    opls_145    16.307240   23.454040    3.215250
106    opls_700    13.494040   25.665230    2.380950
107    opls_145    14.079980   26.675370    3.162300
108    opls_145    13.579310   27.955740    3.168750
109    opls_145    12.441420   28.256830    2.410500
110    opls_145    11.849440   27.260940    1.621500
111    opls_145    12.378350   25.993400    1.599150
112    opls_142    20.458760   25.351320    2.652450
113    opls_700    21.897170   25.309520    2.473950
114    opls_145    22.699720   26.205690    3.186450
115    opls_145    24.074790   26.073180    3.153000
116    opls_700    24.658270   25.054020    2.391000
117    opls_145    23.844470   24.196330    1.631550
118    opls_145    22.477630   24.324080    1.663500
119    opls_700    26.102430   24.869280    2.393400
120    opls_142    10.708800   29.710540    2.776950
121    opls_700    10.056230   30.993760    2.666400
122    opls_145     8.838000   31.217440    3.315300
123    opls_145     8.209830   32.439390    3.198300
124    opls_700     8.807840   33.471380    2.464050
125    opls_145    10.033470   33.240570    1.826100
126    opls_145    10.644090   32.013870    1.903050
127    opls_700     8.202150   34.788310    2.414100
128    opls_145     6.818580   34.982070    2.410350
129    opls_145     9.028840   35.918130    2.404200
130    opls_145     6.284180   36.248660    2.392200
131    opls_145    26.956540   25.970600    2.404350
132    opls_141    26.736360    0.033240    2.401650
133    opls_700    25.982610    1.299840    2.425650
134    opls_145    24.821690    1.432810    1.645200
135    opls_145    24.095630    2.603950    1.630650
136    opls_145    24.530220    3.699570    2.395050
137    opls_145    25.678810    3.576570    3.190500
138    opls_145    26.372240    2.395460    3.215250
139    opls_700    -1.554660   46.344830    2.380950
140    opls_145    -2.722440   46.347210    3.162300
141    opls_145    -3.580930   45.273430    3.168750
142    opls_145    -3.272740   44.137440    2.410500
143    opls_145    -2.114010   44.122240    1.621500
144    opls_145    -1.281290   45.215020    1.599150
145    opls_142    22.653930    5.042150    2.652450
146    opls_700    21.970920    6.308740    2.473950
147    opls_145    20.793550    6.555700    3.186450
148    opls_145    20.220760    7.812790    3.153000
149    opls_700    20.811650    8.827680    2.391000
150    opls_145    21.961330    8.551750    1.631550
151    opls_145    22.533840    7.304630    1.663500
152    opls_700    20.249550   10.170730    2.393400
153    opls_142    -3.665390   41.910100    2.776950
154    opls_700    -4.450390   40.703350    2.666400
155    opls_145    -4.034990   39.536490    3.315300
156    opls_145    -4.779150   38.381500    3.198300
157    opls_700    -5.972430   38.383400    2.464050
158    opls_145    -6.385090   39.560710    1.826100
159    opls_145    -5.627770   40.702400    1.903050
160    opls_700    -6.809530   37.200390    2.414100
161    opls_145    -6.285550   35.905300    2.410350
162    opls_145    -8.201330   37.351410    2.404200
163    opls_145    -7.114980   34.808730    2.392200
164    opls_145    18.868450   10.360220    2.404350
165    opls_141    41.441230   23.137750    2.401650
166    opls_700    40.721200   21.851690    2.425650
167    opls_145    41.186230   20.780280    1.645200
168    opls_145    40.535030   19.565930    1.630650
169    opls_145    39.369440   19.393540    2.395050
170    opls_145    38.901400   20.450220    3.190500
171    opls_145    39.577280   21.641770    3.215250
172    opls_700   -11.939370   22.972480    2.380950
173    opls_145   -11.357540   21.959970    3.162300
174    opls_145    -9.998370   21.753380    3.168750
175    opls_145    -9.168670   22.588270    2.410500
176    opls_145    -9.735150   23.598890    1.621500
177    opls_145   -11.097880   23.774610    1.599150
178    opls_142    39.144600   17.097810    2.652450
179    opls_700    38.389210   15.873010    2.473950
180    opls_145    38.764030   14.729890    3.186450
181    opls_145    37.961740   13.605300    3.153000
182    opls_700    36.787380   13.609570    2.391000
183    opls_145    36.451500   14.743190    1.631550
184    opls_145    37.245280   15.862560    1.663500
185    opls_700    35.905310   12.451260    2.393400
186    opls_142    -7.043420   23.361910    2.776950
187    opls_700    -5.605830   23.285450    2.666400
188    opls_145    -4.803000   24.228620    3.315300
189    opls_145    -3.430680   24.161660    3.198300
190    opls_700    -2.835960   23.127780    2.464050
191    opls_145    -3.649210   22.181750    1.826100
192    opls_145    -5.016320   22.266280    1.903050
193    opls_700    -1.392620   22.993850    2.414100
194    opls_145    -0.533030   24.095170    2.410350
195    opls_145    -0.827510   21.713010    2.404200
196    opls_145     0.831620   23.924680    2.392200
197    opls_145    36.431760   11.160450    2.404350
198    opls_146    11.650380   24.757200    3.908250
199    opls_146    11.751830   21.504050    0.976650
200    opls_146     9.264910   21.470810    0.921900
201    opls_146     9.168950   24.723960    3.870300
202    opls_146    12.459240   21.067130    3.838500
203    opls_146    13.386000   18.768550    3.855300
204    opls_146    16.424040   19.984330    0.934950
205    opls_146    15.494530   22.278160    0.917100
206    opls_144     7.405900   21.242850    3.168300
207    opls_146     5.212370   20.530480    3.885150
208    opls_146     2.736430   20.772680    3.825150
209    opls_146     3.131260   24.059080    0.940200
210    opls_146     5.626400   23.831120    1.035300
211    opls_144    17.295970   18.635580    3.237000
212    opls_146    18.998690   17.092110    4.009500
213    opls_146    20.128360   14.888510    3.795300
214    opls_146    16.928550   13.478020    1.175100
215    opls_146    15.826300   15.719610    1.339950
216    opls_146    21.222380   13.402040    2.411700
217    opls_146    17.285000   11.730340    2.424600
218    opls_146     1.450470   24.776200    2.394450
219    opls_146     0.932250   20.535230    2.400600
220    opls_146     0.153550   45.202190    3.908250
221    opls_146     2.920130   46.916630    0.976650
222    opls_146     4.192380   44.779520    0.921900
223    opls_146     1.423050   43.069840    3.870300
224    opls_146    30.363910    0.256450    3.838500
225    opls_146    31.891160    2.208340    3.855300
226    opls_146    29.319240    4.231470    0.934950
227    opls_146    27.797480    2.279580    0.917100
228    opls_144     5.319310   43.283550    3.168300
229    opls_146     7.033000   41.740080    3.885150
230    opls_146     8.061220   39.474750    3.825150
231    opls_146     5.017700   38.173490    0.940200
232    opls_146     3.967540   40.448320    1.035300
233    opls_144    30.051330    5.660960    3.237000
234    opls_146    30.536650    7.907300    4.009500
235    opls_146    31.880190    9.987410    3.795300
236    opls_146    34.701610    7.921540    1.175100
237    opls_146    33.311460    5.846180    1.339950
238    opls_146    32.620500   11.678100    2.411700
239    opls_146    36.036920    9.104080    2.424600
240    opls_146     5.237050   36.359320    2.394450
241    opls_146     9.168950   38.031010    2.400600
242    opls_146   -11.803920   25.023150    3.908250
243    opls_146   -14.671960   26.561870    0.976650
244    opls_146   -13.457290   28.732220    0.921900
245    opls_146   -10.592000   27.188750    3.870300
246    opls_146    39.434150   26.167690    3.838500
247    opls_146    36.980140   26.514380    3.855300
248    opls_146    36.514020   23.275470    0.934950
249    opls_146    38.965280   22.933540    0.917100
250    opls_144   -12.725200   30.456150    3.168300
251    opls_146   -12.245370   32.711990    3.885150
252    opls_146   -10.797640   34.735120    3.825150
253    opls_146    -8.148960   32.749980    0.940200
254    opls_146    -9.593940   30.703110    1.035300
255    opls_144    34.910000   23.194740    3.237000
256    opls_146    32.721950   22.491870    4.009500
257    opls_146    30.248750   22.615340    3.795300
258    opls_146    30.627130   26.091710    1.175100
259    opls_146    33.119530   25.925490    1.339950
260    opls_146    28.414410   22.411130    2.411700
261    opls_146    28.935380   26.656850    2.424600
262    opls_146    -6.687520   33.847030    2.394450
263    opls_146   -10.101200   36.416310    2.400600
264    opls_146    15.768720   22.734070    3.908250
265    opls_146    15.667270   25.987230    0.976650
266    opls_146    18.154190   26.020470    0.921900
267    opls_146    18.250150   22.767320    3.870300
268    opls_146    14.959860   26.424150    3.838500
269    opls_146    14.033100   28.722720    3.855300
270    opls_146    10.995060   27.506950    0.934950
271    opls_146    11.924570   25.213120    0.917100
272    opls_144    20.013200   26.248430    3.168300
273    opls_146    22.206730   26.960800    3.885150
274    opls_146    24.682670   26.718590    3.825150
275    opls_146    24.287840   23.432190    0.940200
276    opls_146    21.792700   23.660150    1.035300
277    opls_144    10.123130   28.855700    3.237000
278    opls_146     8.420410   30.399160    4.009500
279    opls_146     7.290740   32.602760    3.795300
280    opls_146    10.490550   34.013250    1.175100
281    opls_146    11.592800   31.771660    1.339950
282    opls_146     6.196720   34.089240    2.411700
283    opls_146    10.134100   35.760930    2.424600
284    opls_146    25.968630   22.715080    2.394450
285    opls_146    26.486850   26.956050    2.400600
286    opls_146    27.265550    2.289080    3.908250
287    opls_146    24.498970    0.574640    0.976650
288    opls_146    23.226720    2.711750    0.921900
289    opls_146    25.996050    4.421440    3.870300
290    opls_146    -2.944810   47.234820    3.838500
291    opls_146    -4.472060   45.282930    3.855300
292    opls_146    -1.900140   43.259800    0.934950
293    opls_146    -0.378380   45.211690    0.917100
294    opls_144    22.099790    4.207730    3.168300
295    opls_146    20.386100    5.751190    3.885150
296    opls_146    19.357880    8.016530    3.825150
297    opls_146    22.401400    9.317790    0.940200
298    opls_146    23.451560    7.042960    1.035300
299    opls_144    -2.632230   41.830310    3.237000
300    opls_146    -3.117550   39.583980    4.009500
301    opls_146    -4.461090   37.503860    3.795300
302    opls_146    -7.282510   39.569730    1.175100
303    opls_146    -5.892360   41.645100    1.339950
304    opls_146    -5.201400   35.813170    2.411700
305    opls_146    -8.617820   38.387200    2.424600
306    opls_146    22.182050   11.131950    2.394450
307    opls_146    18.250150    9.460260    2.400600
308    opls_146    39.223020   22.468120    3.908250
309    opls_146    42.091060   20.929400    0.976650
310    opls_146    40.876390   18.759050    0.921900
311    opls_146    38.011100   20.302520    3.870300
312    opls_146   -12.015050   21.323580    3.838500
313    opls_146    -9.561040   20.976900    3.855300
314    opls_146    -9.094920   24.215800    0.934950
315    opls_146   -11.546180   24.557740    0.917100
316    opls_144    40.144300   17.035120    3.168300
317    opls_146    39.664470   14.779280    3.885150
318    opls_146    38.216740   12.756160    3.825150
319    opls_146    35.568060   14.741290    0.940200
320    opls_146    37.013040   16.788170    1.035300
321    opls_144    -7.490900   24.296540    3.237000
322    opls_146    -5.302850   24.999410    4.009500
323    opls_146    -2.829650   24.875930    3.795300
324    opls_146    -3.208030   21.399570    1.175100
325    opls_146    -5.700430   21.565790    1.339950
326    opls_146    -0.995310   25.080140    2.411700
327    opls_146    -1.516280   20.834420    2.424600
328    opls_146    34.106620   13.644240    2.394450
329    opls_146    37.520300   11.074970    2.400600
330    opls_750     7.691330   23.130630    2.325150
331    opls_750    15.498650   17.959780    2.415150
332    opls_750     3.542000   42.586380    2.325150
333    opls_750    31.535260    4.442330    2.415150
334    opls_750   -11.232510   29.265070    2.325150
335    opls_750    35.223400   25.089170    2.415150
336    opls_750    19.727770   24.360650    2.325150
337    opls_750    11.920450   29.531500    2.415150
338    opls_750    23.877370    4.904420    2.325150
339    opls_750    -4.116160   43.048940    2.415150
340    opls_750    38.652160   18.226200    2.325150
341    opls_750    -7.804300   22.402110    2.415150
