0      opls_750     1.119260   10.657510    0.985420
1      opls_750     4.266110    2.119260    7.340960
2      opls_750     4.814050   10.657510    7.565600
3      opls_750     1.667200    2.119260    1.210050
4      opls_142     1.761620   11.568830    1.326690
5      opls_145     4.187950   12.743160    7.845390
6      opls_145     3.981210   13.805710    7.208330
7      opls_145     4.111590   14.955590    7.717630
8      opls_145     4.809310    0.033760    0.346910
9      opls_145     4.990100   13.977950    0.998500
10     opls_145     4.892090   12.833480    0.471420
11     opls_142     1.899870    1.034200    1.591000
12     opls_145     5.019010    9.569450    6.890580
13     opls_145    -0.182780    9.008310    6.928720
14     opls_145     0.151570    8.100590    6.121330
15     opls_145     5.672740    7.717250    5.287090
16     opls_145     4.508470    8.212670    5.302570
17     opls_145     4.177220    9.131940    6.103290
18     opls_145     0.551260    5.031160    3.418950
19     opls_145     5.534830    5.082020    6.345280
20     opls_145     5.022070    4.182400    7.081610
21     opls_145     4.427680    3.185110    6.617370
22     opls_145     4.171570    3.200270    5.423050
23     opls_145     4.638010    4.120290    4.691510
24     opls_142     4.171690   11.568830    7.224330
25     opls_145     1.745360   12.743160    0.705630
26     opls_145     1.952100   13.805710    1.342680
27     opls_145     1.821720   14.955590    0.833380
28     opls_145     1.124000    0.033760    8.204100
29     opls_145     0.943210   13.977950    7.552510
30     opls_145     1.041220   12.833480    8.079600
31     opls_142     4.033440    1.034200    6.960010
32     opls_145     0.914300    9.569450    1.660440
33     opls_145     6.116090    9.008310    1.622300
34     opls_145     5.781740    8.100590    2.429690
35     opls_145     0.260570    7.717250    3.263920
36     opls_145     1.424840    8.212670    3.248450
37     opls_145     1.756090    9.131940    2.447730
38     opls_145     5.382050    5.031160    5.132060
39     opls_145     0.398480    5.082020    2.205730
40     opls_145     0.911240    4.182400    1.469410
41     opls_145     1.505630    3.185110    1.933640
42     opls_145     1.761740    3.200270    3.127960
43     opls_145     1.295300    4.120290    3.859500
44     opls_141    -0.199290    6.991680    4.275510
45     opls_141    -0.199290    5.760930    4.275510
46     opls_144     2.166080   11.544070    2.173330
47     opls_146     3.768640   13.737450    6.293120
48     opls_146     4.926200    0.915070    0.751550
49     opls_146     5.237950   14.044870    1.902860
50     opls_146     5.075700   12.019980    0.968920
51     opls_144     2.020320    0.872310    2.510410
52     opls_146     0.469320    9.340490    7.529680
53     opls_146     1.061920    7.737510    6.107480
54     opls_146     3.887910    7.929100    4.653980
55     opls_146     3.285180    9.529240    6.078920
56     opls_146     6.111360    5.758980    6.715880
57     opls_146     5.156170    4.204760    8.008200
58     opls_146     3.661430    2.482800    5.036720
59     opls_146     4.490050    4.074380    3.760570
60     opls_144     3.767230   11.544070    6.377690
61     opls_146     2.164680   13.737450    2.257900
62     opls_146     1.007110    0.915070    7.799470
63     opls_146     0.695360   14.044870    6.648160
64     opls_146     0.857610   12.019980    7.582100
65     opls_144     3.913000    0.872310    6.040610
66     opls_146     5.463990    9.340490    1.021330
67     opls_146     4.871390    7.737510    2.443540
68     opls_146     2.045400    7.929100    3.897040
69     opls_146     2.648140    9.529240    2.472100
70     opls_146    -0.178050    5.758980    1.835130
71     opls_146     0.777140    4.204760    0.542820
72     opls_146     2.271880    2.482800    3.514300
73     opls_146     1.443260    4.074380    4.790450
