0      opls_145    59.984580   65.398740   17.177530
1      opls_145    58.566850   65.333070   17.176570
2      opls_145    53.466570    0.454410   14.697370
3      opls_700    36.338250   65.461120    3.559470
4      opls_145    36.976520    0.983020    4.013560
5      opls_145    37.922110    0.927860    5.080760
6      opls_145    38.232720   65.357370    5.717130
7      opls_145    37.614800   64.158970    5.232770
8      opls_145    36.671180   64.214780    4.163970
9      opls_142    39.354290   64.403240    7.733000
10     opls_700    40.334680   64.557560    8.868390
11     opls_145    40.429240   63.537760    9.867080
12     opls_145    41.315730   63.678950   10.976670
13     opls_700    42.128680   64.843860   11.108910
14     opls_145    42.045940    0.191090   10.096520
15     opls_145    41.158140    0.050560    8.987250
16     opls_700    43.031590   65.014590   12.317600
17     opls_145    43.756540   63.903520   12.852630
18     opls_145    44.555690   64.053900   14.027230
19     opls_916    44.645660   65.315340   14.682080
20     opls_145    43.945660    0.765010   14.144180
21     opls_145    43.144530    0.617260   12.970860
22     opls_145    52.052120    0.338840   17.173390
23     opls_145    49.013760    0.091930   17.169880
24     opls_145    47.600630   65.638420   17.167970
25     opls_543     0.062380   33.923060   28.980170
26     opls_543     0.157600   35.686190    1.103530
27     opls_716     0.238370   37.031030    0.698190
28     opls_716    33.521840   65.627260   27.617880
29     opls_700    30.385630    0.139210    2.477290
30     opls_700    65.503150    3.462570   15.933150
31     opls_543    64.288330    2.729740   15.933150
32     opls_716    63.022290    3.339770   15.933150
33     opls_700    60.698370   65.432890   15.933150
34     opls_145    57.855030   65.304840   15.933150
35     opls_700    51.300910    0.277770   15.933150
36     opls_700    49.764980    0.152350   15.933150
37     opls_916    46.869760   65.568160   15.933150
38     opls_543    62.818720    1.115010   15.933150
39     opls_716    62.093110    2.318670   15.933150
40     opls_142    55.656530    0.638270   15.933150
41     opls_700    54.176420    0.510220   15.933150
42     opls_145     5.681420    0.267260   17.177530
43     opls_145     7.099150    0.332930   17.176570
44     opls_145    12.199430   65.211590   14.697370
45     opls_700    29.327750    0.204880    3.559470
46     opls_145    28.689480   64.682980    4.013560
47     opls_145    27.743880   64.738140    5.080760
48     opls_145    27.433280    0.308630    5.717130
49     opls_145    28.051200    1.507030    5.232770
50     opls_145    28.994820    1.451220    4.163970
51     opls_142    26.311710    1.262760    7.733000
52     opls_700    25.331320    1.108440    8.868390
53     opls_145    25.236760    2.128240    9.867080
54     opls_145    24.350270    1.987050   10.976670
55     opls_700    23.537320    0.822140   11.108910
56     opls_145    23.620060   65.474910   10.096520
57     opls_145    24.507860   65.615440    8.987250
58     opls_700    22.634410    0.651410   12.317600
59     opls_145    21.909460    1.762480   12.852630
60     opls_145    21.110310    1.612100   14.027230
61     opls_916    21.020340    0.350660   14.682080
62     opls_145    21.720340   64.900990   14.144180
63     opls_145    22.521470   65.048740   12.970860
64     opls_145    13.613880   65.327160   17.173390
65     opls_145    16.652240   65.574070   17.169880
66     opls_145    18.065370    0.027580   17.167970
67     opls_543    65.603620   31.742940   28.980170
68     opls_543    65.508400   29.979810    1.103530
69     opls_716    65.427630   28.634970    0.698190
70     opls_716    32.144160    0.038740   27.617880
71     opls_700    35.280370   65.526790    2.477290
72     opls_700     0.162850   62.203430   15.933150
73     opls_543     1.377670   62.936260   15.933150
74     opls_716     2.643710   62.326230   15.933150
75     opls_700     4.967630    0.233110   15.933150
76     opls_145     7.810970    0.361160   15.933150
77     opls_700    14.365090   65.388230   15.933150
78     opls_700    15.901020   65.513650   15.933150
79     opls_916    18.796240    0.097840   15.933150
80     opls_543     2.847280   64.550990   15.933150
81     opls_716     3.572890   63.347330   15.933150
82     opls_142    10.009470   65.027730   15.933150
83     opls_700    11.489580   65.155780   15.933150
84     opls_145     0.267260   59.984580   17.177530
85     opls_145     0.332930   58.566850   17.176570
86     opls_145    65.211590   53.466570   14.697370
87     opls_700     0.204880   36.338250    3.559470
88     opls_145    64.682980   36.976520    4.013560
89     opls_145    64.738140   37.922110    5.080760
90     opls_145     0.308630   38.232720    5.717130
91     opls_145     1.507030   37.614800    5.232770
92     opls_145     1.451220   36.671180    4.163970
93     opls_142     1.262760   39.354290    7.733000
94     opls_700     1.108440   40.334680    8.868390
95     opls_145     2.128240   40.429240    9.867080
96     opls_145     1.987050   41.315730   10.976670
97     opls_700     0.822140   42.128680   11.108910
98     opls_145    65.474910   42.045940   10.096520
99     opls_145    65.615440   41.158140    8.987250
100    opls_700     0.651410   43.031590   12.317600
101    opls_145     1.762480   43.756540   12.852630
102    opls_145     1.612100   44.555690   14.027230
103    opls_916     0.350660   44.645660   14.682080
104    opls_145    64.900990   43.945660   14.144180
105    opls_145    65.048740   43.144530   12.970860
106    opls_145    65.327160   52.052120   17.173390
107    opls_145    65.574070   49.013760   17.169880
108    opls_145     0.027580   47.600630   17.167970
109    opls_543    31.742940    0.062380   28.980170
110    opls_543    29.979810    0.157600    1.103530
111    opls_716    28.634970    0.238370    0.698190
112    opls_716     0.038740   33.521840   27.617880
113    opls_700    65.526790   30.385630    2.477290
114    opls_700    62.203430   65.503150   15.933150
115    opls_543    62.936260   64.288330   15.933150
116    opls_716    62.326230   63.022290   15.933150
117    opls_700     0.233110   60.698370   15.933150
118    opls_145     0.361160   57.855030   15.933150
119    opls_700    65.388230   51.300910   15.933150
120    opls_700    65.513650   49.764980   15.933150
121    opls_916     0.097840   46.869760   15.933150
122    opls_543    64.550990   62.818720   15.933150
123    opls_716    63.347330   62.093110   15.933150
124    opls_142    65.027730   55.656530   15.933150
125    opls_700    65.155780   54.176420   15.933150
126    opls_145    65.398740    5.681420   17.177530
127    opls_145    65.333070    7.099150   17.176570
128    opls_145     0.454410   12.199430   14.697370
129    opls_700    65.461120   29.327750    3.559470
130    opls_145     0.983020   28.689480    4.013560
131    opls_145     0.927860   27.743880    5.080760
132    opls_145    65.357370   27.433280    5.717130
133    opls_145    64.158970   28.051200    5.232770
134    opls_145    64.214780   28.994820    4.163970
135    opls_142    64.403240   26.311710    7.733000
136    opls_700    64.557560   25.331320    8.868390
137    opls_145    63.537760   25.236760    9.867080
138    opls_145    63.678950   24.350270   10.976670
139    opls_700    64.843860   23.537320   11.108910
140    opls_145     0.191090   23.620060   10.096520
141    opls_145     0.050560   24.507860    8.987250
142    opls_700    65.014590   22.634410   12.317600
143    opls_145    63.903520   21.909460   12.852630
144    opls_145    64.053900   21.110310   14.027230
145    opls_916    65.315340   21.020340   14.682080
146    opls_145     0.765010   21.720340   14.144180
147    opls_145     0.617260   22.521470   12.970860
148    opls_145     0.338840   13.613880   17.173390
149    opls_145     0.091930   16.652240   17.169880
150    opls_145    65.638420   18.065370   17.167970
151    opls_543    33.923060   65.603620   28.980170
152    opls_543    35.686190   65.508400    1.103530
153    opls_716    37.031030   65.427630    0.698190
154    opls_716    65.627260   32.144160   27.617880
155    opls_700     0.139210   35.280370    2.477290
156    opls_700     3.462570    0.162850   15.933150
157    opls_543     2.729740    1.377670   15.933150
158    opls_716     3.339770    2.643710   15.933150
159    opls_700    65.432890    4.967630   15.933150
160    opls_145    65.304840    7.810970   15.933150
161    opls_700     0.277770   14.365090   15.933150
162    opls_700     0.152350   15.901020   15.933150
163    opls_916    65.568160   18.796240   15.933150
164    opls_543     1.115010    2.847280   15.933150
165    opls_716     2.318670    3.572890   15.933150
166    opls_142     0.638270   10.009470   15.933150
167    opls_700     0.510220   11.489580   15.933150
168    opls_145     5.681420    0.267260   14.688770
169    opls_145     7.099150    0.332930   14.689730
170    opls_145    12.199430   65.211590   17.168930
171    opls_700    29.327750    0.204880   28.306830
172    opls_145    28.689480   64.682980   27.852740
173    opls_145    27.743880   64.738140   26.785540
174    opls_145    27.433280    0.308630   26.149170
175    opls_145    28.051200    1.507030   26.633530
176    opls_145    28.994820    1.451220   27.702330
177    opls_142    26.311710    1.262760   24.133300
178    opls_700    25.331320    1.108440   22.997910
179    opls_145    25.236760    2.128240   21.999220
180    opls_145    24.350270    1.987050   20.889630
181    opls_700    23.537320    0.822140   20.757390
182    opls_145    23.620060   65.474910   21.769780
183    opls_145    24.507860   65.615440   22.879050
184    opls_700    22.634410    0.651410   19.548700
185    opls_145    21.909460    1.762480   19.013670
186    opls_145    21.110310    1.612100   17.839070
187    opls_916    21.020340    0.350660   17.184220
188    opls_145    21.720340   64.900990   17.722120
189    opls_145    22.521470   65.048740   18.895440
190    opls_145    13.613880   65.327160   14.692910
191    opls_145    16.652240   65.574070   14.696420
192    opls_145    18.065370    0.027580   14.698330
193    opls_543    65.603620   31.742940    2.886130
194    opls_543    65.508400   29.979810   30.762770
195    opls_716    65.427630   28.634970   31.168110
196    opls_716    32.144160    0.038740    4.248420
197    opls_700    35.280370   65.526790   29.389010
198    opls_145    59.984580   65.398740   14.688770
199    opls_145    58.566850   65.333070   14.689730
200    opls_145    53.466570    0.454410   17.168930
201    opls_700    36.338250   65.461120   28.306830
202    opls_145    36.976520    0.983020   27.852740
203    opls_145    37.922110    0.927860   26.785540
204    opls_145    38.232720   65.357370   26.149170
205    opls_145    37.614800   64.158970   26.633530
206    opls_145    36.671180   64.214780   27.702330
207    opls_142    39.354290   64.403240   24.133300
208    opls_700    40.334680   64.557560   22.997910
209    opls_145    40.429240   63.537760   21.999220
210    opls_145    41.315730   63.678950   20.889630
211    opls_700    42.128680   64.843860   20.757390
212    opls_145    42.045940    0.191090   21.769780
213    opls_145    41.158140    0.050560   22.879050
214    opls_700    43.031590   65.014590   19.548700
215    opls_145    43.756540   63.903520   19.013670
216    opls_145    44.555690   64.053900   17.839070
217    opls_916    44.645660   65.315340   17.184220
218    opls_145    43.945660    0.765010   17.722120
219    opls_145    43.144530    0.617260   18.895440
220    opls_145    52.052120    0.338840   14.692910
221    opls_145    49.013760    0.091930   14.696420
222    opls_145    47.600630   65.638420   14.698330
223    opls_543     0.062380   33.923060    2.886130
224    opls_543     0.157600   35.686190   30.762770
225    opls_716     0.238370   37.031030   31.168110
226    opls_716    33.521840   65.627260    4.248420
227    opls_700    30.385630    0.139210   29.389010
228    opls_145    65.398740    5.681420   14.688770
229    opls_145    65.333070    7.099150   14.689730
230    opls_145     0.454410   12.199430   17.168930
231    opls_700    65.461120   29.327750   28.306830
232    opls_145     0.983020   28.689480   27.852740
233    opls_145     0.927860   27.743880   26.785540
234    opls_145    65.357370   27.433280   26.149170
235    opls_145    64.158970   28.051200   26.633530
236    opls_145    64.214780   28.994820   27.702330
237    opls_142    64.403240   26.311710   24.133300
238    opls_700    64.557560   25.331320   22.997910
239    opls_145    63.537760   25.236760   21.999220
240    opls_145    63.678950   24.350270   20.889630
241    opls_700    64.843860   23.537320   20.757390
242    opls_145     0.191090   23.620060   21.769780
243    opls_145     0.050560   24.507860   22.879050
244    opls_700    65.014590   22.634410   19.548700
245    opls_145    63.903520   21.909460   19.013670
246    opls_145    64.053900   21.110310   17.839070
247    opls_916    65.315340   21.020340   17.184220
248    opls_145     0.765010   21.720340   17.722120
249    opls_145     0.617260   22.521470   18.895440
250    opls_145     0.338840   13.613880   14.692910
251    opls_145     0.091930   16.652240   14.696420
252    opls_145    65.638420   18.065370   14.698330
253    opls_543    33.923060   65.603620    2.886130
254    opls_543    35.686190   65.508400   30.762770
255    opls_716    37.031030   65.427630   31.168110
256    opls_716    65.627260   32.144160    4.248420
257    opls_700     0.139210   35.280370   29.389010
258    opls_145     0.267260   59.984580   14.688770
259    opls_145     0.332930   58.566850   14.689730
260    opls_145    65.211590   53.466570   17.168930
261    opls_700     0.204880   36.338250   28.306830
262    opls_145    64.682980   36.976520   27.852740
263    opls_145    64.738140   37.922110   26.785540
264    opls_145     0.308630   38.232720   26.149170
265    opls_145     1.507030   37.614800   26.633530
266    opls_145     1.451220   36.671180   27.702330
267    opls_142     1.262760   39.354290   24.133300
268    opls_700     1.108440   40.334680   22.997910
269    opls_145     2.128240   40.429240   21.999220
270    opls_145     1.987050   41.315730   20.889630
271    opls_700     0.822140   42.128680   20.757390
272    opls_145    65.474910   42.045940   21.769780
273    opls_145    65.615440   41.158140   22.879050
274    opls_700     0.651410   43.031590   19.548700
275    opls_145     1.762480   43.756540   19.013670
276    opls_145     1.612100   44.555690   17.839070
277    opls_916     0.350660   44.645660   17.184220
278    opls_145    64.900990   43.945660   17.722120
279    opls_145    65.048740   43.144530   18.895440
280    opls_145    65.327160   52.052120   14.692910
281    opls_145    65.574070   49.013760   14.696420
282    opls_145     0.027580   47.600630   14.698330
283    opls_543    31.742940    0.062380    2.886130
284    opls_543    29.979810    0.157600   30.762770
285    opls_716    28.634970    0.238370   31.168110
286    opls_716     0.038740   33.521840    4.248420
287    opls_700    65.526790   30.385630   29.389010
288    opls_145    27.151580   32.565740    1.244380
289    opls_145    25.733850   32.500070    1.243420
290    opls_145    20.633570   33.287410   30.630520
291    opls_700     3.505250   32.628120   19.492620
292    opls_145     4.143520   33.816020   19.946710
293    opls_145     5.089110   33.760860   21.013910
294    opls_145     5.399720   32.524370   21.650280
295    opls_145     4.781800   31.325970   21.165920
296    opls_145     3.838180   31.381780   20.097120
297    opls_142     6.521290   31.570240   23.666150
298    opls_700     7.501680   31.724560   24.801540
299    opls_145     7.596240   30.704760   25.800230
300    opls_145     8.482730   30.845950   26.909820
301    opls_700     9.295680   32.010860   27.042060
302    opls_145     9.212940   33.024090   26.029670
303    opls_145     8.325140   32.883560   24.920400
304    opls_700    10.198590   32.181590   28.250750
305    opls_145    10.923540   31.070520   28.785780
306    opls_145    11.722690   31.220900   29.960380
307    opls_916    11.812660   32.482340   30.615230
308    opls_145    11.112660   33.598010   30.077330
309    opls_145    10.311530   33.450260   28.904010
310    opls_145    19.219120   33.171840    1.240240
311    opls_145    16.180760   32.924930    1.236730
312    opls_145    14.767630   32.805420    1.234820
313    opls_543    32.895380    1.090060   13.047020
314    opls_543    32.990600    2.853190   17.036680
315    opls_716    33.071370    4.198030   16.631340
316    opls_716     0.688840   32.794260   11.684730
317    opls_700    63.218630   32.972210   18.410440
318    opls_700    32.670150   36.295570    0.000000
319    opls_543    31.455330   35.562740    0.000000
320    opls_716    30.189290   36.172770    0.000000
321    opls_700    27.865370   32.599890    0.000000
322    opls_145    25.022030   32.471840    0.000000
323    opls_700    18.467910   33.110770    0.000000
324    opls_700    16.931980   32.985350    0.000000
325    opls_916    14.036760   32.735160    0.000000
326    opls_543    29.985720   33.948010    0.000000
327    opls_716    29.260110   35.151670    0.000000
328    opls_142    22.823530   33.471270    0.000000
329    opls_700    21.343420   33.343220    0.000000
330    opls_145    38.514420   33.100260    1.244380
331    opls_145    39.932150   33.165930    1.243420
332    opls_145    45.032430   32.378590   30.630520
333    opls_700    62.160750   33.037880   19.492620
334    opls_145    61.522480   31.849980   19.946710
335    opls_145    60.576880   31.905140   21.013910
336    opls_145    60.266280   33.141630   21.650280
337    opls_145    60.884200   34.340030   21.165920
338    opls_145    61.827820   34.284220   20.097120
339    opls_142    59.144710   34.095760   23.666150
340    opls_700    58.164320   33.941440   24.801540
341    opls_145    58.069760   34.961240   25.800230
342    opls_145    57.183270   34.820050   26.909820
343    opls_700    56.370320   33.655140   27.042060
344    opls_145    56.453060   32.641910   26.029670
345    opls_145    57.340860   32.782440   24.920400
346    opls_700    55.467410   33.484410   28.250750
347    opls_145    54.742460   34.595480   28.785780
348    opls_145    53.943310   34.445100   29.960380
349    opls_916    53.853340   33.183660   30.615230
350    opls_145    54.553340   32.067990   30.077330
351    opls_145    55.354470   32.215740   28.904010
352    opls_145    46.446880   32.494160    1.240240
353    opls_145    49.485240   32.741070    1.236730
354    opls_145    50.898370   32.860580    1.234820
355    opls_543    32.770620   64.575940   13.047020
356    opls_543    32.675400   62.812810   17.036680
357    opls_716    32.594630   61.467970   16.631340
358    opls_716    64.977160   32.871740   11.684730
359    opls_700     2.447370   32.693790   18.410440
360    opls_700    32.995850   29.370430    0.000000
361    opls_543    34.210670   30.103260    0.000000
362    opls_716    35.476710   29.493230    0.000000
363    opls_700    37.800630   33.066110    0.000000
364    opls_145    40.643970   33.194160    0.000000
365    opls_700    47.198090   32.555230    0.000000
366    opls_700    48.734020   32.680650    0.000000
367    opls_916    51.629240   32.930840    0.000000
368    opls_543    35.680280   31.717990    0.000000
369    opls_716    36.405890   30.514330    0.000000
370    opls_142    42.842470   32.194730    0.000000
371    opls_700    44.322580   32.322780    0.000000
372    opls_145    33.100260   27.151580    1.244380
373    opls_145    33.165930   25.733850    1.243420
374    opls_145    32.378590   20.633570   30.630520
375    opls_700    33.037880    3.505250   19.492620
376    opls_145    31.849980    4.143520   19.946710
377    opls_145    31.905140    5.089110   21.013910
378    opls_145    33.141630    5.399720   21.650280
379    opls_145    34.340030    4.781800   21.165920
380    opls_145    34.284220    3.838180   20.097120
381    opls_142    34.095760    6.521290   23.666150
382    opls_700    33.941440    7.501680   24.801540
383    opls_145    34.961240    7.596240   25.800230
384    opls_145    34.820050    8.482730   26.909820
385    opls_700    33.655140    9.295680   27.042060
386    opls_145    32.641910    9.212940   26.029670
387    opls_145    32.782440    8.325140   24.920400
388    opls_700    33.484410   10.198590   28.250750
389    opls_145    34.595480   10.923540   28.785780
390    opls_145    34.445100   11.722690   29.960380
391    opls_916    33.183660   11.812660   30.615230
392    opls_145    32.067990   11.112660   30.077330
393    opls_145    32.215740   10.311530   28.904010
394    opls_145    32.494160   19.219120    1.240240
395    opls_145    32.741070   16.180760    1.236730
396    opls_145    32.860580   14.767630    1.234820
397    opls_543    64.575940   32.895380   13.047020
398    opls_543    62.812810   32.990600   17.036680
399    opls_716    61.467970   33.071370   16.631340
400    opls_716    32.871740    0.688840   11.684730
401    opls_700    32.693790   63.218630   18.410440
402    opls_700    29.370430   32.670150    0.000000
403    opls_543    30.103260   31.455330    0.000000
404    opls_716    29.493230   30.189290    0.000000
405    opls_700    33.066110   27.865370    0.000000
406    opls_145    33.194160   25.022030    0.000000
407    opls_700    32.555230   18.467910    0.000000
408    opls_700    32.680650   16.931980    0.000000
409    opls_916    32.930840   14.036760    0.000000
410    opls_543    31.717990   29.985720    0.000000
411    opls_716    30.514330   29.260110    0.000000
412    opls_142    32.194730   22.823530    0.000000
413    opls_700    32.322780   21.343420    0.000000
414    opls_145    32.565740   38.514420    1.244380
415    opls_145    32.500070   39.932150    1.243420
416    opls_145    33.287410   45.032430   30.630520
417    opls_700    32.628120   62.160750   19.492620
418    opls_145    33.816020   61.522480   19.946710
419    opls_145    33.760860   60.576880   21.013910
420    opls_145    32.524370   60.266280   21.650280
421    opls_145    31.325970   60.884200   21.165920
422    opls_145    31.381780   61.827820   20.097120
423    opls_142    31.570240   59.144710   23.666150
424    opls_700    31.724560   58.164320   24.801540
425    opls_145    30.704760   58.069760   25.800230
426    opls_145    30.845950   57.183270   26.909820
427    opls_700    32.010860   56.370320   27.042060
428    opls_145    33.024090   56.453060   26.029670
429    opls_145    32.883560   57.340860   24.920400
430    opls_700    32.181590   55.467410   28.250750
431    opls_145    31.070520   54.742460   28.785780
432    opls_145    31.220900   53.943310   29.960380
433    opls_916    32.482340   53.853340   30.615230
434    opls_145    33.598010   54.553340   30.077330
435    opls_145    33.450260   55.354470   28.904010
436    opls_145    33.171840   46.446880    1.240240
437    opls_145    32.924930   49.485240    1.236730
438    opls_145    32.805420   50.898370    1.234820
439    opls_543     1.090060   32.770620   13.047020
440    opls_543     2.853190   32.675400   17.036680
441    opls_716     4.198030   32.594630   16.631340
442    opls_716    32.794260   64.977160   11.684730
443    opls_700    32.972210    2.447370   18.410440
444    opls_700    36.295570   32.995850    0.000000
445    opls_543    35.562740   34.210670    0.000000
446    opls_716    36.172770   35.476710    0.000000
447    opls_700    32.599890   37.800630    0.000000
448    opls_145    32.471840   40.643970    0.000000
449    opls_700    33.110770   47.198090    0.000000
450    opls_700    32.985350   48.734020    0.000000
451    opls_916    32.735160   51.629240    0.000000
452    opls_543    33.948010   35.680280    0.000000
453    opls_716    35.151670   36.405890    0.000000
454    opls_142    33.471270   42.842470    0.000000
455    opls_700    33.343220   44.322580    0.000000
456    opls_145    38.514420   33.100260   30.621920
457    opls_145    39.932150   33.165930   30.622880
458    opls_145    45.032430   32.378590    1.235780
459    opls_700    62.160750   33.037880   12.373680
460    opls_145    61.522480   31.849980   11.919590
461    opls_145    60.576880   31.905140   10.852390
462    opls_145    60.266280   33.141630   10.216020
463    opls_145    60.884200   34.340030   10.700380
464    opls_145    61.827820   34.284220   11.769180
465    opls_142    59.144710   34.095760    8.200150
466    opls_700    58.164320   33.941440    7.064760
467    opls_145    58.069760   34.961240    6.066070
468    opls_145    57.183270   34.820050    4.956480
469    opls_700    56.370320   33.655140    4.824240
470    opls_145    56.453060   32.641910    5.836630
471    opls_145    57.340860   32.782440    6.945900
472    opls_700    55.467410   33.484410    3.615550
473    opls_145    54.742460   34.595480    3.080520
474    opls_145    53.943310   34.445100    1.905920
475    opls_916    53.853340   33.183660    1.251070
476    opls_145    54.553340   32.067990    1.788970
477    opls_145    55.354470   32.215740    2.962290
478    opls_145    46.446880   32.494160   30.626060
479    opls_145    49.485240   32.741070   30.629570
480    opls_145    50.898370   32.860580   30.631480
481    opls_543    32.770620   64.575940   18.819280
482    opls_543    32.675400   62.812810   14.829620
483    opls_716    32.594630   61.467970   15.234960
484    opls_716    64.977160   32.871740   20.181570
485    opls_700     2.447370   32.693790   13.455860
486    opls_145    27.151580   32.565740   30.621920
487    opls_145    25.733850   32.500070   30.622880
488    opls_145    20.633570   33.287410    1.235780
489    opls_700     3.505250   32.628120   12.373680
490    opls_145     4.143520   33.816020   11.919590
491    opls_145     5.089110   33.760860   10.852390
492    opls_145     5.399720   32.524370   10.216020
493    opls_145     4.781800   31.325970   10.700380
494    opls_145     3.838180   31.381780   11.769180
495    opls_142     6.521290   31.570240    8.200150
496    opls_700     7.501680   31.724560    7.064760
497    opls_145     7.596240   30.704760    6.066070
498    opls_145     8.482730   30.845950    4.956480
499    opls_700     9.295680   32.010860    4.824240
500    opls_145     9.212940   33.024090    5.836630
501    opls_145     8.325140   32.883560    6.945900
502    opls_700    10.198590   32.181590    3.615550
503    opls_145    10.923540   31.070520    3.080520
504    opls_145    11.722690   31.220900    1.905920
505    opls_916    11.812660   32.482340    1.251070
506    opls_145    11.112660   33.598010    1.788970
507    opls_145    10.311530   33.450260    2.962290
508    opls_145    19.219120   33.171840   30.626060
509    opls_145    16.180760   32.924930   30.629570
510    opls_145    14.767630   32.805420   30.631480
511    opls_543    32.895380    1.090060   18.819280
512    opls_543    32.990600    2.853190   14.829620
513    opls_716    33.071370    4.198030   15.234960
514    opls_716     0.688840   32.794260   20.181570
515    opls_700    63.218630   32.972210   13.455860
516    opls_145    32.565740   38.514420   30.621920
517    opls_145    32.500070   39.932150   30.622880
518    opls_145    33.287410   45.032430    1.235780
519    opls_700    32.628120   62.160750   12.373680
520    opls_145    33.816020   61.522480   11.919590
521    opls_145    33.760860   60.576880   10.852390
522    opls_145    32.524370   60.266280   10.216020
523    opls_145    31.325970   60.884200   10.700380
524    opls_145    31.381780   61.827820   11.769180
525    opls_142    31.570240   59.144710    8.200150
526    opls_700    31.724560   58.164320    7.064760
527    opls_145    30.704760   58.069760    6.066070
528    opls_145    30.845950   57.183270    4.956480
529    opls_700    32.010860   56.370320    4.824240
530    opls_145    33.024090   56.453060    5.836630
531    opls_145    32.883560   57.340860    6.945900
532    opls_700    32.181590   55.467410    3.615550
533    opls_145    31.070520   54.742460    3.080520
534    opls_145    31.220900   53.943310    1.905920
535    opls_916    32.482340   53.853340    1.251070
536    opls_145    33.598010   54.553340    1.788970
537    opls_145    33.450260   55.354470    2.962290
538    opls_145    33.171840   46.446880   30.626060
539    opls_145    32.924930   49.485240   30.629570
540    opls_145    32.805420   50.898370   30.631480
541    opls_543     1.090060   32.770620   18.819280
542    opls_543     2.853190   32.675400   14.829620
543    opls_716     4.198030   32.594630   15.234960
544    opls_716    32.794260   64.977160   20.181570
545    opls_700    32.972210    2.447370   13.455860
546    opls_145    33.100260   27.151580   30.621920
547    opls_145    33.165930   25.733850   30.622880
548    opls_145    32.378590   20.633570    1.235780
549    opls_700    33.037880    3.505250   12.373680
550    opls_145    31.849980    4.143520   11.919590
551    opls_145    31.905140    5.089110   10.852390
552    opls_145    33.141630    5.399720   10.216020
553    opls_145    34.340030    4.781800   10.700380
554    opls_145    34.284220    3.838180   11.769180
555    opls_142    34.095760    6.521290    8.200150
556    opls_700    33.941440    7.501680    7.064760
557    opls_145    34.961240    7.596240    6.066070
558    opls_145    34.820050    8.482730    4.956480
559    opls_700    33.655140    9.295680    4.824240
560    opls_145    32.641910    9.212940    5.836630
561    opls_145    32.782440    8.325140    6.945900
562    opls_700    33.484410   10.198590    3.615550
563    opls_145    34.595480   10.923540    3.080520
564    opls_145    34.445100   11.722690    1.905920
565    opls_916    33.183660   11.812660    1.251070
566    opls_145    32.067990   11.112660    1.788970
567    opls_145    32.215740   10.311530    2.962290
568    opls_145    32.494160   19.219120   30.626060
569    opls_145    32.741070   16.180760   30.629570
570    opls_145    32.860580   14.767630   30.631480
571    opls_543    64.575940   32.895380   18.819280
572    opls_543    62.812810   32.990600   14.829620
573    opls_716    61.467970   33.071370   15.234960
574    opls_716    32.871740    0.688840   20.181570
575    opls_700    32.693790   63.218630   13.455860
576    opls_750    39.176990   65.368530    6.842330
577    opls_750    56.407750   65.225380   15.933150
578    opls_542    64.173410    1.358630   15.933150
579    opls_239    45.402130   65.447330   15.933150
580    opls_542    30.816400    0.108350    0.000000
581    opls_542    32.833000    0.000000    2.038810
582    opls_750    26.489010    0.297470    6.842330
583    opls_750     9.258250    0.440620   15.933150
584    opls_542     1.492590   64.307370   15.933150
585    opls_239    20.263870    0.218670   15.933150
586    opls_542    34.849600   65.557650    0.000000
587    opls_750     0.297470   39.176990    6.842330
588    opls_750     0.440620   56.407750   15.933150
589    opls_542    64.307370   64.173410   15.933150
590    opls_239     0.218670   45.402130   15.933150
591    opls_542    65.557650   30.816400    0.000000
592    opls_542     0.000000   32.833000    2.038810
593    opls_750    65.368530   26.489010    6.842330
594    opls_750    65.225380    9.258250   15.933150
595    opls_542     1.358630    1.492590   15.933150
596    opls_239    65.447330   20.263870   15.933150
597    opls_542     0.108350   34.849600    0.000000
598    opls_750    26.489010    0.297470   25.023970
599    opls_542    32.833000    0.000000   29.827490
600    opls_750    39.176990   65.368530   25.023970
601    opls_750    65.368530   26.489010   25.023970
602    opls_542     0.000000   32.833000   29.827490
603    opls_750     0.297470   39.176990   25.023970
604    opls_750     6.343990   32.535530   22.775480
605    opls_750    23.574750   32.392380    0.000000
606    opls_542    31.340410   34.191630    0.000000
607    opls_239    12.569130   32.614330    0.000000
608    opls_542    63.649400   32.941350   15.933150
609    opls_542     0.000000   32.833000   17.971960
610    opls_750    59.322010   33.130470   22.775480
611    opls_750    42.091250   33.273620    0.000000
612    opls_542    34.325590   31.474370    0.000000
613    opls_239    53.096870   33.051670    0.000000
614    opls_542     2.016600   32.724650   15.933150
615    opls_750    33.130470    6.343990   22.775480
616    opls_750    33.273620   23.574750    0.000000
617    opls_542    31.474370   31.340410    0.000000
618    opls_239    33.051670   12.569130    0.000000
619    opls_542    32.724650   63.649400   15.933150
620    opls_542    32.833000    0.000000   17.971960
621    opls_750    32.535530   59.322010   22.775480
622    opls_750    32.392380   42.091250    0.000000
623    opls_542    34.191630   34.325590    0.000000
624    opls_239    32.614330   53.096870    0.000000
625    opls_542    32.941350    2.016600   15.933150
626    opls_750    59.322010   33.130470    9.090820
627    opls_542     0.000000   32.833000   13.894340
628    opls_750     6.343990   32.535530    9.090820
629    opls_750    32.535530   59.322010    9.090820
630    opls_542    32.833000    0.000000   13.894340
631    opls_750    33.130470    6.343990    9.090820
632    opls_146    60.525670   65.422380   18.144350
633    opls_146    58.022480   65.305490   18.140850
634    opls_146    54.007660    0.499720   13.730870
635    opls_146    36.728960    1.952250    3.552140
636    opls_146    38.396880    1.856380    5.431930
637    opls_146    37.856450   63.177920    5.663280
638    opls_146    36.189190   63.289550    3.814080
639    opls_144    38.744910   63.491140    7.698580
640    opls_146    39.802130   62.637480    9.799210
641    opls_146    41.340690   62.888980   11.748470
642    opls_146    42.672390    1.092030   10.159610
643    opls_146    41.111510    0.851690    8.228830
644    opls_146    43.705320   62.919190   12.363170
645    opls_146    45.094160   63.187110   14.438620
646    opls_146    44.008040    1.743430   14.644800
647    opls_146    42.586370    1.487990   12.595790
648    opls_146    51.581960    0.300750   18.167930
649    opls_146    49.484580    0.135930   18.164110
650    opls_146    47.083840   65.603620   18.146580
651    opls_547     0.295500   37.923430    1.342530
652    opls_547    34.156170   65.593770   26.712240
653    opls_547    62.789170    4.413410   15.933150
654    opls_547    61.002400    2.450660   15.933150
655    opls_144    56.108970    1.640990   15.933150
656    opls_146     5.140330    0.243620   18.144350
657    opls_146     7.643520    0.360510   18.140850
658    opls_146    11.658340   65.166280   13.730870
659    opls_146    28.937040   63.713750    3.552140
660    opls_146    27.269120   63.809620    5.431930
661    opls_146    27.809550    2.488080    5.663280
662    opls_146    29.476810    2.376450    3.814080
663    opls_144    26.921090    2.174860    7.698580
664    opls_146    25.863870    3.028520    9.799210
665    opls_146    24.325310    2.777020   11.748470
666    opls_146    22.993610   64.573970   10.159610
667    opls_146    24.554490   64.814310    8.228830
668    opls_146    21.960680    2.746810   12.363170
669    opls_146    20.571840    2.478890   14.438620
670    opls_146    21.657960   63.922570   14.644800
671    opls_146    23.079630   64.178010   12.595790
672    opls_146    14.084040   65.365250   18.167930
673    opls_146    16.181420   65.530070   18.164110
674    opls_146    18.582160    0.062380   18.146580
675    opls_547    65.370500   27.742570    1.342530
676    opls_547    31.509830    0.072230   26.712240
677    opls_547     2.876830   61.252590   15.933150
678    opls_547     4.663600   63.215340   15.933150
679    opls_144     9.557030   64.025010   15.933150
680    opls_146     0.243620   60.525670   18.144350
681    opls_146     0.360510   58.022480   18.140850
682    opls_146    65.166280   54.007660   13.730870
683    opls_146    63.713750   36.728960    3.552140
684    opls_146    63.809620   38.396880    5.431930
685    opls_146     2.488080   37.856450    5.663280
686    opls_146     2.376450   36.189190    3.814080
687    opls_144     2.174860   38.744910    7.698580
688    opls_146     3.028520   39.802130    9.799210
689    opls_146     2.777020   41.340690   11.748470
690    opls_146    64.573970   42.672390   10.159610
691    opls_146    64.814310   41.111510    8.228830
692    opls_146     2.746810   43.705320   12.363170
693    opls_146     2.478890   45.094160   14.438620
694    opls_146    63.922570   44.008040   14.644800
695    opls_146    64.178010   42.586370   12.595790
696    opls_146    65.365250   51.581960   18.167930
697    opls_146    65.530070   49.484580   18.164110
698    opls_146     0.062380   47.083840   18.146580
699    opls_547    27.742570    0.295500    1.342530
700    opls_547     0.072230   34.156170   26.712240
701    opls_547    61.252590   62.789170   15.933150
702    opls_547    63.215340   61.002400   15.933150
703    opls_144    64.025010   56.108970   15.933150
704    opls_146    65.422380    5.140330   18.144350
705    opls_146    65.305490    7.643520   18.140850
706    opls_146     0.499720   11.658340   13.730870
707    opls_146     1.952250   28.937040    3.552140
708    opls_146     1.856380   27.269120    5.431930
709    opls_146    63.177920   27.809550    5.663280
710    opls_146    63.289550   29.476810    3.814080
711    opls_144    63.491140   26.921090    7.698580
712    opls_146    62.637480   25.863870    9.799210
713    opls_146    62.888980   24.325310   11.748470
714    opls_146     1.092030   22.993610   10.159610
715    opls_146     0.851690   24.554490    8.228830
716    opls_146    62.919190   21.960680   12.363170
717    opls_146    63.187110   20.571840   14.438620
718    opls_146     1.743430   21.657960   14.644800
719    opls_146     1.487990   23.079630   12.595790
720    opls_146     0.300750   14.084040   18.167930
721    opls_146     0.135930   16.181420   18.164110
722    opls_146    65.603620   18.582160   18.146580
723    opls_547    37.923430   65.370500    1.342530
724    opls_547    65.593770   31.509830   26.712240
725    opls_547     4.413410    2.876830   15.933150
726    opls_547     2.450660    4.663600   15.933150
727    opls_144     1.640990    9.557030   15.933150
728    opls_146     5.140330    0.243620   13.721950
729    opls_146     7.643520    0.360510   13.725450
730    opls_146    11.658340   65.166280   18.135430
731    opls_146    28.937040   63.713750   28.314160
732    opls_146    27.269120   63.809620   26.434370
733    opls_146    27.809550    2.488080   26.203020
734    opls_146    29.476810    2.376450   28.052220
735    opls_144    26.921090    2.174860   24.167720
736    opls_146    25.863870    3.028520   22.067090
737    opls_146    24.325310    2.777020   20.117830
738    opls_146    22.993610   64.573970   21.706690
739    opls_146    24.554490   64.814310   23.637470
740    opls_146    21.960680    2.746810   19.503130
741    opls_146    20.571840    2.478890   17.427680
742    opls_146    21.657960   63.922570   17.221500
743    opls_146    23.079630   64.178010   19.270510
744    opls_146    14.084040   65.365250   13.698370
745    opls_146    16.181420   65.530070   13.702190
746    opls_146    18.582160    0.062380   13.719720
747    opls_547    65.370500   27.742570   30.523770
748    opls_547    31.509830    0.072230    5.154060
749    opls_146    60.525670   65.422380   13.721950
750    opls_146    58.022480   65.305490   13.725450
751    opls_146    54.007660    0.499720   18.135430
752    opls_146    36.728960    1.952250   28.314160
753    opls_146    38.396880    1.856380   26.434370
754    opls_146    37.856450   63.177920   26.203020
755    opls_146    36.189190   63.289550   28.052220
756    opls_144    38.744910   63.491140   24.167720
757    opls_146    39.802130   62.637480   22.067090
758    opls_146    41.340690   62.888980   20.117830
759    opls_146    42.672390    1.092030   21.706690
760    opls_146    41.111510    0.851690   23.637470
761    opls_146    43.705320   62.919190   19.503130
762    opls_146    45.094160   63.187110   17.427680
763    opls_146    44.008040    1.743430   17.221500
764    opls_146    42.586370    1.487990   19.270510
765    opls_146    51.581960    0.300750   13.698370
766    opls_146    49.484580    0.135930   13.702190
767    opls_146    47.083840   65.603620   13.719720
768    opls_547     0.295500   37.923430   30.523770
769    opls_547    34.156170   65.593770    5.154060
770    opls_146    65.422380    5.140330   13.721950
771    opls_146    65.305490    7.643520   13.725450
772    opls_146     0.499720   11.658340   18.135430
773    opls_146     1.952250   28.937040   28.314160
774    opls_146     1.856380   27.269120   26.434370
775    opls_146    63.177920   27.809550   26.203020
776    opls_146    63.289550   29.476810   28.052220
777    opls_144    63.491140   26.921090   24.167720
778    opls_146    62.637480   25.863870   22.067090
779    opls_146    62.888980   24.325310   20.117830
780    opls_146     1.092030   22.993610   21.706690
781    opls_146     0.851690   24.554490   23.637470
782    opls_146    62.919190   21.960680   19.503130
783    opls_146    63.187110   20.571840   17.427680
784    opls_146     1.743430   21.657960   17.221500
785    opls_146     1.487990   23.079630   19.270510
786    opls_146     0.300750   14.084040   13.698370
787    opls_146     0.135930   16.181420   13.702190
788    opls_146    65.603620   18.582160   13.719720
789    opls_547    37.923430   65.370500   30.523770
790    opls_547    65.593770   31.509830    5.154060
791    opls_146     0.243620   60.525670   13.721950
792    opls_146     0.360510   58.022480   13.725450
793    opls_146    65.166280   54.007660   18.135430
794    opls_146    63.713750   36.728960   28.314160
795    opls_146    63.809620   38.396880   26.434370
796    opls_146     2.488080   37.856450   26.203020
797    opls_146     2.376450   36.189190   28.052220
798    opls_144     2.174860   38.744910   24.167720
799    opls_146     3.028520   39.802130   22.067090
800    opls_146     2.777020   41.340690   20.117830
801    opls_146    64.573970   42.672390   21.706690
802    opls_146    64.814310   41.111510   23.637470
803    opls_146     2.746810   43.705320   19.503130
804    opls_146     2.478890   45.094160   17.427680
805    opls_146    63.922570   44.008040   17.221500
806    opls_146    64.178010   42.586370   19.270510
807    opls_146    65.365250   51.581960   13.698370
808    opls_146    65.530070   49.484580   13.702190
809    opls_146     0.062380   47.083840   13.719720
810    opls_547    27.742570    0.295500   30.523770
811    opls_547     0.072230   34.156170    5.154060
812    opls_146    27.692670   32.589380    2.211200
813    opls_146    25.189480   32.472490    2.207700
814    opls_146    21.174660   33.332720   29.664020
815    opls_146     3.895960   34.785250   19.485290
816    opls_146     5.563880   34.689380   21.365080
817    opls_146     5.023450   30.344920   21.596430
818    opls_146     3.356190   30.456550   19.747230
819    opls_144     5.911910   30.658140   23.631730
820    opls_146     6.969130   29.804480   25.732360
821    opls_146     8.507690   30.055980   27.681620
822    opls_146     9.839390   33.925030   26.092760
823    opls_146     8.278510   33.684690   24.161980
824    opls_146    10.872320   30.086190   28.296320
825    opls_146    12.261160   30.354110   30.371770
826    opls_146    11.175040   34.576430   30.577950
827    opls_146     9.753370   34.320990   28.528940
828    opls_146    18.748960   33.133750    2.234780
829    opls_146    16.651580   32.968930    2.230960
830    opls_146    14.250840   32.770620    2.213430
831    opls_547    33.128500    5.090430   17.275680
832    opls_547     1.323170   32.760770   10.779090
833    opls_547    29.956170   37.246410    0.000000
834    opls_547    28.169400   35.283660    0.000000
835    opls_144    23.275970   34.473990    0.000000
836    opls_146    37.973330   33.076620    2.211200
837    opls_146    40.476520   33.193510    2.207700
838    opls_146    44.491340   32.333280   29.664020
839    opls_146    61.770040   30.880750   19.485290
840    opls_146    60.102120   30.976620   21.365080
841    opls_146    60.642550   35.321080   21.596430
842    opls_146    62.309810   35.209450   19.747230
843    opls_144    59.754090   35.007860   23.631730
844    opls_146    58.696870   35.861520   25.732360
845    opls_146    57.158310   35.610020   27.681620
846    opls_146    55.826610   31.740970   26.092760
847    opls_146    57.387490   31.981310   24.161980
848    opls_146    54.793680   35.579810   28.296320
849    opls_146    53.404840   35.311890   30.371770
850    opls_146    54.490960   31.089570   30.577950
851    opls_146    55.912630   31.345010   28.528940
852    opls_146    46.917040   32.532250    2.234780
853    opls_146    49.014420   32.697070    2.230960
854    opls_146    51.415160   32.895380    2.213430
855    opls_547    32.537500   60.575570   17.275680
856    opls_547    64.342830   32.905230   10.779090
857    opls_547    35.709830   28.419590    0.000000
858    opls_547    37.496600   30.382340    0.000000
859    opls_144    42.390030   31.192010    0.000000
860    opls_146    33.076620   27.692670    2.211200
861    opls_146    33.193510   25.189480    2.207700
862    opls_146    32.333280   21.174660   29.664020
863    opls_146    30.880750    3.895960   19.485290
864    opls_146    30.976620    5.563880   21.365080
865    opls_146    35.321080    5.023450   21.596430
866    opls_146    35.209450    3.356190   19.747230
867    opls_144    35.007860    5.911910   23.631730
868    opls_146    35.861520    6.969130   25.732360
869    opls_146    35.610020    8.507690   27.681620
870    opls_146    31.740970    9.839390   26.092760
871    opls_146    31.981310    8.278510   24.161980
872    opls_146    35.579810   10.872320   28.296320
873    opls_146    35.311890   12.261160   30.371770
874    opls_146    31.089570   11.175040   30.577950
875    opls_146    31.345010    9.753370   28.528940
876    opls_146    32.532250   18.748960    2.234780
877    opls_146    32.697070   16.651580    2.230960
878    opls_146    32.895380   14.250840    2.213430
879    opls_547    60.575570   33.128500   17.275680
880    opls_547    32.905230    1.323170   10.779090
881    opls_547    28.419590   29.956170    0.000000
882    opls_547    30.382340   28.169400    0.000000
883    opls_144    31.192010   23.275970    0.000000
884    opls_146    32.589380   37.973330    2.211200
885    opls_146    32.472490   40.476520    2.207700
886    opls_146    33.332720   44.491340   29.664020
887    opls_146    34.785250   61.770040   19.485290
888    opls_146    34.689380   60.102120   21.365080
889    opls_146    30.344920   60.642550   21.596430
890    opls_146    30.456550   62.309810   19.747230
891    opls_144    30.658140   59.754090   23.631730
892    opls_146    29.804480   58.696870   25.732360
893    opls_146    30.055980   57.158310   27.681620
894    opls_146    33.925030   55.826610   26.092760
895    opls_146    33.684690   57.387490   24.161980
896    opls_146    30.086190   54.793680   28.296320
897    opls_146    30.354110   53.404840   30.371770
898    opls_146    34.576430   54.490960   30.577950
899    opls_146    34.320990   55.912630   28.528940
900    opls_146    33.133750   46.917040    2.234780
901    opls_146    32.968930   49.014420    2.230960
902    opls_146    32.770620   51.415160    2.213430
903    opls_547     5.090430   32.537500   17.275680
904    opls_547    32.760770   64.342830   10.779090
905    opls_547    37.246410   35.709830    0.000000
906    opls_547    35.283660   37.496600    0.000000
907    opls_144    34.473990   42.390030    0.000000
908    opls_146    37.973330   33.076620   29.655100
909    opls_146    40.476520   33.193510   29.658600
910    opls_146    44.491340   32.333280    2.202280
911    opls_146    61.770040   30.880750   12.381010
912    opls_146    60.102120   30.976620   10.501220
913    opls_146    60.642550   35.321080   10.269870
914    opls_146    62.309810   35.209450   12.119070
915    opls_144    59.754090   35.007860    8.234570
916    opls_146    58.696870   35.861520    6.133940
917    opls_146    57.158310   35.610020    4.184680
918    opls_146    55.826610   31.740970    5.773540
919    opls_146    57.387490   31.981310    7.704320
920    opls_146    54.793680   35.579810    3.569980
921    opls_146    53.404840   35.311890    1.494530
922    opls_146    54.490960   31.089570    1.288350
923    opls_146    55.912630   31.345010    3.337360
924    opls_146    46.917040   32.532250   29.631520
925    opls_146    49.014420   32.697070   29.635340
926    opls_146    51.415160   32.895380   29.652870
927    opls_547    32.537500   60.575570   14.590620
928    opls_547    64.342830   32.905230   21.087210
929    opls_146    27.692670   32.589380   29.655100
930    opls_146    25.189480   32.472490   29.658600
931    opls_146    21.174660   33.332720    2.202280
932    opls_146     3.895960   34.785250   12.381010
933    opls_146     5.563880   34.689380   10.501220
934    opls_146     5.023450   30.344920   10.269870
935    opls_146     3.356190   30.456550   12.119070
936    opls_144     5.911910   30.658140    8.234570
937    opls_146     6.969130   29.804480    6.133940
938    opls_146     8.507690   30.055980    4.184680
939    opls_146     9.839390   33.925030    5.773540
940    opls_146     8.278510   33.684690    7.704320
941    opls_146    10.872320   30.086190    3.569980
942    opls_146    12.261160   30.354110    1.494530
943    opls_146    11.175040   34.576430    1.288350
944    opls_146     9.753370   34.320990    3.337360
945    opls_146    18.748960   33.133750   29.631520
946    opls_146    16.651580   32.968930   29.635340
947    opls_146    14.250840   32.770620   29.652870
948    opls_547    33.128500    5.090430   14.590620
949    opls_547     1.323170   32.760770   21.087210
950    opls_146    32.589380   37.973330   29.655100
951    opls_146    32.472490   40.476520   29.658600
952    opls_146    33.332720   44.491340    2.202280
953    opls_146    34.785250   61.770040   12.381010
954    opls_146    34.689380   60.102120   10.501220
955    opls_146    30.344920   60.642550   10.269870
956    opls_146    30.456550   62.309810   12.119070
957    opls_144    30.658140   59.754090    8.234570
958    opls_146    29.804480   58.696870    6.133940
959    opls_146    30.055980   57.158310    4.184680
960    opls_146    33.925030   55.826610    5.773540
961    opls_146    33.684690   57.387490    7.704320
962    opls_146    30.086190   54.793680    3.569980
963    opls_146    30.354110   53.404840    1.494530
964    opls_146    34.576430   54.490960    1.288350
965    opls_146    34.320990   55.912630    3.337360
966    opls_146    33.133750   46.917040   29.631520
967    opls_146    32.968930   49.014420   29.635340
968    opls_146    32.770620   51.415160   29.652870
969    opls_547     5.090430   32.537500   14.590620
970    opls_547    32.760770   64.342830   21.087210
971    opls_146    33.076620   27.692670   29.655100
972    opls_146    33.193510   25.189480   29.658600
973    opls_146    32.333280   21.174660    2.202280
974    opls_146    30.880750    3.895960   12.381010
975    opls_146    30.976620    5.563880   10.501220
976    opls_146    35.321080    5.023450   10.269870
977    opls_146    35.209450    3.356190   12.119070
978    opls_144    35.007860    5.911910    8.234570
979    opls_146    35.861520    6.969130    6.133940
980    opls_146    35.610020    8.507690    4.184680
981    opls_146    31.740970    9.839390    5.773540
982    opls_146    31.981310    8.278510    7.704320
983    opls_146    35.579810   10.872320    3.569980
984    opls_146    35.311890   12.261160    1.494530
985    opls_146    31.089570   11.175040    1.288350
986    opls_146    31.345010    9.753370    3.337360
987    opls_146    32.532250   18.748960   29.631520
988    opls_146    32.697070   16.651580   29.635340
989    opls_146    32.895380   14.250840   29.652870
990    opls_547    60.575570   33.128500   14.590620
991    opls_547    32.905230    1.323170   21.087210
992    Cu2+        32.833000   32.833000    0.000000
993    Cu2+         0.000000   32.833000   15.933150
994    Cu2+        32.833000    0.000000   15.933150
995    Cu2+         0.000000    0.000000   15.933150
996    Cu2+        32.833000    0.000000    0.000000
997    Cu2+         0.000000   32.833000    0.000000
