0      opls_521    10.354520   18.644120    6.487850
1      opls_521     0.116770    1.278700    6.515170
2      opls_522    -1.162640    1.889450    6.535380
3      opls_523    20.399280    1.055350    6.541300
4      opls_522     9.037610   19.166480    6.515700
5      opls_142    -0.456820    4.247990    6.555780
6      opls_142     9.689470   16.296700    6.425510
7      opls_700     9.982710   14.943210    6.404980
8      opls_280    11.368190   14.438360    6.418400
9      opls_280     8.816680   14.034670    6.390030
10     opls_700    11.573920   12.974940    6.434470
11     opls_700     9.063320   12.584160    6.465270
12     opls_280    10.433860   12.037350    6.482260
13     opls_700    -0.821880    5.592950    6.556510
14     opls_280    -2.231420    6.019910    6.539660
15     opls_280     0.281980    6.566080    6.557820
16     opls_700    -2.519220    7.470550    6.541560
17     opls_700    -0.048750    8.002510    6.560130
18     opls_280    -1.438890    8.462780    6.579680
19     opls_142     0.949980    8.978160    6.550710
20     opls_142    12.891470   12.528480    6.414190
21     opls_142     8.020850   11.671260    6.558810
22     opls_142    -3.862960    7.843670    6.507530
23     opls_916    14.502690   10.676530    6.406030
24     opls_145    14.695070    9.261730    6.382400
25     opls_145    -7.063940   11.526670    6.427880
26     opls_145    16.004760    8.758010    6.410770
27     opls_145    -5.774630   11.008270    6.443940
28     opls_916    -5.575440    9.609050    6.446310
29     opls_916     3.969630    9.283040    0.001320
30     opls_145     4.636280    8.988060    6.412940
31     opls_145     3.823620   10.664020    0.237830
32     opls_145     5.746550    9.823740    6.423140
33     opls_145     4.934940   11.518870    0.271010
34     opls_916     6.235810   10.974600    0.041270
35     opls_522   -10.282770   17.401100    3.175070
36     opls_521    -9.215250   18.336690    3.172960
37     opls_521     0.858950    0.648160    3.227140
38     opls_522    10.904330   19.285620    3.226020
39     opls_523    11.098900   17.905900    3.202390
40     opls_142     1.709630    2.935000    3.258800
41     opls_142    11.864750   15.002890    3.156900
42     opls_700    12.270470   13.668150    3.147820
43     opls_280    13.693770   13.280960    3.139060
44     opls_280    11.196050   12.657470    3.174680
45     opls_700    14.028790   11.834910    3.118860
46     opls_700    11.568210   11.228950    3.175200
47     opls_280    12.972300   10.810410    3.093310
48     opls_700     1.503060    4.312060    3.278810
49     opls_280     0.143700    4.886780    3.283880
50     opls_280     2.703690    5.180180    3.281180
51     opls_700    -0.006370    6.358110    3.286910
52     opls_700     2.517990    6.650080    3.277040
53     opls_280     1.167660    7.253710    3.294150
54     opls_142     3.601030    7.522850    3.257350
55     opls_142    15.385320   11.502550    3.132680
56     opls_142    10.599740   10.222020    3.219110
57     opls_142    -1.311220    6.844070    3.273680
58     opls_916    -5.552360    9.764790    3.171250
59     opls_145    -4.428860   10.616410    3.154270
60     opls_145    17.360100    8.367520    3.205350
61     opls_145    -4.049450    7.854270    3.239320
62     opls_916    -2.914160    8.704730    3.238130
63     opls_521     6.013010    7.913820    3.263280
64     opls_522     7.303300    7.335730    3.351220
65     opls_523     8.417360    8.168560    3.363660
66     opls_521     6.894810   10.053720    3.210810
67     opls_522     8.225490    9.566400    3.281970
68     opls_145    -3.115320   10.117430    3.178760
69     opls_524     1.042960    1.884910    6.518000
70     opls_526    19.391250    1.494810    6.567240
71     opls_525     8.151340   18.518840    6.525440
72     opls_910    11.623200   16.961600    6.450130
73     opls_910    -2.371530    3.612580    6.554070
74     opls_144     0.617090    3.985510    6.556840
75     opls_144     8.623320   16.587520    6.421370
76     opls_144     0.663090   10.044320    6.532740
77     opls_144    13.694760   13.286300    6.390430
78     opls_144     8.266570   10.595980    6.635760
79     opls_144    -4.627380    7.046020    6.492660
80     opls_910     2.446980    7.619120    6.511680
81     opls_910    12.382550   10.571800    6.414720
82     opls_146    -7.182640   12.617890    6.434140
83     opls_146    16.151170    7.669020    6.401750
84     opls_146    -4.911340   11.689030    6.465140
85     opls_146     4.767780    7.907250    6.256540
86     opls_146     2.824230   11.084810    0.417080
87     opls_146     6.737470    9.377720    6.262460
88     opls_910     7.227260   12.857840   -0.037060
89     opls_910    -3.483050    9.833690    6.486600
90     opls_796     4.040590   14.377450    5.222070
91     opls_796    13.321430    8.191310    1.916270
92     opls_525     9.886340   19.701360    3.247940
93     opls_526    10.225490   17.237650    3.202920
94     opls_910    13.742280   15.754270    3.132740
95     opls_910    -0.269820    2.447610    3.264920
96     opls_144     2.737960    2.526800    3.245570
97     opls_144    10.779770   15.217560    3.175330
98     opls_144     3.436940    8.617580    3.247680
99     opls_144    16.126980   12.321890    3.143670
100    opls_144    10.929850    9.168020    3.218250
101    opls_144    -2.127270    6.099730    3.251230
102    opls_910     5.001870    6.048050    3.271310
103    opls_910    15.066920    9.505180    3.160390
104    opls_146    16.501310    7.680530    3.210350
105    opls_146    -3.931810    6.763290    3.276380
106    opls_525     7.425460    6.245180    3.415930
107    opls_526     9.421700    7.729120    3.443450
108    opls_910     9.043800   11.515340    3.251500
109    opls_910    -0.789870    8.799240    3.316860
110    opls_524    -8.167940   17.975020    3.147950
111    opls_524     6.706710   11.144560    3.154340
112    opls_146    -4.579230   11.704190    3.109510
113    opls_796    -0.690210   10.502500    1.374650
114    opls_238    -1.376710    3.266660    6.554270
115    opls_238    10.623460   17.276360    6.455600
116    opls_238     2.254340    8.654100    6.546570
117    opls_238    13.216350   11.215840    6.412810
118    opls_238     7.351010   11.811410    0.003160
119    opls_238    -4.263150    9.130510    6.480870
120    opls_238     0.696190    2.035730    3.252150
121    opls_238    12.730030   16.036820    3.147490
122    opls_238     4.886530    7.092790    3.253870
123    opls_238    15.828440   10.226610    3.148540
124    opls_238     9.278970   10.488150    3.264070
125    opls_238    -1.624320    8.160950    3.284470
126    opls_520     2.120350    0.167730    3.200020
127    opls_520     5.827180    9.249990    3.200350
128    opls_520   -11.256560   19.440860    6.493910
129    opls_281    12.340350   15.221550    6.416490
130    opls_281     1.466210    6.157330    6.556110
131    opls_281    -1.072130    9.455850    0.057730
132    opls_281    -3.176190    5.202620    6.520570
133    opls_281     7.665190   14.505990    6.329140
134    opls_281    10.603150   10.802830    6.548340
135    opls_494     5.492390   13.600630    1.857490
136    opls_494     3.162540   13.431560    0.850410
137    opls_154     4.566480   14.339910    6.039110
138    opls_494    13.945410    6.754930    5.837550
139    opls_494    12.158870    8.552580    5.705700
140    opls_154    13.734760    7.493330    1.346350
141    opls_281    -8.096070   14.130920    3.150720
142    opls_281     3.841360    4.670360    3.286780
143    opls_281     1.034900    8.493950    3.308960
144    opls_281    -0.872300    4.155340    3.283490
145    opls_281     9.998420   13.021690    3.195020
146    opls_281    13.265330    9.582490    3.000960
147    opls_494    -1.283670   11.587540    4.526290
148    opls_494    -2.372210   12.567970    2.447950
149    opls_154    -0.586660   10.759290    2.329600
150    opls_474     4.614560   13.260730    0.742320
151    opls_474    13.353070    7.987130    6.345010
152    opls_474    -1.789480   11.428820    3.167700
