0      opls_141     9.004410   15.690370    2.316240
1      opls_700     7.554290   15.733930    2.388500
2      opls_145     6.799950   14.928670    1.521680
3      opls_145     5.435040   14.962480    1.572460
4      opls_145     4.798570   15.776190    2.535240
5      opls_145     5.551970   16.570080    3.413110
6      opls_145     6.915190   16.537240    3.338680
7      opls_700     9.523940   14.333420    2.267890
8      opls_145     8.809770   13.314250    2.919620
9      opls_145     9.203550   12.005420    2.834840
10     opls_145    10.353170   11.687800    2.109240
11     opls_145    11.080300   12.693000    1.460500
12     opls_145    10.667370   13.992070    1.538290
13     opls_142     2.711040   14.885440    2.238450
14     opls_700     1.305030   15.058710    2.092590
15     opls_145     0.493820   13.977450    1.766950
16     opls_145     0.762600   16.317480    2.336430
17     opls_142    12.033780   10.195620    2.243240
18     opls_700    12.613750    8.905640    2.085730
19     opls_145    13.973030    8.750250    2.337440
20     opls_145    11.811360    7.816900    1.758720
21     opls_141     0.678890   32.462330    2.316240
22     opls_700     1.366220   31.184710    2.388500
23     opls_145     2.440770   30.934060    1.521680
24     opls_145     3.093940   29.735110    1.572460
25     opls_145     2.707480   28.777060    2.535240
26     opls_145     1.643260   29.032580    3.413110
27     opls_145     0.990080   30.229580    3.338680
28     opls_700    20.363620    1.081260    2.267890
29     opls_145    21.603330    0.972360    2.919620
30     opls_145    22.539920    1.967800    2.834840
31     opls_145    22.240180    3.122210    2.109240
32     opls_145    21.006090    3.249320    1.460500
33     opls_145    20.087520    2.242180    1.538290
34     opls_142     4.522660   27.414580    2.238450
35     opls_700     5.075610   26.110300    2.092590
36     opls_145     6.417620   25.948410    1.766950
37     opls_145     4.256700   25.011160    2.336430
38     opls_142    22.692140    5.323750    2.243240
39     opls_700    23.519310    6.471010    2.085730
40     opls_145    22.974250    7.725880    2.337440
41     opls_145    24.863380    6.320490    1.758720
42     opls_141    -9.683300   16.866240    2.316240
43     opls_700    -8.920510   18.100300    2.388500
44     opls_145    -9.240710   19.156200    1.521680
45     opls_145    -8.528980   20.321340    1.572460
46     opls_145    -7.506050   20.465690    2.535240
47     opls_145    -7.195230   19.416280    3.413110
48     opls_145    -7.905270   18.252120    3.338680
49     opls_700    26.420490   17.094780    2.267890
50     opls_145    25.894950   18.222860    2.919620
51     opls_145    24.564570   18.536250    2.834840
52     opls_145    23.714700   17.699450    2.109240
53     opls_145    24.221660   16.567150    1.460500
54     opls_145    25.553160   16.275210    1.538290
55     opls_142    -7.233710   22.718920    2.238450
56     opls_700    -6.380640   23.849920    2.092590
57     opls_145    -6.911440   25.093080    1.766950
58     opls_145    -5.019300   23.690300    2.336430
59     opls_142    21.582120   16.990100    2.243240
60     opls_700    20.174990   17.132810    2.085730
61     opls_145    19.360770   16.033340    2.337440
62     opls_145    19.633300   18.372080    1.758720
63     opls_141     9.764940   16.819100    2.316240
64     opls_700    11.215060   16.775540    2.388500
65     opls_145    11.969400   17.580800    1.521680
66     opls_145    13.334310   17.546990    1.572460
67     opls_145    13.970780   16.733270    2.535240
68     opls_145    13.217380   15.939390    3.413110
69     opls_145    11.854160   15.972230    3.338680
70     opls_700     9.245410   18.176040    2.267890
71     opls_145     9.959580   19.195220    2.919620
72     opls_145     9.565800   20.504050    2.834840
73     opls_145     8.416180   20.821660    2.109240
74     opls_145     7.689050   19.816470    1.460500
75     opls_145     8.101980   18.517390    1.538290
76     opls_142    16.058310   17.624030    2.238450
77     opls_700    17.464320   17.450760    2.092590
78     opls_145    18.275530   18.532020    1.766950
79     opls_145    18.006750   16.191990    2.336430
80     opls_142     6.735570   22.313850    2.243240
81     opls_700     6.155600   23.603820    2.085730
82     opls_145     4.796320   23.759220    2.337440
83     opls_145     6.957990   24.692570    1.758720
84     opls_141    18.090460    0.047140    2.316240
85     opls_700    17.403130    1.324760    2.388500
86     opls_145    16.328580    1.575410    1.521680
87     opls_145    15.675410    2.774360    1.572460
88     opls_145    16.061870    3.732410    2.535240
89     opls_145    17.126090    3.476890    3.413110
90     opls_145    17.779270    2.279890    3.338680
91     opls_700    -1.594270   31.428200    2.267890
92     opls_145    -2.833980   31.537110    2.919620
93     opls_145    -3.770570   30.541670    2.834840
94     opls_145    -3.470830   29.387260    2.109240
95     opls_145    -2.236740   29.260150    1.460500
96     opls_145    -1.318170   30.267290    1.538290
97     opls_142    14.246690    5.094880    2.238450
98     opls_700    13.693740    6.399160    2.092590
99     opls_145    12.351730    6.561060    1.766950
100    opls_145    14.512650    7.498310    2.336430
101    opls_142    -3.922790   27.185720    2.243240
102    opls_700    -4.749960   26.038460    2.085730
103    opls_145    -4.204900   24.783590    2.337440
104    opls_145    -6.094030   26.188980    1.758720
105    opls_141    28.452650   15.643230    2.316240
106    opls_700    27.689860   14.409170    2.388500
107    opls_145    28.010060   13.353260    1.521680
108    opls_145    27.298330   12.188120    1.572460
109    opls_145    26.275400   12.043780    2.535240
110    opls_145    25.964580   13.093190    3.413110
111    opls_145    26.674620   14.257350    3.338680
112    opls_700    -7.651140   15.414690    2.267890
113    opls_145    -7.125600   14.286610    2.919620
114    opls_145    -5.795220   13.973220    2.834840
115    opls_145    -4.945350   14.810010    2.109240
116    opls_145    -5.452310   15.942320    1.460500
117    opls_145    -6.783810   16.234250    1.538290
118    opls_142    26.003060    9.790550    2.238450
119    opls_700    25.149990    8.659550    2.092590
120    opls_145    25.680790    7.416380    1.766950
121    opls_145    23.788650    8.819170    2.336430
122    opls_142    -2.812770   15.519370    2.243240
123    opls_700    -1.405640   15.376650    2.085730
124    opls_145    -0.591420   16.476120    2.337440
125    opls_145    -0.863950   14.137390    1.758720
126    opls_146     7.538520   17.145490    4.007240
127    opls_146     7.318540   14.306120    0.772800
128    opls_146     4.836860   14.408850    0.830440
129    opls_146     5.026810   17.181900    4.164560
130    opls_146     7.924980   13.574980    3.515920
131    opls_146     8.662620   11.216740    3.366510
132    opls_146    11.953070   12.417970    0.851550
133    opls_146    11.243970   14.772300    1.037990
134    opls_144     3.123030   13.879270    2.023540
135    opls_146     0.953670   13.015170    1.534610
136    opls_146     1.456880   17.117540    2.588280
137    opls_144    12.706470   11.023310    2.547430
138    opls_146    14.573650    9.627350    2.588010
139    opls_146    10.763660    8.010010    1.531480
140    opls_146     0.151660   30.465270    4.007240
141    opls_146     2.720620   31.694460    0.772800
142    opls_146     3.872490   29.493890    0.830440
143    opls_146     1.375980   28.271860    4.164560
144    opls_146    21.819930    0.075750    3.515920
145    opls_146    23.493410    1.893680    3.366510
146    opls_146    20.807890    4.142680    0.851550
147    opls_146    19.123530    2.351410    1.037990
148    opls_144     5.188040   28.274460    2.023540
149    opls_146     7.021050   26.827790    1.534610
150    opls_146     3.216690   25.212390    2.588280
151    opls_144    21.639000    5.492470    2.547430
152    opls_146    21.914340    7.807470    2.588010
153    opls_146    25.220000    5.316600    1.531480
154    opls_146    -7.690180   17.408170    4.007240
155    opls_146   -10.039160   19.018360    0.772800
156    opls_146    -8.709350   21.116200    0.830440
157    opls_146    -6.402790   19.565170    4.164560
158    opls_146    26.563130   18.858740    3.515920
159    opls_146    24.152020   19.399050    3.366510
160    opls_146    23.547090   15.948820    0.851550
161    opls_146    25.940560   15.385760    1.037990
162    opls_144    -8.311070   22.865210    2.023540
163    opls_146    -7.974720   25.175980    1.534610
164    opls_146    -4.673570   22.689010    2.588280
165    opls_144    21.962580   15.993680    2.547430
166    opls_146    19.820060   15.074640    2.588010
167    opls_146    20.324390   19.182860    1.531480
168    opls_146    11.230830   15.363970    4.007240
169    opls_146    11.450810   18.203350    0.772800
170    opls_146    13.932490   18.100620    0.830440
171    opls_146    13.742540   15.327560    4.164560
172    opls_146    10.844370   18.934490    3.515920
173    opls_146    10.106730   21.292730    3.366510
174    opls_146     6.816280   20.091500    0.851550
175    opls_146     7.525380   17.737170    1.037990
176    opls_144    15.646320   18.630200    2.023540
177    opls_146    17.815680   19.494300    1.534610
178    opls_146    17.312470   15.391930    2.588280
179    opls_144     6.062880   21.486160    2.547430
180    opls_146     4.195700   22.882110    2.588010
181    opls_146     8.005690   24.499460    1.531480
182    opls_146    18.617690    2.044200    4.007240
183    opls_146    16.048730    0.815010    0.772800
184    opls_146    14.896860    3.015580    0.830440
185    opls_146    17.393370    4.237610    4.164560
186    opls_146    -3.050580   32.433720    3.515920
187    opls_146    -4.724060   30.615790    3.366510
188    opls_146    -2.038540   28.366790    0.851550
189    opls_146    -0.354180   30.158060    1.037990
190    opls_144    13.581310    4.235010    2.023540
191    opls_146    11.748300    5.681680    1.534610
192    opls_146    15.552660    7.297080    2.588280
193    opls_144    -2.869650   27.016990    2.547430
194    opls_146    -3.144990   24.701990    2.588010
195    opls_146    -6.450650   27.192870    1.531480
196    opls_146    26.459530   15.101300    4.007240
197    opls_146    28.808510   13.491100    0.772800
198    opls_146    27.478700   11.393270    0.830440
199    opls_146    25.172140   12.944290    4.164560
200    opls_146    -7.793780   13.650730    3.515920
201    opls_146    -5.382670   13.110420    3.366510
202    opls_146    -4.777740   16.560650    0.851550
203    opls_146    -7.171210   17.123710    1.037990
204    opls_144    27.080420    9.644260    2.023540
205    opls_146    26.744070    7.333490    1.534610
206    opls_146    23.442920    9.820460    2.588280
207    opls_144    -3.193230   16.515780    2.547430
208    opls_146    -1.050710   17.434830    2.588010
209    opls_146    -1.555040   13.326610    1.531480
210    opls_750     3.442860   15.870150    2.594220
211    opls_750    10.786370   10.395230    2.066320
212    opls_750     3.303970   27.556000    2.594220
213    opls_750    23.142980    4.143660    2.066320
214    opls_750    -6.746830   21.592790    2.594220
215    opls_750    22.378700   17.970580    2.066320
216    opls_750    15.326490   16.639320    2.594220
217    opls_750     7.982980   22.114240    2.066320
218    opls_750    15.465380    4.953470    2.594220
219    opls_750    -4.373630   28.365810    2.066320
220    opls_750    25.516180   10.916680    2.594220
221    opls_750    -3.609350   14.538880    2.066320
