0      opls_700     9.982710    6.094110    2.363710
1      opls_145    10.326400    7.763450    0.140720
2      opls_145    11.369250    7.519930    1.000170
3      opls_145    11.212130    6.691140    2.103640
4      opls_145     9.077330    7.215520    0.426610
5      opls_145     8.916290    6.394590    1.520290
6      opls_145     8.605990    9.817740    5.123740
7      opls_700     9.768640    9.444590    5.786360
8      opls_145    10.988240    9.434770    5.122850
9      opls_142     9.623310    8.928070    7.172160
10     opls_700     0.163010   15.913810    6.816810
11     opls_145     0.506700   17.583150    4.593820
12     opls_145     1.549550   17.339630    5.453270
13     opls_145     1.392430   16.510840    6.556740
14     opls_145    18.897030   17.035220    4.879710
15     opls_145    18.735990   16.214290    5.973390
16     opls_145    18.425690   19.637440    0.670640
17     opls_700    19.588340   19.264290    1.333260
18     opls_145     1.168540   19.254470    0.669750
19     opls_142    19.443010   18.747770    2.719060
20     opls_700    19.476390   13.545290    6.816810
21     opls_145    19.132700   11.875950    4.593820
22     opls_145    18.089850   12.119470    5.453270
23     opls_145    18.246970   12.948260    6.556740
24     opls_145     0.742370   12.423880    4.879710
25     opls_145     0.903410   13.244810    5.973390
26     opls_145     1.213710    9.821660    0.670640
27     opls_700     0.051060   10.194810    1.333260
28     opls_145    18.470860   10.204630    0.669750
29     opls_142     0.196390   10.711330    2.719060
30     opls_700     9.656690    3.725590    2.363710
31     opls_145     9.313000    2.056250    0.140720
32     opls_145     8.270150    2.299770    1.000170
33     opls_145     8.427270    3.128560    2.103640
34     opls_145    10.562070    2.604180    0.426610
35     opls_145    10.723110    3.425110    1.520290
36     opls_145    11.033410    0.001960    5.123740
37     opls_700     9.870760    0.375110    5.786360
38     opls_145     8.651160    0.384930    5.122850
39     opls_142    10.016090    0.891630    7.172160
40     opls_700     8.635440   14.892560    4.590260
41     opls_145     6.966100   15.236250    2.367270
42     opls_145     7.209620   16.279100    3.226720
43     opls_145     8.038410   16.121980    4.330190
44     opls_145     7.514030   13.987180    2.653160
45     opls_145     8.334960   13.826140    3.746840
46     opls_145     4.911810   13.515840    7.350290
47     opls_700     5.284960   14.678490    8.012910
48     opls_145     5.294780   15.898090    7.349400
49     opls_142     5.801480   14.533160    0.492510
50     opls_700    18.455140    5.072860    0.137160
51     opls_145    16.785800    5.416550    6.820370
52     opls_145    17.029320    6.459400    7.679820
53     opls_145    17.858110    6.302280    8.783290
54     opls_145    17.333730    4.167480    7.106260
55     opls_145    18.154660    4.006440    8.199940
56     opls_145    14.731510    3.696140    2.897190
57     opls_700    15.104660    4.858790    3.559810
58     opls_145    15.114480    6.078390    2.896300
59     opls_142    15.621180    4.713460    4.945610
60     opls_700     1.184260    4.746840    0.137160
61     opls_145     2.853600    4.403150    6.820370
62     opls_145     2.610080    3.360300    7.679820
63     opls_145     1.781290    3.517420    8.783290
64     opls_145     2.305670    5.652220    7.106260
65     opls_145     1.484740    5.813260    8.199940
66     opls_145     4.907890    6.123560    2.897190
67     opls_700     4.534740    4.960910    3.559810
68     opls_145     4.524920    3.741310    2.896300
69     opls_142     4.018220    5.106240    4.945610
70     opls_700    11.003960   14.566540    4.590260
71     opls_145    12.673300   14.222850    2.367270
72     opls_145    12.429780   13.180000    3.226720
73     opls_145    11.600990   13.337120    4.330190
74     opls_145    12.125370   15.471920    2.653160
75     opls_145    11.304440   15.632960    3.746840
76     opls_145    14.727590   15.943260    7.350290
77     opls_700    14.354440   14.780610    8.012910
78     opls_145    14.344620   13.561010    7.349400
79     opls_142    13.837920   14.925940    0.492510
80     opls_700     9.656690   13.545290    6.542490
81     opls_145     9.313000   11.875950    8.765480
82     opls_145     8.270150   12.119470    7.906030
83     opls_145     8.427270   12.948260    6.802560
84     opls_145    10.562070   12.423880    8.479590
85     opls_145    10.723110   13.244810    7.385910
86     opls_145    11.033410    9.821660    3.782460
87     opls_700     9.870760   10.194810    3.119840
88     opls_145     8.651160   10.204630    3.783350
89     opls_142    10.016090   10.711330    1.734040
90     opls_700    19.476390    3.725590    2.089390
91     opls_145    19.132700    2.056250    4.312380
92     opls_145    18.089850    2.299770    3.452930
93     opls_145    18.246970    3.128560    2.349460
94     opls_145     0.742370    2.604180    4.026490
95     opls_145     0.903410    3.425110    2.932810
96     opls_145     1.213710    0.001960    8.235560
97     opls_700     0.051060    0.375110    7.572940
98     opls_145    18.470860    0.384930    8.236450
99     opls_142     0.196390    0.891630    6.187140
100    opls_700     0.163010    6.094110    2.089390
101    opls_145     0.506700    7.763450    4.312380
102    opls_145     1.549550    7.519930    3.452930
103    opls_145     1.392430    6.691140    2.349460
104    opls_145    18.897030    7.215520    4.026490
105    opls_145    18.735990    6.394590    2.932810
106    opls_145    18.425690    9.817740    8.235560
107    opls_700    19.588340    9.444590    7.572940
108    opls_145     1.168540    9.434770    8.236450
109    opls_142    19.443010    8.928070    6.187140
110    opls_700     9.982710   15.913810    6.542490
111    opls_145    10.326400   17.583150    8.765480
112    opls_145    11.369250   17.339630    7.906030
113    opls_145    11.212130   16.510840    6.802560
114    opls_145     9.077330   17.035220    8.479590
115    opls_145     8.916290   16.214290    7.385910
116    opls_145     8.605990   19.637440    3.782460
117    opls_700     9.768640   19.264290    3.119840
118    opls_145    10.988240   19.254470    3.783350
119    opls_142     9.623310   18.747770    1.734040
120    opls_700    11.003960    4.746840    4.315940
121    opls_145    12.673300    4.403150    6.538930
122    opls_145    12.429780    3.360300    5.679480
123    opls_145    11.600990    3.517420    4.576010
124    opls_145    12.125370    5.652220    6.253040
125    opls_145    11.304440    5.813260    5.159360
126    opls_145    14.727590    6.123560    1.555910
127    opls_700    14.354440    4.960910    0.893290
128    opls_145    14.344620    3.741310    1.556800
129    opls_142    13.837920    5.106240    8.413690
130    opls_700     1.184260   14.566540    8.769040
131    opls_145     2.853600   14.222850    2.085830
132    opls_145     2.610080   13.180000    1.226380
133    opls_145     1.781290   13.337120    0.122910
134    opls_145     2.305670   15.471920    1.799940
135    opls_145     1.484740   15.632960    0.706260
136    opls_145     4.907890   15.943260    6.009010
137    opls_700     4.534740   14.780610    5.346390
138    opls_145     4.524920   13.561010    6.009900
139    opls_142     4.018220   14.925940    3.960590
140    opls_700    18.455140   14.892560    8.769040
141    opls_145    16.785800   15.236250    2.085830
142    opls_145    17.029320   16.279100    1.226380
143    opls_145    17.858110   16.121980    0.122910
144    opls_145    17.333730   13.987180    1.799940
145    opls_145    18.154660   13.826140    0.706260
146    opls_145    14.731510   13.515840    6.009010
147    opls_700    15.104660   14.678490    5.346390
148    opls_145    15.114480   15.898090    6.009900
149    opls_142    15.621180   14.533160    3.960590
150    opls_700     8.635440    5.072860    4.315940
151    opls_145     6.966100    5.416550    6.538930
152    opls_145     7.209620    6.459400    5.679480
153    opls_145     8.038410    6.302280    4.576010
154    opls_145     7.514030    4.167480    6.253040
155    opls_145     8.334960    4.006440    5.159360
156    opls_145     4.911810    3.696140    1.555910
157    opls_700     5.284960    4.858790    0.893290
158    opls_145     5.294780    6.078390    1.556800
159    opls_142     5.801480    4.713460    8.413690
160    opls_701     9.819700    4.909850    3.339820
161    opls_701    19.639400   14.729550    7.792930
162    opls_701     9.819700   14.729550    5.566370
163    opls_701    19.639400    4.909850    1.113280
164    opls_146    12.213740    7.924500    0.838070
165    opls_146    11.946650    6.530100    2.683440
166    opls_146     8.334960    7.409950   -0.133590
167    opls_146     8.060010    6.025370    1.701970
168    opls_146     7.777200    9.811840    5.585970
169    opls_146    11.779710    9.171600    5.574390
170    opls_144     8.765060    8.943780    7.577390
171    opls_146     2.394040   17.744200    5.291170
172    opls_146     2.126950   16.349800    7.136540
173    opls_146    18.154660   17.229650    4.319510
174    opls_146    17.879710   15.845070    6.155070
175    opls_146    17.596900   19.631540    1.132870
176    opls_146     1.960010   18.991300    1.121290
177    opls_144    18.584760   18.763480    3.124290
178    opls_146    17.245360   11.714900    5.291170
179    opls_146    17.512450   13.109300    7.136540
180    opls_146     1.484740   12.229450    4.319510
181    opls_146     1.759690   13.614030    6.155070
182    opls_146     2.042500    9.827560    1.132870
183    opls_146    17.679390   10.467800    1.121290
184    opls_144     1.054640   10.695620    3.124290
185    opls_146     7.425660    1.895200    0.838070
186    opls_146     7.692750    3.289600    2.683440
187    opls_146    11.304440    2.409750   -0.133590
188    opls_146    11.579390    3.794330    1.701970
189    opls_146    11.862200    0.007860    5.585970
190    opls_146     7.859690    0.648100    5.574390
191    opls_144    10.874340    0.875920    7.577390
192    opls_146     6.805050   17.123590    3.064620
193    opls_146     8.199450   16.856500    4.909990
194    opls_146     7.319600   13.244810    2.092960
195    opls_146     8.704180   12.969860    3.928520
196    opls_146     4.917710   12.687050    7.812520
197    opls_146     5.557950   16.689560    7.800940
198    opls_144     5.785770   13.674910    0.897740
199    opls_146    16.624750    7.303890    7.517720
200    opls_146    18.019150    7.036800    9.363090
201    opls_146    17.139300    3.425110    6.546060
202    opls_146    18.523880    3.150160    8.381620
203    opls_146    14.737410    2.867350    3.359420
204    opls_146    15.377650    6.869860    3.347840
205    opls_144    15.605470    3.855210    5.350840
206    opls_146     3.014650    2.515810    7.517720
207    opls_146     1.620250    2.782900    9.363090
208    opls_146     2.500100    6.394590    6.546060
209    opls_146     1.115520    6.669540    8.381620
210    opls_146     4.901990    6.952350    3.359420
211    opls_146     4.261750    2.949840    3.347840
212    opls_144     4.033930    5.964490    5.350840
213    opls_146    12.834350   12.335510    3.064620
214    opls_146    11.439950   12.602600    4.909990
215    opls_146    12.319800   16.214290    2.092960
216    opls_146    10.935220   16.489240    3.928520
217    opls_146    14.721690   16.772050    7.812520
218    opls_146    14.081450   12.769540    7.800940
219    opls_144    13.853630   15.784190    0.897740
220    opls_146     7.425660   11.714900    8.068130
221    opls_146     7.692750   13.109300    6.222760
222    opls_146    11.304440   12.229450    9.039790
223    opls_146    11.579390   13.614030    7.204230
224    opls_146    11.862200    9.827560    3.320230
225    opls_146     7.859690   10.467800    3.331810
226    opls_144    10.874340   10.695620    1.328810
227    opls_146    17.245360    1.895200    3.615030
228    opls_146    17.512450    3.289600    1.769660
229    opls_146     1.484740    2.409750    4.586690
230    opls_146     1.759690    3.794330    2.751130
231    opls_146     2.042500    0.007860    7.773330
232    opls_146    17.679390    0.648100    7.784910
233    opls_144     1.054640    0.875920    5.781910
234    opls_146     2.394040    7.924500    3.615030
235    opls_146     2.126950    6.530100    1.769660
236    opls_146    18.154660    7.409950    4.586690
237    opls_146    17.879710    6.025370    2.751130
238    opls_146    17.596900    9.811840    7.773330
239    opls_146     1.960010    9.171600    7.784910
240    opls_144    18.584760    8.943780    5.781910
241    opls_146    12.213740   17.744200    8.068130
242    opls_146    11.946650   16.349800    6.222760
243    opls_146     8.334960   17.229650    9.039790
244    opls_146     8.060010   15.845070    7.204230
245    opls_146     7.777200   19.631540    3.320230
246    opls_146    11.779710   18.991300    3.331810
247    opls_144     8.765060   18.763480    1.328810
248    opls_146    12.834350    2.515810    5.841580
249    opls_146    11.439950    2.782900    3.996210
250    opls_146    12.319800    6.394590    6.813240
251    opls_146    10.935220    6.669540    4.977680
252    opls_146    14.721690    6.952350    1.093680
253    opls_146    14.081450    2.949840    1.105260
254    opls_144    13.853630    5.964490    8.008460
255    opls_146     3.014650   12.335510    1.388480
256    opls_146     1.620250   12.602600   -0.456890
257    opls_146     2.500100   16.214290    2.360140
258    opls_146     1.115520   16.489240    0.524580
259    opls_146     4.901990   16.772050    5.546780
260    opls_146     4.261750   12.769540    5.558360
261    opls_144     4.033930   15.784190    3.555360
262    opls_146    16.624750   17.123590    1.388480
263    opls_146    18.019150   16.856500   -0.456890
264    opls_146    17.139300   13.244810    2.360140
265    opls_146    18.523880   12.969860    0.524580
266    opls_146    14.737410   12.687050    5.546780
267    opls_146    15.377650   16.689560    5.558360
268    opls_144    15.605470   13.674910    3.555360
269    opls_146     6.805050    7.303890    5.841580
270    opls_146     8.199450    7.036800    3.996210
271    opls_146     7.319600    3.425110    6.813240
272    opls_146     8.704180    3.150160    4.977680
273    opls_146     4.917710    2.867350    1.093680
274    opls_146     5.557950    6.869860    1.105260
275    opls_144     5.785770    3.855210    8.008460
276    opls_750    10.605280    8.468710    7.837460
277    opls_750     0.785580   18.288410    3.384360
278    opls_750    18.853820   11.170690    3.384360
279    opls_750     9.034120    1.350990    7.837460
280    opls_750     6.260840   15.515130    1.157810
281    opls_750    16.080540    5.695430    5.610910
282    opls_750     3.558860    4.124270    5.610910
283    opls_750    13.378560   13.943970    1.157810
284    opls_750     9.034120   11.170690    1.068740
285    opls_750    18.853820    1.350990    5.521840
286    opls_750     0.785580    8.468710    5.521840
287    opls_750    10.605280   18.288410    1.068740
288    opls_750    13.378560    4.124270    7.748390
289    opls_750     3.558860   13.943970    3.295290
290    opls_750    16.080540   15.515130    3.295290
291    opls_750     6.260840    5.695430    7.748390
