0      opls_145     2.206160    3.373500    2.100690
1      opls_145    12.112310    3.373500   15.128370
2      opls_145    -4.985410    3.373500   25.628480
3      opls_145    10.912170    3.373500   12.600810
4      opls_145    12.306770    3.373500   12.714330
5      opls_166    -0.202610    3.373500    1.339160
6      opls_145    10.717710    3.373500   15.014840
7      opls_166     2.759360    3.373500    0.706050
8      opls_142     8.636400    3.373500   13.608650
9      opls_142    -3.358860    3.373500   23.778470
10     opls_142    14.388340    3.373500   14.120530
11     opls_142     0.579600    3.373500    3.950710
12     opls_700    12.918370    3.373500   13.979780
13     opls_700     0.728160    3.373500    2.433300
14     opls_700    10.106370    3.373500   13.749390
15     opls_700    -3.507420    3.373500   25.295880
16     opls_543     0.190780    3.373500   11.047440
17     opls_543    21.379910    3.373500   14.971440
18     opls_543    -2.970040    3.373500   16.681730
19     opls_543     1.644580    3.373500   12.757740
20     opls_716     1.472430    3.373500   10.508590
21     opls_716    20.641980    3.373500   16.149820
22     opls_716    21.552110    3.373500   17.220330
23     opls_716     2.382760    3.373500   11.579360
24     opls_543    23.358490    3.373500   10.806010
25     opls_543    21.565440    3.373500   12.330870
26     opls_543    -0.334000    3.373500   16.923160
27     opls_543     1.459300    3.373500   15.398310
28     opls_716    22.077150    3.373500   10.074020
29     opls_716    21.048830    3.373500   10.948560
30     opls_716     0.947590    3.373500   17.655150
31     opls_716     1.975910    3.373500   16.780620
32     opls_700    -1.154050    3.373500   10.288220
33     opls_700    20.846780    3.373500   13.522090
34     opls_700    -1.625210    3.373500   17.440950
35     opls_700     2.177710    3.373500   14.207080
36     opls_700    -1.036020    3.373500    8.819620
37     opls_700    19.378150    3.373500   13.403430
38     opls_700    -1.743500    3.373500   18.909560
39     opls_700     3.646590    3.373500   14.325740
40     opls_145    -0.981430    2.160790    8.118440
41     opls_145    18.676910    4.586140   13.349500
42     opls_145    -1.797820    2.160790   19.610730
43     opls_145     4.347830    4.586140   14.379680
44     opls_145    -0.981430    4.586210    8.118440
45     opls_145    18.676910    2.160790   13.349500
46     opls_145    -1.797820    4.586210   19.610730
47     opls_145     4.347830    2.160790   14.379680
48     opls_145    -0.874480    2.162750    6.723030
49     opls_145    17.281600    4.583980   13.240600
50     opls_145    -1.904780    2.162750   21.006140
51     opls_145     5.743140    4.583980   14.488580
52     opls_145    -0.874480    4.584180    6.723030
53     opls_145    17.281600    2.163020   13.240600
54     opls_145    -1.904780    4.584180   21.006140
55     opls_145     5.743140    2.163020   14.488580
56     opls_145    -0.815430    3.373500    6.025200
57     opls_145    16.582900    3.373500   13.191800
58     opls_145    -1.963830    3.373500   21.703970
59     opls_145     6.441580    3.373500   14.537380
60     opls_465    23.065510    3.373500    2.060110
61     opls_465    -0.041030    3.373500   25.669060
62     opls_142    14.647950    3.373500    4.774130
63     opls_142    13.383420    3.373500    4.173640
64     opls_142    13.271040    3.373500    2.778230
65     opls_142    14.423190    3.373500    1.983320
66     opls_700    15.687980    3.373500    2.583810
67     opls_261    15.800360    3.373500    3.979220
68     opls_142    16.840440    3.373500    1.788630
69     opls_142    18.104970    3.373500    2.389120
70     opls_145    19.145010    3.373500    0.198790
71     opls_700    19.257380    3.373500    1.594200
72     opls_145    14.961460    3.373500   25.087580
73     opls_145    21.562260    3.373500    0.004110
74     opls_700    21.674380    3.373500    1.399520
75     opls_145    20.522170    3.373500    2.194690
76     opls_145     8.376590    3.373500   22.954780
77     opls_145     9.641320    3.373500   23.555530
78     opls_145     9.753700    3.373500   24.950940
79     opls_145    13.937560    3.373500    0.061900
80     opls_700     7.336760    3.373500   25.145370
81     opls_145     7.224380    3.373500   23.749960
82     opls_142    11.520360    3.373500    0.256330
83     opls_142     4.919510    3.373500   25.340050
84     opls_261     9.215740    3.373500    1.846420
85     opls_700     9.103360    3.373500    0.451010
86     opls_142     8.063280    3.373500    2.641600
87     opls_142     6.798490    3.373500    2.041100
88     opls_700     6.686160    3.373500    0.645440
89     opls_142     2.502570    3.373500   25.534480
90     opls_750    15.160240    3.373500   13.076730
91     opls_750    -0.698090    3.373500    4.605900
92     opls_750     7.864500    3.373500   14.652440
93     opls_750    -2.081430    3.373500   23.123270
94     opls_542     0.360950    3.373500   12.375820
95     opls_542    -3.140210    3.373500   15.353360
96     opls_542    22.970970    3.373500   12.167010
97     opls_542     0.053520    3.373500   15.562170
98     opls_545    -0.369610    3.373500   12.997110
99     opls_545    -2.409640    3.373500   14.732060
100    opls_547     1.725610    3.373500    9.457600
101    opls_547    19.563750    3.373500   16.229950
102    opls_547    21.299130    3.373500   18.271570
103    opls_547     3.460990    3.373500   11.499220
104    opls_547    21.965530    3.373500    8.997860
105    opls_547    20.004460    3.373500   10.665780
106    opls_547     1.059210    3.373500   18.731310
107    opls_547     3.020030    3.373500   17.063400
108    opls_146    -1.031180    1.221410    8.654720
109    opls_146    19.213060    5.525730   13.388280
110    opls_146    -1.748080    1.221410   19.074450
111    opls_146     3.811430    5.525730   14.340900
112    opls_146    -1.031180    5.525520    8.654720
113    opls_146    19.213060    1.221270   13.388280
114    opls_146    -1.748080    5.525520   19.074450
115    opls_146     3.811430    1.221270   14.340900
116    opls_146    -0.846300    1.229780    6.177510
117    opls_146    16.736690    5.516280   13.193080
118    opls_146    -1.932960    1.229780   21.551670
119    opls_146     6.287800    5.516280   14.536090
120    opls_146    -0.846300    5.517160    6.177510
121    opls_146    16.736690    1.230720   13.193080
122    opls_146    -1.932960    5.517160   21.551670
123    opls_146     6.287800    1.230720   14.536090
124    opls_146     2.961450    3.373500    2.916670
125    opls_146    12.562530    3.373500   16.113600
126    opls_146    12.912230    3.373500   11.815910
127    opls_144     8.203180    3.373500   12.613650
128    opls_545    23.594910    3.373500   12.901050
129    opls_144    -4.246530    3.373500   23.107860
130    opls_146    -5.740710    3.373500   24.812500
131    opls_146    10.462210    3.373500   11.615570
132    opls_146    10.112510    3.373500   15.913270
133    opls_144    14.821560    3.373500   15.115520
134    opls_545    -0.570420    3.373500   14.828120
135    opls_144     1.467020    3.373500    4.621320
136    opls_144    14.734680    3.373500    5.850810
137    opls_144    12.494260    3.373500    4.786980
138    opls_144    12.295350    3.373500    2.315150
139    opls_144    14.336710    3.373500    0.906640
140    opls_146    14.874930    3.373500   24.011160
141    opls_146    22.451160    3.373500   -0.609220
142    opls_146    20.608710    3.373500    3.271110
143    opls_146     8.290060    3.373500   21.878370
144    opls_146    10.530480    3.373500   22.942200
145    opls_146    10.729390    3.373500   25.414020
146    opls_144     8.149810    3.373500    3.718010
147    opls_144     5.909590    3.373500    2.654440
148    opls_144     2.415780    3.373500   24.458070
149    opls_144    11.611690    3.373500    1.392840
150    opls_144     4.828170    3.373500   24.203540
151    opls_146     6.194470    3.373500   23.260940
152    opls_144    16.748800    3.373500    0.652370
153    opls_144    18.196570    3.373500    3.525640
154    opls_146    18.115360    3.373500   -0.290230
155    opls_473    24.187650    3.373500    1.223330
156    opls_466    23.123780    3.373500    3.262630
157    opls_473     4.173090    3.373500    0.821890
158    opls_466    -0.099040    3.373500   24.466540
