0      opls_142    -0.935200   37.703070    1.680390
1      opls_145    27.146590   14.334940    1.936040
2      opls_145    27.155170   15.689740    1.935210
3      opls_145    25.998890   12.188680    1.928490
4      opls_145    24.964710   11.478210    2.469320
5      opls_145    24.969130   10.133310    2.441930
6      opls_145    26.016820    9.457940    1.916130
7      opls_145    27.056450   10.154460    1.378040
8      opls_145    27.040340   11.499810    1.373710
9      opls_145    -0.735950   39.110070    1.701890
10     opls_145     0.477470   39.647760    1.985440
11     opls_145     0.642430   40.983660    1.994980
12     opls_145    -0.400580   41.795810    1.721510
13     opls_145    -1.610110   41.267570    1.439690
14     opls_145    -1.776880   39.932120    1.430220
15     opls_261    -0.228610   43.169960    1.726490
16     opls_261    -0.084170   44.320930    1.728550
17     opls_142    -6.206370   25.333510    1.680390
18     opls_145    25.967980   16.342170    1.936040
19     opls_145    24.790400   15.672190    1.935210
20     opls_145    28.400540   16.421360    1.928490
21     opls_145    29.532920   15.880970    2.469320
22     opls_145    30.695430   16.557240    2.441930
23     opls_145    30.756480   17.802250    1.916130
24     opls_145    29.633450   18.354340    1.378040
25     opls_145    28.476400   17.667720    1.373710
26     opls_145    -7.524480   24.802570    1.701890
27     opls_145    -8.596850   25.584580    1.985440
28     opls_145    -9.836250   25.059490    1.994980
29     opls_145   -10.018100   23.750140    1.721510
30     opls_145    -8.955860   22.966780    1.439690
31     opls_145    -7.715940   23.490070    1.430220
32     opls_261   -11.294130   23.212000    1.726490
33     opls_261   -12.363120   22.761600    1.728550
34     opls_142     7.141570   26.953330    1.680390
35     opls_145    24.818980   14.317840    1.936040
36     opls_145    25.987980   13.633020    1.935210
37     opls_145    23.534110   16.384910    1.928490
38     opls_145    23.435920   17.635770    2.469320
39     opls_145    22.268990   18.304400    2.441930
40     opls_145    21.160260   17.734760    1.916130
41     opls_145    21.243650   16.486150    1.378040
42     opls_145    22.416810   15.827430    1.373710
43     opls_145     8.260440   26.077280    1.701890
44     opls_145     8.119380   24.757570    1.985440
45     opls_145     9.193820   23.946770    1.994980
46     opls_145    10.418680   24.443960    1.721510
47     opls_145    10.565970   25.755560    1.439690
48     opls_145     9.492830   26.567720    1.430220
49     opls_261    11.522740   23.607950    1.726490
50     opls_261    12.447290   22.907380    1.728550
51     opls_142    26.913050    7.291880    1.680390
52     opls_145    -1.168740   30.660010    1.936040
53     opls_145    -1.177320   29.305210    1.935210
54     opls_145    -0.021040   32.806270    1.928490
55     opls_145     1.013140   33.516740    2.469320
56     opls_145     1.008720   34.861640    2.441930
57     opls_145    -0.038970   35.537020    1.916130
58     opls_145    -1.078600   34.840490    1.378040
59     opls_145    -1.062490   33.495150    1.373710
60     opls_145    26.713800    5.884890    1.701890
61     opls_145    25.500380    5.347200    1.985440
62     opls_145    25.335420    4.011300    1.994980
63     opls_145    26.378430    3.199140    1.721510
64     opls_145    27.587960    3.727380    1.439690
65     opls_145    27.754730    5.062830    1.430220
66     opls_261    26.206460    1.825000    1.726490
67     opls_261    26.062020    0.674020    1.728550
68     opls_142    32.184220   19.661450    1.680390
69     opls_145     0.009870   28.652790    1.936040
70     opls_145     1.187450   29.322760    1.935210
71     opls_145    -2.422690   28.573600    1.928490
72     opls_145    -3.555070   29.113990    2.469320
73     opls_145    -4.717580   28.437710    2.441930
74     opls_145    -4.778630   27.192700    1.916130
75     opls_145    -3.655600   26.640610    1.378040
76     opls_145    -2.498550   27.327240    1.373710
77     opls_145    33.502330   20.192390    1.701890
78     opls_145    34.574700   19.410370    1.985440
79     opls_145    35.814100   19.935470    1.994980
80     opls_145    35.995950   21.244820    1.721510
81     opls_145    34.933710   22.028180    1.439690
82     opls_145    33.693790   21.504890    1.430220
83     opls_261    37.271980   21.782960    1.726490
84     opls_261    38.340970   22.233360    1.728550
85     opls_142    18.836280   18.041630    1.680390
86     opls_145     1.158870   30.677110    1.936040
87     opls_145    -0.010130   31.361930    1.935210
88     opls_145     2.443740   28.610040    1.928490
89     opls_145     2.541930   27.359180    2.469320
90     opls_145     3.708860   26.690560    2.441930
91     opls_145     4.817590   27.260190    1.916130
92     opls_145     4.734200   28.508800    1.378040
93     opls_145     3.561040   29.167530    1.373710
94     opls_145    17.717410   18.917680    1.701890
95     opls_145    17.858470   20.237380    1.985440
96     opls_145    16.784030   21.048190    1.994980
97     opls_145    15.559170   20.551000    1.721510
98     opls_145    15.411880   19.239390    1.439690
99     opls_145    16.485020   18.427230    1.430220
100    opls_261    14.455110   21.387000    1.726490
101    opls_261    13.530560   22.087570    1.728550
102    opls_750    31.980290   18.448830    1.920140
103    opls_750    19.988400   18.471330    1.920140
104    opls_750    25.964860    8.074790    1.920140
105    opls_750    -6.002440   26.546120    1.920140
106    opls_750     5.989450   26.523630    1.920140
107    opls_750     0.012990   36.920160    1.920140
108    opls_144    -1.892750   37.344010    1.479080
109    opls_146    28.048280   13.822450    1.935320
110    opls_146    24.160960   11.948860    2.950710
111    opls_146    24.162260    9.612270    2.863700
112    opls_146    27.864100    9.675270    0.914400
113    opls_146    27.831370   11.989810    0.889900
114    opls_146     1.297590   39.038970    2.201600
115    opls_146     1.581790   41.383210    2.216920
116    opls_146    -2.422690   41.887600    1.223490
117    opls_146    -2.719100   39.540220    1.205900
118    opls_144    -5.416640   24.683780    1.479080
119    opls_146    25.960960   17.379300    1.935320
120    opls_146    29.527200   14.949570    2.950710
121    opls_146    31.550100   16.118990    2.863700
122    opls_146    29.644620   19.293390    0.914400
123    opls_146    27.656540   18.107770    0.889900
124    opls_146    -8.479690   26.599220    2.201600
125    opls_146   -10.651960   25.673220    2.216920
126    opls_146    -9.086530   21.953040    1.223490
127    opls_146    -6.905430   22.870040    1.205900
128    opls_144     7.309390   27.962120    1.479080
129    opls_146    23.924300   13.793200    1.935320
130    opls_146    24.245390   18.096520    2.950710
131    opls_146    22.221190   19.263690    2.863700
132    opls_146    20.424820   16.026300    0.914400
133    opls_146    22.445640   14.897380    0.889900
134    opls_146     7.182100   24.351720    2.201600
135    opls_146     9.070170   22.933480    2.216920
136    opls_146    11.509230   26.149270    1.223490
137    opls_146     9.624530   27.579660    1.205900
138    opls_144    27.870600    7.650940    1.479080
139    opls_146    -2.070430   31.172510    1.935320
140    opls_146     1.816890   33.046100    2.950710
141    opls_146     1.815590   35.382680    2.863700
142    opls_146    -1.886250   35.319690    0.914400
143    opls_146    -1.853520   33.005150    0.889900
144    opls_146    24.680260    5.955980    2.201600
145    opls_146    24.396060    3.611750    2.216920
146    opls_146    28.400540    3.107350    1.223490
147    opls_146    28.696950    5.454740    1.205900
148    opls_144    31.394490   20.311170    1.479080
149    opls_146     0.016890   27.615650    1.935320
150    opls_146    -3.549350   30.045380    2.950710
151    opls_146    -5.572250   28.875960    2.863700
152    opls_146    -3.666770   25.701570    0.914400
153    opls_146    -1.678690   26.887190    0.889900
154    opls_146    34.457540   18.395740    2.201600
155    opls_146    36.629810   19.321730    2.216920
156    opls_146    35.064380   23.041920    1.223490
157    opls_146    32.883280   22.124920    1.205900
158    opls_144    18.668460   17.032840    1.479080
159    opls_146     2.053550   31.201750    1.935320
160    opls_146     1.732460   26.898430    2.950710
161    opls_146     3.756660   25.731270    2.863700
162    opls_146     5.553030   28.968650    0.914400
163    opls_146     3.532210   30.097580    0.889900
164    opls_146    18.795750   20.643240    2.201600
165    opls_146    16.907680   22.061480    2.216920
166    opls_146    14.468620   18.845690    1.223490
167    opls_146    16.353320   17.415300    1.205900
