0      opls_281     0.266650   15.739630    0.000000
1      opls_281     1.985760   19.640910    0.000000
2      opls_281    -2.252410   19.179060    0.000000
3      opls_281    15.483350   11.540170    0.000000
4      opls_281    13.764240    7.638890    0.000000
5      opls_281    18.002410    8.100740    0.000000
6      opls_238     2.832640   15.960050    0.000000
7      opls_238     0.511870   21.752910    0.000000
8      opls_238    -3.344510   16.846640    0.000000
9      opls_238    12.917360   11.319750    0.000000
10     opls_238    15.238130    5.526890    0.000000
11     opls_238    19.094510   10.433160    0.000000
12     opls_750     7.744750   14.207590    0.000000
13     opls_750    -0.426510   26.883150    0.000000
14     opls_750    -7.318240   13.468860    0.000000
15     opls_750     8.005250   13.072210    0.000000
16     opls_750    16.176510    0.396650    0.000000
17     opls_750    23.068240   13.810940    0.000000
18     opls_280     0.158600   16.847190    0.000000
19     opls_142     2.447390   17.225830    0.000000
20     opls_145     4.086500   15.546760    0.000000
21     opls_145     5.094020   16.353420    0.000000
22     opls_145     6.291340   15.897850    0.000000
23     opls_145     6.508530   14.639430    0.000000
24     opls_145     5.513290   13.831130    0.000000
25     opls_145     4.315810   14.282070    0.000000
26     opls_145     1.266770   17.643210    0.000000
27     opls_280     1.080610   18.993560    0.000000
28     opls_142    -0.391700   20.786390    0.000000
29     opls_145     0.242860   23.045430    0.000000
30     opls_145    -0.959490   23.514640    0.000000
31     opls_145    -1.163610   24.779330    0.000000
32     opls_145    -0.182380   25.596640    0.000000
33     opls_145     1.015240   25.138880    0.000000
34     opls_145     1.223460   23.876370    0.000000
35     opls_145    -0.162850   19.555250    0.000000
36     opls_280    -1.239210   18.718850    0.000000
37     opls_142    -2.055690   16.547380    0.000000
38     opls_145    -4.329360   15.967410    0.000000
39     opls_145    -4.134530   14.691540    0.000000
40     opls_145    -5.127730   13.882420    0.000000
41     opls_145    -6.326150   14.323530    0.000000
42     opls_145    -6.528530   15.589590    0.000000
43     opls_145    -5.539270   16.401160    0.000000
44     opls_145    -1.103920   17.361140    0.000000
45     opls_280    15.591400   10.432610    0.000000
46     opls_142    13.302610   10.053970    0.000000
47     opls_145    11.663510   11.733040    0.000000
48     opls_145    10.655980   10.926380    0.000000
49     opls_145     9.458660   11.381950    0.000000
50     opls_145     9.241470   12.640370    0.000000
51     opls_145    10.236710   13.448670    0.000000
52     opls_145    11.434180   12.997730    0.000000
53     opls_145    14.483230    9.636590    0.000000
54     opls_280    14.669390    8.286240    0.000000
55     opls_142    16.141700    6.493410    0.000000
56     opls_145    15.507130    4.234370    0.000000
57     opls_145    16.709490    3.765160    0.000000
58     opls_145    16.913610    2.500470    0.000000
59     opls_145    15.932390    1.683160    0.000000
60     opls_145    14.734750    2.140920    0.000000
61     opls_145    14.526540    3.403430    0.000000
62     opls_145    15.912860    7.724550    0.000000
63     opls_280    16.989210    8.560950    0.000000
64     opls_142    17.805690   10.732420    0.000000
65     opls_145    20.079360   11.312390    0.000000
66     opls_145    19.884530   12.588260    0.000000
67     opls_145    20.877730   13.397380    0.000000
68     opls_145    22.076150   12.956270    0.000000
69     opls_145    22.278530   11.690210    0.000000
70     opls_145    21.289270   10.878640    0.000000
71     opls_145    16.853920    9.918660    0.000000
72     opls_144     3.156610   17.910830    0.000000
73     opls_146     4.984400   17.331130    0.000000
74     opls_910     2.188930   15.261960    0.000000
75     opls_146     3.560920   13.641810    0.000000
76     opls_146     7.058050   16.523650    0.000000
77     opls_146     5.669370   12.854240    0.000000
78     opls_144    -1.339540   21.058100    0.000000
79     opls_146    -1.751400   22.930850    0.000000
80     opls_910     1.438290   21.544500    0.000000
81     opls_146     2.155390   23.542740    0.000000
82     opls_146    -2.088920   25.130420    0.000000
83     opls_146     1.783210   25.762500    0.000000
84     opls_144    -1.817080   15.590680    0.000000
85     opls_146    -3.233000   14.297620    0.000000
86     opls_910    -3.627230   17.753150    0.000000
87     opls_146    -5.716310   17.375050    0.000000
88     opls_146    -4.969130   12.905530    0.000000
89     opls_146    -7.452590   15.942860    0.000000
90     opls_144    12.593380    9.368970    0.000000
91     opls_146    10.765600    9.948670    0.000000
92     opls_910    13.561060   12.017840    0.000000
93     opls_146    12.189080   13.637990    0.000000
94     opls_146     8.691950   10.756150    0.000000
95     opls_146    10.080630   14.425560    0.000000
96     opls_144    17.089540    6.221700    0.000000
97     opls_146    17.501400    4.348950    0.000000
98     opls_910    14.311710    5.735310    0.000000
99     opls_146    13.594610    3.737060    0.000000
100    opls_146    17.838920    2.149380    0.000000
101    opls_146    13.966780    1.517300    0.000000
102    opls_144    17.567080   11.689120    0.000000
103    opls_146    18.983000   12.982180    0.000000
104    opls_910    19.377220    9.526650    0.000000
105    opls_146    21.466300    9.904750    0.000000
106    opls_146    20.719120   14.374270    0.000000
107    opls_146    23.202580   11.336940    0.000000
