0      opls_633     1.615800   17.570560    4.196610
1      opls_202    16.809790   20.971460    0.131510
2      opls_633    57.854200   17.570560    0.063390
3      opls_202    16.809790   11.118540    4.128490
4      opls_633    57.854200   14.519440    4.196610
5      opls_202    42.660210   11.118540    0.131510
6      opls_633     1.615800   14.519440    0.063390
7      opls_202    42.660210   20.971460    4.128490
8      opls_633    28.119200    1.525560    0.063390
9      opls_202    12.925210    4.926460    4.128490
10     opls_633    31.350800    1.525560    4.196610
11     opls_202    12.925210   27.163540    0.131510
12     opls_633    31.350800   30.564440    0.063390
13     opls_202    46.544790   27.163540    4.128490
14     opls_633    28.119200   30.564440    4.196610
15     opls_202    46.544790    4.926460    0.131510
16     opls_700     4.412670   17.610670    4.058970
17     opls_145     5.577100   17.432570    0.559680
18     opls_145     6.665400   18.297720    0.429710
19     opls_700     6.592840   19.405140    3.830980
20     opls_145     5.416530   19.621110    3.102090
21     opls_145     4.344880   18.730290    3.207140
22     opls_716     3.218520   16.721460    4.193160
23     opls_145     9.994530   20.993280    0.091930
24     opls_145    11.076290   20.603380    0.887570
25     opls_145    12.252010   21.356860    0.914830
26     opls_700    12.383440   22.508890    0.119370
27     opls_145    11.298110   22.895250    3.572560
28     opls_145    10.110490   22.158470    3.569280
29     opls_700    13.649550   23.303440    0.128180
30     opls_716    14.916860   22.679610    0.121240
31     opls_716    16.095560   23.418960    0.138790
32     opls_142     7.725150   20.340570    3.683750
33     opls_700    43.384550    7.258440    0.128180
34     opls_716     0.673200   16.045000    0.000000
35     opls_700    55.057330   17.610670    0.201030
36     opls_145    53.892900   17.432570    3.700320
37     opls_145    52.804600   18.297720    3.830290
38     opls_700    52.877160   19.405140    0.429020
39     opls_145    54.053470   19.621110    1.157910
40     opls_145    55.125120   18.730290    1.052860
41     opls_142    51.744850   20.340570    0.576250
42     opls_716    56.251480   16.721460    0.066840
43     opls_145    49.475470   20.993280    4.168070
44     opls_145    48.393710   20.603380    3.372430
45     opls_145    47.217990   21.356860    3.345170
46     opls_700    47.086560   22.508890    4.140630
47     opls_145    48.171890   22.895250    0.687440
48     opls_145    49.359510   22.158470    0.690720
49     opls_716    44.553140   22.679610    4.138760
50     opls_716    43.374440   23.418960    4.121210
51     opls_700    55.057330   14.479330    4.058970
52     opls_145    53.892900   14.657430    0.559680
53     opls_145    52.804600   13.792280    0.429710
54     opls_700    52.877160   12.684860    3.830980
55     opls_145    54.053470   12.468890    3.102090
56     opls_145    55.125120   13.359710    3.207140
57     opls_716    56.251480   15.368540    4.193160
58     opls_145    49.475470   11.096720    0.091930
59     opls_145    48.393710   11.486620    0.887570
60     opls_145    47.217990   10.733140    0.914830
61     opls_700    47.086560    9.581110    0.119370
62     opls_145    48.171890    9.194750    3.572560
63     opls_145    49.359510    9.931530    3.569280
64     opls_700    45.820450    8.786560    0.128180
65     opls_716    44.553140    9.410390    0.121240
66     opls_716    43.374440    8.671040    0.138790
67     opls_142    51.744850   11.749430    3.683750
68     opls_700    16.085450   24.831560    0.128180
69     opls_716    58.796800   16.045000    0.000000
70     opls_700     4.412670   14.479330    0.201030
71     opls_145     5.577100   14.657430    3.700320
72     opls_145     6.665400   13.792280    3.830290
73     opls_700     6.592840   12.684860    0.429020
74     opls_145     5.416530   12.468890    1.157910
75     opls_145     4.344880   13.359710    1.052860
76     opls_142     7.725150   11.749430    0.576250
77     opls_716     3.218520   15.368540    0.066840
78     opls_145     9.994530   11.096720    4.168070
79     opls_145    11.076290   11.486620    3.372430
80     opls_145    12.252010   10.733140    3.345170
81     opls_700    12.383440    9.581110    4.140630
82     opls_145    11.298110    9.194750    0.687440
83     opls_145    10.110490    9.931530    0.690720
84     opls_716    14.916860    9.410390    4.138760
85     opls_716    16.095560    8.671040    4.121210
86     opls_700    25.322330    1.565670    0.201030
87     opls_145    24.157900    1.387570    3.700320
88     opls_145    23.069600    2.252720    3.830290
89     opls_700    23.142160    3.360140    0.429020
90     opls_145    24.318470    3.576110    1.157910
91     opls_145    25.390120    2.685290    1.052860
92     opls_716    26.516480    0.676460    0.066840
93     opls_145    19.740470    4.948280    4.168070
94     opls_145    18.658710    4.558380    3.372430
95     opls_145    17.482990    5.311860    3.345170
96     opls_700    17.351560    6.463890    4.140630
97     opls_145    18.436890    6.850250    0.687440
98     opls_145    19.624510    6.113470    0.690720
99     opls_700    16.085450    7.258440    4.131820
100    opls_716    14.818140    6.634610    4.138760
101    opls_716    13.639440    7.373960    4.121210
102    opls_142    22.009850    4.295570    0.576250
103    opls_700    45.820450   23.303440    4.131820
104    opls_716    29.061800    0.000000    0.000000
105    opls_700    34.147670    1.565670    4.058970
106    opls_145    35.312100    1.387570    0.559680
107    opls_145    36.400400    2.252720    0.429710
108    opls_700    36.327840    3.360140    3.830980
109    opls_145    35.151530    3.576110    3.102090
110    opls_145    34.079880    2.685290    3.207140
111    opls_142    37.460150    4.295570    3.683750
112    opls_716    32.953520    0.676460    4.193160
113    opls_145    39.729530    4.948280    0.091930
114    opls_145    40.811290    4.558380    0.887570
115    opls_145    41.987010    5.311860    0.914830
116    opls_700    42.118440    6.463890    0.119370
117    opls_145    41.033110    6.850250    3.572560
118    opls_145    39.845490    6.113470    3.569280
119    opls_716    44.651860    6.634610    0.121240
120    opls_716    45.830560    7.373960    0.138790
121    opls_700    34.147670   30.524330    0.201030
122    opls_145    35.312100   30.702430    3.700320
123    opls_145    36.400400   29.837280    3.830290
124    opls_700    36.327840   28.729860    0.429020
125    opls_145    35.151530   28.513890    1.157910
126    opls_145    34.079880   29.404710    1.052860
127    opls_716    32.953520   31.413540    0.066840
128    opls_145    39.729530   27.141720    4.168070
129    opls_145    40.811290   27.531620    3.372430
130    opls_145    41.987010   26.778140    3.345170
131    opls_700    42.118440   25.626110    4.140630
132    opls_145    41.033110   25.239750    0.687440
133    opls_145    39.845490   25.976530    0.690720
134    opls_700    43.384550   24.831560    4.131820
135    opls_716    44.651860   25.455390    4.138760
136    opls_716    45.830560   24.716040    4.121210
137    opls_142    37.460150   27.794430    0.576250
138    opls_700    13.649550    8.786560    4.131820
139    opls_716    30.408200    0.000000    0.000000
140    opls_700    25.322330   30.524330    4.058970
141    opls_145    24.157900   30.702430    0.559680
142    opls_145    23.069600   29.837280    0.429710
143    opls_700    23.142160   28.729860    3.830980
144    opls_145    24.318470   28.513890    3.102090
145    opls_145    25.390120   29.404710    3.207140
146    opls_142    22.009850   27.794430    3.683750
147    opls_716    26.516480   31.413540    4.193160
148    opls_145    19.740470   27.141720    0.091930
149    opls_145    18.658710   27.531620    0.887570
150    opls_145    17.482990   26.778140    0.914830
151    opls_700    17.351560   25.626110    0.119370
152    opls_145    18.436890   25.239750    3.572560
153    opls_145    19.624510   25.976530    3.569280
154    opls_716    14.818140   25.455390    0.121240
155    opls_716    13.639440   24.716040    0.138790
156    opls_750    15.084570   21.399540    0.094870
157    opls_750    17.174940   22.711060    0.166100
158    opls_750     8.811080   20.176910    0.118980
159    opls_750    50.658920   20.176910    4.141020
160    opls_750    15.084570   10.690460    4.165130
161    opls_750    17.174940    9.378940    4.093900
162    opls_750    44.385430   10.690460    0.094870
163    opls_750    42.295060    9.378940    0.166100
164    opls_750    50.658920   11.913090    0.118980
165    opls_750     8.811080   11.913090    4.141020
166    opls_750    44.385430   21.399540    4.165130
167    opls_750    42.295060   22.711060    4.093900
168    opls_750    14.650430    5.354540    4.165130
169    opls_750    12.560060    6.666060    4.093900
170    opls_750    20.923920    4.131910    4.141020
171    opls_750    38.546080    4.131910    0.118980
172    opls_750    14.650430   26.735460    0.094870
173    opls_750    12.560060   25.423940    0.166100
174    opls_750    44.819570   26.735460    4.165130
175    opls_750    46.909940   25.423940    4.093900
176    opls_750    38.546080   27.958090    4.141020
177    opls_750    20.923920   27.958090    0.118980
178    opls_750    44.819570    5.354540    0.094870
179    opls_750    46.909940    6.666060    0.166100
180    opls_146     5.647270   16.569030    1.300710
181    opls_146     7.619890   18.106140    1.023080
182    opls_146     5.328510   20.528290    2.417460
183    opls_146     3.396930   18.904220    2.597920
184    opls_146    11.004920   19.660260    1.524230
185    opls_146    13.116700   21.039810    1.586510
186    opls_146    11.380770   23.819770    2.910470
187    opls_146     9.233310   22.504720    2.929050
188    opls_144     7.651410   21.214700    2.955890
189    opls_146    53.822730   16.569030    2.959290
190    opls_146    51.850110   18.106140    3.236920
191    opls_146    54.141490   20.528290    1.842540
192    opls_146    56.073070   18.904220    1.662080
193    opls_144    51.818590   21.214700    1.304110
194    opls_146    48.465080   19.660260    2.735770
195    opls_146    46.353300   21.039810    2.673490
196    opls_146    48.089230   23.819770    1.349530
197    opls_146    50.236690   22.504720    1.330950
198    opls_146    53.822730   15.520970    1.300710
199    opls_146    51.850110   13.983860    1.023080
200    opls_146    54.141490   11.561710    2.417460
201    opls_146    56.073070   13.185780    2.597920
202    opls_146    48.465080   12.429740    1.524230
203    opls_146    46.353300   11.050190    1.586510
204    opls_146    48.089230    8.270230    2.910470
205    opls_146    50.236690    9.585280    2.929050
206    opls_144    51.818590   10.875300    2.955890
207    opls_146     5.647270   15.520970    2.959290
208    opls_146     7.619890   13.983860    3.236920
209    opls_146     5.328510   11.561710    1.842540
210    opls_146     3.396930   13.185780    1.662080
211    opls_144     7.651410   10.875300    1.304110
212    opls_146    11.004920   12.429740    2.735770
213    opls_146    13.116700   11.050190    2.673490
214    opls_146    11.380770    8.270230    1.349530
215    opls_146     9.233310    9.585280    1.330950
216    opls_146    24.087730    0.524030    2.959290
217    opls_146    22.115110    2.061140    3.236920
218    opls_146    24.406490    4.483290    1.842540
219    opls_146    26.338070    2.859220    1.662080
220    opls_146    18.730080    3.615260    2.735770
221    opls_146    16.618300    4.994810    2.673490
222    opls_146    18.354230    7.774770    1.349530
223    opls_146    20.501690    6.459720    1.330950
224    opls_144    22.083590    5.169700    1.304110
225    opls_146    35.382270    0.524030    1.300710
226    opls_146    37.354890    2.061140    1.023080
227    opls_146    35.063510    4.483290    2.417460
228    opls_146    33.131930    2.859220    2.597920
229    opls_144    37.386410    5.169700    2.955890
230    opls_146    40.739920    3.615260    1.524230
231    opls_146    42.851700    4.994810    1.586510
232    opls_146    41.115770    7.774770    2.910470
233    opls_146    38.968310    6.459720    2.929050
234    opls_146    35.382270   31.565970    2.959290
235    opls_146    37.354890   30.028860    3.236920
236    opls_146    35.063510   27.606710    1.842540
237    opls_146    33.131930   29.230780    1.662080
238    opls_146    40.739920   28.474740    2.735770
239    opls_146    42.851700   27.095190    2.673490
240    opls_146    41.115770   24.315230    1.349530
241    opls_146    38.968310   25.630280    1.330950
242    opls_144    37.386410   26.920300    1.304110
243    opls_146    24.087730   31.565970    1.300710
244    opls_146    22.115110   30.028860    1.023080
245    opls_146    24.406490   27.606710    2.417460
246    opls_146    26.338070   29.230780    2.597920
247    opls_144    22.083590   26.920300    2.955890
248    opls_146    18.730080   28.474740    1.524230
249    opls_146    16.618300   27.095190    1.586510
250    opls_146    18.354230   24.315230    2.910470
251    opls_146    20.501690   25.630280    2.929050
