0      opls_531    -1.096970   20.754960    1.730210
1      opls_700    -2.317630   19.917070    1.741530
2      opls_523     2.676400   18.915610    1.476750
3      opls_145     3.931520   18.302600    1.495210
4      opls_145     5.089780   19.064670    1.802360
5      opls_145     4.955290   20.455880    2.041890
6      opls_523     3.697190   21.061150    2.015490
7      opls_142     6.643310   17.280480    2.064110
8      opls_700     8.007220   16.739090    2.050020
9      opls_145     8.165920   15.330460    2.067630
10     opls_166     9.433900   14.720350    2.040560
11     opls_531     1.201660   20.936290    1.730210
12     opls_700     2.537620   20.298110    1.741530
13     opls_523     0.907900   25.123800    1.476750
14     opls_145     0.811230   26.517280    1.495210
15     opls_145    -0.427870   27.139320    1.802360
16     opls_145    -1.565460   26.327240    2.041890
17     opls_523    -1.460580   24.935060    2.015490
18     opls_142     0.340510   29.376810    2.064110
19     opls_700     0.127410   30.828680    2.050020
20     opls_145     1.267970   31.670450    2.067630
21     opls_531    -0.104690   22.836300    1.730210
22     opls_700    -0.219990   24.312370    1.741530
23     opls_523    -3.584300   20.488140    1.476750
24     opls_145    -4.742750   19.707680    1.495210
25     opls_145    -4.661900   18.323570    1.802360
26     opls_145    -3.389830   17.744430    2.041890
27     opls_523    -2.236600   18.531350    2.015490
28     opls_142    -6.983820   17.870260    2.064110
29     opls_700    -8.134630   16.959780    2.050020
30     opls_145    -9.433900   17.526650    2.067630
31     opls_531    19.724470   11.508810    1.730210
32     opls_700    20.945130   12.346700    1.741530
33     opls_523    15.951100   13.348170    1.476750
34     opls_145    14.695980   13.961180    1.495210
35     opls_145    13.537720   13.199110    1.802360
36     opls_145    13.672210   11.807900    2.041890
37     opls_523    14.930310   11.202630    2.015490
38     opls_142    11.984190   14.983300    2.064110
39     opls_700    10.620280   15.524680    2.050020
40     opls_145    10.461580   16.933320    2.067630
41     opls_166     9.193600   17.543430    2.040560
42     opls_531    17.425840   11.327490    1.730210
43     opls_700    16.089880   11.965670    1.741530
44     opls_523    17.719600    7.139970    1.476750
45     opls_145    17.816270    5.746500    1.495210
46     opls_145    19.055370    5.124460    1.802360
47     opls_145    20.192960    5.936530    2.041890
48     opls_523    20.088080    7.328720    2.015490
49     opls_142    18.286990    2.886960    2.064110
50     opls_700    18.500090    1.435090    2.050020
51     opls_145    17.359530    0.593330    2.067630
52     opls_531    18.732190    9.427480    1.730210
53     opls_700    18.847490    7.951410    1.741530
54     opls_523    22.211800   11.775630    1.476750
55     opls_145    23.370250   12.556090    1.495210
56     opls_145    23.289400   13.940210    1.802360
57     opls_145    22.017330   14.519340    2.041890
58     opls_523    20.864100   13.732430    2.015490
59     opls_142    25.611320   14.393520    2.064110
60     opls_700    26.762130   15.304000    2.050020
61     opls_145    28.061400   14.737130    2.067630
62     opls_166    19.789860    0.809820    2.040560
63     opls_166    26.658750   16.733610    2.040560
64     opls_166    -1.162360   31.453960    2.040560
65     opls_166    -8.031250   15.530170    2.040560
66     opls_520     0.107670   20.140990    1.729750
67     opls_750     6.390910   18.531350    1.824750
68     opls_520     1.131060   22.286530    1.729750
69     opls_750    -0.616570   28.532790    1.824750
70     opls_520    -1.238730   22.100040    1.729750
71     opls_750    -5.774340   17.463410    1.824750
72     opls_520    18.519830   12.122790    1.729750
73     opls_750    12.236590   13.732430    1.824750
74     opls_520    17.496440    9.977250    1.729750
75     opls_750    19.244070    3.730980    1.824750
76     opls_520    19.866230   10.163730    1.729750
77     opls_750    24.401840   14.800360    1.824750
78     opls_526     1.777250   18.319690    1.238230
79     opls_146     4.010870   17.229500    1.247200
80     opls_146     5.852950   21.053730    2.278690
81     opls_526     3.598270   22.142310    2.218640
82     opls_144     5.828540   16.538410    2.304780
83     opls_146    11.354210   17.581820    2.075580
84     opls_168     8.240990   19.254050    2.018230
85     opls_526     1.873550   24.643070    1.238230
86     opls_146     1.700880   27.122540    1.247200
87     opls_146    -2.532040   26.805710    2.278690
88     opls_526    -2.347440   24.308820    2.218640
89     opls_144     1.390540   29.042240    2.304780
90     opls_168    -2.167500   29.773660    2.018230
91     opls_526    -3.650800   21.564790    1.238230
92     opls_146    -5.711750   20.175510    1.247200
93     opls_146    -3.320910   16.668110    2.278690
94     opls_526    -1.250840   18.076430    2.218640
95     opls_144    -7.219090   18.946900    2.304780
96     opls_168    -6.073500   15.499840    2.018230
97     opls_526    16.850250   13.944080    1.238230
98     opls_146    14.616630   15.034270    1.247200
99     opls_146    12.774550   11.210050    2.278690
100    opls_526    15.029230   10.121470    2.218640
101    opls_144    12.798960   15.725360    2.304780
102    opls_146     7.273290   14.681950    2.075580
103    opls_168    10.386510   13.009720    2.018230
104    opls_526    16.753950    7.620700    1.238230
105    opls_146    16.926620    5.141230    1.247200
106    opls_146    21.159540    5.458060    2.278690
107    opls_526    20.974940    7.954960    2.218640
108    opls_144    17.236960    3.221540    2.304780
109    opls_168    20.795000    2.490120    2.018230
110    opls_526    22.278300   10.698990    1.238230
111    opls_146    24.339250   12.088270    1.247200
112    opls_146    21.948410   15.595660    2.278690
113    opls_526    19.878340   14.187350    2.218640
114    opls_144    25.846590   13.316870    2.304780
115    opls_168    24.701000   16.763940    2.018230
116    opls_146    16.351590    1.042120    2.075580
117    opls_146    28.176700   13.639830    2.075580
118    opls_146     2.275910   31.221660    2.075580
119    opls_146    -9.549200   18.623940    2.075580
120    opls_167     9.454020   13.347200    2.030890
121    opls_167     9.173480   18.916570    2.030890
122    opls_167    20.968980    1.513820    2.030890
123    opls_167    25.459510   17.402760    2.030890
124    opls_167    -2.341480   30.749960    2.030890
125    opls_167    -6.832010   14.861020    2.030890
