0      opls_700     8.694510    8.695430   21.089500
1      opls_145     8.078070    8.079900   22.174420
2      opls_700     7.096560    7.100050   21.927010
3      opls_166     6.748400    6.753360   20.595800
4      opls_145     7.397530    7.401390   19.516910
5      opls_700     8.364900    8.366550   19.789550
6      opls_145     5.105460    5.111710   25.247300
7      opls_145     4.513630    4.519690   26.366110
8      opls_700     4.896680    4.896860   27.664930
9      opls_145     5.887730    5.882590   27.813670
10     opls_145     6.479750    6.475160   26.695610
11     opls_145     6.094310    6.095230   25.407340
12     opls_142     2.749310   15.609650    4.224830
13     opls_181    14.649820    3.722730    0.203730
14     opls_700     9.668490    9.667570   21.089500
15     opls_145    10.284930   10.283100   22.174420
16     opls_700    11.266440   11.262950   21.927010
17     opls_166    11.614600   11.609640   20.595800
18     opls_145    10.965470   10.961610   19.516910
19     opls_700     9.998100    9.996450   19.789550
20     opls_145    13.257540   13.251290   25.247300
21     opls_145    13.849370   13.843310   26.366110
22     opls_700    13.466320   13.466140   27.664930
23     opls_145    12.475270   12.480410   27.813670
24     opls_145    11.883250   11.887840   26.695610
25     opls_145    12.268690   12.267770   25.407340
26     opls_142    15.613690    2.753350    4.224830
27     opls_181     3.713180   14.640270    0.203730
28     opls_700     0.486070   17.876010    2.260600
29     opls_145     1.101600   17.259570    3.345520
30     opls_700     2.081450   16.278060    3.098110
31     opls_166     2.428140   15.929900    1.766900
32     opls_145     1.780110   16.579030    0.688010
33     opls_700     0.814950   17.546400    0.960650
34     opls_145     4.069790   14.286960    6.418400
35     opls_145     4.661810   13.695130    7.537210
36     opls_700     4.284640   14.078180    8.836030
37     opls_145     3.298910   15.069230    8.984770
38     opls_145     2.706340   15.661250    7.866710
39     opls_145     3.086270   15.275810    6.578440
40     opls_142    11.934850   11.930810   23.053730
41     opls_181     5.458770    5.468320   19.032630
42     opls_700    17.876930    0.486990    2.260600
43     opls_145    17.261400    1.103430    3.345520
44     opls_700    16.281550    2.084940    3.098110
45     opls_166    15.934860    2.433100    1.766900
46     opls_145    16.582890    1.783970    0.688010
47     opls_700    17.548050    0.816600    0.960650
48     opls_145    14.293210    4.076040    6.418400
49     opls_145    13.701190    4.667870    7.537210
50     opls_700    14.078360    4.284820    8.836030
51     opls_145    15.064090    3.293770    8.984770
52     opls_145    15.656660    2.701750    7.866710
53     opls_145    15.276730    3.087190    6.578440
54     opls_142     6.428150    6.432190   23.053730
55     opls_181    12.904230   12.894680   19.032630
56     opls_700     0.486990    0.486070   35.397200
57     opls_145     1.103430    1.101600   34.312280
58     opls_700     2.084940    2.081450   34.559690
59     opls_166     2.433100    2.428140   35.890900
60     opls_145     1.783970    1.780110   36.969790
61     opls_700     0.816600    0.814950   36.697150
62     opls_145     4.076040    4.069790   31.239400
63     opls_145     4.667870    4.661810   30.120590
64     opls_700     4.284820    4.284640   28.821770
65     opls_145     3.293770    3.298910   28.673030
66     opls_145     2.701750    2.706340   29.791090
67     opls_145     3.087190    3.086270   31.079360
68     opls_142     6.432190   11.934850   14.604070
69     opls_181    12.894680    5.458770   18.625170
70     opls_700    17.876010   17.876930   35.397200
71     opls_145    17.259570   17.261400   34.312280
72     opls_700    16.278060   16.281550   34.559690
73     opls_166    15.929900   15.934860   35.890900
74     opls_145    16.579030   16.582890   36.969790
75     opls_700    17.546400   17.548050   36.697150
76     opls_145    14.286960   14.293210   31.239400
77     opls_145    13.695130   13.701190   30.120590
78     opls_700    14.078180   14.078360   28.821770
79     opls_145    15.069230   15.064090   28.673030
80     opls_145    15.661250   15.656660   29.791090
81     opls_145    15.275810   15.276730   31.079360
82     opls_142    11.930810    6.428150   14.604070
83     opls_181     5.468320   12.904230   18.625170
84     opls_700     8.695430    9.668490   16.568300
85     opls_145     8.079900   10.284930   15.483380
86     opls_700     7.100050   11.266440   15.730790
87     opls_166     6.753360   11.614600   17.062000
88     opls_145     7.401390   10.965470   18.140890
89     opls_700     8.366550    9.998100   17.868250
90     opls_145     5.111710   13.257540   12.410500
91     opls_145     4.519690   13.849370   11.291690
92     opls_700     4.896860   13.466320    9.992870
93     opls_145     5.882590   12.475270    9.844130
94     opls_145     6.475160   11.883250   10.962190
95     opls_145     6.095230   12.268690   12.250460
96     opls_142    15.609650   15.613690   33.432970
97     opls_181     3.722730    3.713180   37.454070
98     opls_700     9.667570    8.694510   16.568300
99     opls_145    10.283100    8.078070   15.483380
100    opls_700    11.262950    7.096560   15.730790
101    opls_166    11.609640    6.748400   17.062000
102    opls_145    10.961610    7.397530   18.140890
103    opls_700     9.996450    8.364900   17.868250
104    opls_145    13.251290    5.105460   12.410500
105    opls_145    13.843310    4.513630   11.291690
106    opls_700    13.466140    4.896680    9.992870
107    opls_145    12.480410    5.887730    9.844130
108    opls_145    11.887840    6.479750   10.962190
109    opls_145    12.267770    6.094310   12.250460
110    opls_142     2.753350    2.749310   33.432970
111    opls_181    14.640270   14.649820   37.454070
112    opls_701     9.181500    9.181500   18.828900
113    opls_701     0.000000    0.000000    0.000000
114    opls_750     2.459360   15.902540    5.453980
115    opls_750    15.903640    2.460460    5.453980
116    opls_750    11.641960   11.640860   24.282880
117    opls_750     6.721040    6.722140   24.282880
118    opls_750     6.722140   11.641960   13.374920
119    opls_750    11.640860    6.721040   13.374920
120    opls_750    15.902540   15.903640   32.203820
121    opls_750     2.460460    2.459360   32.203820
122    opls_179    14.951520    3.419560    1.562050
123    opls_179     3.411480   14.943440    1.562050
124    opls_179     5.761940    5.770020   20.390950
125    opls_179    12.601060   12.592980   20.390950
126    opls_179    12.592980    5.761940   17.266850
127    opls_179     5.770020   12.601060   17.266850
128    opls_179     3.419560    3.411480   36.095750
129    opls_179    14.943440   14.951520   36.095750
130    opls_185    15.576230    3.551960   -0.438340
131    opls_185    14.325530    4.812580    0.120500
132    opls_185    13.806590    3.046610   -0.158540
133    opls_144     3.537630   14.818020    3.998130
134    opls_146     8.361220    8.362330   23.242020
135    opls_146     7.126310    7.131090   18.443280
136    opls_146     4.785770    4.796420   24.199280
137    opls_146     3.711350    3.722000   26.225650
138    opls_146     6.213120    6.203210   28.858300
139    opls_146     7.282210    7.273580   26.831560
140    opls_185     2.786770   14.811040   -0.438340
141    opls_185     4.037470   13.550420    0.120500
142    opls_185     4.556410   15.316390   -0.158540
143    opls_144    14.825370    3.544980    3.998130
144    opls_146    10.001780   10.000670   23.242020
145    opls_146    11.236690   11.231910   18.443280
146    opls_146    13.577230   13.566580   24.199280
147    opls_146    14.651650   14.641000   26.225650
148    opls_146    12.149880   12.159790   28.858300
149    opls_146    11.080790   11.089420   26.831560
150    opls_185     5.629540    6.394730   18.390560
151    opls_185     4.368920    5.144030   18.949400
152    opls_185     6.134890    4.625090   18.670360
153    opls_144    12.726480   12.719130   22.827030
154    opls_146     0.819170   17.542720    4.413120
155    opls_146     2.050410   16.307810   -0.385620
156    opls_146     4.385080   13.967270    5.370380
157    opls_146     5.459500   12.892850    7.396750
158    opls_146     2.978290   15.394620   10.029400
159    opls_146     1.907920   16.463710    8.002660
160    opls_185    12.733460   11.968270   18.390560
161    opls_185    13.994080   13.218970   18.949400
162    opls_185    12.228110   13.737910   18.670360
163    opls_144     5.636520    5.643870   22.827030
164    opls_146    17.543830    0.820280    4.413120
165    opls_146    16.312590    2.055190   -0.385620
166    opls_146    13.977920    4.395730    5.370380
167    opls_146    12.903500    5.470150    7.396750
168    opls_146    15.384710    2.968380   10.029400
169    opls_146    16.455080    1.899290    8.002660
170    opls_185    11.968270    5.629540   19.267240
171    opls_185    13.218970    4.368920   18.708400
172    opls_185    13.737910    6.134890   18.987440
173    opls_144     5.643870   12.726480   14.830770
174    opls_146     0.820280    0.819170   33.244680
175    opls_146     2.055190    2.050410   38.043420
176    opls_146     4.395730    4.385080   32.287420
177    opls_146     5.470150    5.459500   30.261050
178    opls_146     2.968380    2.978290   27.628400
179    opls_146     1.899290    1.907920   29.655140
180    opls_185     6.394730   12.733460   19.267240
181    opls_185     5.144030   13.994080   18.708400
182    opls_185     4.625090   12.228110   18.987440
183    opls_144    12.719130    5.636520   14.830770
184    opls_146    17.542720   17.543830   33.244680
185    opls_146    16.307810   16.312590   38.043420
186    opls_146    13.967270   13.977920   32.287420
187    opls_146    12.892850   12.903500   30.261050
188    opls_146    15.394620   15.384710   27.628400
189    opls_146    16.463710   16.455080   29.655140
190    opls_185     3.551960    2.786770   38.096140
191    opls_185     4.812580    4.037470   37.537300
192    opls_185     3.046610    4.556410   37.816340
193    opls_144    14.818020   14.825370   33.659670
194    opls_146     8.362330   10.001780   14.415780
195    opls_146     7.131090   11.236690   19.214520
196    opls_146     4.796420   13.577230   13.458520
197    opls_146     3.722000   14.651650   11.432150
198    opls_146     6.203210   12.149880    8.799500
199    opls_146     7.273580   11.080790   10.826240
200    opls_185    14.811040   15.576230   38.096140
201    opls_185    13.550420   14.325530   37.537300
202    opls_185    15.316390   13.806590   37.816340
203    opls_144     3.544980    3.537630   33.659670
204    opls_146    10.000670    8.361220   14.415780
205    opls_146    11.231910    7.126310   19.214520
206    opls_146    13.566580    4.785770   13.458520
207    opls_146    14.641000    3.711350   11.432150
208    opls_146    12.159790    6.213120    8.799500
209    opls_146    11.089420    7.282210   10.826240
