0      opls_520    -1.006300   25.223420    1.941400
1      opls_750     0.942580   31.119930    1.941400
2      opls_520    -0.173570   23.179820    1.941400
3      opls_750    -6.254540   21.919350    1.941400
4      opls_520     1.179870   24.922780    1.941400
5      opls_750     5.311960   20.286740    1.941400
6      opls_520    22.173700   11.439590    1.941400
7      opls_750    20.224820    5.543080    1.941400
8      opls_520    21.340970   13.483190    1.941400
9      opls_750    27.421940   14.743660    1.941400
10     opls_520    19.987530   11.740230    1.941400
11     opls_750    15.855440   16.376270    1.941400
12     opls_531     0.175050   25.713600    1.941400
13     opls_522     0.365980   27.101670    1.941400
14     opls_523    -0.673550   27.927680    1.941400
15     opls_145    -0.492350   29.234350    1.941400
16     opls_145     0.731330   29.742870    1.941400
17     opls_145     1.769810   28.922350    1.941400
18     opls_523     1.589880   27.615680    1.941400
19     opls_142    -0.006140   31.898650    1.941400
20     opls_145     0.043390   33.254450    1.941400
21     opls_145     1.174790   33.941880    1.941400
22     opls_145     1.158280   35.261750    1.941400
23     opls_145     0.009950   35.946980    1.941400
24     opls_145    -1.118490   35.230220    1.941400
25     opls_145    -1.094350   33.911820    1.941400
26     opls_531    -1.188760   23.957810    1.941400
27     opls_522    -2.486320   23.429130    1.941400
28     opls_523    -2.681910   22.115860    1.941400
29     opls_145    -3.904120   21.619450    1.941400
30     opls_145    -4.956350   22.424930    1.941400
31     opls_145    -4.764990   23.734530    1.941400
32     opls_523    -3.543420   24.232050    1.941400
33     opls_142    -6.454580   20.708370    1.941400
34     opls_145    -7.653500   20.073370    1.941400
35     opls_145    -8.814530   20.709470    1.941400
36     opls_145    -9.949310   20.035240    1.941400
37     opls_145    -9.968580   18.698140    1.941400
38     opls_145    -8.783620   18.079260    1.941400
39     opls_145    -7.653920   18.759360    1.941400
40     opls_531     1.013710   23.654610    1.941400
41     opls_522     2.120340   22.795230    1.941400
42     opls_523     3.355460   23.282480    1.941400
43     opls_145     4.396470   22.472230    1.941400
44     opls_145     4.225010   21.158220    1.941400
45     opls_145     2.995190   20.669140    1.941400
46     opls_523     1.953540   21.478290    1.941400
47     opls_142     6.460710   20.719000    1.941400
48     opls_145     7.610100   19.998210    1.941400
49     opls_145     7.639740   18.674670    1.941400
50     opls_145     8.791030   18.029040    1.941400
51     opls_145     9.958630   18.680900    1.941400
52     opls_145     9.902110   20.016540    1.941400
53     opls_145     8.748270   20.654840    1.941400
54     opls_531    20.992350   10.949410    1.941400
55     opls_522    20.801420    9.561350    1.941400
56     opls_523    21.840950    8.735330    1.941400
57     opls_145    21.659750    7.428660    1.941400
58     opls_145    20.436070    6.920140    1.941400
59     opls_145    19.397590    7.740660    1.941400
60     opls_523    19.577520    9.047330    1.941400
61     opls_142    21.173540    4.764360    1.941400
62     opls_145    21.124010    3.408560    1.941400
63     opls_145    19.992610    2.721130    1.941400
64     opls_145    20.009120    1.401260    1.941400
65     opls_145    21.157450    0.716030    1.941400
66     opls_145    22.285890    1.432790    1.941400
67     opls_145    22.261750    2.751190    1.941400
68     opls_531    22.356160   12.705200    1.941400
69     opls_522    23.653720   13.233880    1.941400
70     opls_523    23.849310   14.547150    1.941400
71     opls_145    25.071520   15.043570    1.941400
72     opls_145    26.123750   14.238080    1.941400
73     opls_145    25.932390   12.928480    1.941400
74     opls_523    24.710820   12.430960    1.941400
75     opls_142    27.621980   15.954640    1.941400
76     opls_145    28.820900   16.589650    1.941400
77     opls_145    29.981930   15.953540    1.941400
78     opls_145    31.116710   16.627780    1.941400
79     opls_145    31.135980   17.964880    1.941400
80     opls_145    29.951020   18.583750    1.941400
81     opls_145    28.821320   17.903650    1.941400
82     opls_531    20.153690   13.008400    1.941400
83     opls_522    19.047060   13.867780    1.941400
84     opls_523    17.811940   13.380530    1.941400
85     opls_145    16.770930   14.190790    1.941400
86     opls_145    16.942390   15.504790    1.941400
87     opls_145    18.172210   15.993870    1.941400
88     opls_523    19.213860   15.184720    1.941400
89     opls_142    14.706690   15.944010    1.941400
90     opls_145    13.557300   16.664810    1.941400
91     opls_145    13.527660   17.988340    1.941400
92     opls_145    12.376370   18.633980    1.941400
93     opls_145    11.208770   17.982110    1.941400
94     opls_145    11.265290   16.646470    1.941400
95     opls_145    12.419130   16.008170    1.941400
96     opls_526    -1.670110   27.522920    1.941400
97     opls_146    -1.341170   29.895020    1.941400
98     opls_146     2.769540   29.320140    1.941400
99     opls_526     2.439540   26.955750    1.941400
100    opls_146     2.113140   33.415770    1.941400
101    opls_146     2.083080   35.811330    1.941400
102    opls_146    -2.072080   35.728470    1.941400
103    opls_146    -2.015560   33.356740    1.941400
104    opls_144    -1.012860   31.519560    1.941400
105    opls_526    -1.833100   21.455190    1.941400
106    opls_146    -4.051860   20.554020    1.941400
107    opls_146    -5.609360   24.401430    1.941400
108    opls_526    -3.396730   25.297850    1.941400
109    opls_146    -8.828080   21.785160    1.941400
110    opls_146   -10.887660   20.561350    1.941400
111    opls_146    -8.738330   17.004310    1.941400
112    opls_146    -6.712610   18.239120    1.941400
113    opls_144    -5.622910   20.026070    1.941400
114    opls_526     3.503200   24.347910    1.941400
115    opls_146     5.393030   22.876990    1.941400
116    opls_146     2.839820   19.604450    1.941400
117    opls_526     0.957190   21.072430    1.941400
118    opls_146     6.714930   18.125090    1.941400
119    opls_146     8.804580   16.953340    1.941400
120    opls_146    10.810400   20.593250    1.941400
121    opls_146     8.728170   21.730170    1.941400
122    opls_144     6.635770   21.780400    1.941400
123    opls_526    22.837510    9.140090    1.941400
124    opls_146    22.508570    6.767990    1.941400
125    opls_146    18.397860    7.342870    1.941400
126    opls_526    18.727860    9.707270    1.941400
127    opls_146    19.054260    3.247240    1.941400
128    opls_146    19.084320    0.851680    1.941400
129    opls_146    23.239480    0.934540    1.941400
130    opls_146    23.182960    3.306270    1.941400
131    opls_144    22.180260    5.143450    1.941400
132    opls_526    23.000500   15.207820    1.941400
133    opls_146    25.219260   16.108990    1.941400
134    opls_146    26.776760   12.261580    1.941400
135    opls_526    24.564130   11.365170    1.941400
136    opls_146    29.995480   14.877850    1.941400
137    opls_146    32.055060   16.101660    1.941400
138    opls_146    29.905730   19.658710    1.941400
139    opls_146    27.880010   18.423900    1.941400
140    opls_144    26.790310   16.636940    1.941400
141    opls_526    17.664200   12.315110    1.941400
142    opls_146    15.774370   13.786030    1.941400
143    opls_146    18.327580   17.058570    1.941400
144    opls_526    20.210210   15.590580    1.941400
145    opls_146    14.452470   18.537920    1.941400
146    opls_146    12.362820   19.709670    1.941400
147    opls_146    10.357000   16.069760    1.941400
148    opls_146    12.439230   14.932840    1.941400
149    opls_144    14.531630   14.882620    1.941400
