0      opls_700     1.412700    0.204690    4.896270
1      opls_145   -20.901760   36.602490    4.904190
2      opls_700     2.893100    0.417300    4.792760
3      opls_145    21.516380   33.842360    4.718140
4      opls_145    21.010580   32.561430    4.501460
5      opls_145    19.619420   32.354100    4.337440
6      opls_145    19.284690   34.745560    4.686180
7      opls_522    13.271500    4.783300    1.713830
8      opls_523    14.273730    5.757000    1.759430
9      opls_700    15.324720    5.786030    0.813120
10     opls_523    15.367600    4.752010    6.513110
11     opls_145    18.767790   33.477080    4.451000
12     opls_142    19.518220   29.953970    4.140730
13     opls_521    33.627200    9.632950    0.725450
14     opls_522    17.620170   27.897630    1.583960
15     opls_700    21.269570   13.890380    6.409000
16     opls_145    20.382470   12.797940    6.408340
17     opls_700    20.749410   15.302490    6.427510
18     opls_145    18.977160   10.128660    5.379010
19     opls_145    18.079830    9.059960    5.397590
20     opls_145    18.037830    8.182770    6.503330
21     opls_145    19.893650    9.404510    0.844200
22     opls_522    19.248130   26.460640    2.654560
23     opls_523    19.595040   27.510860    3.511810
24     opls_700    19.013290   28.793670    3.381540
25     opls_523    17.984720   28.944460    2.428500
26     opls_145    18.966720    8.360690    0.896390
27     opls_142    16.302360    6.890530    0.824830
28     opls_521    35.695650    8.527690    1.612920
29     opls_522    14.392780    3.754190    6.484960
30     opls_905    35.696090    9.543980    6.017720
31     opls_700    42.644480    1.121090    4.896270
32     opls_145     0.516240    1.293740    4.904190
33     opls_700    41.720160    2.296840    4.792760
34     opls_145     3.461570    1.712550    4.718140
35     opls_145     4.823780    1.914980    4.501460
36     opls_145     5.698920    0.813870    4.337440
37     opls_145   -17.968830   37.024690    4.686180
38     opls_522    32.749890    9.101810    1.713830
39     opls_523    31.405520    9.482920    1.759430
40     opls_700    30.854890   10.378580    0.813120
41     opls_523    31.728940   10.932720    6.513110
42     opls_145   -16.611850   37.211290    4.451000
43     opls_142     7.828090    1.926290    4.140730
44     opls_521    18.372120   24.305530    0.725450
45     opls_522    10.557960    1.310710    1.583960
46     opls_700    20.863890   11.474800    6.409000
47     opls_145    22.253520   11.252760    6.408340
48     opls_700    19.901050   10.318270    6.427510
49     opls_145    25.267840   11.370380    5.379010
50     opls_145    26.642030   11.127610    5.397590
51     opls_145    27.422700   11.529830    6.503330
52     opls_145    25.436730   12.526150    0.844200
53     opls_522    10.988450    3.439050    2.654560
54     opls_523     9.905470    3.214380    3.511810
55     opls_700     9.085400    2.069160    3.381540
56     opls_523     9.469100    1.103000    2.428500
57     opls_145    26.804170   12.245310    0.896390
58     opls_142    29.409540   10.672990    0.824830
59     opls_521    18.295080   26.649500    1.612920
60     opls_522    33.080490   10.587420    6.484960
61     opls_905    17.414720   26.141730    6.017720
62     opls_700    21.234970   36.370660    4.896270
63     opls_145    20.385520   37.496650    4.904190
64     opls_700    20.678890   34.982300    4.792760
65     opls_145    40.314200    2.141530    4.718140
66     opls_145    39.457790    3.220030    4.501460
67     opls_145    39.973810    4.528470    4.337440
68     opls_145    -1.315850    3.622630    4.686180
69     opls_522    19.270760   23.811330    1.713830
70     opls_523    19.612890   22.456520    1.759430
71     opls_700    19.112540   21.531830    0.813120
72     opls_523    18.195620   22.011710    6.513110
73     opls_145    -2.155950    4.704520    4.451000
74     opls_142    37.945840    5.816180    4.140730
75     opls_521    13.292830    3.757960    0.725450
76     opls_522    37.114020    8.488110    1.583960
77     opls_700    23.158690   12.331260    6.409000
78     opls_145    22.656160   13.645730    6.408340
79     opls_700    24.641690   12.075680    6.427510
80     opls_145    21.047140   16.197410    5.379010
81     opls_145    20.570290   17.508870    5.397590
82     opls_145    19.831620   17.983840    6.503330
83     opls_145    19.961770   15.765780    0.844200
84     opls_522    35.055570    7.796750    2.654560
85     opls_523    35.791630    6.971200    3.511810
86     opls_700    37.193460    6.833610    3.381540
87     opls_523    37.838320    7.648980    2.428500
88     opls_145    19.521260   17.090440    0.896390
89     opls_142    19.580250   20.132910    0.824830
90     opls_521    11.301420    2.519250    1.612920
91     opls_522    17.818880   23.354830    6.484960
92     opls_905    12.181340    2.010730    6.017720
93     opls_700    -0.529080    1.325780    1.567920
94     opls_145    42.149570    0.199790    1.575840
95     opls_700    -1.085160    2.714140    1.464410
96     opls_145    18.550150   35.554910    1.389790
97     opls_145    17.693740   34.476410    1.173110
98     opls_145    18.209760   33.167970    1.009090
99     opls_145    20.448200   34.073810    1.357830
100    opls_522    -2.493290   13.885110    5.042180
101    opls_523    -2.151160   15.239920    5.087780
102    opls_700    -2.651510   16.164610    4.141470
103    opls_523    -3.568430   15.684730    3.184760
104    opls_145    19.608100   32.991920    1.122650
105    opls_142    16.181790   31.880260    0.812380
106    opls_521    -8.471220   33.938480    4.053800
107    opls_522    15.349970   29.208330    4.912310
108    opls_700     1.394640   25.365180    3.080650
109    opls_145     0.892110   24.050710    3.079990
110    opls_700     2.877640   25.620760    3.099160
111    opls_145    -0.716910   21.499030    2.050660
112    opls_145    -1.193760   20.187570    2.069240
113    opls_145    -1.932430   19.712600    3.174980
114    opls_145    -1.802280   21.930660    4.172550
115    opls_522    13.291520   29.899690    5.982910
116    opls_523    14.027580   30.725240    0.183460
117    opls_700    15.429410   30.862830    0.053190
118    opls_523    16.074270   30.047460    5.756850
119    opls_145    -2.242790   20.606010    4.224740
120    opls_142    -2.183800   17.563530    4.153180
121    opls_521   -10.462630   35.177190    4.941270
122    opls_522    -3.945170   14.341610    3.156610
123    opls_905    -9.582710   35.685710    2.689370
124    opls_700   -20.351350   37.491750    1.567920
125    opls_145     0.862290    1.093950    1.575840
126    opls_700   -18.870950   37.279140    1.464410
127    opls_145    -0.247670    3.854080    1.389790
128    opls_145    -0.753470    5.135010    1.173110
129    opls_145    -2.144630    5.342340    1.009090
130    opls_145    41.048740    2.950880    1.357830
131    opls_522    -8.492550   32.913140    5.042180
132    opls_523    -7.490320   31.939440    5.087780
133    opls_700    -6.439330   31.910410    4.141470
134    opls_523    -6.396450   32.944430    3.184760
135    opls_145    40.531840    4.219360    1.122650
136    opls_142    -2.245830    7.742470    0.812380
137    opls_521    11.863150   28.063490    4.053800
138    opls_522    -4.143880    9.798810    4.912310
139    opls_700    -0.494480   23.806060    3.080650
140    opls_145    -1.381580   24.898500    3.079990
141    opls_700    -1.014640   22.393950    3.099160
142    opls_145    -2.786890   27.567780    2.050660
143    opls_145    -3.684220   28.636480    2.069240
144    opls_145    -3.726220   29.513670    3.174980
145    opls_145    -1.870400   28.291930    4.172550
146    opls_522    -2.515920   11.235800    5.982910
147    opls_523    -2.169010   10.185580    0.183460
148    opls_700    -2.750760    8.902770    0.053190
149    opls_523    -3.779330    8.751980    5.756850
150    opls_145    -2.797330   29.335750    4.224740
151    opls_142    -5.461690   30.805910    4.153180
152    opls_521    13.931600   29.168750    4.941270
153    opls_522    -7.371270   33.942250    3.156610
154    opls_905    13.932040   28.152460    2.689370
155    opls_700    20.880430   36.575350    1.567920
156    opls_145    22.280290   36.402700    1.575840
157    opls_700    19.956110   35.399600    1.464410
158    opls_145   -18.302480   35.983890    1.389790
159    opls_145   -16.940270   35.781460    1.173110
160    opls_145   -16.065130   36.882570    1.009090
161    opls_145     3.795220    0.671750    1.357830
162    opls_522    10.985840   28.594630    5.042180
163    opls_523     9.641470   28.213520    5.087780
164    opls_700     9.090840   27.317860    4.141470
165    opls_523     9.964890   26.763720    3.184760
166    opls_145     5.152200    0.485150    1.122650
167    opls_142   -13.935960   35.770150    0.812380
168    opls_521    -3.391930   13.390910    4.053800
169    opls_522   -11.206090   36.385740    4.912310
170    opls_700    -0.900160   26.221640    3.080650
171    opls_145     0.489470   26.443680    3.079990
172    opls_700    -1.863000   27.378170    3.099160
173    opls_145     3.503790   26.326060    2.050660
174    opls_145     4.877980   26.568830    2.069240
175    opls_145     5.658650   26.166610    3.174980
176    opls_145     3.672680   25.170290    4.172550
177    opls_522   -10.775600   34.257390    5.982910
178    opls_523   -11.858580   34.482060    0.183460
179    opls_700   -12.678650   35.627280    0.053190
180    opls_523   -12.294950   36.593440    5.756850
181    opls_145     5.040120   25.451130    4.224740
182    opls_142     7.645490   27.023450    4.153180
183    opls_521    -3.468970   11.046940    4.941270
184    opls_522    11.316440   27.109020    3.156610
185    opls_905    -4.349330   11.554710    2.689370
186    opls_750    19.073360   31.143670    3.875730
187    opls_750    17.111550    7.108420    6.491950
188    opls_900    18.034130   25.678820    0.612280
189    opls_750     7.020210    0.946180    3.875730
190    opls_750    28.816260   11.264830    6.491950
191    opls_900    12.272530    2.778600    0.612280
192    opls_750    39.198580    5.606590    3.875730
193    opls_750    19.364350   19.323200    6.491950
194    opls_900    34.985490    9.239020    0.612280
195    opls_750    17.434530   32.089850    0.547380
196    opls_750    -2.399700   18.373250    3.163600
197    opls_900    13.221440   28.457420    3.940630
198    opls_750    -2.690690    6.552770    0.547380
199    opls_750    -4.652500   30.588020    3.163600
200    opls_900    -3.729920   12.017630    3.940630
201    opls_750   -14.743840   36.750260    0.547380
202    opls_750     7.052210   26.431610    3.163600
203    opls_900    -9.491520   34.917840    3.940630
204    opls_146    22.598270   33.939990    4.807000
205    opls_146    21.708330   31.729850    4.396820
206    opls_526    17.767080   21.327520    5.782540
207    opls_146    17.691780   33.343630    4.348220
208    opls_146    18.573880   35.567350    4.753220
209    opls_144    20.312610   29.754180    4.898200
210    opls_526    30.758260    9.044880    2.519960
211    opls_525    33.708600   11.072200    5.740670
212    opls_146   -20.228810   35.749040    4.894670
213    opls_140    36.455220    8.784780    5.813630
214    opls_146    18.975200   10.812850    4.529950
215    opls_146    17.375980    8.926520    4.576610
216    opls_526     8.893880    0.184340    2.337030
217    opls_146    18.973900    7.674240    1.743120
218    opls_146    20.603370    9.527020    1.663040
219    opls_144    16.265360    7.565300    1.711970
220    opls_526    35.263850    6.389550    4.268740
221    opls_525    37.670310    9.103310    0.880280
222    opls_146    19.307540   12.978510    6.412070
223    opls_140    35.006820    9.527020    5.169060
224    opls_140    36.196010   10.527480    6.029570
225    opls_146     2.836070    2.600680    4.807000
226    opls_146     5.195080    2.935040    4.396820
227    opls_526    16.174390    4.722990    5.782540
228    opls_146   -15.958270   36.346150    4.348220
229    opls_146   -18.325110   35.998220    4.753220
230    opls_144     7.603920    2.714140    4.898200
231    opls_526    20.315870   22.114990    2.519960
232    opls_525    17.085000   23.656400    5.740670
233    opls_146     0.918880    2.303250    4.894670
234    opls_140    17.692650   27.178760    5.813630
235    opls_146    24.676300   11.026590    4.529950
236    opls_146    27.109520   10.584780    4.576610
237    opls_526    38.921520    7.610160    2.337030
238    opls_146    27.395060   12.594760    1.743120
239    opls_146    24.975770   13.079530    1.663040
240    opls_144    28.843680   10.303570    1.711970
241    opls_526    20.362660   27.344620    4.268740
242    opls_525    16.809250   28.071790    0.880280
243    opls_146    22.634610   10.231570    6.412070
244    opls_140    17.774050   25.553290    5.169060
245    opls_140    16.313030   26.082920    6.029570
246    opls_146    39.857810    1.155770    4.807000
247    opls_146    38.388740    3.031550    4.396820
248    opls_526    31.350680   11.645940    5.782540
249    opls_146    -1.733510    5.703090    4.348220
250    opls_146    -0.248760    3.827320    4.753220
251    opls_144    37.375620    5.228120    4.898200
252    opls_526    14.218020    6.536560    2.519960
253    opls_525    14.498560    2.967840    5.740670
254    opls_146    19.309940   37.340590    4.894670
255    opls_140    11.144280    1.732910    5.813630
256    opls_146    21.640650   15.857010    4.529950
257    opls_146    20.806650   18.185140    4.576610
258    opls_526    17.476750   29.901950    2.337030
259    opls_146    18.923190   17.427440    1.743120
260    opls_146    19.713010   15.089890    1.663040
261    opls_144    20.183110   19.827570    1.711970
262    opls_526     9.665630    3.962270    4.268740
263    opls_525    10.812600    0.521340    0.880280
264    opls_146    23.350000   14.486370    6.412070
265    opls_140    12.511280    2.616130    5.169060
266    opls_140    12.783110    1.086030    6.029570
267    opls_146    18.093760   36.540670    1.478650
268    opls_146    16.624690   34.664890    1.068470
269    opls_526     9.586630   26.050500    2.454190
270    opls_146    20.030540   31.993350    1.019870
271    opls_146    21.515290   33.869120    1.424870
272    opls_144    15.611570   32.468320    1.569850
273    opls_526    -7.546030   31.159880    5.848310
274    opls_525    -7.265490   34.728600    2.412320
275    opls_146    41.073990    0.355850    1.566320
276    opls_140   -10.619770   35.963540    2.485280
277    opls_146    -0.123400   21.839430    1.201600
278    opls_146    -0.957400   19.511300    1.248260
279    opls_526    -4.287300    7.794490    5.665380
280    opls_146    -2.840860   20.269000    5.071470
281    opls_146    -2.051040   22.606560    4.991390
282    opls_144    -1.580940   17.868870    5.040320
283    opls_526   -12.098420   33.734170    0.940390
284    opls_525   -10.951450   37.175100    4.208630
285    opls_146     1.585950   23.210080    3.083720
286    opls_140    -9.252770   35.080310    1.840710
287    opls_140    -8.980940   36.610410    2.701220
288    opls_146     0.834220    3.756450    1.478650
289    opls_146    -0.055720    5.966590    1.068470
290    opls_526    -3.996970   16.368930    2.454190
291    opls_146    39.455830    4.352810    1.019870
292    opls_146    40.337930    2.129090    1.424870
293    opls_144    -1.451440    7.942260    1.569850
294    opls_526     8.994210   28.651560    5.848310
295    opls_525    11.944550   26.624240    2.412320
296    opls_146     1.535240    1.947400    1.566320
297    opls_140    14.691170   28.911660    2.485280
298    opls_146    -2.788850   26.883590    1.201600
299    opls_146    -4.388070   28.769920    1.248260
300    opls_526   -12.870170   37.512100    5.665380
301    opls_146    -2.790150   30.022200    5.071470
302    opls_146    -1.160680   28.169420    4.991390
303    opls_144    -5.498690   30.131140    5.040320
304    opls_526    13.499800   31.306890    0.940390
305    opls_525    15.906260   28.593130    4.208630
306    opls_146    -2.456510   24.717930    3.083720
307    opls_140    13.242770   28.169420    1.840710
308    opls_140    14.431960   27.168960    2.701220
309    opls_146   -18.927980   35.095760    1.478650
310    opls_146   -16.568970   34.761400    1.068470
311    opls_526    -5.589660   32.973450    2.454190
312    opls_146     5.805780    1.350290    1.019870
313    opls_146     3.438940    1.698220    1.424870
314    opls_144   -14.160130   34.982300    1.569850
315    opls_526    -1.448180   15.581450    5.848310
316    opls_525    -4.679050   14.040040    2.412320
317    opls_146    22.682930   35.393190    1.566320
318    opls_140    -4.071400   10.517680    2.485280
319    opls_146     2.912250   26.669850    1.201600
320    opls_146     5.345470   27.111660    1.248260
321    opls_526    17.157470   30.086280    5.665380
322    opls_146     5.631010   25.101680    5.071470
323    opls_146     3.211720   24.616910    4.991390
324    opls_144     7.079630   27.392870    5.040320
325    opls_526    -1.401390   10.351820    0.940390
326    opls_525    -4.954800    9.624660    4.208630
327    opls_146     0.870560   27.464870    3.083720
328    opls_140    -3.990000   12.143150    1.840710
329    opls_140    -5.451020   11.613520    2.701220
330    opls_202    20.072110   24.887190    2.910310
331    opls_202    11.939100    4.939360    2.910310
332    opls_202    33.280930    7.869890    2.910310
333    opls_202    11.516880   29.826550    6.238660
334    opls_202    -1.691940   12.809250    6.238660
335    opls_202    -9.824950   32.757080    6.238660
