0      opls_700    11.511980   19.770630    0.266580
1      opls_700    12.173460   20.982040    0.295520
2      opls_700    11.465150   22.323220    0.249210
3      opls_700    13.679280   21.092750    0.331650
4      opls_700    12.202490   18.427820    0.281750
5      opls_700    10.013890   19.661940    0.194350
6      opls_145    12.057790   23.387820    4.053190
7      opls_145    11.441970   24.616660    3.965710
8      opls_145    10.212450   24.859590    0.084690
9      opls_145     9.633400   23.807980    0.808610
10     opls_145    10.242420   22.573860    0.885960
11     opls_145    14.510510   20.278390    4.055310
12     opls_145    15.879580   20.432910    4.078260
13     opls_145    16.486500   21.411120    0.373180
14     opls_145    15.654330   22.231970    1.147500
15     opls_145    14.284320   22.080700    1.120910
16     opls_145     9.261330   20.444670    3.816230
17     opls_145     7.890620   20.322190    3.756290
18     opls_145     7.212760   19.393050    0.054860
19     opls_145     7.974210   18.585180    0.913050
20     opls_145     9.343990   18.714960    0.980230
21     opls_145    11.666760   17.368500    4.032360
22     opls_145    12.247220   16.118970    4.053020
23     opls_145    13.393380   15.868740    0.313880
24     opls_145    13.924200   16.924410    1.068120
25     opls_145    13.336010   18.170290    1.059340
26     opls_142    18.636230   22.295640    1.071270
27     opls_142     5.019710   18.575450    0.665190
28     opls_700    20.062210   22.249410    0.852120
29     opls_700     3.598420   18.703600    0.452300
30     opls_145    20.657880   21.413960    4.393130
31     opls_145    22.013140   21.366100    4.218390
32     opls_700    22.893310   22.137880    0.518890
33     opls_145    22.278440   23.012270    1.455030
34     opls_145    20.918960   23.054450    1.613740
35     opls_145     3.043480   19.602320    4.024750
36     opls_145     1.691500   19.718310    3.856140
37     opls_700     0.785340   18.938020    0.123520
38     opls_145     1.356430   18.011310    1.044320
39     opls_145     2.712630   17.913170    1.198800
40     opls_700    24.327480   21.954970    0.463860
41     opls_700    -0.629160   19.148500    0.045940
42     opls_145    -1.172150   20.428040    4.238410
43     opls_145    -2.515240   20.668940    4.338360
44     opls_700    -3.418360   19.665180    0.212350
45     opls_145    -2.895970   18.385640    0.460890
46     opls_145    -1.554990   18.126490    0.381650
47     opls_142    -4.820210   19.980300    0.342180
48     opls_145    -7.004130   19.238540    0.869940
49     opls_145    -7.382280   20.123060    1.888380
50     opls_145    -8.706630   20.287720    2.235510
51     opls_700    -9.722140   19.590560    1.566040
52     opls_145    -9.343050   18.779850    0.483480
53     opls_145    -8.016130   18.570980    0.176040
54     opls_700   -11.184170   19.720340    1.942970
55     opls_145    24.922930   20.925260    4.187160
56     opls_145    26.259220   20.644210    4.272390
57     opls_700    27.112700   21.371370    0.612180
58     opls_145    26.544410   22.421370    1.349230
59     opls_145    25.210700   22.716620    1.271790
60     opls_142    28.508930   21.018130    0.686880
61     opls_145    30.661940   21.497100    1.599300
62     opls_145    31.242870   20.233780    1.473480
63     opls_145    32.603750   20.059390    1.591830
64     opls_700    33.475250   21.124390    1.873080
65     opls_145    32.876060   22.395820    1.975000
66     opls_145    31.513080   22.568180    1.863540
67     opls_700   -11.830430   20.944320    1.896880
68     opls_700   -11.020040   22.210070    1.744420
69     opls_145   -10.074770   22.340260    0.724540
70     opls_145    -9.301140   23.475010    0.601790
71     opls_145    -9.493610   24.577320    1.442930
72     opls_145   -10.450110   24.448760    2.464070
73     opls_145   -11.167550   23.281560    2.635780
74     opls_700    34.985760   18.431880    2.418840
75     opls_145    34.042370   18.452560    3.460190
76     opls_145    33.411800   17.296310    3.882870
77     opls_145    33.732590   16.046370    3.341380
78     opls_145    34.722100   16.019610    2.349990
79     opls_145    35.338620   17.170180    1.910200
80     opls_142     8.475290   26.501700    0.411930
81     opls_700     8.062020   27.871280    0.224640
82     opls_142    15.205230   14.325990    0.488790
83     opls_700    15.618740   12.955200    0.673020
84     opls_145     8.834480   28.829620    4.044370
85     opls_145     8.425190   30.129030    3.918330
86     opls_700     7.180680   30.559330    4.475740
87     opls_145     6.381760   29.562460    0.629100
88     opls_145     6.830160   28.278060    0.754740
89     opls_145    14.710470   11.887360    0.756810
90     opls_145    15.126320   10.600110    0.962910
91     opls_700    16.509680   10.291080    1.084100
92     opls_145    17.427080   11.377980    0.974520
93     opls_145    16.982900   12.658330    0.787050
94     opls_700     6.806040   31.919580    0.021740
95     opls_700    16.963700    8.970170    1.358240
96     opls_145    16.306440    8.122140    2.302200
97     opls_145    16.857630    6.924930    2.678000
98     opls_700    18.068420    6.470300    2.137090
99     opls_145    18.691260    7.279800    1.168380
100    opls_145    18.166290    8.479440    0.780070
101    opls_145     7.588100   32.881560    0.745020
102    opls_145     7.076950   34.115680    1.043950
103    opls_700     5.800830   34.509890    0.616770
104    opls_145     5.055770   33.597380    4.349160
105    opls_145     5.528520   32.350280    4.049460
106    opls_142    18.649110    5.218740    2.567570
107    opls_145    20.611050    3.785090    2.206210
108    opls_142     5.297410   35.810920    0.988160
109    opls_145     3.389560   37.294460    0.966370
110    opls_145    20.177170    2.569630    2.749640
111    opls_145    20.982420    1.449060    2.704050
112    opls_700    22.259470    1.490430    2.119500
113    opls_145    22.699440    2.723740    1.618960
114    opls_145    21.894660    3.837000    1.662480
115    opls_145     3.788080   38.163980    1.994260
116    opls_145     3.034580   39.270350    2.324020
117    opls_700     1.851420   39.557080    1.628730
118    opls_145     1.478890   38.723650    0.569660
119    opls_145     2.214120   37.597820    0.269870
120    opls_700    24.455560    0.213320    1.981260
121    opls_700    23.075010    0.219000    1.961460
122    opls_700    -1.163490   39.523010    1.703340
123    opls_700    25.282580    1.420270    2.335010
124    opls_145    -2.356250   39.617910    0.968450
125    opls_145    -3.152830   38.515600    0.743850
126    opls_145    -2.791300   37.254310    1.226250
127    opls_145    -1.597140   37.151300    1.949350
128    opls_145    -0.808750   38.256450    2.194610
129    opls_145    26.481660    1.688350    1.658970
130    opls_145    27.233520    2.798360    1.985850
131    opls_145    26.824690    3.693840    2.984180
132    opls_145    25.630760    3.409540    3.663230
133    opls_145    24.893660    2.282900    3.362990
134    opls_142    27.424820    5.764220    4.128570
135    opls_700    28.372890    6.854770    4.192870
136    opls_142    33.487660   13.678720    3.558290
137    opls_700    32.641450   12.544770    3.853310
138    opls_142    -9.042640   26.915780    1.699790
139    opls_700    -8.208600   28.057840    1.397660
140    opls_142    -3.335000   35.077260    0.380700
141    opls_700    -4.201350   33.924660    0.501030
142    opls_145    29.511100    6.912770    3.373290
143    opls_145    30.385880    7.961540    3.425220
144    opls_700    30.189660    9.056550    4.310950
145    opls_145    29.052160    8.977060    0.658080
146    opls_145    28.181830    7.919770    0.589140
147    opls_145    31.423160   12.603580    0.050670
148    opls_145    30.660300   11.484230    0.267840
149    opls_700    31.056020   10.210780    4.272880
150    opls_145    32.314570   10.158460    3.619620
151    opls_145    33.060580   11.284290    3.408430
152    opls_145    -7.068520   28.036340    0.577220
153    opls_145    -6.323220   29.164200    0.344610
154    opls_700    -6.663440   30.416170    0.924170
155    opls_145    -7.830440   30.425900    1.731920
156    opls_145    -8.557480   29.290740    1.961910
157    opls_145    -5.263460   33.871130    1.417990
158    opls_145    -6.053950   32.762330    1.548090
159    opls_700    -5.856090   31.604460    0.749570
160    opls_145    -4.796800   31.677460    4.305420
161    opls_145    -4.001620   32.789500    4.200930
162    opls_750     9.624270   26.122510    4.461930
163    opls_750    17.878050   21.535630    0.352750
164    opls_750    13.952300   14.589200    0.329850
165    opls_750     5.820970   19.311940    4.469220
166    opls_750    -5.664790   19.026020    0.541750
167    opls_750    29.293570   21.719340    1.436170
168    opls_750    -8.745970   25.747360    1.233140
169    opls_750    33.073920   14.884450    3.779770
170    opls_750    19.825010    4.932420    2.124990
171    opls_750     4.106290   36.146320    0.618750
172    opls_750    27.613080    4.819270    3.262590
173    opls_750    -3.626280   36.148750    1.042200
174    opls_146    13.024590   23.273850    3.557210
175    opls_146    11.930880   25.413180    3.392010
176    opls_146     8.677600   23.939380    1.326380
177    opls_146     9.708090   21.799240    1.430190
178    opls_146    14.095360   19.491200    3.430930
179    opls_146    16.495400   19.775090    3.452890
180    opls_146    16.075800   23.016320    1.785870
181    opls_146    13.680680   22.763660    1.722830
182    opls_146     9.758670   21.185220    3.194060
183    opls_146     7.330530   20.967840    3.068730
184    opls_146     7.497720   17.838540    1.557850
185    opls_146     9.890960   18.059570    1.663420
186    opls_146    10.770430   17.499900    3.420310
187    opls_146    11.798350   15.316370    3.455460
188    opls_146    14.809050   16.769080    1.696730
189    opls_146    13.789800   18.953830    1.660860
190    opls_144    18.260660   22.972930    1.850850
191    opls_144     5.354780   17.870180    1.438110
192    opls_146    20.043710   20.772770    3.748820
193    opls_146    22.391760   20.680300    3.452400
194    opls_146    22.876690   23.630750    2.132590
195    opls_146    20.512240   23.723210    2.383610
196    opls_146     3.686930   20.238240    3.405020
197    opls_146     1.311240   20.433720    3.115800
198    opls_146     0.708070   17.413110    1.696630
199    opls_146     3.096170   17.208300    1.948270
200    opls_146    -0.504360   21.259440    3.989110
201    opls_146    -2.873020   21.681220    4.121370
202    opls_146    -3.558850   17.564380    0.753700
203    opls_146    -1.196040   17.119490    0.619560
204    opls_144    -5.108450   21.039220    0.315270
205    opls_146    -6.620360   20.674620    2.451600
206    opls_146    -8.916430   20.986090    3.042950
207    opls_146   -10.082500   18.286690   -0.153320
208    opls_146    -7.762540   17.890860   -0.647910
209    opls_146    24.322570   20.288530    3.528950
210    opls_146    26.652590   19.825790    3.657060
211    opls_146    27.162340   23.026060    2.024600
212    opls_146    24.843780   23.529760    1.906200
213    opls_144    28.849390   20.166460    0.082440
214    opls_146    30.624480   19.356550    1.257930
215    opls_146    32.953100   19.046300    1.408640
216    opls_146    33.428890   23.325770    2.103660
217    opls_146    31.099800   23.579240    1.948360
218    opls_146    -9.953480   21.531570    0.006840
219    opls_146    -8.559120   23.523270   -0.205160
220    opls_146   -10.631810   25.266370    3.171780
221    opls_146   -11.863210   23.222750    3.484170
222    opls_146    33.767940   19.403190    3.927200
223    opls_146    32.645190   17.354710    4.664880
224    opls_146    35.017370   15.078300    1.872990
225    opls_146    36.086960   17.006330    1.134810
226    opls_144     7.788530   25.841050    0.956030
227    opls_144    15.980970   15.100200    0.534600
228    opls_146     9.799180   28.553840    3.602650
229    opls_146     9.067460   30.859440    3.412300
230    opls_146     5.438130   29.860140    1.101830
231    opls_146     6.200990   27.565490    1.301850
232    opls_146    13.634790   12.069050    0.671310
233    opls_146    14.385240    9.797510    1.035180
234    opls_146    18.500430   11.190610    1.086750
235    opls_146    17.728900   13.458090    0.729990
236    opls_146    15.392080    8.471330    2.796030
237    opls_146    16.339460    6.334840    3.444840
238    opls_146    19.625750    6.966300    0.688270
239    opls_146    18.693130    9.080480    0.027180
240    opls_146     8.556310   32.577800    1.160100
241    opls_146     7.688080   34.792160    1.654060
242    opls_146     4.056650   33.861400    3.983720
243    opls_146     4.894910   31.643800    3.499520
244    opls_144    18.062100    4.555650    3.216920
245    opls_144     5.940620   36.446430    1.611050
246    opls_146    19.175250    2.480810    3.182080
247    opls_146    20.569840    0.513030    3.091450
248    opls_146    23.679120    2.860010    1.163970
249    opls_146    22.265790    4.771820    1.227010
250    opls_146     4.694710   37.966070    2.577060
251    opls_146     3.378080   39.903420    3.152880
252    opls_146     0.589360   38.955230   -0.019940
253    opls_146     1.876950   36.944870   -0.545080
254    opls_146    -2.697170   40.579090    0.574960
255    opls_146    -4.086620   38.639700    0.183190
256    opls_146    -1.287120   36.182820    2.357510
257    opls_146     0.101620   38.088540    2.771730
258    opls_146    26.840150    1.040670    0.847800
259    opls_146    28.161690    2.984920    1.431360
260    opls_146    25.267360    4.073040    4.456220
261    opls_146    23.975090    2.073220    3.914050
262    opls_144    26.566660    5.799500    4.812930
263    opls_144    34.446980   13.452010    3.076290
264    opls_144    -9.927730   27.108020    2.320020
265    opls_144    -2.424390   34.973030   -0.224330
266    opls_146    29.717380    6.119900    2.642580
267    opls_146    31.214070    7.960330    2.707020
268    opls_146    28.845640    9.771960    1.385770
269    opls_146    27.319220    7.920580    1.268370
270    opls_146    31.054380   13.562730    0.433390
271    opls_146    29.698420   11.605090    0.779260
272    opls_146    32.698350    9.213100    3.221780
273    opls_146    34.000920   11.176410    2.853630
274    opls_146    -6.749370   27.103150    0.098680
275    opls_146    -5.436490   29.066460   -0.291200
276    opls_146    -8.176280   31.346110    2.212240
277    opls_146    -9.432030   29.369010    2.618860
278    opls_146    -5.466700   34.716320    2.087320
279    opls_146    -6.820560   32.788280    2.331140
280    opls_146    -4.590980   30.839160    3.629880
281    opls_146    -3.200830   32.778150    3.450380
