0      opls_700     6.097990    3.695930    2.035980
1      opls_166     7.073300    2.698410    1.834580
2      opls_145     8.358700    3.030660    2.276380
3      opls_700     8.712060    4.367250    2.627460
4      opls_166     7.720440    5.350140    2.856350
5      opls_145     6.433000    4.927570    2.661640
6      opls_182     7.158360    7.808120    3.341550
7      opls_136     7.718110    9.229730    2.947630
8      opls_210     6.577050   10.280740    2.970950
9      opls_210     5.443130   12.607530    1.907900
10     opls_135     5.564890   14.016280    1.297230
11     opls_182     7.769970    0.401380    1.202770
12     opls_136    -7.457680   24.288940    0.831800
13     opls_210    -6.451060   23.140300    0.593890
14     opls_210    -5.778720   20.477210    0.733080
15     opls_135    -6.130470   19.054090    1.199660
16     opls_234    10.093310    4.723730    2.344810
17     opls_142    11.985510    7.633290    1.481500
18     opls_700    13.209600    7.990520    0.786700
19     opls_145    14.206900    7.036140    0.676320
20     opls_234     4.685870    3.512520    1.751740
21     opls_142     2.635920    0.757600    2.397510
22     opls_700     1.351820    0.424090    2.983400
23     opls_145     0.347390    1.376200    3.090750
24     opls_700    22.881240    3.433050    2.035980
25     opls_166    23.257460    4.776450    1.834580
26     opls_145    22.327020    5.723520    2.276380
27     opls_700    20.992820    5.361240    2.627460
28     opls_166    20.637420    4.011030    2.856350
29     opls_145    21.647100    3.107360    2.661640
30     opls_182    18.789790    2.295260    3.341550
31     opls_136    17.278760    2.069220    2.947630
32     opls_210    16.939090    0.555520    2.970950
33     opls_210     0.925490   23.638310    1.907900
34     opls_135    -0.355400   23.039390    1.297230
35     opls_182    24.898410    6.528300    1.202770
36     opls_136    -2.740500    6.625170    0.831800
37     opls_210    -2.249060    8.071250    0.593890
38     opls_210    -0.278930    9.985060    0.733080
39     opls_135     1.129410   10.391990    1.199660
40     opls_234    19.993480    6.379200    2.344810
41     opls_142    16.527620    6.563110    1.481500
42     opls_700    15.606200    7.444590    0.786700
43     opls_145    15.934070    8.785460    0.676320
44     opls_234    23.746130    2.301820    1.751740
45     opls_142    27.156940    1.903970    2.397510
46     opls_700    28.087820    0.958670    2.983400
47     opls_145    13.199980   24.840930    3.090750
48     opls_700    14.717270   18.099210    2.035980
49     opls_166    13.365740   17.753330    1.834580
50     opls_145    13.010780   16.474010    2.276380
51     opls_700    13.991620   15.499690    2.627460
52     opls_166    15.338640   15.867020    2.856350
53     opls_145    15.616400   17.193260    2.661640
54     opls_182    17.748350   15.124800    3.341550
55     opls_136    18.699630   13.929240    2.947630
56     opls_210    20.180350   14.391920    2.970950
57     opls_210    -6.368620   14.210530    1.907900
58     opls_135    -5.209500   13.400710    1.297230
59     opls_182    11.028120   18.298510    1.202770
60     opls_136    10.198180   19.542260    0.831800
61     opls_210     8.700120   19.244820    0.593890
62     opls_210     6.057650   19.994090    0.733080
63     opls_135     5.001060   21.010290    1.199660
64     opls_234    13.609710   14.125260    2.344810
65     opls_142    15.183370   11.031780    1.481500
66     opls_700    14.880700    9.793080    0.786700
67     opls_145    13.555530    9.406580    0.676320
68     opls_234    15.264500   19.413850    1.751740
69     opls_142    13.903640   22.566610    2.397510
70     opls_700    14.256860   23.845430    2.983400
71     opls_145   -13.547370   24.239240    3.090750
72     opls_179     8.025300    6.761150    2.862160
73     opls_179     6.785480    1.456170    1.155630
74     opls_236    10.789980    3.879840    1.795550
75     opls_236     3.938800    4.434610    2.039350
76     opls_179    19.263020    3.569540    2.862160
77     opls_179    24.477180    5.148320    1.155630
78     opls_236    20.375970    7.404470    1.795550
79     opls_236    23.321110    1.193800    2.039350
80     opls_179    16.408180   14.897500    2.862160
81     opls_179    12.433840   18.623700    1.155630
82     opls_236    12.530550   13.943870    1.795550
83     opls_236    16.436580   19.599780    2.039350
84     opls_202     7.105780   11.965480    2.418100
85     opls_202    -7.259590   21.532510    0.879680
86     opls_202    15.215700    0.171050    2.418100
87     opls_202    -0.452400    8.174940    0.879680
88     opls_202    21.375020   13.091660    2.418100
89     opls_202     7.712000   20.748920    0.879680
90     opls_238    10.551690    6.007080    2.368400
91     opls_750    11.630260    6.394340    1.574770
92     opls_238     4.127430    2.298540    1.491090
93     opls_750     2.908580    1.979150    2.076490
94     opls_238    18.652870    6.134490    2.368400
95     opls_750    17.778210    6.874930    1.574770
96     opls_238    25.076690    2.425190    1.491090
97     opls_750    25.962710    1.529330    2.076490
98     opls_238    14.491940   13.086620    2.368400
99     opls_750    14.288030   11.958920    1.574770
100    opls_238    14.492380   20.504460    1.491090
101    opls_750    14.825200   21.719700    2.076490
102    opls_146     9.145090    2.295260    2.160520
103    opls_146     5.683020    5.623610    2.943030
104    opls_185     7.107670    7.721340    4.433680
105    opls_185     6.112270    7.708720    2.959550
106    opls_140     8.176930    9.201980    1.937450
107    opls_140     8.581850    9.589990    3.588730
108    opls_140     6.213210   10.351380    4.004870
109    opls_140     5.681560    9.944190    2.402800
110    opls_140     4.695770   12.570450    2.736150
111    opls_140     5.011990   11.947560    1.128040
112    opls_140     6.444510   13.997860    0.615180
113    opls_140     5.731090   14.763280    2.091940
114    opls_140     4.634450   14.258970    0.731340
115    opls_185     8.231550    0.306770    2.203800
116    opls_185     8.612430    0.645590    0.525380
117    opls_140    -8.060550   24.440560   -0.072760
118    opls_140    -8.219170   23.995790    1.591850
119    opls_140    -5.536350   23.205390    1.222430
120    opls_140    -6.097410   23.147370   -0.448360
121    opls_140    -4.912360   20.899030    1.305750
122    opls_140    -5.441380   20.456020   -0.315790
123    opls_140    -5.233530   18.594430    1.688750
124    opls_140    -6.580260   18.393110    0.405290
125    opls_140    -6.945700   19.079070    1.984360
126    opls_910    10.139040    6.696570    3.018690
127    opls_144    11.458240    8.400730    2.021020
128    opls_146    13.949090    5.994720    0.781890
129    opls_910     4.660380    1.548000    1.012400
130    opls_144     3.349920   -0.042130    2.214800
131    opls_146     0.564120    2.431240    3.047750
132    opls_146    22.570700    6.772250    2.160520
133    opls_146    21.419300    2.109830    2.943030
134    opls_185    18.890290    2.294760    4.433680
135    opls_185    19.398920    1.439020    2.959550
136    opls_140    17.073390    2.480440    1.937450
137    opls_140    16.534900    2.637100    3.588730
138    opls_140    17.059840    0.205110    4.004870
139    opls_140    17.678290   -0.051720    2.402800
140    opls_140     1.331290   23.009620    2.736150
141    opls_140     1.712610   23.594910    1.128040
142    opls_140    -0.779250   23.810360    0.615180
143    opls_140    -1.085420   22.809810    2.091940
144    opls_140    -0.100360   22.112250    0.731340
145    opls_185    24.749550    6.975340    2.203800
146    opls_185    24.265690    7.135790    0.525380
147    opls_140    -2.570370    6.027270   -0.072760
148    opls_140    -2.105880    6.112280    1.591850
149    opls_140    -2.762780    8.830870    1.222430
150    opls_140    -2.432000    8.373990   -0.448360
151    opls_140    -1.077410   10.524440    1.305750
152    opls_140    -0.429250   10.287800   -0.315790
153    opls_140     1.079010   11.398600    1.688750
154    opls_140     1.926720   10.332960    0.405290
155    opls_140     1.515390    9.673500    1.984360
156    opls_910    18.262080    5.432390    3.018690
157    opls_144    16.126630    5.722760    2.021020
158    opls_146    16.964870    9.082900    0.781890
159    opls_910    25.460200    3.262000    1.012400
160    opls_144    27.492530    2.922180    2.214800
161    opls_146    12.177920   24.501110    3.047750
162    opls_146    11.980710   16.160670    2.160520
163    opls_146    16.594180   17.494740    2.943030
164    opls_185    17.698540   15.212090    4.433680
165    opls_185    18.185320   16.080450    2.959550
166    opls_140    18.446190   13.545770    1.937450
167    opls_140    18.579750   13.001090    3.588730
168    opls_140    20.423450   14.671700    4.004870
169    opls_140    20.336640   15.335710    2.402800
170    opls_140    -6.027060   14.876300    2.736150
171    opls_140    -6.724600   14.913890    1.128040
172    opls_140    -5.665250   12.648150    0.615180
173    opls_140    -4.645670   12.883280    2.091940
174    opls_140    -4.534090   14.085150    0.731340
175    opls_185    10.715400   17.946070    2.203800
176    opls_185    10.818380   17.446800    0.525380
177    opls_140    10.630920   19.988540   -0.072760
178    opls_140    10.325050   20.348300    1.591850
179    opls_140     8.299130   18.420110    1.222430
180    opls_140     8.529410   18.935020   -0.448360
181    opls_140     5.989770   19.032900    1.305750
182    opls_140     5.870620   19.712550   -0.315790
183    opls_140     4.154520   20.463340    1.688750
184    opls_140     4.653530   21.730300    0.405290
185    opls_140     5.430310   21.703810    1.984360
186    opls_910    15.295380   13.099230    3.018690
187    opls_144    16.111630   11.104690    2.021020
188    opls_146    12.782540   10.150560    0.781890
189    opls_910    13.575920   20.418180    1.012400
190    opls_144    12.854050   22.348140    2.214800
191    opls_146   -12.742050   23.524020    3.047750
