0      opls_145     2.227630   32.997740    0.543110
1      opls_145     3.367840   33.798050    0.653060
2      opls_145     4.641190   33.222920    0.732800
3      opls_145     4.758200   31.819550    0.700260
4      opls_145     3.618510   31.017430    0.589510
5      opls_700     2.339440   31.596160    0.518270
6      opls_142     7.025100   33.775990    0.825520
7      opls_700     8.077940   34.777170    1.091750
8      opls_145     9.425650   34.389400    1.049350
9      opls_145    10.436360   35.311320    1.334090
10     opls_700    10.114190   36.626870    1.697370
11     opls_145     8.770900   37.033110    1.682780
12     opls_145     7.758890   36.112540    1.398520
13     opls_700    11.182120   37.610940    1.957420
14     opls_624    12.075820   37.545640    3.052530
15     opls_624    13.154920   38.407660    3.150220
16     opls_700    13.414430   39.375070    2.155930
17     opls_145    12.485880   39.500720    1.109140
18     opls_145    11.384150   38.638250    1.015610
19     opls_700    14.657350   40.157820    2.082120
20     opls_145    15.866210   39.522340    1.767650
21     opls_145    17.047760   40.261860    1.680780
22     opls_700    17.033460   41.652170    1.897720
23     opls_145    15.814720   42.286750    2.185900
24     opls_145    14.631870   41.545880    2.269730
25     opls_142    18.271440   42.454290    1.834810
26     opls_558    13.150240   37.114180    4.860890
27     opls_145    20.698770   42.539410    1.524020
28     opls_145    21.844960   41.737740    1.510640
29     opls_145    23.117520   42.311520    1.455580
30     opls_700    23.269380   43.707690    1.405500
31     opls_145    22.116690   44.514310    1.394680
32     opls_145    20.843860   43.939180    1.449170
33     opls_142    11.112430   35.713060    4.578480
34     opls_142    14.916330   38.851730    4.970600
35     opls_143     9.792280   36.344930    5.009230
36     opls_143    16.195400   38.023490    4.960110
37     opls_145     1.129810   30.741350    0.457920
38     MOF2_C_3    24.619690   44.317050    1.375520
39     opls_145    -0.105310   31.298920    0.458560
40     MOF2_C_3    50.769100    0.626470    1.376000
41     opls_145    -3.688190   30.467970    0.543110
42     opls_145    -4.951400   31.055260    0.653060
43     opls_145    -5.089990   32.445570    0.732800
44     opls_145    -3.933140   33.248600    0.700260
45     opls_145    -2.668640   32.662660    0.589510
46     opls_700    -2.530300   31.265590    0.518270
47     opls_142    -6.760910   34.233570    0.825520
48     opls_700    -8.154380   34.644760    1.091750
49     opls_145    -8.492420   36.005800    1.049350
50     opls_145    -9.796180   36.420150    1.334090
51     opls_700   -10.774400   35.483360    1.697370
52     opls_145   -10.454570   34.116920    1.682780
53     opls_145    -9.151320   33.700770    1.398520
54     opls_700   -12.160590   35.916180    1.957420
55     opls_624   -12.550890   36.722800    3.052530
56     opls_624   -13.836970   37.226320    3.150220
57     opls_700   -14.804520   36.967350    2.155930
58     opls_145   -14.449070   36.100380    1.109140
59     opls_145   -13.151280   35.577490    1.015610
60     opls_700   -16.103870   37.652380    2.082120
61     opls_145   -16.157950   39.017020    1.767650
62     opls_145   -17.389170   39.670510    1.680780
63     opls_700   -18.586070   38.962970    1.897720
64     opls_145   -18.526260   37.590230    2.185900
65     opls_145   -17.293220   36.936280    2.269730
66     opls_142   -19.899710   39.634030    1.834810
67     opls_558   -12.714440   37.869010    4.860890
68     opls_145   -21.187100   41.693610    1.524020
69     opls_145   -21.065930   43.087070    1.510640
70     opls_145   -22.199110   43.902250    1.455580
71     opls_700   -23.484160   43.335680    1.405500
72     opls_145   -23.606370   41.934110    1.394680
73     opls_145   -22.471880   41.119380    1.449170
74     opls_142   -10.482130   36.804770    4.578480
75     opls_142   -15.102250   38.529710    4.970600
76     opls_143   -10.369280   35.345550    5.009230
77     opls_143   -15.024500   40.051530    4.960110
78     opls_145    -1.185190   30.645420    0.457920
79     MOF2_C_3   -24.687030   44.200400    1.375520
80     opls_145    -1.050500   29.296990    0.458560
81     MOF2_C_3    26.077910   43.654090    1.376000
82     opls_145     1.460560   26.609600    0.543110
83     opls_145     1.583550   25.221990    0.653060
84     opls_145     0.448800   24.406800    0.732800
85     opls_145    -0.825060   25.007160    0.700260
86     opls_145    -0.949870   26.395220    0.589510
87     opls_700     0.190860   27.213550    0.518270
88     opls_142    -0.264190   22.065750    0.825520
89     opls_700     0.076450   20.653370    1.091750
90     opls_145    -0.933230   19.680100    1.049350
91     opls_145    -0.640180   18.343840    1.334090
92     opls_700     0.660200   17.965070    1.697370
93     opls_145     1.683660   18.925270    1.682780
94     opls_145     1.392430   20.261990    1.398520
95     opls_700     0.978470   16.548180    1.957420
96     opls_624     0.475070   15.806860    3.052530
97     opls_624     0.682050   14.441320    3.150220
98     opls_700     1.390090   13.732880    2.155930
99     opls_145     1.963190   14.474200    1.109140
100    opls_145     1.767130   15.859560    1.015610
101    opls_700     1.446520   12.265100    2.082120
102    opls_145     0.291750   11.535940    1.767650
103    opls_145     0.341410   10.142930    1.680780
104    opls_700     1.552610    9.460160    1.897720
105    opls_145     2.711540   10.198330    2.185900
106    opls_145     2.661360   11.593140    2.269730
107    opls_142     1.628280    7.986980    1.834810
108    opls_558    -0.435800   15.092120    4.860890
109    opls_145     0.488330    5.842280    1.524020
110    opls_145    -0.779030    5.250490    1.510640
111    opls_145    -0.918410    3.861530    1.455580
112    opls_700     0.214780    3.031930    1.405500
113    opls_145     1.489680    3.626880    1.394680
114    opls_145     1.628020    5.016740    1.449170
115    opls_142    -0.630300   17.557480    4.578480
116    opls_142     0.185920   12.693860    4.970600
117    opls_143     0.577000   18.384820    5.009230
118    opls_143    -1.170890   12.000280    4.960110
119    opls_145     0.055390   28.688530    0.457920
120    MOF2_C_3     0.067350    1.557850    1.375520
121    opls_145     1.155810   29.479390    0.458560
122    MOF2_C_3     1.160490    0.757080    1.376000
123    opls_750     5.768910   34.098010    0.906940
124    opls_557    12.070620   36.732260    4.141800
125    opls_557    13.828130   38.136080    4.296950
126    opls_750    19.417630   41.888620    1.599670
127    opls_750    -6.411700   32.984670    0.906940
128    opls_557   -11.843880   37.124990    4.141800
129    opls_557   -13.938380   37.945120    4.296950
130    opls_750   -19.982920   40.909500    1.599670
131    opls_750     0.642780   22.992620    0.906940
132    opls_557    -0.226740   16.218060    4.141800
133    opls_557     0.110250   13.994100    4.296950
134    opls_750     0.565290    7.277180    1.599670
135    F2_Au4+3    13.691360   36.289540    6.590630
136    F2_Au4+3   -12.270840   38.749940    6.590630
137    F2_Au4+3    -1.420520   15.035820    6.590630
138    opls_146     1.197160   33.480090    0.472750
139    opls_146     3.267210   34.933450    0.678710
140    opls_146     5.786600   31.331790    0.764380
141    opls_146     3.721480   29.882480    0.556170
142    opls_144     7.323860   32.711750    0.546310
143    opls_146     9.702050   33.316150    0.781360
144    opls_146    11.529770   34.995610    1.271660
145    opls_146     8.501000   38.118520    1.903490
146    opls_146     6.667820   36.442220    1.414390
147    opls_146    12.622650   40.312300    0.320480
148    opls_146    10.633200   38.762560    0.166610
149    opls_146    15.887270   38.397750    1.581720
150    opls_146    18.030130   39.739420    1.433060
151    opls_146    15.784820   43.414040    2.353470
152    opls_146    13.645590   42.073270    2.491150
153    opls_144    18.228530   43.582480    1.993320
154    opls_146    21.746930   40.602340    1.544860
155    opls_146    24.043210   41.645870    1.451010
156    opls_146    22.215240   45.648810    1.341060
157    opls_146    19.917130   44.603040    1.433140
158    opls_144    11.405740   34.611430    4.563490
159    opls_144    14.730940   39.886240    5.411690
160    opls_144     8.806270   35.827900    4.764400
161    opls_144     9.791760   37.333960    5.575900
162    opls_144    16.182660   36.960150    4.549230
163    opls_144    17.165030   38.467110    5.363130
164    MOF2_H_b    25.544860   43.651390    1.351800
165    opls_146    -0.218940   32.433410    0.459760
166    MOF2_H_b    51.676070    1.101170    0.874010
167    MOF2_H_     49.985910    1.284920    1.878400
168    opls_146    -3.590690   29.334370    0.472750
169    opls_146    -5.884370   30.400410    0.678710
170    opls_146    -4.024930   34.383090    0.764380
171    opls_146    -1.736970   33.318850    0.556170
172    opls_144    -5.988640   35.024430    0.546310
173    opls_146    -7.700900   36.781350    0.781360
174    opls_146   -10.069470   37.524920    1.271660
175    opls_146   -11.259600   33.340470    1.903490
176    opls_146    -8.891290   32.591050    1.414390
177    opls_146   -15.220040   35.812590    0.320480
178    opls_146   -12.883720   34.865450    0.166610
179    opls_146   -15.194560   39.597550    1.581720
180    opls_146   -17.427920   40.782490    1.433060
181    opls_146   -19.487570   37.000680    2.353470
182    opls_146   -17.256820   35.818440    2.491150
183    opls_144   -20.855310   39.032780    1.993320
184    opls_146   -20.033630   43.569870    1.544860
185    opls_146   -22.085480   45.036750    1.451010
186    opls_146   -24.638150   41.452200    1.341060
187    opls_146   -22.583430   39.984880    1.433140
188    opls_144    -9.674750   37.609590    4.563490
189    opls_144   -15.905470   37.851890    5.411690
190    opls_144    -9.428510   34.750150    4.764400
191    opls_144   -11.225540   34.850580    5.575900
192    opls_144   -14.097260   40.572170    4.549230
193    opls_144   -15.893510   40.669450    5.363130
194    MOF2_H_b   -24.573140   45.334450    1.351800
195    opls_146    -1.976450   28.631790    0.459760
196    MOF2_H_b    25.213320   44.202200    0.874010
197    MOF2_H_     25.899270   42.646600    1.878400
198    opls_146     2.393530   27.260840    0.472750
199    opls_146     2.617150   24.741430    0.678710
200    opls_146    -1.761670   24.360420    0.764380
201    opls_146    -1.983730   26.873520    0.556170
202    opls_144    -1.335230   22.339130    0.546310
203    opls_146    -2.000370   19.977350    0.781360
204    opls_146    -1.460300   17.554780    1.271660
205    opls_146     2.758610   18.616310    1.903490
206    opls_146     2.223470   21.042040    1.414390
207    opls_146     2.598170   13.949960    0.320480
208    opls_146     2.249740   16.447750    0.166610
209    opls_146    -0.692710   12.080000    1.581720
210    opls_146    -0.602220    9.553390    1.433060
211    opls_146     3.702760    9.660580    2.353470
212    opls_146     3.611230   12.183590    2.491150
213    opls_144     2.626770    7.460040    1.993320
214    opls_146    -1.713300    5.903080    1.544860
215    opls_146    -1.957730    3.392690    1.451010
216    opls_146     2.422910    2.974290    1.341060
217    opls_146     2.666300    5.487390    1.433140
218    opls_144    -1.730990   17.854280    4.563490
219    opls_144     1.174530   12.337160    5.411690
220    opls_144     0.622240   19.497250    4.764400
221    opls_144     1.433780   17.890760    5.575900
222    opls_144    -2.085400   12.542990    4.549230
223    opls_144    -1.271520   10.938740    5.363130
224    MOF2_H_b    -0.971710    1.089460    1.351800
225    opls_146     2.194610   29.010550    0.459760
226    MOF2_H_b     1.118110   -0.265720    0.874010
227    MOF2_H_      2.122320    1.106120    1.878400
