0      opls_145    21.294570   18.884640    1.890670
1      opls_145    21.328610   17.791540    2.759460
2      opls_145    20.325490   16.825710    2.726230
3      opls_145    19.251440   16.986610    1.838910
4      opls_145    19.203210   18.086200    0.977640
5      opls_700    20.254160   19.033390    0.945480
6      opls_142    19.792110   14.596140    3.535810
7      opls_145    20.537460   13.844310    5.812520
8      opls_145    20.633520   12.855770    6.797330
9      opls_700    20.092040   11.585960    6.569130
10     opls_145    19.442340   11.309950    5.360940
11     opls_145    19.349930   12.295240    4.372930
12     opls_700    19.899920   13.569110    4.588850
13     opls_261    20.213220   10.562170    0.469190
14     opls_145     1.029470   39.149740    5.440820
15     opls_145     1.063510   38.056640    6.309610
16     opls_145     0.060390   37.090810    6.276380
17     opls_145    39.516540   37.251710    5.389060
18     opls_145    39.468310   38.351300    4.527790
19     opls_700    40.519260   39.298490    4.495630
20     opls_142    40.057210   34.861240    7.085960
21     opls_145     0.272360   34.109410    2.262370
22     opls_145     0.368420   33.120870    3.247180
23     opls_700    40.357140   31.851060    3.018980
24     opls_145    39.707440   31.575050    1.810790
25     opls_145    39.615030   32.560340    0.822780
26     opls_700    40.165020   33.834210    1.038700
27     opls_261    40.478320   30.827270    4.019340
28     opls_145    39.500730    1.380460    5.440820
29     opls_145    39.466690    2.473560    6.309610
30     opls_145    40.469810    3.439390    6.276380
31     opls_145     1.013660    3.278490    5.389060
32     opls_145     1.061890    2.178900    4.527790
33     opls_700     0.010940    1.231710    4.495630
34     opls_142     0.472990    5.668960    7.085960
35     opls_145    40.257840    6.420790    2.262370
36     opls_145    40.161780    7.409330    3.247180
37     opls_700     0.173060    8.679140    3.018980
38     opls_145     0.822760    8.955150    1.810790
39     opls_145     0.915170    7.969860    0.822780
40     opls_700     0.365180    6.695990    1.038700
41     opls_261     0.051880    9.702930    4.019340
42     opls_145    19.235630   21.645560    1.890670
43     opls_145    19.201590   22.738660    2.759460
44     opls_145    20.204710   23.704490    2.726230
45     opls_145    21.278760   23.543590    1.838910
46     opls_145    21.326990   22.444000    0.977640
47     opls_700    20.276040   21.496810    0.945480
48     opls_142    20.738090   25.934060    3.535810
49     opls_145    19.992740   26.685890    5.812520
50     opls_145    19.896680   27.674430    6.797330
51     opls_700    20.438160   28.944240    6.569130
52     opls_145    21.087860   29.220250    5.360940
53     opls_145    21.180270   28.234960    4.372930
54     opls_700    20.630280   26.961090    4.588850
55     opls_261    20.316980   29.968030    0.469190
56     opls_145    21.645560    1.029470    3.665740
57     opls_145    22.738660    1.063510    4.534540
58     opls_145    23.704490    0.060390    4.501310
59     opls_145    23.543590   39.516540    3.613980
60     opls_145    22.444000   39.468310    2.752720
61     opls_700    21.496810   40.519260    2.720550
62     opls_142    25.934060   40.057210    5.310880
63     opls_145    26.685890    0.272360    0.487290
64     opls_145    27.674430    0.368420    1.472110
65     opls_700    28.944240   40.357140    1.243900
66     opls_145    29.220250   39.707440    0.035710
67     opls_145    28.234960   39.615030    6.148010
68     opls_700    26.961090   40.165020    6.363930
69     opls_261    29.968030   40.478320    2.244260
70     opls_145     1.380460   21.294570    0.115590
71     opls_145     2.473560   21.328610    0.984390
72     opls_145     3.439390   20.325490    0.951160
73     opls_145     3.278490   19.251440    0.063830
74     opls_145     2.178900   19.203210    6.302870
75     opls_700     1.231710   20.254160    6.270700
76     opls_142     5.668960   19.792110    1.760730
77     opls_145     6.420790   20.537460    4.037440
78     opls_145     7.409330   20.633520    5.022260
79     opls_700     8.679140   20.092040    4.794050
80     opls_145     8.955150   19.442340    3.585860
81     opls_145     7.969860   19.349930    2.597860
82     opls_700     6.695990   19.899920    2.813780
83     opls_261     9.702930   20.213220    5.794410
84     opls_145    39.149740   19.235630    0.115590
85     opls_145    38.056640   19.201590    0.984390
86     opls_145    37.090810   20.204710    0.951160
87     opls_145    37.251710   21.278760    0.063830
88     opls_145    38.351300   21.326990    6.302870
89     opls_700    39.298490   20.276040    6.270700
90     opls_142    34.861240   20.738090    1.760730
91     opls_145    34.109410   19.992740    4.037440
92     opls_145    33.120870   19.896680    5.022260
93     opls_700    31.851060   20.438160    4.794050
94     opls_145    31.575050   21.087860    3.585860
95     opls_145    32.560340   21.180270    2.597860
96     opls_700    33.834210   20.630280    2.813780
97     opls_261    30.827270   20.316980    5.794410
98     opls_145    18.884640   39.500730    3.665740
99     opls_145    17.791540   39.466690    4.534540
100    opls_145    16.825710   40.469810    4.501310
101    opls_145    16.986610    1.013660    3.613980
102    opls_145    18.086200    1.061890    2.752720
103    opls_700    19.033390    0.010940    2.720550
104    opls_142    14.596140    0.472990    5.310880
105    opls_145    13.844310   40.257840    0.487290
106    opls_145    12.855770   40.161780    1.472110
107    opls_700    11.585960    0.173060    1.243900
108    opls_145    11.309950    0.822760    0.035710
109    opls_145    12.295240    0.915170    6.148010
110    opls_700    13.569110    0.365180    6.363930
111    opls_261    10.562170    0.051880    2.244260
112    opls_145    19.235630    1.380460    6.984710
113    opls_145    19.201590    2.473560    6.115910
114    opls_145    20.204710    3.439390    6.149140
115    opls_145    21.278760    3.278490    7.036470
116    opls_145    21.326990    2.178900    0.797430
117    opls_700    20.276040    1.231710    0.829600
118    opls_142    20.738090    5.668960    5.339570
119    opls_145    19.992740    6.420790    3.062860
120    opls_145    19.896680    7.409330    2.078040
121    opls_700    20.438160    8.679140    2.306250
122    opls_145    21.087860    8.955150    3.514440
123    opls_145    21.180270    7.969860    4.502440
124    opls_700    20.630280    6.695990    4.286520
125    opls_261    20.316980    9.702930    1.305890
126    opls_145    39.500730   21.645560    3.434560
127    opls_145    39.466690   22.738660    2.565760
128    opls_145    40.469810   23.704490    2.598990
129    opls_145     1.013660   23.543590    3.486320
130    opls_145     1.061890   22.444000    4.347580
131    opls_700     0.010940   21.496810    4.379750
132    opls_142     0.472990   25.934060    1.789420
133    opls_145    40.257840   26.685890    6.613010
134    opls_145    40.161780   27.674430    5.628190
135    opls_700     0.173060   28.944240    5.856400
136    opls_145     0.822760   29.220250    7.064590
137    opls_145     0.915170   28.234960    0.952290
138    opls_700     0.365180   26.961090    0.736370
139    opls_261     0.051880   29.968030    4.856040
140    opls_145     1.029470   18.884640    3.434560
141    opls_145     1.063510   17.791540    2.565760
142    opls_145     0.060390   16.825710    2.598990
143    opls_145    39.516540   16.986610    3.486320
144    opls_145    39.468310   18.086200    4.347580
145    opls_700    40.519260   19.033390    4.379750
146    opls_142    40.057210   14.596140    1.789420
147    opls_145     0.272360   13.844310    6.613010
148    opls_145     0.368420   12.855770    5.628190
149    opls_700    40.357140   11.585960    5.856400
150    opls_145    39.707440   11.309950    7.064590
151    opls_145    39.615030   12.295240    0.952290
152    opls_700    40.165020   13.569110    0.736370
153    opls_261    40.478320   10.562170    4.856040
154    opls_145    21.294570   39.149740    6.984710
155    opls_145    21.328610   38.056640    6.115910
156    opls_145    20.325490   37.090810    6.149140
157    opls_145    19.251440   37.251710    7.036470
158    opls_145    19.203210   38.351300    0.797430
159    opls_700    20.254160   39.298490    0.829600
160    opls_142    19.792110   34.861240    5.339570
161    opls_145    20.537460   34.109410    3.062860
162    opls_145    20.633520   33.120870    2.078040
163    opls_700    20.092040   31.851060    2.306250
164    opls_145    19.442340   31.575050    3.514440
165    opls_145    19.349930   32.560340    4.502440
166    opls_700    19.899920   33.834210    4.286520
167    opls_261    20.213220   30.827270    1.305890
168    opls_145    18.884640   19.235630    5.209630
169    opls_145    17.791540   19.201590    4.340840
170    opls_145    16.825710   20.204710    4.374070
171    opls_145    16.986610   21.278760    5.261390
172    opls_145    18.086200   21.326990    6.122660
173    opls_700    19.033390   20.276040    6.154820
174    opls_142    14.596140   20.738090    3.564490
175    opls_145    13.844310   19.992740    1.287780
176    opls_145    12.855770   19.896680    0.302970
177    opls_700    11.585960   20.438160    0.531170
178    opls_145    11.309950   21.087860    1.739360
179    opls_145    12.295240   21.180270    2.727370
180    opls_700    13.569110   20.630280    2.511450
181    opls_261    10.562170   20.316980    6.631110
182    opls_145    39.149740   39.500730    1.659480
183    opls_145    38.056640   39.466690    0.790690
184    opls_145    37.090810   40.469810    0.823920
185    opls_145    37.251710    1.013660    1.711240
186    opls_145    38.351300    1.061890    2.572510
187    opls_700    39.298490    0.010940    2.604670
188    opls_142    34.861240    0.472990    0.014340
189    opls_145    34.109410   40.257840    4.837930
190    opls_145    33.120870   40.161780    3.853120
191    opls_700    31.851060    0.173060    4.081320
192    opls_145    31.575050    0.822760    5.289510
193    opls_145    32.560340    0.915170    6.277520
194    opls_700    33.834210    0.365180    6.061600
195    opls_261    30.827270    0.051880    3.080960
196    opls_145     1.380460    1.029470    1.659480
197    opls_145     2.473560    1.063510    0.790690
198    opls_145     3.439390    0.060390    0.823920
199    opls_145     3.278490   39.516540    1.711240
200    opls_145     2.178900   39.468310    2.572510
201    opls_700     1.231710   40.519260    2.604670
202    opls_142     5.668960   40.057210    0.014340
203    opls_145     6.420790    0.272360    4.837930
204    opls_145     7.409330    0.368420    3.853120
205    opls_700     8.679140   40.357140    4.081320
206    opls_145     8.955150   39.707440    5.289510
207    opls_145     7.969860   39.615030    6.277520
208    opls_700     6.695990   40.165020    6.061600
209    opls_261     9.702930   40.478320    3.080960
210    opls_145    21.645560   21.294570    5.209630
211    opls_145    22.738660   21.328610    4.340840
212    opls_145    23.704490   20.325490    4.374070
213    opls_145    23.543590   19.251440    5.261390
214    opls_145    22.444000   19.203210    6.122660
215    opls_700    21.496810   20.254160    6.154820
216    opls_142    25.934060   19.792110    3.564490
217    opls_145    26.685890   20.537460    1.287780
218    opls_145    27.674430   20.633520    0.302970
219    opls_700    28.944240   20.092040    0.531170
220    opls_145    29.220250   19.442340    1.739360
221    opls_145    28.234960   19.349930    2.727370
222    opls_700    26.961090   19.899920    2.511450
223    opls_261    29.968030   20.213220    6.631110
224    opls_701    20.265100   20.265100    0.000000
225    opls_701     0.000000    0.000000    3.550150
226    opls_701    20.265100    0.000000    1.775070
227    opls_701     0.000000   20.265100    5.325220
228    opls_750    20.386690   15.744770    3.666520
229    opls_750     0.121590   36.009870    0.116370
230    opls_750    40.408610    4.520330    0.116370
231    opls_750    20.143510   24.785430    3.666520
232    opls_750    24.785430    0.121590    5.441600
233    opls_750     4.520330   20.386690    1.891450
234    opls_750    36.009870   20.143510    1.891450
235    opls_750    15.744770   40.408610    5.441600
236    opls_750    20.143510    4.520330    5.208850
237    opls_750    40.408610   24.785430    1.658700
238    opls_750     0.121590   15.744770    1.658700
239    opls_750    20.386690   36.009870    5.208850
240    opls_750    15.744770   20.143510    3.433780
241    opls_750    36.009870   40.408610    6.983930
242    opls_750     4.520330    0.121590    6.983930
243    opls_750    24.785430   20.386690    3.433780
244    opls_146    22.094230   19.615000    1.938310
245    opls_146    22.143270   17.683730    3.460900
246    opls_146    18.420170   16.295980    1.845080
247    opls_146    18.318840   18.192790    0.368010
248    opls_144    19.236040   14.358630    2.637050
249    opls_146    20.959790   14.823920    6.002310
250    opls_146    21.132040   13.078280    7.733930
251    opls_146    19.017180   10.329120    5.180950
252    opls_146    18.854650   12.061380    3.437820
253    opls_146     1.829130   39.880100    5.488460
254    opls_146     1.878170   37.948830    7.011050
255    opls_146    38.685270   36.561080    5.395230
256    opls_146    38.583940   38.457890    3.918160
257    opls_144    39.501140   34.623730    6.187200
258    opls_146     0.694690   35.089020    2.452160
259    opls_146     0.866940   33.343380    4.183780
260    opls_146    39.282280   30.594220    1.630800
261    opls_146    39.119750   32.326480   -0.112330
262    opls_146    38.701070    0.650100    5.488460
263    opls_146    38.652030    2.581370    7.011050
264    opls_146     1.844930    3.969120    5.395230
265    opls_146     1.946260    2.072310    3.918160
266    opls_144     1.029060    5.906470    6.187200
267    opls_146    39.835510    5.441180    2.452160
268    opls_146    39.663260    7.186820    4.183780
269    opls_146     1.247920    9.935980    1.630800
270    opls_146     1.410450    8.203720   -0.112330
271    opls_146    18.435970   20.915200    1.938310
272    opls_146    18.386930   22.846470    3.460900
273    opls_146    22.110030   24.234220    1.845080
274    opls_146    22.211360   22.337410    0.368010
275    opls_144    21.294160   26.171570    2.637050
276    opls_146    19.570410   25.706280    6.002310
277    opls_146    19.398160   27.451920    7.733930
278    opls_146    21.513020   30.201080    5.180950
279    opls_146    21.675550   28.468820    3.437820
280    opls_146    20.915200    1.829130    3.713390
281    opls_146    22.846470    1.878170    5.235970
282    opls_146    24.234220   38.685270    3.620160
283    opls_146    22.337410   38.583940    2.143080
284    opls_144    26.171570   39.501140    4.412130
285    opls_146    25.706280    0.694690    0.677080
286    opls_146    27.451920    0.866940    2.408710
287    opls_146    30.201080   39.282280   -0.144280
288    opls_146    28.468820   39.119750    5.212900
289    opls_146     0.650100   22.094230    0.163240
290    opls_146     2.581370   22.143270    1.685820
291    opls_146     3.969120   18.420170    0.070010
292    opls_146     2.072310   18.318840    5.693230
293    opls_144     5.906470   19.236040    0.861980
294    opls_146     5.441180   20.959790    4.227230
295    opls_146     7.186820   21.132040    5.958860
296    opls_146     9.935980   19.017180    3.405870
297    opls_146     8.203720   18.854650    1.662750
298    opls_146    39.880100   18.435970    0.163240
299    opls_146    37.948830   18.386930    1.685820
300    opls_146    36.561080   22.110030    0.070010
301    opls_146    38.457890   22.211360    5.693230
302    opls_144    34.623730   21.294160    0.861980
303    opls_146    35.089020   19.570410    4.227230
304    opls_146    33.343380   19.398160    5.958860
305    opls_146    30.594220   21.513020    3.405870
306    opls_146    32.326480   21.675550    1.662750
307    opls_146    19.615000   38.701070    3.713390
308    opls_146    17.683730   38.652030    5.235970
309    opls_146    16.295980    1.844930    3.620160
310    opls_146    18.192790    1.946260    2.143080
311    opls_144    14.358630    1.029060    4.412130
312    opls_146    14.823920   39.835510    0.677080
313    opls_146    13.078280   39.663260    2.408710
314    opls_146    10.329120    1.247920   -0.144280
315    opls_146    12.061380    1.410450    5.212900
316    opls_146    18.435970    0.650100    6.937060
317    opls_146    18.386930    2.581370    5.414480
318    opls_146    22.110030    3.969120    7.030290
319    opls_146    22.211360    2.072310    1.407070
320    opls_144    21.294160    5.906470    6.238320
321    opls_146    19.570410    5.441180    2.873070
322    opls_146    19.398160    7.186820    1.141440
323    opls_146    21.513020    9.935980    3.694430
324    opls_146    21.675550    8.203720    5.437550
325    opls_146    38.701070   20.915200    3.386910
326    opls_146    38.652030   22.846470    1.864330
327    opls_146     1.844930   24.234220    3.480140
328    opls_146     1.946260   22.337410    4.957220
329    opls_144     1.029060   26.171570    2.688170
330    opls_146    39.835510   25.706280    6.423220
331    opls_146    39.663260   27.451920    4.691590
332    opls_146     1.247920   30.201080    7.244580
333    opls_146     1.410450   28.468820    1.887400
334    opls_146     1.829130   19.615000    3.386910
335    opls_146     1.878170   17.683730    1.864330
336    opls_146    38.685270   16.295980    3.480140
337    opls_146    38.583940   18.192790    4.957220
338    opls_144    39.501140   14.358630    2.688170
339    opls_146     0.694690   14.823920    6.423220
340    opls_146     0.866940   13.078280    4.691590
341    opls_146    39.282280   10.329120    7.244580
342    opls_146    39.119750   12.061380    1.887400
343    opls_146    22.094230   39.880100    6.937060
344    opls_146    22.143270   37.948830    5.414480
345    opls_146    18.420170   36.561080    7.030290
346    opls_146    18.318840   38.457890    1.407070
347    opls_144    19.236040   34.623730    6.238320
348    opls_146    20.959790   35.089020    2.873070
349    opls_146    21.132040   33.343380    1.141440
350    opls_146    19.017180   30.594220    3.694430
351    opls_146    18.854650   32.326480    5.437550
352    opls_146    19.615000   18.435970    5.161990
353    opls_146    17.683730   18.386930    3.639400
354    opls_146    16.295980   22.110030    5.255220
355    opls_146    18.192790   22.211360    6.732290
356    opls_144    14.358630   21.294160    4.463250
357    opls_146    14.823920   19.570410    1.097990
358    opls_146    13.078280   19.398160   -0.633630
359    opls_146    10.329120   21.513020    1.919350
360    opls_146    12.061380   21.675550    3.662480
361    opls_146    39.880100   38.701070    1.611840
362    opls_146    37.948830   38.652030    0.089250
363    opls_146    36.561080    1.844930    1.705070
364    opls_146    38.457890    1.946260    3.182140
365    opls_144    34.623730    1.029060    0.913100
366    opls_146    35.089020   39.835510    4.648140
367    opls_146    33.343380   39.663260    2.916520
368    opls_146    30.594220    1.247920    5.469500
369    opls_146    32.326480    1.410450    7.212630
370    opls_146     0.650100    1.829130    1.611840
371    opls_146     2.581370    1.878170    0.089250
372    opls_146     3.969120   38.685270    1.705070
373    opls_146     2.072310   38.583940    3.182140
374    opls_144     5.906470   39.501140    0.913100
375    opls_146     5.441180    0.694690    4.648140
376    opls_146     7.186820    0.866940    2.916520
377    opls_146     9.935980   39.282280    5.469500
378    opls_146     8.203720   39.119750    7.212630
379    opls_146    20.915200   22.094230    5.161990
380    opls_146    22.846470   22.143270    3.639400
381    opls_146    24.234220   18.420170    5.255220
382    opls_146    22.337410   18.318840    6.732290
383    opls_144    26.171570   19.236040    4.463250
384    opls_146    25.706280   20.959790    1.097990
385    opls_146    27.451920   21.132040   -0.633630
386    opls_146    30.201080   19.017180    1.919350
387    opls_146    28.468820   18.854650    3.662480
