0      opls_145    -1.056520   20.651700    3.684840
1      opls_145     0.225170   20.181620    3.685060
2      opls_700    -0.475880   24.363550    3.678550
3      opls_145     3.005510   19.276340    0.527150
4      opls_145     4.299500   18.786890    0.514510
5      opls_700     5.339990   19.516540    3.649230
6      opls_145     5.033170   20.763400    3.073530
7      opls_145     3.738620   21.251240    3.084420
8      opls_141     6.757370   18.992870    3.625440
9      opls_423     7.719570   19.889110    3.553710
10     opls_142     6.989810   17.635270    3.659250
11     opls_145     8.178860   16.927250    3.670060
12     opls_166     8.089390   15.558350    3.692310
13     opls_145     9.219160   14.786400    3.682740
14     opls_181     6.664360   13.599590    0.375200
15     opls_145     1.283360   21.044610    3.684840
16     opls_145     1.049620   22.389620    3.685060
17     opls_700    -2.221520   19.691530    3.678550
18     opls_145     0.443450   25.250110    0.527150
19     opls_145     0.220320   26.615460    0.514510
20     opls_700    -0.931810   27.151720    3.649230
21     opls_145    -1.858220   26.262580    3.073530
22     opls_145    -1.633420   24.897550    3.084420
23     opls_141    -1.187000   28.641050    3.625440
24     opls_423    -2.444260   29.026210    3.553710
25     opls_142    -0.127500   29.521150    3.659250
26     opls_145    -0.108860   30.904900    3.670060
27     opls_166     1.121380   31.511870    3.692310
28     opls_145    19.865020    0.590820    3.682740
29     opls_181     3.530230   31.257140    0.375200
30     opls_145    -0.226850   22.874550    3.684840
31     opls_145    -1.274790   21.999610    3.685060
32     opls_700     2.697390   20.515770    3.678550
33     opls_145    -3.448960   20.044410    0.527150
34     opls_145    -4.519830   19.168500    0.514510
35     opls_700    -4.408170   17.902590    3.649230
36     opls_145    -3.174950   17.544870    3.073530
37     opls_145    -2.105200   18.422060    3.084420
38     opls_141    -5.570380   16.936940    3.625440
39     opls_423    -5.275310   15.655530    3.553710
40     opls_142    -6.862320   17.414440    3.659250
41     opls_145    -8.070000   16.738700    3.670060
42     opls_166    -9.210770   17.500640    3.692310
43     opls_145    26.835820   16.908200    3.682740
44     opls_181   -10.194590   19.714130    0.375200
45     opls_145    19.696520   11.633730    3.684840
46     opls_145    18.414830   12.103810    3.685060
47     opls_700    19.115880    7.921880    3.678550
48     opls_145    15.634490   13.009090    0.527150
49     opls_145    14.340500   13.498540    0.514510
50     opls_700    13.300010   12.768890    3.649230
51     opls_145    13.606830   11.522020    3.073530
52     opls_145    14.901380   11.034190    3.084420
53     opls_141    11.882630   13.292560    3.625440
54     opls_423    10.920430   12.396310    3.553710
55     opls_142    11.650190   14.650160    3.659250
56     opls_145    10.461140   15.358180    3.670060
57     opls_166    10.550610   16.727080    3.692310
58     opls_145     9.420840   17.499020    3.682740
59     opls_181    11.975640   18.685840    0.375200
60     opls_145    17.356640   11.240820    3.684840
61     opls_145    17.590380    9.895810    3.685060
62     opls_700    20.861520   12.593900    3.678550
63     opls_145    18.196550    7.035320    0.527150
64     opls_145    18.419680    5.669970    0.514510
65     opls_700    19.571810    5.133710    3.649230
66     opls_145    20.498220    6.022850    3.073530
67     opls_145    20.273420    7.387870    3.084420
68     opls_141    19.827000    3.644380    3.625440
69     opls_423    21.084260    3.259210    3.553710
70     opls_142    18.767500    2.764280    3.659250
71     opls_145    18.748860    1.380520    3.670060
72     opls_166    17.518620    0.773560    3.692310
73     opls_145    -1.225020   31.694600    3.682740
74     opls_181    15.109770    1.028290    0.375200
75     opls_145    18.866850    9.410880    3.684840
76     opls_145    19.914790   10.285810    3.685060
77     opls_700    15.942610   11.769650    3.678550
78     opls_145    22.088960   12.241020    0.527150
79     opls_145    23.159830   13.116920    0.514510
80     opls_700    23.048170   14.382830    3.649230
81     opls_145    21.814950   14.740560    3.073530
82     opls_145    20.745200   13.863360    3.084420
83     opls_141    24.210380   15.348490    3.625440
84     opls_423    23.915310   16.629900    3.553710
85     opls_142    25.502320   14.870990    3.659250
86     opls_145    26.710000   15.546720    3.670060
87     opls_166    27.850770   14.784790    3.692310
88     opls_145    -8.195820   15.377230    3.682740
89     opls_181    28.834590   12.571300    0.375200
90     opls_753     9.932700   11.439700    3.476670
91     opls_753    22.406580    2.882120    3.476670
92     opls_753    23.580720   17.963610    3.476670
93     opls_753     8.707300   20.845730    3.476670
94     opls_753    -3.766580   29.403310    3.476670
95     opls_753    -4.940720   14.321820    3.476670
96     opls_179     6.837710   14.957520    3.728930
97     opls_179     2.267560   30.728300    3.728930
98     opls_179    -9.105270   18.885040    3.728930
99     opls_179    11.802290   17.327910    3.728930
100    opls_179    16.372440    1.557130    3.728930
101    opls_179    27.745270   13.400390    3.728930
102    opls_146     0.405980   19.106520    3.683340
103    opls_146     2.237550   18.680990    1.038600
104    opls_146     4.484780   17.829950    1.020500
105    opls_146     5.804870   21.365850    2.575060
106    opls_146     3.548500   22.210110    2.584940
107    opls_144     6.079440   17.027660    3.662810
108    opls_146     9.087750   13.714850    3.689360
109    opls_185     7.194480   13.407170    1.317150
110    opls_185     7.047220   12.918370   -0.396740
111    opls_185     5.593680   13.399420    0.523380
112    opls_146     1.890280   23.083760    3.683340
113    opls_146     1.343010   24.882700    1.038600
114    opls_146     0.956420   27.254390    1.020500
115    opls_146    -2.765800   26.629670    2.575060
116    opls_146    -2.368770   24.253460    2.584940
117    opls_144     0.853900   29.036540    3.662810
118    opls_146    20.858720    1.012790    3.689360
119    opls_185     3.431810   31.812450    1.317150
120    opls_185     3.928750   31.929320   -0.396740
121    opls_185     4.238920   30.429980    0.523380
122    opls_146    -2.296260   22.380580    3.683340
123    opls_146    -3.580560   21.007160    1.038600
124    opls_146    -5.441200   19.486520    1.020500
125    opls_146    -3.039070   16.575340    2.575060
126    opls_146    -1.179730   18.107280    2.584940
127    opls_144    -6.933330   18.506650    3.662810
128    opls_146    25.973540   17.557780    3.689360
129    opls_185   -10.626290   19.351240    1.317150
130    opls_185   -10.975980   19.723170   -0.396740
131    opls_185    -9.832600   20.741450    0.523380
132    opls_146    18.234020   13.178910    3.683340
133    opls_146    16.402450   13.604430    1.038600
134    opls_146    14.155220   14.455480    1.020500
135    opls_146    12.835130   10.919580    2.575060
136    opls_146    15.091500   10.075310    2.584940
137    opls_144    12.560560   15.257770    3.662810
138    opls_146     9.552250   18.570580    3.689360
139    opls_185    11.445520   18.878260    1.317150
140    opls_185    11.592780   19.367060   -0.396740
141    opls_185    13.046320   18.886010    0.523380
142    opls_146    16.749720    9.201670    3.683340
143    opls_146    17.296990    7.402730    1.038600
144    opls_146    17.683580    5.031040    1.020500
145    opls_146    21.405800    5.655760    2.575060
146    opls_146    21.008770    8.031970    2.584940
147    opls_144    17.786100    3.248880    3.662810
148    opls_146    -2.218720   31.272630    3.689360
149    opls_185    15.208190    0.472980    1.317150
150    opls_185    14.711250    0.356110   -0.396740
151    opls_185    14.401080    1.855440    0.523380
152    opls_146    20.936260    9.904850    3.683340
153    opls_146    22.220560   11.278270    1.038600
154    opls_146    24.081200   12.798910    1.020500
155    opls_146    21.679070   15.710090    2.575060
156    opls_146    19.819730   14.178150    2.584940
157    opls_144    25.573330   13.778770    3.662810
158    opls_146    -7.333540   14.727640    3.689360
159    opls_185    29.266290   12.934190    1.317150
160    opls_185    29.615980   12.562260   -0.396740
161    opls_185    28.472600   11.543980    0.523380
