0      opls_145     7.752800   19.863280    2.190080
1      opls_145     6.686260   20.730660    1.964890
2      opls_145    12.808960   14.694260    0.376250
3      opls_145    14.069770   14.164890    0.665860
4      opls_145    13.325710   16.645760    1.702020
5      opls_145    14.610150   16.155800    1.927210
6      opls_145     6.321120   18.440010    3.515850
7      opls_145     5.232270   19.267220    3.226240
8      opls_145    11.114530   17.941340    0.237850
9      opls_145     9.980390   18.596130    3.654290
10     opls_700     8.786740   17.904200    3.374100
11     opls_700     7.591340   18.702990    2.973950
12     opls_145     5.418890   20.431680    2.472810
13     opls_145     6.544280   15.440380    2.673790
14     opls_145     5.805470   14.238780    2.650750
15     opls_145     6.305810   13.071290    3.269130
16     opls_700     7.564430   13.101980    0.000000
17     opls_700     8.259490   14.305850    0.000000
18     opls_700     7.766360   15.466150    3.359080
19     opls_700     9.510890   14.458940    0.533020
20     opls_145    10.099620   13.387700    1.218310
21     opls_145     9.428410   12.147070    1.241350
22     opls_145     8.167160   11.996640    0.622970
23     opls_700     8.789800   16.506700    3.599340
24     opls_700     9.900320   15.865540    0.292760
25     opls_700    11.112120   16.561640    0.518000
26     opls_700    12.401590   15.925790    0.918150
27     opls_145    14.984910   14.908740    1.419290
28     opls_700     0.429020   23.902710    2.069510
29     opls_700     1.392950   24.961450    2.018750
30     opls_145    -1.937050   23.181600    1.907170
31     opls_166    -3.279900   23.505960    1.997930
32     opls_166    -3.687920   24.791680    2.206310
33     opls_145    -2.781090   25.838680    2.227800
34     opls_700    20.920770   13.687060    1.873350
35     opls_700    20.485840   12.322900    1.822590
36     opls_145    22.769000   15.327830    1.664340
37     opls_166    24.129130   15.589680    1.685790
38     opls_166    25.038590   14.593460    1.894170
39     opls_145    24.648070   13.268330    1.984930
40     opls_145     0.799190   34.675770    2.190080
41     opls_145     0.581290   33.318430    1.964890
42     opls_145    24.625320    3.745750    0.376250
43     opls_145    24.453360    5.102330    0.665860
44     opls_145    22.676890    3.217520    1.702020
45     opls_145    22.458990    4.574860    1.927210
46     opls_145     2.747620   34.147540    3.515850
47     opls_145     2.575660   32.790960    3.226240
48     opls_145    22.660480    0.654800    0.237850
49     opls_145     0.782780   37.238490    3.654290
50     opls_700     1.978840   36.550730    3.374100
51     opls_700     1.884760   35.116090    2.973950
52     opls_145     1.473900   32.370340    2.472810
53     opls_145     5.233800   35.840610    2.673790
54     opls_145     6.643820   35.801580    2.650750
55     opls_145     7.404730   36.818630    3.269130
56     opls_700    28.626530    0.000000    0.000000
57     opls_700    27.236420    0.000000    0.000000
58     opls_700     4.600440   36.886080    3.359080
59     opls_700    26.478140    1.007200    0.533020
60     opls_145    27.111500    2.052680    1.218310
61     opls_145    28.521520    2.091710    1.241350
62     opls_145    29.282430    1.074650    0.622970
63     opls_700     3.187580   37.252130    3.599340
64     opls_700    25.065280    0.641150    0.292760
65     opls_700    23.856540    1.342560    0.518000
66     opls_700    23.762460    2.777200    0.918150
67     opls_145    23.351600    5.522950    1.419290
68     opls_700     0.962840   26.313480    2.069510
69     opls_700    -0.436020   26.618900    2.018750
70     opls_145     2.770370   24.624950    1.907170
71     opls_166     3.160890   23.299820    1.997930
72     opls_166     2.251430   22.303610    2.206310
73     opls_145     0.891300   22.565450    2.227800
74     opls_700    21.441680   11.274390    1.873350
75     opls_700    22.840540   11.579810    1.822590
76     opls_145    19.096610   12.054610    1.664340
77     opls_166    18.189780   13.101600    1.685790
78     opls_166    18.597800   14.387320    1.894170
79     opls_145    19.940650   14.711690    1.984930
80     opls_145    -8.551990   21.247520    2.190080
81     opls_145    -7.267550   21.737480    1.964890
82     opls_145    28.198820   19.453280    0.376250
83     opls_145    27.109970   18.626070    0.665860
84     opls_145    29.630500   18.030010    1.702020
85     opls_145    28.563960   17.162630    1.927210
86     opls_145    -9.068740   23.199030    3.515850
87     opls_145    -7.807930   23.728400    3.226240
88     opls_145    31.858090   19.297160    0.237850
89     opls_145   -10.763170   19.951950    3.654290
90     opls_700   -10.765580   21.331650    3.374100
91     opls_700    -9.476110   21.967500    2.973950
92     opls_145    -6.892790   22.984550    2.472810
93     opls_145   -11.778080   24.505590    2.673790
94     opls_145   -12.449290   25.746220    2.650750
95     opls_145   -13.710540   25.896650    3.269130
96     opls_700   -14.313270   24.791300    0.000000
97     opls_700   -13.618210   23.587430    0.000000
98     opls_700   -12.366810   23.434350    3.359080
99     opls_700    29.644060   22.427140    0.533020
100    opls_145    28.421980   22.452910    1.218310
101    opls_145    27.683170   23.654510    1.241350
102    opls_145    28.183510   24.822000    0.622970
103    opls_700   -11.977380   22.027750    3.599340
104    opls_700    30.667500   21.386590    0.292760
105    opls_700    30.664440   19.989090    0.518000
106    opls_700    29.469040   19.190300    0.918150
107    opls_145    27.296590   17.461610    1.419290
108    opls_700    -1.391860   25.570390    2.069510
109    opls_700    -0.956930   24.206230    2.018750
110    opls_145    -0.833320   27.980020    1.907170
111    opls_166     0.119010   28.980790    1.997930
112    opls_166     1.436490   28.691280    2.206310
113    opls_145     1.889800   27.382450    2.227800
114    opls_700    23.270650   12.931840    1.873350
115    opls_700    22.306720   13.990580    1.822590
116    opls_145    23.767500   10.510840    1.664340
117    opls_166    23.314190    9.202010    1.685790
118    opls_166    21.996710    8.912500    1.894170
119    opls_145    21.044380    9.913260    1.984930
120    opls_146     8.711920   20.117930    1.762300
121    opls_146     6.851660   21.624940    1.375230
122    opls_146    12.172750   14.156930   -0.307050
123    opls_146    14.351990   13.211490    0.236370
124    opls_146    13.066680   17.603710    2.129800
125    opls_146    15.301920   16.746180    2.516870
126    opls_146     6.173890   17.620380    4.199150
127    opls_146     4.265500   19.034940    3.655730
128    opls_146    12.010200   18.534740    0.363560
129    opls_146    10.046460   19.668510    3.528540
130    opls_146     6.170820   16.297150    2.144430
131    opls_146     4.854440   14.205810    2.135320
132    opls_146     5.728680   12.155790    3.238620
133    opls_146    11.028330   13.492660    1.747670
134    opls_146     9.875380   11.306980    1.756780
135    opls_146     7.662880   11.039070    0.653480
136    opls_146    -1.697490   22.143700    1.744910
137    opls_146    -3.181020   26.822380    2.410610
138    opls_146    22.117260   16.165660    1.481490
139    opls_146    25.427140   12.541920    2.147190
140    opls_146     0.099110   35.379070    1.762300
141    opls_146    -0.275880   33.014530    1.375230
142    opls_146    25.408760    3.463450   -0.307050
143    opls_146    25.137910    5.823440    0.236370
144    opls_146    21.976810    2.514220    2.129800
145    opls_146    21.601820    4.878760    2.516870
146    opls_146     3.531060   34.429840    4.199150
147    opls_146     3.260210   32.069850    3.655730
148    opls_146    21.698740    1.133770    0.363560
149    opls_146    -0.178960   36.759520    3.528540
150    opls_146     4.678550   35.088810    2.144430
151    opls_146     7.147880   34.994450    2.135320
152    opls_146     8.486140   36.776570    3.238620
153    opls_146    26.556250    2.804480    1.747670
154    opls_146    29.025580    2.898840    1.756780
155    opls_146    30.363840    1.116720    0.653480
156    opls_146     3.549440   25.351370    1.744910
157    opls_146     0.239340   21.727250    2.410610
158    opls_146    18.696900   11.071280    1.481490
159    opls_146    20.180210   15.749590    2.147190
160    opls_146    -8.811020   20.289580    1.762300
161    opls_146    -6.575780   21.147110    1.375230
162    opls_146    28.051590   20.272910   -0.307050
163    opls_146    26.143200   18.858350    0.236370
164    opls_146    30.589620   17.775360    2.129800
165    opls_146    28.729360   16.268350    2.516870
166    opls_146    -9.704950   23.736360    4.199150
167    opls_146    -7.525710   24.681790    3.655730
168    opls_146    31.924160   18.224780    0.363560
169    opls_146    -9.867500   19.358540    3.528540
170    opls_146   -10.849370   24.400620    2.144430
171    opls_146   -12.002330   26.586310    2.135320
172    opls_146   -14.214820   26.854220    3.238620
173    opls_146    28.048520   21.596140    1.747670
174    opls_146    26.732140   23.687470    1.756780
175    opls_146    27.606380   25.737500    0.653480
176    opls_146    -1.851950   28.291510    1.744910
177    opls_146     2.941680   27.236940    2.410610
178    opls_146    24.818940   10.656350    1.481490
179    opls_146    20.025750    9.601780    2.147190
180    MOF2_B_2     4.245810   21.426760    2.243830
181    MOF2_B_2    16.433220   14.390360    1.648270
182    MOF2_B_2     1.198680   30.856880    2.243830
183    MOF2_B_2    23.076380    7.036400    1.648270
184    MOF2_B_2    -5.444480   23.502930    2.243830
185    MOF2_B_2    26.123510   16.466530    1.648270
186    opls_167    -4.324780   22.601070    1.978040
187    opls_167    -5.055280   24.904610    2.394890
188    opls_167    24.715020   16.830300    1.497250
189    opls_167    26.344690   15.045910    1.914060
190    opls_167     4.466990   22.847380    1.978040
191    opls_167     2.837320   21.062980    2.394890
192    opls_167    16.822420   12.988680    1.497250
193    opls_167    17.552920   15.292220    1.914060
194    opls_167    -0.142210   30.338120    1.978040
195    opls_167     2.217960   29.818990    2.394890
196    opls_167    24.095660    8.074300    1.497250
197    opls_167    21.735490    7.555160    1.914060
