0      opls_700    -0.089030   27.236490    0.000000
1      opls_700    -1.173930   25.048980    0.000000
2      opls_700     1.262960   25.203190    0.000000
3      opls_700    22.458080   11.507840    0.000000
4      opls_700    23.542980   13.695350    0.000000
5      opls_700    21.106090   13.541140    0.000000
6      opls_145     1.160510   26.601080    0.000000
7      opls_145    -1.248420   26.448820    0.000000
8      opls_145     0.087910   24.438760    0.000000
9      opls_145    21.208540   12.143250    0.000000
10     opls_145    23.617470   12.295510    0.000000
11     opls_145    22.281140   14.305570    0.000000
12     opls_700     2.589440   24.545310    0.000000
13     opls_700    -0.182530   28.714200    0.000000
14     opls_700    -2.406910   24.229150    0.000000
15     opls_700    19.779610   14.199020    0.000000
16     opls_700    22.551580   10.030130    0.000000
17     opls_700    24.775960   14.515180    0.000000
18     opls_145     3.766500   25.310900    0.000000
19     opls_145    -1.434080   29.350770    0.000000
20     opls_145    -2.332420   22.827000    0.000000
21     opls_145    18.602550   13.433430    0.000000
22     opls_145    23.803130    9.393560    0.000000
23     opls_145    24.701470   15.917330    0.000000
24     opls_145     5.018270   24.690990    0.000000
25     opls_145    -1.523110   30.744790    0.000000
26     opls_145    -3.495160   22.052890    0.000000
27     opls_145    17.350780   14.053340    0.000000
28     opls_145    23.892160    7.999540    0.000000
29     opls_145    25.864210   16.691450    0.000000
30     opls_145     5.115800   23.296970    0.000000
31     opls_145    -0.364620   31.526260    0.000000
32     opls_145    -4.751190   22.665430    0.000000
33     opls_145    17.253250   15.447360    0.000000
34     opls_145    22.733670    7.218070    0.000000
35     opls_145    27.120240   16.078900    0.000000
36     opls_145     3.943440   22.524790    0.000000
37     opls_145     0.890290   30.897050    0.000000
38     opls_145    -4.833730   24.066820    0.000000
39     opls_145    18.425610   16.219540    0.000000
40     opls_145    21.478760    7.847280    0.000000
41     opls_145    27.202780   14.677510    0.000000
42     opls_145     2.692340   23.145090    0.000000
43     opls_145     0.978650   29.503420    0.000000
44     opls_145    -3.670980   24.840150    0.000000
45     opls_145    19.676710   15.599240    0.000000
46     opls_145    21.390400    9.240910    0.000000
47     opls_145    26.040030   13.904180    0.000000
48     opls_142     6.596630   21.409340    0.000000
49     opls_142     0.529700   33.752510    0.000000
50     opls_142    -7.126330   22.326810    0.000000
51     opls_142    15.772420   17.334990    0.000000
52     opls_142    21.839350    4.991820    0.000000
53     opls_142    29.495380   16.417520    0.000000
54     opls_700     7.942800   20.832050    0.000000
55     opls_700     0.356560   35.206970    0.000000
56     opls_700    -8.299360   21.449640    0.000000
57     opls_700    14.426250   17.912280    0.000000
58     opls_700    22.012490    3.537360    0.000000
59     opls_700    30.668410   17.294690    0.000000
60     opls_145     8.087310   19.442680    0.000000
61     opls_145     1.487540   36.026800    0.000000
62     opls_145    -9.574850   22.019180    0.000000
63     opls_145    14.281740   19.301650    0.000000
64     opls_145    20.881510    2.717530    0.000000
65     opls_145    31.943900   16.725150    0.000000
66     opls_145     9.361000   18.868490    0.000000
67     opls_145     1.347960   37.416950    0.000000
68     opls_145   -10.708960   21.203220    0.000000
69     opls_145    13.008050   19.875840    0.000000
70     opls_145    21.021090    1.327380    0.000000
71     opls_145    33.078010   17.541110    0.000000
72     opls_700    10.509430   19.676700    0.000000
73     opls_700     0.073820   38.007410    0.000000
74     opls_700   -10.583240   19.804550    0.000000
75     opls_700    11.859620   19.067640    0.000000
76     opls_700    22.295230    0.736920    0.000000
77     opls_700    32.952290   18.939780    0.000000
78     opls_145    10.355530   21.072270    0.000000
79     opls_145    -1.057830   37.176350    0.000000
80     opls_145    -9.297700   19.240050    0.000000
81     opls_145    12.013520   17.672060    0.000000
82     opls_145    23.426880    1.567980    0.000000
83     opls_145    31.666750   19.504280    0.000000
84     opls_145     9.082060   21.646850    0.000000
85     opls_145    -0.918700   35.786200    0.000000
86     opls_145    -8.163360   20.055620    0.000000
87     opls_145    13.286990   17.097490    0.000000
88     opls_145    23.287750    2.958130    0.000000
89     opls_145    30.532410   18.688720    0.000000
90     opls_750     6.413210   22.692550    0.000000
91     opls_750    -0.489880   32.952050    0.000000
92     opls_750    -5.923320   21.844050    0.000000
93     opls_750    15.955840   16.051780    0.000000
94     opls_750    22.858930    5.792280    0.000000
95     opls_750    28.292370   16.900280    0.000000
96     opls_146     2.030660   27.178370    0.000000
97     opls_146    -2.183440   26.913750    0.000000
98     opls_146     0.152560   23.396930    0.000000
99     opls_146    20.338840   11.565960    0.000000
100    opls_146    24.552490   11.830580    0.000000
101    opls_146    22.216490   15.347400    0.000000
102    opls_146     3.828460   26.379850    0.000000
103    opls_146    -2.391030   28.870340    0.000000
104    opls_146    -1.437660   22.238860    0.000000
105    opls_146    18.540590   12.364480    0.000000
106    opls_146    24.760080    9.873990    0.000000
107    opls_146    23.807160   16.505470    0.000000
108    opls_146     5.921530   25.286880    0.000000
109    opls_146    -2.490790   31.229090    0.000000
110    opls_146    -3.430740   20.972690    0.000000
111    opls_146    16.447520   13.457460    0.000000
112    opls_146    24.859840    7.515240    0.000000
113    opls_146    25.799790   17.771640    0.000000
114    opls_146     3.924870   21.451190    0.000000
115    opls_146     1.829340   31.417780    0.000000
116    opls_146    -5.754210   24.619700    0.000000
117    opls_146    18.444180   17.293140    0.000000
118    opls_146    20.539710    7.326550    0.000000
119    opls_146    28.123260   14.124630    0.000000
120    opls_146     1.876540   22.451180    0.000000
121    opls_146     1.987710   29.143490    0.000000
122    opls_146    -3.863580   25.893610    0.000000
123    opls_146    20.492510   16.293150    0.000000
124    opls_146    20.381340    9.600850    0.000000
125    opls_146    26.232630   12.850720    0.000000
126    opls_144     5.793580   20.697220    0.000000
127    opls_144     1.547940   33.413110    0.000000
128    opls_144    -7.341520   23.378330    0.000000
129    opls_144    16.575470   18.047110    0.000000
130    opls_144    20.821110    5.331220    0.000000
131    opls_144    29.710570   15.366000    0.000000
132    opls_146     7.216930   18.797590    0.000000
133    opls_146     2.481400   35.595580    0.000000
134    opls_146    -9.698330   23.095500    0.000000
135    opls_146    15.152120   19.946740    0.000000
136    opls_146    19.887650    3.148750    0.000000
137    opls_146    32.067380   15.648840    0.000000
138    opls_146     9.368380   17.796430    0.000000
139    opls_146     2.272700   37.959370    0.000000
140    opls_146   -11.641300   21.733250    0.000000
141    opls_146    13.001120   20.947900    0.000000
142    opls_146    20.096350    0.784960    0.000000
143    opls_146    34.010130   17.011470    0.000000
144    opls_146    11.163720   21.777030    0.000000
145    opls_146    -2.071820   37.523880    0.000000
146    opls_146    -9.091450   18.187750    0.000000
147    opls_146    11.205100   16.967690    0.000000
148    opls_146    24.441320    1.220450    0.000000
149    opls_146    31.460500   20.556580    0.000000
150    opls_146     8.983630   22.725490    0.000000
151    opls_146    -1.803840   35.162030    0.000000
152    opls_146    -7.180470   19.601530    0.000000
153    opls_146    13.385420   16.018840    0.000000
154    opls_146    24.172890    3.582300    0.000000
155    opls_146    29.549520   19.142800    0.000000
