0      opls_238    -0.158000   20.794170    2.501160
1      opls_238     4.984080   13.956660    2.414880
2      opls_238    -3.065630   15.210680    2.501160
3      opls_238     0.284790   23.082610    2.414880
4      opls_238     3.223630   15.484350    2.501160
5      opls_238    -5.268870   14.449930    2.414880
6      opls_238    15.021650    4.950430    1.283140
7      opls_238     9.879570   11.787940    1.369420
8      opls_238    17.929280   10.533920    1.283140
9      opls_238    14.578860    2.661990    1.369420
10     opls_238    11.640020   10.260250    1.283140
11     opls_238    20.132520   11.294670    1.369420
12     opls_281     1.683460   19.094770    2.557430
13     opls_281    -2.514630   17.655130    2.557430
14     opls_281     0.831180   14.739300    2.557430
15     opls_281    13.180190    6.649830    1.226870
16     opls_281    17.378280    8.089470    1.226870
17     opls_281    14.032470   11.005300    1.226870
18     opls_142    -0.935370   19.680460    2.527420
19     opls_280     0.918280   18.224600    2.546570
20     opls_145    -0.466570   18.495690    2.540590
21     opls_141     4.564330   15.252640    2.510620
22     opls_145     8.470350   13.600100    1.479470
23     opls_145     7.252870   14.232640    1.733360
24     opls_916     6.229950   13.449490    2.162950
25     opls_142    -1.712440   15.094310    2.527420
26     opls_280    -1.378450   17.427550    2.546570
27     opls_145    -0.920800   16.092690    2.540590
28     opls_141    -0.627690   22.071100    2.510620
29     opls_145    13.714100    0.535490    1.479470
30     opls_145    -1.088610   24.909440    1.733360
31     opls_916     0.101070   24.415150    2.162950
32     opls_142     2.647810   16.714420    2.527420
33     opls_280     0.460180   15.837050    2.546570
34     opls_145     1.387370   16.900810    2.540590
35     opls_141    -3.936640   14.165450    2.510620
36     opls_145    22.406510   11.609010    1.479470
37     opls_145    -6.164250   12.347110    1.733360
38     opls_916    -6.331020   13.624560    2.162950
39     opls_142    15.799020    6.064140    1.256880
40     opls_280    13.945370    7.520000    1.237730
41     opls_145    15.330220    7.248910    1.243710
42     opls_141    10.299320   10.491950    1.273680
43     opls_145     6.393300   12.144500    2.304830
44     opls_145     7.610780   11.511950    2.050940
45     opls_916     8.633700   12.295100    1.621350
46     opls_142    16.576090   10.650280    1.256880
47     opls_280    16.242100    8.317050    1.237730
48     opls_145    15.784450    9.651910    1.243710
49     opls_141    15.491340    3.673500    1.273680
50     opls_145     1.149550   25.209110    2.304830
51     opls_145    15.952260    0.835150    2.050940
52     opls_916    14.762580    1.329450    1.621350
53     opls_142    12.215840    9.030170    1.256880
54     opls_280    14.403470    9.907550    1.237730
55     opls_145    13.476280    8.843780    1.243710
56     opls_141    18.800290   11.579150    1.273680
57     opls_145    -7.542860   14.135590    2.304830
58     opls_145    21.027900   13.397490    2.050940
59     opls_916    21.194670   12.120040    1.621350
60     opls_474     5.444700   16.277540    2.749030
61     opls_474    -1.955460   22.321080    2.749030
62     opls_474    -3.489240   12.890580    2.749030
63     opls_474     9.418950    9.467060    1.035270
64     opls_474    16.819110    3.423520    1.035270
65     opls_474    18.352890   12.854020    1.035270
66     opls_910     0.890930   20.703800    2.470920
67     opls_144    -2.012980   19.773140    2.538240
68     opls_910     4.293220   13.170420    2.544340
69     opls_146     9.303900   14.223630    1.153230
70     opls_146     7.165470   15.302070    1.583200
71     opls_910    -3.511830   16.164260    2.470920
72     opls_144    -1.253900   14.114730    2.538240
73     opls_910     1.311120   22.877420    2.544340
74     opls_146    12.757320    0.945600    1.153230
75     opls_146    -1.971070   24.299040    1.583200
76     opls_910     2.620910   14.621130    2.470920
77     opls_144     3.266880   17.601320    2.538240
78     opls_910    -5.604340   15.441350    2.544340
79     opls_146    22.529730   10.575370    1.153230
80     opls_146    -5.194400   11.888080    1.583200
81     opls_910    13.972720    5.040790    1.313380
82     opls_144    16.876630    5.971460    1.246060
83     opls_910    10.570430   12.574180    1.239960
84     opls_146     5.559750   11.520960    2.631070
85     opls_146     7.698180   10.442520    2.201100
86     opls_910    18.375480    9.580340    1.313380
87     opls_144    16.117550   11.629860    1.246060
88     opls_910    13.552530    2.867180    1.239960
89     opls_146     2.106330   24.799000    2.631070
90     opls_146    16.834720    1.445560    2.201100
91     opls_910    12.242740   11.123470    1.313380
92     opls_144    11.596770    8.143270    1.246060
93     opls_910    20.467990   10.303250    1.239960
94     opls_146    -7.666080   15.169230    2.631070
95     opls_146    20.058050   13.856510    2.201100
