0      opls_145    -1.313680   26.955380    1.729000
1      opls_700    -1.110150   25.551230    1.729000
2      opls_142    -0.468420   29.302120    1.729000
3      opls_142     3.009930   24.094330    1.729000
4      opls_700     4.405110   23.585170    1.729000
5      opls_145     1.369540   32.560910    1.729000
6      opls_145     1.161200   33.959120    1.729000
7      opls_145    -0.157970   34.487310    1.729000
8      opls_145    -1.260340   33.601040    1.729000
9      opls_145    -1.051770   32.203230    1.729000
10     opls_142     0.554270   36.806690    1.729000
11     opls_700     0.258250   38.259230    1.729000
12     opls_145     1.332000   39.179210    1.729000
13     opls_145    23.970670    0.915620    1.729000
14     opls_145     0.207190   25.038890    1.729000
15     opls_700     1.321460   25.917230    1.729000
16     opls_142    -2.247770   24.597540    1.729000
17     opls_142     0.523140   30.213770    1.729000
18     opls_700     0.266490   31.676620    1.729000
19     opls_145    -5.988950   24.559870    1.729000
20     opls_145    -7.095660   23.680340    1.729000
21     opls_145    -6.893500   22.273800    1.729000
22     opls_145    -5.574790   21.762260    1.729000
23     opls_145    -4.468530   22.641790    1.729000
24     opls_142    -9.258270   21.730930    1.729000
25     opls_700   -10.368190   20.748300    1.729000
26     opls_145   -11.701790   21.218200    1.729000
27     opls_145    33.010520   20.301400    1.729000
28     opls_145     1.106490   27.314250    1.729000
29     opls_700    -0.211320   27.840070    1.729000
30     opls_142     2.716190   25.408870    1.729000
31     opls_142    -3.533060   25.000430    1.729000
32     opls_700    -4.671600   24.046740    1.729000
33     opls_145     4.619400   22.187750    1.729000
34     opls_145     5.934460   21.669070    1.729000
35     opls_145     7.051480   22.547410    1.729000
36     opls_145     6.835120   23.945230    1.729000
37     opls_145     5.520300   24.463510    1.729000
38     opls_142     8.703990   20.770900    1.729000
39     opls_700    10.109940   20.301000    1.729000
40     opls_145    10.369790   18.911120    1.729000
41     opls_145    11.702010   18.437250    1.729000
42     opls_145    24.208080   12.698880    1.729000
43     opls_700    24.004550   14.103040    1.729000
44     opls_142    23.362820   10.352140    1.729000
45     opls_142    19.884470   15.559940    1.729000
46     opls_700    18.489290   16.069100    1.729000
47     opls_145    21.524860    7.093350    1.729000
48     opls_145    21.733200    5.695150    1.729000
49     opls_145    23.052370    5.166950    1.729000
50     opls_145    24.154740    6.053220    1.729000
51     opls_145    23.946170    7.451040    1.729000
52     opls_142    22.340130    2.847570    1.729000
53     opls_700    22.636150    1.395040    1.729000
54     opls_145    21.562400    0.475060    1.729000
55     opls_145    -1.076270   38.738650    1.729000
56     opls_145    22.687210   14.615370    1.729000
57     opls_700    21.572940   13.737030    1.729000
58     opls_142    25.142170   15.056720    1.729000
59     opls_142    22.371260    9.440490    1.729000
60     opls_700    22.627910    7.977640    1.729000
61     opls_145    28.883350   15.094400    1.729000
62     opls_145    29.990060   15.973930    1.729000
63     opls_145    29.787900   17.380460    1.729000
64     opls_145    28.469190   17.892000    1.729000
65     opls_145    27.362930   17.012470    1.729000
66     opls_142    32.152670   17.923330    1.729000
67     opls_700    33.262590   18.905960    1.729000
68     opls_145    34.596190   18.436060    1.729000
69     opls_145   -10.116120   19.352870    1.729000
70     opls_145    21.787910   12.340010    1.729000
71     opls_700    23.105720   11.814190    1.729000
72     opls_142    20.178210   14.245400    1.729000
73     opls_142    26.427460   14.653840    1.729000
74     opls_700    27.566000   15.607520    1.729000
75     opls_145    18.275000   17.466510    1.729000
76     opls_145    16.959940   17.985190    1.729000
77     opls_145    15.842920   17.106850    1.729000
78     opls_145    16.059280   15.709040    1.729000
79     opls_145    17.374100   15.190760    1.729000
80     opls_142    14.190410   18.883360    1.729000
81     opls_700    12.784460   19.353260    1.729000
82     opls_145    12.524610   20.743150    1.729000
83     opls_145    11.192390   21.217010    1.729000
84     opls_750    -0.405460   35.913680    1.729000
85     opls_750    -8.005030   21.346290    1.729000
86     opls_750     8.410490   22.048560    1.729000
87     opls_750    23.299860    3.740590    1.729000
88     opls_750    30.899430   18.307980    1.729000
89     opls_750    14.483910   17.605700    1.729000
90     opls_146    -2.384680   27.382860    1.729000
91     opls_144    -1.551780   29.697080    1.729000
92     opls_144     2.161230   23.313530    1.729000
93     opls_146     2.443980   32.142560    1.729000
94     opls_146     2.064390   34.676460    1.729000
95     opls_146    -2.335460   34.018200    1.729000
96     opls_146    -1.954270   31.485490    1.729000
97     opls_144     1.656870   36.468040    1.729000
98     opls_146     2.419480   38.796150    1.729000
99     opls_146    24.848670    1.663100    1.729000
100    opls_146     0.372490   23.897640    1.729000
101    opls_144    -2.048130   23.461840    1.729000
102    opls_144     1.623670   29.869180    1.729000
103    opls_146    -6.163860   25.699530    1.729000
104    opls_146    -8.168490   24.103840    1.729000
105    opls_146    -5.398500   20.622600    1.729000
106    opls_146    -3.395700   22.219080    1.729000
107    opls_144    -9.516290   22.855130    1.729000
108    opls_146   -11.913790   22.351520    1.729000
109    opls_146    31.924180   20.688030    1.729000
110    opls_146     2.012190   28.028030    1.729000
111    opls_144     3.599920   26.149610    1.729000
112    opls_144    -3.784900   26.125820    1.729000
113    opls_146     3.719880   21.466440    1.729000
114    opls_146     6.104100   20.528220    1.729000
115    opls_146     7.733960   24.667730    1.729000
116    opls_146     5.349960   25.603970    1.729000
117    opls_144     7.859420   19.985350    1.729000
118    opls_146     9.494310   18.160860    1.729000
119    opls_146    11.910350   17.303140    1.729000
120    opls_146    25.279080   12.271410    1.729000
121    opls_144    24.446180    9.957190    1.729000
122    opls_144    20.733170   16.340730    1.729000
123    opls_146    20.450420    7.511710    1.729000
124    opls_146    20.830010    4.977800    1.729000
125    opls_146    25.229860    5.636060    1.729000
126    opls_146    24.848670    8.168780    1.729000
127    opls_144    21.237530    3.186220    1.729000
128    opls_146    20.474920    0.858120    1.729000
129    opls_146    -1.954270   37.991160    1.729000
130    opls_146    22.521910   15.756620    1.729000
131    opls_144    24.942530   16.192420    1.729000
132    opls_144    21.270730    9.785090    1.729000
133    opls_146    29.058260   13.954730    1.729000
134    opls_146    31.062890   15.550420    1.729000
135    opls_146    28.292900   19.031670    1.729000
136    opls_146    26.290100   17.435190    1.729000
137    opls_144    32.410690   16.799130    1.729000
138    opls_146    34.808190   17.302740    1.729000
139    opls_146    -9.029780   18.966240    1.729000
140    opls_146    20.882210   11.626230    1.729000
141    opls_144    19.294480   13.504660    1.729000
142    opls_144    26.679300   13.528450    1.729000
143    opls_146    19.174520   18.187820    1.729000
144    opls_146    16.790300   19.126040    1.729000
145    opls_146    15.160440   14.986540    1.729000
146    opls_146    17.544440   14.050300    1.729000
147    opls_144    15.034980   19.668910    1.729000
148    opls_146    13.400090   21.493400    1.729000
149    opls_146    10.984050   22.351130    1.729000
