0      opls_166     9.219700   10.820500    3.599040
1      opls_166    14.109330    2.574250    3.599040
2      opls_166    18.805970   10.931910    3.599040
3      opls_166     4.760970   13.394740    0.350960
4      opls_166    -4.825300   13.506160    0.350960
5      opls_166     0.064330   21.752410    0.350960
6      opls_700    10.317600   11.516480    2.981580
7      opls_700    12.957640    3.177060    2.981580
8      opls_700    18.859770    9.633110    2.981580
9      opls_700     4.814770   14.693540    0.968420
10     opls_700    -3.727400   12.810170    0.968420
11     opls_700    -1.087360   21.149590    0.968420
12     opls_145    11.472660   10.811010    2.725580
13     opls_145    12.991060    4.530110    2.725580
14     opls_145    17.671280    8.985540    2.725580
15     opls_145     3.626280   15.341120    1.224420
16     opls_145    -2.572340   13.515650    1.224420
17     opls_145    -1.053940   19.796540    1.224420
18     opls_700    11.573780    9.463310    3.020090
19     opls_700    14.107640    5.291530    3.020090
20     opls_700    16.453580    9.571810    3.020090
21     opls_700     2.408580   14.754850    0.929910
22     opls_700    -2.471220   14.863340    0.929910
23     opls_700     0.062640   19.035120    0.929910
24     opls_145    10.524620    8.800170    3.639530
25     opls_145    15.206520    4.714510    3.639530
26     opls_145    16.403860   10.811980    3.639530
27     opls_145     2.358860   13.514670    0.310470
28     opls_145    -3.520380   15.526490    0.310470
29     opls_145     1.161520   19.612150    0.310470
30     opls_700     9.328410    9.442150    3.944150
31     opls_700    15.248660    3.357560    3.944150
32     opls_700    17.557940   11.526940    3.944150
33     opls_700     3.512940   12.799710    0.005850
34     opls_700    -4.716590   14.884510    0.005850
35     opls_700     1.203660   20.969090    0.005850
36     opls_516     8.174190    8.525520    0.770570
37     opls_516    16.619590    2.816300    0.770570
38     opls_516    17.341220   12.984840    0.770570
39     opls_516     3.296220   11.341820    3.179430
40     opls_516    -5.870810   15.801130    3.179430
41     opls_516     2.574590   21.510360    3.179430
42     opls_135     7.368150    9.521700    1.584270
43     opls_135    16.159900    1.620160    1.584270
44     opls_135    18.606960   13.184800    1.584270
45     opls_135     4.561960   11.141850    2.365730
46     opls_135    -6.676850   14.804960    2.365730
47     opls_135     2.114900   22.706500    2.365730
48     opls_135     8.922090    7.395550    1.548240
49     opls_135    17.224230    4.028980    1.548240
50     opls_135    15.988830   12.901880    1.548240
51     opls_135     1.943690   11.424530    2.401760
52     opls_135    -5.122910   16.931110    2.401760
53     opls_135     3.178950   20.297670    2.401760
54     opls_135     6.925170    7.612540    0.296450
55     opls_135    18.034480    2.191100    0.296450
56     opls_135    17.175070   14.523010    0.296450
57     opls_135     3.130350    9.803640    3.653550
58     opls_135    -7.119690   16.713870    3.653550
59     opls_135     3.989760   22.135550    3.653550
60     opls_700    12.825190    8.773890    2.801620
61     opls_700    14.078990    6.719990    2.801620
62     opls_700    15.230820    8.832760    2.801620
63     opls_700     1.185820   15.493890    1.148380
64     opls_700    -1.219810   15.552760    1.148380
65     opls_700     0.033990   17.606660    1.148380
66     opls_145    12.860730    7.386060    2.805610
67     opls_145    15.263120    7.444690    2.805610
68     opls_145    14.011150    9.495910    2.805610
69     opls_145    -0.033850   14.830740    1.144390
70     opls_145    -1.184270   16.940600    1.144390
71     opls_145     1.218120   16.881970    1.144390
72     opls_142    10.457060   12.954430    2.612100
73     opls_142    11.642600    2.578870    2.612100
74     opls_142    20.035330    8.793360    2.612100
75     opls_142     5.990330   15.533300    1.337900
76     opls_142    -3.587940   11.372220    1.337900
77     opls_142    -2.402400   21.747790    1.337900
78     opls_137     8.285850   15.822790    2.215320
79     opls_137    -3.800860   23.591020    2.215320
80     opls_137    -4.484990    9.239510    2.215320
81     opls_137     9.560010   15.087150    1.734680
82     opls_137    22.330850    8.503870    1.734680
83     opls_137    10.244140    0.735640    1.734680
84     opls_136    -3.240040    8.517980    1.694940
85     opls_136     8.288240   17.261710    1.694940
86     opls_136    -5.048190   22.873620    1.694940
87     opls_136     8.996810    1.453030    2.255060
88     opls_136    10.804960   15.808680    2.255060
89     opls_136    22.333240    7.064950    2.255060
90     opls_136    -3.239760    7.074920    2.198290
91     opls_136     9.537820   17.983480    2.198290
92     opls_136    -6.298060   23.594910    2.198290
93     opls_136     7.746940    0.731750    1.751710
94     opls_136    10.805240   17.251730    1.751710
95     opls_136    23.582820    6.343170    1.751710
96     opls_167     8.015900   11.432310    3.855480
97     opls_167    14.181380    1.225820    3.855480
98     opls_167    19.937720   11.668520    3.855480
99     opls_167     5.892720   12.658130    0.094520
100    opls_167    -6.029100   12.894340    0.094520
101    opls_167     0.136380   23.100830    0.094520
102    opls_900     7.083460   15.067440    1.845360
103    opls_900    -2.545520   22.927380    1.845360
104    opls_900    -4.537940   10.658480    1.845360
105    opls_900     9.507060   13.668170    2.104640
106    opls_900    21.128460    9.259210    2.104640
107    opls_900    11.499480    1.399270    2.104640
108    opls_146    12.371260   11.337440    2.261490
109    opls_146    12.085860    5.045100    2.261490
110    opls_146    17.677880    7.944110    2.261490
111    opls_146     3.632880   16.382540    1.688510
112    opls_146    -1.673740   12.989220    1.688510
113    opls_146    -1.959140   19.281550    1.688510
114    opls_146    10.629260    7.698410    3.913420
115    opls_146    16.108350    5.356000    3.913420
116    opls_146    15.397390   11.272240    3.913420
117    opls_146     1.352390   13.054410    0.036580
118    opls_146    -3.415740   16.628240    0.036580
119    opls_146     2.063350   18.970650    0.036580
120    opls_140     6.984300    9.169690    2.486290
121    opls_140    16.656670    1.463730    2.486290
122    opls_140    18.494030   13.693230    2.486290
123    opls_140     4.449030   10.633420    1.463710
124    opls_140    -7.060700   15.156960    1.463710
125    opls_140     2.611670   22.862920    1.463710
126    opls_140     6.516180    9.914810    0.998520
127    opls_140    16.245430    0.685770    0.998520
128    opls_140    19.373390   13.726070    0.998520
129    opls_140     5.328390   10.600580    2.951480
130    opls_140    -7.528820   14.411840    2.951480
131    opls_140     2.200430   23.640890    2.951480
132    opls_140     7.907900   10.399160    1.809060
133    opls_140    15.130120    1.648860    1.809060
134    opls_140    19.096990   12.278640    1.809060
135    opls_140     5.051990   12.048020    2.140940
136    opls_140    -6.137100   13.927500    2.140940
137    opls_140     1.085120   22.677790    2.140940
138    opls_140     8.472370    7.077840    2.448570
139    opls_140    17.724230    3.798360    2.448570
140    opls_140    15.938410   13.450450    2.448570
141    opls_140     1.893410   10.876200    1.501430
142    opls_140    -5.572630   17.248810    1.501430
143    opls_140     3.679230   20.528290    1.501430
144    opls_140     9.940910    7.595020    1.806770
145    opls_140    16.542060    4.811570    1.806770
146    opls_140    15.652030   11.920060    1.806770
147    opls_140     1.607030   12.406590    2.143230
148    opls_140    -4.104090   16.731630    2.143230
149    opls_140     2.497060   19.515080    2.143230
150    opls_140     9.027000    6.472350    0.933620
151    opls_140    17.971280    4.581440    0.933620
152    opls_140    15.136720   13.272870    0.933620
153    opls_140     1.091720   11.053790    3.016380
154    opls_140    -5.018000   17.854300    3.016380
155    opls_140     3.926280   19.745210    3.016380
156    opls_140     6.428540    7.221850    1.217430
157    opls_140    18.621420    1.956350    1.217430
158    opls_140    17.085040   15.148450    1.217430
159    opls_140     3.039900    9.178450    2.732570
160    opls_140    -7.616460   17.104800    2.732570
161    opls_140     4.576420   22.370300    2.732570
162    opls_140     7.100730    6.634610   -0.183200
163    opls_140    18.793750    2.832350   -0.183200
164    opls_140    16.240370   14.859940   -0.183200
165    opls_140     2.195370    9.466720    4.133200
166    opls_140    -6.943990   17.692050    4.133200
167    opls_140     4.749040   21.494300    4.133200
168    opls_140     6.028680    8.086180   -0.145200
169    opls_140    18.072830    1.177900   -0.145200
170    opls_140    18.033500   15.062580   -0.145200
171    opls_140     3.988500    9.264080    4.095200
172    opls_140    -8.016320   16.240470    4.095200
173    opls_140     4.027830   23.148760    4.095200
174    opls_146    11.888250    6.791030    2.812240
175    opls_146    16.264670    6.900010    2.812240
176    opls_146    13.982080   10.635610    2.812240
177    opls_146    -0.062920   13.691040    1.137760
178    opls_146    -2.156750   17.535620    1.137760
179    opls_146     2.219670   17.426640    1.137760
180    opls_144    11.450190   13.490830    2.773530
181    opls_144    10.681500    3.170740    2.773530
182    opls_144    20.003310    7.665090    2.773530
183    opls_144     5.958310   16.661570    1.176470
184    opls_144    -2.594810   10.835820    1.176470
185    opls_144    -3.363500   21.155920    1.176470
186    opls_140     8.325030   15.869250    3.353310
187    opls_140    -3.860690   23.601720    3.353310
188    opls_140    -4.464340    9.182340    3.353310
189    opls_140     9.580660   15.144310    0.596690
190    opls_140    22.370030    8.457400    0.596690
191    opls_140    10.184310    0.724930    0.596690
192    opls_140    -3.246920    8.522600    0.555330
193    opls_140     8.287670   17.253440    0.555330
194    opls_140    -5.040750   22.877270    0.555330
195    opls_140     9.004250    1.449380    3.394670
196    opls_140    10.798080   15.804050    3.394670
197    opls_140    22.332670    7.073220    3.394670
198    opls_140    -2.305630    9.051950    2.071380
199    opls_140     7.358600   17.803950    2.071380
200    opls_140    -5.052970   21.797410    2.071380
201    opls_140     8.992030    2.529240    1.878620
202    opls_140    11.739370   15.274710    1.878620
203    opls_140    21.403600    6.522710    1.878620
204    opls_140    -3.187230    7.074430    3.336720
205    opls_140     9.511980   18.029210    3.336720
206    opls_140    -6.324740   23.549660    3.336720
207    opls_140     7.720260    0.776990    0.613280
208    opls_140    10.857770   17.252220    0.613280
209    opls_140    23.556980    6.297440    0.613280
210    opls_140    -2.331890    6.526600    1.779950
211    opls_140     9.558750   19.043880    1.779950
212    opls_140    -7.226850   23.082830    1.779950
213    opls_140     6.818150    1.243820    2.170050
214    opls_140    11.713110   17.800060    2.170050
215    opls_140    23.603750    5.282780    2.170050
216    Zn2+         7.323340   12.684400    1.975000
217    Zn2+        13.443310    0.000000    1.975000
218    Zn2+        21.368340   11.642250    1.975000
