0      opls_523     6.169470    0.771640    1.630320
1      opls_145     1.197620   12.163980    1.632400
2      opls_523    10.991510    4.957100    1.630320
3      opls_145    -3.760880    7.724290    1.632400
4      opls_523     4.955770    7.040380    1.630320
5      opls_145     2.563260    5.649950    1.632400
6      opls_523    -2.416480    5.728730    4.895450
7      opls_145     9.935510    7.119160    4.893300
8      opls_523    -1.202780   11.997470    4.895450
9      opls_145     8.569870    0.605130    4.893300
10     opls_523     3.619260    7.812010    4.895450
11     opls_145     3.611370    5.044820    4.893300
12     opls_523     1.202780   11.997470    4.895450
13     opls_145     6.174630    0.605130    4.893300
14     opls_523    -3.619260    7.812010    4.895450
15     opls_145    11.133130    5.044820    4.893300
16     opls_523     2.416480    5.728730    4.895450
17     opls_145     4.808990    7.119160    4.893300
18     opls_523     9.788730    7.040380    1.630320
19     opls_145    -2.563260    5.649950    1.632400
20     opls_523     8.575030    0.771640    1.630320
21     opls_145    -1.197620   12.163980    1.632400
22     opls_523     3.752990    4.957100    1.630320
23     opls_145     3.760880    7.724290    1.632400
24     opls_700     7.372250    1.473300    1.629400
25     opls_700     9.782460    5.647910    1.629400
26     opls_700     4.962040    5.647910    1.629400
27     opls_700    -2.410210    7.121210    4.896300
28     opls_700     0.000000   11.295810    4.896300
29     opls_700     2.410210    7.121210    4.896300
30     opls_531     8.510160    4.913430    1.627840
31     opls_531     6.234340    4.913430    1.627840
32     opls_531     7.372320    2.942390    1.627840
33     opls_531     0.000070    9.826730    4.897860
34     opls_531     1.137980    7.855810    4.897860
35     opls_531    -1.137980    7.855810    4.897860
36     opls_145     0.000000   11.449040    1.633640
37     opls_145    -2.542760    7.044590    1.633640
38     opls_145     2.542910    7.044590    1.633640
39     opls_145     9.915160    5.724520    4.892060
40     opls_145     7.372250    1.320070    4.892060
41     opls_145     4.829340    5.724520    4.892060
42     opls_146     2.135740   11.623980    1.632990
43     opls_526     5.242190    1.324800    1.629140
44     opls_146    -3.762280    8.806730    1.632990
45     opls_526    10.976100    3.877470    1.629140
46     opls_146     1.626540    5.107520    1.632990
47     opls_526     5.898460    7.566850    1.629140
48     opls_146     8.998790    7.661590    4.892710
49     opls_526    -1.473640    5.202260    4.896560
50     opls_146     9.507990    1.145130    4.892710
51     opls_526    -2.130060   11.444320    4.896560
52     opls_146     3.609970    3.962380    4.892710
53     opls_526     3.603850    8.891640    4.896560
54     opls_146     5.236510    1.145130    4.892710
55     opls_526     2.130060   11.444320    4.896560
56     opls_146    11.134530    3.962380    4.892710
57     opls_526    -3.603700    8.891640    4.896560
58     opls_146     5.745710    7.661590    4.892710
59     opls_526     1.473790    5.202260    4.896560
60     opls_146    -1.626540    5.107520    1.632990
61     opls_526     8.846040    7.566850    1.629140
62     opls_146    -2.135740   11.623980    1.632990
63     opls_526     9.502310    1.324800    1.629140
64     opls_146     3.762280    8.806730    1.632990
65     opls_526     3.768400    3.877470    1.629140
66     opls_180     1.185530    9.197210    1.635340
67     opls_180    -1.185530    9.197210    1.635340
68     opls_180     0.000000    7.143810    1.635340
69     opls_180     7.372250    5.625300    4.890360
70     opls_180     8.557780    3.571900    4.890360
71     opls_180     6.186720    3.571900    4.890360
72     opls_520     7.372250    5.618920    1.627710
73     opls_520     6.192250    3.575100    1.627710
74     opls_520     8.552250    3.575100    1.627710
75     opls_520     1.180000    9.194020    4.898060
76     opls_520     0.000000    7.150190    4.898060
77     opls_520    -1.180000    9.194020    4.898060
78     MOF2_B_2    -0.000070    9.907940    1.635080
79     MOF2_B_2    -1.208160    7.815210    1.635080
80     MOF2_B_2     1.208160    7.815210    1.635080
81     MOF2_B_2     8.580410    4.953900    4.890690
82     MOF2_B_2     7.372320    2.861170    4.890690
83     MOF2_B_2     6.164090    4.953900    4.890690
