0      opls_594    19.049380   40.550980    2.447090
1      opls_595    17.419870   39.225520    1.786330
2      opls_593    15.800470   40.855920    1.116310
3      opls_592    14.900320   39.816440    0.833070
4      opls_700    15.260300   38.467390    1.052350
5      opls_590    16.560160   38.163720    1.501300
6      opls_700    14.237030   37.404330    0.950320
7      opls_145    12.991700   37.586280    1.571340
8      opls_145    12.038830   36.569130    1.558040
9      opls_700    12.303860   35.354020    0.911480
10     opls_145    13.540880   35.173750    0.268020
11     opls_145    14.507110   36.189220    0.297890
12     opls_142    11.283830   34.290110    0.960440
13     opls_145    10.425200   32.135770    0.214340
14     opls_145     9.139430   32.249480    0.778210
15     opls_145     8.272140   31.156100    0.782570
16     opls_145     8.650180   29.938880    0.213600
17     opls_145     9.916820   29.829790    3.688600
18     opls_145    10.792050   30.926970    3.688810
19     opls_142     7.834160   27.644280    3.922970
20     opls_700    29.345320   15.459060    0.098810
21     opls_145    30.504720   15.087160    0.800520
22     opls_145    31.511390   16.018820    1.051780
23     opls_700    31.380680   17.345120    0.613030
24     opls_145    30.217670   17.724600    4.000970
25     opls_145    29.210640   16.785790    3.738450
26     opls_700    32.457390   18.321420    0.899280
27     opls_592    33.810690   17.948250    0.728800
28     opls_593    34.849130   18.820940    1.088040
29     opls_594    34.541140   20.070590    1.617520
30     opls_595    33.215280   20.433220    1.766630
31     opls_590    32.153730   19.598440    1.412490
32     opls_594    17.057720    1.567220    2.447090
33     opls_595    18.687230    2.892680    1.786330
34     opls_593    20.306630    1.262280    1.116310
35     opls_592    21.206780    2.301760    0.833070
36     opls_700    20.846800    3.650810    1.052350
37     opls_590    19.546940    3.954480    1.501300
38     opls_700    21.870070    4.713870    0.950320
39     opls_145    23.115400    4.531920    1.571340
40     opls_145    24.068270    5.549070    1.558040
41     opls_700    23.803240    6.764180    0.911480
42     opls_145    22.566220    6.944450    0.268020
43     opls_145    21.599990    5.928980    0.297890
44     opls_142    24.823270    7.828090    0.960440
45     opls_145    25.681900    9.982430    0.214340
46     opls_145    26.967670    9.868720    0.778210
47     opls_145    27.834960   10.962100    0.782570
48     opls_145    27.456920   12.179320    0.213600
49     opls_145    26.190280   12.288410    3.688600
50     opls_145    25.315050   11.191230    3.688810
51     opls_142    28.272940   14.473920    3.922970
52     opls_700     6.761780   26.659140    0.098810
53     opls_145     5.602380   27.031040    0.800520
54     opls_145     4.595710   26.099380    1.051780
55     opls_700     4.726420   24.773080    0.613030
56     opls_145     5.889430   24.393600    4.000970
57     opls_145     6.896460   25.332410    3.738450
58     opls_700     3.649710   23.796780    0.899280
59     opls_592     2.296410   24.169950    0.728800
60     opls_593     1.257970   23.297260    1.088040
61     opls_594     1.565960   22.047610    1.617520
62     opls_595     2.891820   21.684980    1.766630
63     opls_590     3.953370   22.519760    1.412490
64     opls_594    17.057720   40.550980    1.632410
65     opls_595    18.687230   39.225520    2.293170
66     opls_593    20.306630   40.855920    2.963190
67     opls_592    21.206780   39.816440    3.246430
68     opls_700    20.846800   38.467390    3.027150
69     opls_590    19.546940   38.163720    2.578200
70     opls_700    21.870070   37.404330    3.129180
71     opls_145    23.115400   37.586280    2.508160
72     opls_145    24.068270   36.569130    2.521460
73     opls_700    23.803240   35.354020    3.168020
74     opls_145    22.566220   35.173750    3.811480
75     opls_145    21.599990   36.189220    3.781610
76     opls_142    24.823270   34.290110    3.119060
77     opls_145    25.681900   32.135770    3.865160
78     opls_145    26.967670   32.249480    3.301290
79     opls_145    27.834960   31.156100    3.296930
80     opls_145    27.456920   29.938880    3.865900
81     opls_145    26.190280   29.829790    0.390900
82     opls_145    25.315050   30.926970    0.390690
83     opls_142    28.272940   27.644280    0.156530
84     opls_700     6.761780   15.459060    3.980690
85     opls_145     5.602380   15.087160    3.278980
86     opls_145     4.595710   16.018820    3.027720
87     opls_700     4.726420   17.345120    3.466470
88     opls_145     5.889430   17.724600    0.078530
89     opls_145     6.896460   16.785790    0.341050
90     opls_700     3.649710   18.321420    3.180220
91     opls_592     2.296410   17.948250    3.350700
92     opls_593     1.257970   18.820940    2.991460
93     opls_594     1.565960   20.070590    2.461980
94     opls_595     2.891820   20.433220    2.312870
95     opls_590     3.953370   19.598440    2.667010
96     opls_594    19.049380    1.567220    1.632410
97     opls_595    17.419870    2.892680    2.293170
98     opls_593    15.800470    1.262280    2.963190
99     opls_592    14.900320    2.301760    3.246430
100    opls_700    15.260300    3.650810    3.027150
101    opls_590    16.560160    3.954480    2.578200
102    opls_700    14.237030    4.713870    3.129180
103    opls_145    12.991700    4.531920    2.508160
104    opls_145    12.038830    5.549070    2.521460
105    opls_700    12.303860    6.764180    3.168020
106    opls_145    13.540880    6.944450    3.811480
107    opls_145    14.507110    5.928980    3.781610
108    opls_142    11.283830    7.828090    3.119060
109    opls_145    10.425200    9.982430    3.865160
110    opls_145     9.139430    9.868720    3.301290
111    opls_145     8.272140   10.962100    3.296930
112    opls_145     8.650180   12.179320    3.865900
113    opls_145     9.916820   12.288410    0.390900
114    opls_145    10.792050   11.191230    0.390690
115    opls_142     7.834160   14.473920    0.156530
116    opls_700    29.345320   26.659140    3.980690
117    opls_145    30.504720   27.031040    3.278980
118    opls_145    31.511390   26.099380    3.027720
119    opls_700    31.380680   24.773080    3.466470
120    opls_145    30.217670   24.393600    0.078530
121    opls_145    29.210640   25.332410    0.341050
122    opls_700    32.457390   23.796780    3.180220
123    opls_592    33.810690   24.169950    3.350700
124    opls_593    34.849130   23.297260    2.991460
125    opls_594    34.541140   22.047610    2.461980
126    opls_595    33.215280   21.684980    2.312870
127    opls_590    32.153730   22.519760    2.667010
128    opls_750    11.377710   33.215680    0.231880
129    opls_750     7.719700   28.851390    0.311310
130    opls_750    24.729390    8.902520    0.231880
131    opls_750    28.387400   13.266810    0.311310
132    opls_750    24.729390   33.215680    3.847620
133    opls_750    28.387400   28.851390    3.768190
134    opls_750    11.377710    8.902520    3.847620
135    opls_750     7.719700   13.266810    3.768190
136    opls_542    18.053550   41.400080    2.039750
137    opls_542    18.053550    0.718120    2.039750
138    opls_542    35.389290   21.059100    2.039750
139    opls_542     0.717810   21.059100    2.039750
140    opls_602    15.482360   41.865070    0.997110
141    opls_601    13.908450   40.064100    0.475020
142    opls_599    16.860930   37.142360    1.694540
143    opls_146    12.773970   38.501510    2.107710
144    opls_146    11.097520   36.724960    2.071200
145    opls_146    13.759330   34.244620   -0.243460
146    opls_146    15.458530   36.034230   -0.194920
147    opls_144    10.461670   34.429100    1.647260
148    opls_146     8.787750   33.170190    1.216180
149    opls_146     7.297610   31.247070    1.245100
150    opls_146    10.241060   28.910350    3.225460
151    opls_146    11.767660   30.836840    3.228970
152    opls_144     8.705420   27.338080    3.361710
153    opls_146    30.626400   14.075480    1.166860
154    opls_146    32.381930   15.705880    1.616910
155    opls_146    30.099240   18.738390    3.647600
156    opls_146    28.328910   17.093670    3.190620
157    opls_601    34.062350   16.974900    0.326200
158    opls_602    35.859040   18.494520    0.999480
159    opls_599    31.130100   19.910960    1.568770
160    opls_602    20.624740    0.253130    0.997110
161    opls_601    22.198650    2.054100    0.475020
162    opls_599    19.246170    4.975840    1.694540
163    opls_146    23.333130    3.616690    2.107710
164    opls_146    25.009580    5.393240    2.071200
165    opls_146    22.347770    7.873580   -0.243460
166    opls_146    20.648570    6.083970   -0.194920
167    opls_144    25.645430    7.689100    1.647260
168    opls_146    27.319350    8.948010    1.216180
169    opls_146    28.809490   10.871130    1.245100
170    opls_146    25.866040   13.207850    3.225460
171    opls_146    24.339440   11.281360    3.228970
172    opls_144    27.401680   14.780120    3.361710
173    opls_146     5.480700   28.042720    1.166860
174    opls_146     3.725170   26.412320    1.616910
175    opls_146     6.007860   23.379810    3.647600
176    opls_146     7.778190   25.024530    3.190620
177    opls_601     2.044750   25.143300    0.326200
178    opls_602     0.248060   23.623680    0.999480
179    opls_599     4.977000   22.207240    1.568770
180    opls_602    20.624740   41.865070    3.082390
181    opls_601    22.198650   40.064100    3.604480
182    opls_599    19.246170   37.142360    2.384960
183    opls_146    23.333130   38.501510    1.971790
184    opls_146    25.009580   36.724960    2.008300
185    opls_146    22.347770   34.244620    4.322960
186    opls_146    20.648570   36.034230    4.274420
187    opls_144    25.645430   34.429100    2.432240
188    opls_146    27.319350   33.170190    2.863320
189    opls_146    28.809490   31.247070    2.834400
190    opls_146    25.866040   28.910350    0.854040
191    opls_146    24.339440   30.836840    0.850530
192    opls_144    27.401680   27.338080    0.717790
193    opls_146     5.480700   14.075480    2.912640
194    opls_146     3.725170   15.705880    2.462590
195    opls_146     6.007860   18.738390    0.431900
196    opls_146     7.778190   17.093670    0.888880
197    opls_601     2.044750   16.974900    3.753300
198    opls_602     0.248060   18.494520    3.080020
199    opls_599     4.977000   19.910960    2.510730
200    opls_602    15.482360    0.253130    3.082390
201    opls_601    13.908450    2.054100    3.604480
202    opls_599    16.860930    4.975840    2.384960
203    opls_146    12.773970    3.616690    1.971790
204    opls_146    11.097520    5.393240    2.008300
205    opls_146    13.759330    7.873580    4.322960
206    opls_146    15.458530    6.083970    4.274420
207    opls_144    10.461670    7.689100    2.432240
208    opls_146     8.787750    8.948010    2.863320
209    opls_146     7.297610   10.871130    2.834400
210    opls_146    10.241060   13.207850    0.854040
211    opls_146    11.767660   11.281360    0.850530
212    opls_144     8.705420   14.780120    0.717790
213    opls_146    30.626400   28.042720    2.912640
214    opls_146    32.381930   26.412320    2.462590
215    opls_146    30.099240   23.379810    0.431900
216    opls_146    28.328910   25.024530    0.888880
217    opls_601    34.062350   25.143300    3.753300
218    opls_602    35.859040   23.623680    3.080020
219    opls_599    31.130100   22.207240    2.510730
