0      opls_700     1.169160   28.808560    2.390490
1      opls_700     1.116060   30.225920    2.507390
2      opls_145     2.152310   30.962620    3.116080
3      opls_700     9.884210   22.713610    1.975570
4      opls_145    10.129020   23.949570    1.334650
5      opls_145     8.650200   22.521120    2.635750
6      opls_142    10.834580   21.689130    1.992190
7      opls_700    15.462040   19.435020    1.434810
8      opls_145    15.423910   20.663070    0.730270
9      opls_145    14.251190   21.441870    0.710140
10     opls_145    13.089150   21.000550    1.372110
11     opls_145    13.100910   19.748440    2.018030
12     opls_145    14.274700   18.993700    2.062520
13     opls_700    18.986260   12.979160    2.390490
14     opls_700    18.933160   14.396520    2.507390
15     opls_145    19.969410   15.133220    3.116080
16     opls_700    27.701310    6.884210    1.975570
17     opls_145    27.946120    8.120170    1.334650
18     opls_145    26.467300    6.691720    2.635750
19     opls_142    28.651680    5.859730    1.992190
20     opls_700    33.279140    3.605620    1.434810
21     opls_145    33.241010    4.833670    0.730270
22     opls_145    32.068290    5.612470    0.710140
23     opls_145    30.906250    5.171150    1.372110
24     opls_145    30.918010    3.919040    2.018030
25     opls_145    32.091800    3.164300    2.062520
26     opls_700    34.465040   28.808560    1.603310
27     opls_700    34.518140   30.225920    1.486410
28     opls_145    33.481890   30.962620    0.877720
29     opls_700    25.749990   22.713610    2.018230
30     opls_145    25.505180   23.949570    2.659150
31     opls_145    26.984000   22.521120    1.358050
32     opls_142    24.799620   21.689130    2.001610
33     opls_700    20.172160   19.435020    2.558990
34     opls_145    20.210290   20.663070    3.263530
35     opls_145    21.383010   21.441870    3.283660
36     opls_145    22.545050   21.000550    2.621690
37     opls_145    22.533290   19.748440    1.975770
38     opls_145    21.359500   18.993700    1.931280
39     opls_700    16.647940   12.979160    1.603310
40     opls_700    16.701040   14.396520    1.486410
41     opls_145    15.664790   15.133220    0.877720
42     opls_700     7.932890    6.884210    2.018230
43     opls_145     7.688080    8.120170    2.659150
44     opls_145     9.166900    6.691720    1.358050
45     opls_142     6.982520    5.859730    2.001610
46     opls_700     2.355060    3.605620    2.558990
47     opls_145     2.393190    4.833670    3.263530
48     opls_145     3.565910    5.612470    3.283660
49     opls_145     4.727950    5.171150    2.621690
50     opls_145     4.716190    3.919040    1.975770
51     opls_145     3.542400    3.164300    1.931280
52     opls_700    34.465040    2.850240    1.603310
53     opls_700    34.518140    1.432880    1.486410
54     opls_145    33.481890    0.696180    0.877720
55     opls_700    25.749990    8.945190    2.018230
56     opls_145    25.505180    7.709230    2.659150
57     opls_145    26.984000    9.137680    1.358050
58     opls_142    24.799620    9.969670    2.001610
59     opls_700    20.172160   12.223780    2.558990
60     opls_145    20.210290   10.995730    3.263530
61     opls_145    21.383010   10.216930    3.283660
62     opls_145    22.545050   10.658250    2.621690
63     opls_145    22.533290   11.910360    1.975770
64     opls_145    21.359500   12.665100    1.931280
65     opls_700    16.647940   18.679640    1.603310
66     opls_700    16.701040   17.262280    1.486410
67     opls_145    15.664790   16.525580    0.877720
68     opls_700     7.932890   24.774590    2.018230
69     opls_145     7.688080   23.538630    2.659150
70     opls_145     9.166900   24.967080    1.358050
71     opls_142     6.982520   25.799070    2.001610
72     opls_700     2.355060   28.053180    2.558990
73     opls_145     2.393190   26.825130    3.263530
74     opls_145     3.565910   26.046330    3.283660
75     opls_145     4.727950   26.487650    2.621690
76     opls_145     4.716190   27.739760    1.975770
77     opls_145     3.542400   28.494500    1.931280
78     opls_700     1.169160    2.850240    2.390490
79     opls_700     1.116060    1.432880    2.507390
80     opls_145     2.152310    0.696180    3.116080
81     opls_700     9.884210    8.945190    1.975570
82     opls_145    10.129020    7.709230    1.334650
83     opls_145     8.650200    9.137680    2.635750
84     opls_142    10.834580    9.969670    1.992190
85     opls_700    15.462040   12.223780    1.434810
86     opls_145    15.423910   10.995730    0.730270
87     opls_145    14.251190   10.216930    0.710140
88     opls_145    13.089150   10.658250    1.372110
89     opls_145    13.100910   11.910360    2.018030
90     opls_145    14.274700   12.665100    2.062520
91     opls_700    18.986260   18.679640    2.390490
92     opls_700    18.933160   17.262280    2.507390
93     opls_145    19.969410   16.525580    3.116080
94     opls_700    27.701310   24.774590    1.975570
95     opls_145    27.946120   23.538630    1.334650
96     opls_145    26.467300   24.967080    2.635750
97     opls_142    28.651680   25.799070    1.992190
98     opls_700    33.279140   28.053180    1.434810
99     opls_145    33.241010   26.825130    0.730270
100    opls_145    32.068290   26.046330    0.710140
101    opls_145    30.906250   26.487650    1.372110
102    opls_145    30.918010   27.739760    2.018030
103    opls_145    32.091800   28.494500    2.062520
104    opls_145     0.000000    3.531860    1.996900
105    opls_700    35.634200   30.943630    1.996900
106    opls_145    17.817100   19.361260    1.996900
107    opls_700    17.817100   15.114230    1.996900
108    opls_145     0.000000   28.126940    1.996900
109    opls_700     0.000000    0.715170    1.996900
110    opls_145    17.817100   12.297540    1.996900
111    opls_700    17.817100   16.544570    1.996900
112    opls_750    12.032240   21.832540    1.386130
113    opls_750    29.849340    6.003140    1.386130
114    opls_750    23.601960   21.832540    2.607670
115    opls_750     5.784860    6.003140    2.607670
116    opls_750    23.601960    9.826260    2.607670
117    opls_750     5.784860   25.655660    2.607670
118    opls_750    12.032240    9.826260    1.386130
119    opls_750    29.849340   25.655660    1.386130
120    opls_146     2.934480   30.497560    3.567380
121    opls_146    11.002770   24.124010    0.832470
122    opls_146     8.439250   21.647340    3.124510
123    opls_144    10.607950   20.830540    2.496050
124    opls_146    16.250980   21.003710    0.233840
125    opls_146    14.246550   22.339080    0.216700
126    opls_146    12.275270   19.380250    2.488020
127    opls_146    14.251540   18.118650    2.581790
128    opls_146    20.751580   14.668160    3.567380
129    opls_146    28.819870    8.294610    0.832470
130    opls_146    26.256350    5.817940    3.124510
131    opls_144    28.425050    5.001140    2.496050
132    opls_146    34.068080    5.174310    0.233840
133    opls_146    32.063650    6.509680    0.216700
134    opls_146    30.092370    3.550850    2.488020
135    opls_146    32.068640    2.289250    2.581790
136    opls_146    32.699720   30.497560    0.426420
137    opls_146    24.631430   24.124010    3.161330
138    opls_146    27.194950   21.647340    0.869290
139    opls_144    25.026250   20.830540    1.497750
140    opls_146    19.383220   21.003710    3.759960
141    opls_146    21.387650   22.339080    3.777100
142    opls_146    23.358930   19.380250    1.505780
143    opls_146    21.382660   18.118650    1.412010
144    opls_146    14.882620   14.668160    0.426420
145    opls_146     6.814330    8.294610    3.161330
146    opls_146     9.377850    5.817940    0.869290
147    opls_144     7.209150    5.001140    1.497750
148    opls_146     1.566120    5.174310    3.759960
149    opls_146     3.570550    6.509680    3.777100
150    opls_146     5.541830    3.550850    1.505780
151    opls_146     3.565560    2.289250    1.412010
152    opls_146    32.699720    1.161240    0.426420
153    opls_146    24.631430    7.534790    3.161330
154    opls_146    27.194950   10.011460    0.869290
155    opls_144    25.026250   10.828260    1.497750
156    opls_146    19.383220   10.655090    3.759960
157    opls_146    21.387650    9.319720    3.777100
158    opls_146    23.358930   12.278550    1.505780
159    opls_146    21.382660   13.540150    1.412010
160    opls_146    14.882620   16.990640    0.426420
161    opls_146     6.814330   23.364190    3.161330
162    opls_146     9.377850   25.840860    0.869290
163    opls_144     7.209150   26.657660    1.497750
164    opls_146     1.566120   26.484490    3.759960
165    opls_146     3.570550   25.149120    3.777100
166    opls_146     5.541830   28.107950    1.505780
167    opls_146     3.565560   29.369550    1.412010
168    opls_146     2.934480    1.161240    3.567380
169    opls_146    11.002770    7.534790    0.832470
170    opls_146     8.439250   10.011460    3.124510
171    opls_144    10.607950   10.828260    2.496050
172    opls_146    16.250980   10.655090    0.233840
173    opls_146    14.246550    9.319720    0.216700
174    opls_146    12.275270   12.278550    2.488020
175    opls_146    14.251540   13.540150    2.581790
176    opls_146    20.751580   16.990640    3.567380
177    opls_146    28.819870   23.364190    0.832470
178    opls_146    26.256350   25.840860    3.124510
179    opls_144    28.425050   26.657660    2.496050
180    opls_146    34.068080   26.484490    0.233840
181    opls_146    32.063650   25.149120    0.216700
182    opls_146    30.092370   28.107950    2.488020
183    opls_146    32.068640   29.369550    2.581790
184    opls_146     0.000000    4.554750    1.996900
185    opls_146    17.817100   20.384150    1.996900
186    opls_146     0.000000   27.104050    1.996900
187    opls_146    17.817100   11.274650    1.996900
