0      opls_590     2.390880   17.560650    2.634300
1      opls_700     2.146260   16.228340    2.263970
2      opls_594     3.211120   15.375530    1.980380
3      opls_593     4.524610   15.894120    1.891950
4      opls_592     4.781760   17.243800    2.232670
5      opls_591     3.701110   18.068380    2.609370
6      opls_142     7.239970   17.250750    2.222830
7      opls_700     8.407770   18.036890    2.249330
8      opls_591     9.636620   17.450330    2.634380
9      opls_590    10.816320   18.213660    2.669690
10     opls_700    10.788490   19.568340    2.302630
11     opls_594     9.574810   20.189000    2.017350
12     opls_593     8.394350   19.415670    1.921920
13     opls_594    23.649520    0.047780    2.080440
14     opls_700    11.789530   20.529510    2.162470
15     opls_908    21.340390    0.672130    1.222360
16     opls_135    20.026400    1.013950    1.979060
17     opls_700     0.972330   15.489320    2.119840
18     opls_594     1.387840   14.143330    2.037560
19     opls_908     3.523820   13.066620    1.180810
20     opls_135     4.742140   12.466160    1.936520
21     opls_590    -3.865360   15.006780    2.634300
22     opls_700    -2.589230   15.461090    2.263970
23     opls_594    -2.383110   16.809690    1.980380
24     opls_593    -3.488960   17.687900    1.891950
25     opls_592    -4.786400   17.235770    2.232670
26     opls_591    -4.960180   15.887600    2.609370
27     opls_142    -6.021520   19.361160    2.222830
28     opls_700    -7.286240   19.979430    2.249330
29     opls_591    -7.392690   21.336930    2.634380
30     opls_590     3.894440    0.260380    2.669690
31     opls_700    -9.802870   21.275480    2.302630
32     opls_594    -9.733540   19.914070    2.017350
33     opls_593    -8.473590   19.278420    1.921920
34     opls_594    13.209960   20.457200    2.080440
35     opls_700   -11.135790   21.661810    2.162470
36     opls_908    13.823830   18.145250    1.222360
37     opls_135    14.184800   16.836400    1.979060
38     opls_700    -1.362260   14.813940    2.119840
39     opls_594    -0.404350   15.846780    2.037560
40     opls_908    -0.539890   18.234940    1.180810
41     opls_135    -0.629030   19.590270    1.936520
42     opls_590     1.474470   10.865650    2.634300
43     opls_700     0.442970   11.743650    2.263970
44     opls_594    -0.828010   11.247860    1.980380
45     opls_593    -1.035640    9.851060    1.891950
46     opls_592     0.004640    8.953510    2.232670
47     opls_591     1.259070    9.477100    2.609370
48     opls_142    -1.218450    6.821170    2.222830
49     opls_700    -1.121530    5.416760    2.249330
50     opls_591    -2.243930    4.645820    2.634380
51     opls_590    22.903380    3.242500    2.669690
52     opls_700    -0.985620    2.589260    2.302630
53     opls_594     0.158730    3.330010    2.017350
54     opls_593     0.079240    4.738980    1.921920
55     opls_594     0.754670    1.211570    2.080440
56     opls_700    -0.653730    1.241750    2.162470
57     opls_908     2.449930    2.899160    1.222360
58     opls_135     3.402950    3.866200    1.979060
59     opls_700     0.389930   13.129820    2.119840
60     opls_594    -0.983480   13.442970    2.037560
61     opls_908    -2.983930   12.131510    1.180810
62     opls_135    -4.113110   11.376640    1.936520
63     opls_750     6.010240   17.813210    2.239820
64     opls_542     9.786070   21.516100    1.827120
65     opls_542     2.736430   14.119010    1.786020
66     opls_750    -5.893760   18.014960    2.239820
67     opls_542   -10.988470   19.433480    1.827120
68     opls_542    -1.057580   17.026850    1.786020
69     opls_750    -0.116480    7.604920    2.239820
70     opls_542     1.202400    2.483500    1.827120
71     opls_542    -1.678840   12.287220    1.786020
72     opls_602     5.288170   15.304300    1.575200
73     opls_600     3.861470   19.043670    2.876540
74     opls_144     7.327740   16.231380    2.234660
75     opls_600     9.684390   16.462870    2.901010
76     opls_599    11.671170   17.784980    2.984490
77     opls_602     7.527470   19.846960    1.608440
78     opls_599     1.638850   18.153940    2.944380
79     opls_140    21.040980    0.170910    0.302690
80     opls_140    21.800910    1.600070    0.899210
81     opls_140    19.327530    1.486500    1.286120
82     opls_140    20.188640    1.708870    2.795050
83     opls_140    19.541800    0.133770    2.390940
84     opls_140     3.917640   13.497700    0.261220
85     opls_140     2.885380   12.250520    0.858120
86     opls_140     5.396750   13.230370    2.344470
87     opls_140     5.328420   11.858970    1.243910
88     opls_140     4.443610   11.821400    2.755070
89     opls_602    -3.359950   18.644080    1.575200
90     opls_600    -5.884980   15.538840    2.876540
91     opls_144    -5.182600   19.946860    2.234660
92     opls_600    -6.561410   21.872030    2.901010
93     opls_599     3.838270    1.215040    2.984490
94     opls_602    -8.413660   18.312040    1.608440
95     opls_599    -4.003150   14.058850    2.944380
96     opls_140    14.407600   18.136570    0.302690
97     opls_140    12.789940   18.080110    0.899210
98     opls_140    14.124990   15.994880    1.286120
99     opls_140    13.501850   16.629440    2.795050
100    opls_140    15.189350   16.856810    2.390940
101    opls_140    -1.110120   18.360470    0.261220
102    opls_140     0.486100   18.090090    0.858120
103    opls_140    -1.618160   19.775080    2.344470
104    opls_140    -0.396330   20.401600    1.243910
105    opls_140     0.078610   19.654120    2.755070
106    opls_602    -1.928230    9.484700    1.575200
107    opls_600     2.023520    8.850580    2.876540
108    opls_144    -2.145130    7.254840    2.234660
109    opls_600    -3.122980    5.098170    2.901010
110    opls_599    22.104710    2.716520    2.984490
111    opls_602     0.886190    5.274080    1.608440
112    opls_599     2.364300   11.220280    2.944380
113    opls_140     2.165570    3.409060    0.302690
114    opls_140     3.023300    2.036360    0.899210
115    opls_140     4.161630    4.235160    1.286120
116    opls_140     3.923660    3.378220    2.795050
117    opls_140     2.883000    4.725950    2.390940
118    opls_140    -2.807520   11.574920    0.261220
119    opls_140    -3.371480   13.092470    0.858120
120    opls_140    -3.778590   10.427630    2.344470
121    opls_140    -4.932090   11.172510    1.243910
122    opls_140    -4.522220   11.957560    2.755070
