0      opls_750     8.096570   13.837480    2.745660
1      opls_750     4.112450    6.514000    3.002790
2      opls_750    17.300460   26.022260    2.738820
3      opls_750    21.300210   33.335450    3.012670
4      opls_750    17.337730   13.839720    3.025960
5      opls_750    21.312590    6.514090    2.725910
6      opls_750     8.119960   26.018650    3.019500
7      opls_750     4.127850   33.335190    2.711670
8      opls_750     8.156060   23.354770   12.056370
9      opls_750     4.171920   16.031290   12.312930
10     opls_750    17.359390   35.541490   12.057130
11     opls_750    21.359130    3.854290   12.330400
12     opls_750    17.350290   23.359720   12.347310
13     opls_750    21.324880   16.034090   12.046870
14     opls_750     8.131570   35.536310   12.343890
15     opls_750     4.139700    3.852850   12.035480
16     opls_142     9.030410   14.101030    1.899440
17     opls_700     9.729270   15.337460    2.052310
18     opls_145    10.863380   15.580980    1.286800
19     opls_145    11.631740   16.698230    1.567860
20     opls_700    11.262230   17.541130    2.620510
21     opls_145    10.108320   17.313250    3.361150
22     opls_145     9.346340   16.204190    3.081410
23     opls_700    12.017150   18.732930    2.868720
24     opls_142     3.181080    6.250430    3.852050
25     opls_700     2.487440    5.010100    3.705820
26     opls_145     1.354430    4.765400    4.472480
27     opls_145     0.591260    3.643070    4.197110
28     opls_700     0.965680    2.796650    3.149210
29     opls_145     2.119050    3.024920    2.408390
30     opls_145     2.875580    4.139070    2.682610
31     opls_700     0.211510    1.604860    2.899670
32     opls_136     3.710430    8.839750    2.676910
33     opls_136     5.826270    7.635340    1.832970
34     opls_139     4.796770    7.769060    2.978670
35     opls_136     6.737550   12.407780    1.377960
36     opls_136     8.497460   11.510950    3.069070
37     opls_136     6.381360   12.715750    3.913010
38     opls_139     7.411390   12.582030    2.767690
39     opls_136     5.471390    7.944080    4.368030
40     opls_142    16.371360   25.757370    1.887860
41     opls_700    15.679380   24.516130    2.037880
42     opls_145    14.546250   24.267870    1.271990
43     opls_145    13.785480   23.144570    1.551910
44     opls_700    14.161980   22.300720    2.603040
45     opls_145    15.314910   22.533040    3.343480
46     opls_145    16.069110   23.647760    3.064890
47     opls_700    13.410440   21.107660    2.857140
48     opls_142    22.229820   33.599160    3.863260
49     opls_700    22.928050   34.836510    3.710380
50     opls_145    24.060960   35.080870    4.477600
51     opls_145    24.829300   36.198320    4.195020
52     opls_700    24.460330   37.040230    3.139720
53     opls_145    23.308120   36.811810    2.396990
54     opls_145    22.546610   35.702160    2.678240
55     opls_700    25.215420   38.231720    2.889420
56     opls_136    21.698070   31.008100    2.693630
57     opls_136    19.590260   32.219370    1.835630
58     opls_139    20.613300   32.081640    2.987790
59     opls_136    18.668280   27.450860    1.379290
60     opls_136    16.901310   28.349610    3.058820
61     opls_136    19.009130   27.138720    3.917000
62     opls_139    17.986340   27.276450    2.764460
63     opls_136    19.931370   31.907230    4.373340
64     opls_142    16.403160   14.093680    3.874270
65     opls_700    15.704220   15.331400    3.735450
66     opls_145    14.572680   15.566000    4.507230
67     opls_145    13.804240   16.686940    4.240600
68     opls_700    14.171370   17.542080    3.195930
69     opls_145    15.322690   17.323030    2.448840
70     opls_145    16.084760   16.210290    2.714520
71     opls_700    13.413340   18.734340    2.957790
72     opls_142    22.247440    6.259730    1.878550
73     opls_700    22.941870    5.018900    2.016230
74     opls_145    24.074540    4.781560    1.247110
75     opls_145    24.837150    3.656340    1.512980
76     opls_700    24.462510    2.799640    2.553860
77     opls_145    23.309760    3.021420    3.297720
78     opls_145    22.553800    4.138450    3.032990
79     opls_700    25.216660    1.605430    2.794470
80     opls_136    21.715790    8.836320    3.072680
81     opls_136    19.594330    7.625880    3.897440
82     opls_139    20.629550    7.769840    2.757240
83     opls_136    18.689900   12.395120    4.385880
84     opls_136    16.935330   11.517870    2.679570
85     opls_136    19.056790   12.728310    1.854810
86     opls_139    18.021570   12.584360    2.995010
87     opls_136    19.961210    7.959070    1.366370
88     opls_142     9.049900   25.760930    3.872180
89     opls_700     9.743640   24.519800    3.735830
90     opls_145    10.873810   24.278600    4.508370
91     opls_145    11.635590   23.153130    4.244020
92     opls_700    11.262000   22.299680    3.201430
93     opls_145    10.112280   22.525240    2.453580
94     opls_145     9.357060   23.642520    2.716790
95     opls_700    12.016100   21.106310    2.961390
96     opls_142     3.195620   33.594080    1.861650
97     opls_700     2.497130   34.831300    2.006170
98     opls_145     1.365180   35.072100    1.236100
99     opls_145     0.597340   36.191700    1.509180
100    opls_700     0.966130   37.039290    2.558600
101    opls_145     2.117120   36.813740    3.304740
102    opls_145     2.878130   35.702320    3.032610
103    opls_700     0.211050   38.231880    2.800920
104    opls_136     3.728990   31.010210    3.049130
105    opls_136     5.842330   32.222810    3.889650
106    opls_139     4.813910   32.080900    2.743000
107    opls_136     6.758290   27.455380    4.373340
108    opls_136     8.519540   28.343640    2.679760
109    opls_136     6.406470   27.131040    1.839240
110    opls_139     7.434630   27.273340    2.986270
111    opls_136     5.489710   31.899240    1.355550
112    opls_145    11.322010   19.918830    2.918470
113    opls_145    14.106510   19.921980    2.904420
114    opls_145     0.905980    0.418170    2.854100
115    opls_145    24.521320    0.418580    2.837760
116    opls_142     9.088250   23.618330   11.208060
117    opls_700     9.781370   24.859050   11.354670
118    opls_145    10.916050   25.103360   10.590490
119    opls_145    11.677910   26.226860   10.866230
120    opls_700    11.300260   27.074450   11.912230
121    opls_145    10.145230   26.845790   12.650590
122    opls_145     9.390010   25.730870   12.375980
123    opls_700    12.052860   28.267410   12.162150
124    opls_142     3.238900   15.767730   13.159910
125    opls_700     2.539250   14.531700   13.007230
126    opls_145     1.406790   14.287780   13.775020
127    opls_145     0.637120   13.171310   13.494150
128    opls_700     1.003400   12.329970   12.439220
129    opls_145     2.155910   12.557860   11.696310
130    opls_145     2.919210   13.666140   11.976040
131    opls_700    26.646630   11.139340   12.191010
132    opls_136     3.771030   18.357420   11.989520
133    opls_136     5.887140   17.152630   11.145580
134    opls_139     4.857100   17.286350   12.290900
135    opls_136     6.797380   21.924680   10.690950
136    opls_136     8.558070   21.028630   12.381870
137    opls_136     6.442240   22.233420   13.226000
138    opls_139     7.472000   22.099320   12.080300
139    opls_136     5.531200   17.460980   13.680640
140    opls_142    16.429520   35.277380   11.206730
141    opls_700    15.731020   34.040420   11.359220
142    opls_145    14.600410   33.794510   10.589540
143    opls_145    13.833050   32.675890   10.869840
144    opls_700    14.200470   31.834380   11.925900
145    opls_145    15.350390   32.064340   12.671660
146    opls_145    16.111180   33.174770   12.392500
147    opls_700    13.446110   30.641710   12.174490
148    opls_142    22.288230    4.119560   13.181370
149    opls_700    22.980190    5.360420   13.030780
150    opls_145    24.115340    5.607510   13.793630
151    opls_145    24.877090    6.729650   13.511430
152    opls_700    24.499020    7.573490   12.460870
153    opls_145    23.343820    7.343120   11.723650
154    opls_145    22.588900    6.229180   12.004720
155    opls_700    25.251030    8.766170   12.204690
156    opls_136    21.758540    1.526940   12.010600
157    opls_136    19.650460    2.737830   11.152420
158    opls_139    20.673510    2.600090   12.304770
159    opls_136    18.728230   36.969310   10.696260
160    opls_136    16.961530   37.868450   12.375790
161    opls_136    19.069610   36.657170   13.233980
162    opls_139    18.046300   36.794900   12.081820
163    opls_136    19.991310    2.425680   13.690130
164    opls_142    16.415710   23.615250   13.195050
165    opls_700    15.722610   24.856470   13.057360
166    opls_145    14.587170   25.093030   13.822490
167    opls_145    13.824500   26.217480   13.554540
168    opls_700    14.202100   27.075350   12.515370
169    opls_145    15.358150   26.854730   11.776070
170    opls_145    16.113920   25.738080   12.042890
171    opls_700    13.447310   28.268390   12.271530
172    opls_142    22.259710   15.781300   11.198560
173    opls_700    22.959960   14.544360   11.337010
174    opls_145    24.088470   14.308600   10.561430
175    opls_145    24.857090   13.187280   10.825400
176    opls_700    24.493180   12.332520   11.871590
177    opls_145    23.345170   12.552730   12.623240
178    opls_145    22.582920   13.666250   12.360220
179    opls_700    25.250570   11.139100   12.106120
180    opls_136    21.726750   18.356330   12.393260
181    opls_136    19.605280   17.145500   13.217830
182    opls_139    20.640760   17.289450   12.077640
183    opls_136    18.701130   21.914350   13.706460
184    opls_136    16.946290   21.037880   12.000350
185    opls_136    19.067750   22.247930   11.175590
186    opls_139    18.032800   22.103970   12.315780
187    opls_136    19.972170   17.478690   10.686960
188    opls_142     9.063030   35.277420   13.194480
189    opls_700     9.761810   34.039810   13.050720
190    opls_145    10.892490   33.799000   13.822680
191    opls_145    11.660630   32.679790   13.550740
192    opls_700    11.293680   31.832200   12.500750
193    opls_145    10.143690   32.057760   11.752900
194    opls_145     9.382110   33.169170   12.023710
195    opls_700    12.050100   30.640390   12.259000
196    opls_142     3.208990    4.110180   11.183560
197    opls_700     2.515270    5.351310   11.320100
198    opls_145     1.384090    5.592120   10.549280
199    opls_145     0.622600    6.717980   10.814380
200    opls_700     0.998010    7.571820   11.856020
201    opls_145     2.148740    7.346260   12.602350
202    opls_145     2.903140    6.228980   12.338380
203    opls_700    26.645240    8.765970   12.096440
204    opls_136     3.740140    1.527860   12.375790
205    opls_136     5.853200    2.740850   13.215940
206    opls_139     4.825050    2.598560   12.069090
207    opls_136     6.769970   36.972650   13.700010
208    opls_136     8.530690   37.861290   12.006420
209    opls_136     6.417370   36.648690   11.166090
210    opls_139     7.445770   36.790600   12.312550
211    opls_136     5.501380    2.416510   10.682020
212    opls_145    11.356710   29.453330   12.204690
213    opls_145    14.141350   29.456020   12.228990
214    opls_145     0.940620    9.952660   12.138410
215    opls_145    24.556100    9.952240   12.160250
216    F2_Mo4f2     4.096200   11.193310    0.940220
217    F2_Mo4f2     3.667240   11.550530    3.856420
218    F2_Mo4f2     7.123740    9.787110   18.950530
219    F2_Mo4f2     8.112210    9.157780    4.805570
220    F2_Mo4f2     8.540640    8.800560    1.889370
221    F2_Mo4f2     5.681210   10.530820    5.785860
222    F2_Mo4f2    21.315870   28.657090    0.957130
223    F2_Mo4f2    21.726780   28.295920    3.876170
224    F2_Mo4f2    19.491110   30.005100   18.951290
225    F2_Mo4f2    17.283780   30.700620    4.795700
226    F2_Mo4f2    16.872600   31.061780    1.876460
227    F2_Mo4f2    19.705350   29.319450    5.791940
228    F2_Mo4f2    21.326580   11.172870    4.826080
229    F2_Mo4f2    21.768890   11.557820    1.914630
230    F2_Mo4f2    18.888810    9.794110    5.784160
231    F2_Mo4f2    17.324810    9.180930    0.926360
232    F2_Mo4f2    16.882230    8.795990    3.837620
233    F2_Mo4f2    20.359110   10.526920   18.958690
234    F2_Mo4f2     4.115320   28.666760    4.799680
235    F2_Mo4f2     3.690550   28.292770    1.884820
236    F2_Mo4f2     6.543650   30.049160    5.775800
237    F2_Mo4f2     8.132940   30.687090    0.929020
238    F2_Mo4f2     8.557980   31.061080    3.843890
239    F2_Mo4f2     6.301680   29.271520   18.943500
240    F2_Mo4f2     4.156560   20.710990   10.253400
241    F2_Mo4f2     3.727870   21.068200   13.169790
242    F2_Mo4f2     6.587290   19.337950    9.272920
243    F2_Mo4f2     8.172560   18.675070   14.118560
244    F2_Mo4f2     8.601250   18.318240   11.202170
245    F2_Mo4f2     5.741570   20.048100   15.098850
246    F2_Mo4f2    21.375810   38.175930   10.273720
247    F2_Mo4f2    21.786990   37.814760   13.192960
248    F2_Mo4f2    18.954500    0.556710    9.277290
249    F2_Mo4f2    17.343990    1.219850   14.112290
250    F2_Mo4f2    16.933070    1.580620   11.193060
251    F2_Mo4f2    19.765290   38.838290   15.108730
252    F2_Mo4f2    21.337530   20.692490   14.146470
253    F2_Mo4f2    21.780110   21.077820   11.235030
254    F2_Mo4f2    18.899770   19.313720   15.104740
255    F2_Mo4f2    17.335490   18.700940   10.246570
256    F2_Mo4f2    16.893180   18.315990   13.158010
257    F2_Mo4f2    19.773260   20.079700    9.288490
258    F2_Mo4f2     4.126750   38.184800   14.126720
259    F2_Mo4f2     3.701710   37.810810   11.211670
260    F2_Mo4f2     6.554800    0.567210   15.102460
261    F2_Mo4f2     8.144350    1.204740   10.255680
262    F2_Mo4f2     8.569390    1.579120   13.170550
263    F2_Mo4f2     5.716040   38.822340    9.279750
264    opls_272     3.339890   12.951460    4.940400
265    MOF2_O_3     4.257180   10.109700    2.609880
266    opls_272     2.323940   10.971420    0.703980
267    opls_180     3.728800   12.704290    2.211450
268    opls_272     4.735080   12.253870   18.497410
269    opls_272     1.895340   11.325510    3.623220
270    MOF2_O_3     6.050890   11.204750    1.310920
271    opls_180     5.140550    9.609620   18.748280
272    opls_272     7.161400   10.882000   17.519580
273    opls_272     7.451400    8.385780   17.868060
274    MOF2_O_3     6.556240    8.806380    1.682190
275    opls_180     8.498790   10.013140    0.288850
276    opls_272     8.868000    7.399230    0.805580
277    MOF2_O_3     7.950970   10.241380    3.135920
278    opls_272     9.884190    9.379670    5.041430
279    opls_180     8.479080    7.646800    3.534340
280    opls_272     8.069870    8.064450    6.238980
281    opls_272    10.312540    9.025180    2.122580
282    MOF2_O_3     6.157520    9.146730    4.434870
283    opls_180     7.664400   10.708300    5.988110
284    opls_272     5.643550    9.435930    7.216810
285    opls_272     5.353030   11.932150    6.868520
286    MOF2_O_3     5.651900   11.544700    4.063610
287    opls_180     3.709360   10.337560    5.456950
288    opls_272    22.044210   26.892750    4.963190
289    MOF2_O_3    21.148360   29.739550    2.624690
290    opls_272    23.090000   28.873540    0.731900
291    opls_180    21.671150   27.143610    2.231960
292    opls_272    21.874790   27.531310   18.515260
293    opls_272    23.500740   28.515490    3.653790
294    MOF2_O_3    19.359020   28.651390    1.315670
295    opls_180    21.476210   30.176640   18.761000
296    opls_272    19.458570   28.911690   17.521100
297    opls_272    19.173710   31.408650   17.865400
298    MOF2_O_3    18.858360   31.050420    1.681620
299    opls_180    16.920300   29.850510    0.277450
300    opls_272    16.555430   32.464950    0.789440
301    MOF2_O_3    17.451030   29.618160    3.128130
302    opls_272    15.509660   30.484160    5.021110
303    opls_180    16.928240   32.214090    3.520860
304    opls_272    17.321670   31.793230    6.228160
305    opls_272    15.098910   30.842220    2.098840
306    MOF2_O_3    19.240900   30.706310    4.437150
307    opls_180    17.720510   29.147900    5.982420
308    opls_272    19.737880   30.412850    7.222120
309    opls_272    20.022740   27.915890    6.877630
310    MOF2_O_3    19.741290   28.307670    4.071010
311    opls_180    21.679360   29.506810    5.475370
312    opls_272    22.104030   12.968760    0.843370
313    MOF2_O_3    21.171120   10.106030    3.147120
314    opls_272    23.097190   10.945860    5.068590
315    opls_180    21.702070   12.695680    3.568520
316    opls_272    21.279490   12.252610    6.267850
317    opls_272    23.539420   11.328080    2.154480
318    MOF2_O_3    19.373710   11.190700    4.446270
319    opls_180    20.870670    9.611610    5.994380
320    opls_272    18.846400   10.875410    7.223450
321    opls_272    18.553380    8.383170    6.854660
322    MOF2_O_3    18.865600    8.796780    4.054110
323    opls_180    16.918840    9.993210    5.447830
324    opls_272    16.547080    7.385050    4.908880
325    MOF2_O_3    17.480260   10.248160    2.605130
326    opls_272    15.553940    9.407950    0.684040
327    opls_180    16.949320    7.658130    2.183920
328    opls_272    17.968440    8.068040   18.475190
329    opls_272    15.111700    9.025730    3.597960
330    MOF2_O_3    19.277400    9.163500    1.305980
331    opls_180    18.377260   10.709030   18.748660
332    opls_272    20.401790    9.445240   17.519580
333    opls_272    20.694540   11.937860   17.888190
334    MOF2_O_3    19.785520   11.557410    1.698140
335    opls_180    21.732280   10.360990    0.304610
336    opls_272     3.365530   26.885190    0.808430
337    MOF2_O_3     4.276780   29.741400    3.124330
338    opls_272     2.342720   28.886700    5.031560
339    opls_180     3.751690   27.147970    3.536240
340    opls_272     4.157920   27.580830    6.238980
341    opls_272     1.918130   28.515840    2.114030
342    MOF2_O_3     6.070310   28.657260    4.432030
343    opls_180     4.559850   30.224710    5.974250
344    opls_272     6.581410   28.962070    7.212630
345    opls_272     6.868900   31.457140    6.851240
346    MOF2_O_3     6.573300   31.053310    4.048040
347    opls_180     8.515820   29.857460    5.451060
348    opls_272     8.883260   32.468270    4.920460
349    MOF2_O_3     7.971490   29.612440    2.604370
350    opls_272     9.905800   30.467140    0.696950
351    opls_180     8.496840   32.205490    2.192460
352    opls_272     8.687420   31.739860   18.480320
353    opls_272    10.330400   30.837620    3.614670
354    MOF2_O_3     6.177960   30.696980    1.296680
355    opls_180     8.285220   29.096370   18.745050
356    opls_272     6.263920   30.358620   17.506670
357    opls_272     5.976700   27.863550   17.868250
358    MOF2_O_3     5.675490   28.300150    1.680670
359    opls_180     3.732710   29.496390    0.277640
360    opls_272     3.400780   22.469530   14.253580
361    MOF2_O_3     4.317540   19.627380   11.923060
362    opls_272     2.384310   20.489490   10.017540
363    opls_180     3.789430   22.221970   11.524820
364    opls_272     4.198640   21.804710    8.820180
365    opls_272     1.955960   20.843580   12.936390
366    MOF2_O_3     6.110990   20.722040   10.624100
367    opls_180     4.604100   19.160460    9.070860
368    opls_272     6.624950   20.433230    7.841980
369    opls_272     6.915200   17.937010    8.190070
370    MOF2_O_3     6.616590   18.324060   10.994990
371    opls_180     8.559140   19.531200    9.601840
372    opls_272     8.928600   16.917300   10.118190
373    MOF2_O_3     8.011320   19.759060   12.448910
374    opls_272     9.944550   18.896950   14.354610
375    opls_180     8.539680   17.164480   12.846950
376    opls_272     8.130220   17.581340   15.551780
377    opls_272    10.373160   18.543250   11.435570
378    MOF2_O_3     6.217870   18.664010   13.747860
379    opls_180     7.724750   20.225590   15.301100
380    opls_272     5.703900   18.953220   16.529790
381    opls_272     5.413910   21.449430   16.181510
382    MOF2_O_3     5.712530   21.061990   13.376790
383    opls_180     3.769710   19.855630   14.770130
384    opls_272    22.104430   36.411980   14.280170
385    MOF2_O_3    21.208570    0.258780   11.941290
386    opls_272    23.150200   38.392380   10.048300
387    opls_180    21.731620   36.662450   11.548750
388    opls_272    21.338180   37.083310    8.841260
389    opls_272    23.560940   38.034330   12.970390
390    MOF2_O_3    19.418960   38.169840   10.632260
391    opls_180    20.939340    0.728640    9.086810
392    opls_272    18.921700   38.463310    7.847100
393    opls_272    18.637110    1.960270    8.191590
394    MOF2_O_3    18.918560    1.568880   10.998210
395    opls_180    16.980500    0.369350    9.594050
396    opls_272    16.615890    2.983790   10.105850
397    MOF2_O_3    17.511230    0.137000   12.444730
398    opls_272    15.569850    1.003390   14.337330
399    opls_180    16.988700    2.732930   12.837260
400    opls_272    17.381870    2.312080   15.544560
401    opls_272    15.159110    1.361450   11.415440
402    MOF2_O_3    19.300840    1.225150   13.753750
403    opls_180    17.780450   38.666740   15.299010
404    opls_272    19.798090    0.932080   16.538720
405    opls_272    20.082950   37.435120   16.194610
406    MOF2_O_3    19.801500   37.826510   13.387800
407    opls_180    21.739560    0.026040   14.791960
408    opls_272    22.114990   22.488760   10.163770
409    MOF2_O_3    21.181810   19.625650   12.467520
410    opls_272    23.108130   20.465860   14.388600
411    opls_180    21.712760   22.215680   12.888920
412    opls_272    21.290430   21.772220   15.588050
413    opls_272    23.550370   20.848080   11.474880
414    MOF2_O_3    19.384670   20.709920   13.766850
415    opls_180    20.881620   19.131620   15.314780
416    opls_272    18.857350   20.395020   16.543850
417    opls_272    18.564340   17.902790   16.175050
418    MOF2_O_3    18.876550   18.316400   13.374510
419    opls_180    16.930050   19.512820   14.768230
420    opls_272    16.558040   16.905050   14.229270
421    MOF2_O_3    17.490950   19.768170   11.925520
422    opls_272    15.564880   18.927950   10.004060
423    opls_180    16.960010   17.178130   11.504310
424    opls_272    17.382320   17.621600    8.804800
425    opls_272    15.122660   18.546120   12.918350
426    MOF2_O_3    19.288360   18.683110   10.626380
427    opls_180    17.791410   20.262200    9.078450
428    opls_272    19.815680   18.998790    7.849380
429    opls_272    20.108690   21.491030    8.218180
430    MOF2_O_3    19.796480   21.077030   11.018720
431    opls_180    21.743240   19.880600    9.625000
432    opls_272     3.376430   36.403230   10.135280
433    MOF2_O_3     4.288200    0.259450   12.451180
434    opls_272     2.354160   38.404750   14.358790
435    opls_180     3.762850   36.666010   12.863280
436    opls_272     4.169340   37.098870   15.566020
437    opls_272     1.929290   38.034270   11.441070
438    MOF2_O_3     6.081730   38.174520   13.758880
439    opls_180     4.571270    0.742360   15.301100
440    opls_272     6.592830   38.480110   16.539480
441    opls_272     6.880050    1.975180   16.177710
442    MOF2_O_3     6.584450    1.571360   13.374700
443    opls_180     8.527240    0.375500   14.777910
444    opls_272     8.894410    2.986700   14.246930
445    MOF2_O_3     7.982910    0.130100   11.931220
446    opls_272     9.917220    0.984800   10.023810
447    opls_180     8.507980    2.723540   11.518940
448    opls_272     8.101760    2.290280    8.816380
449    opls_272    10.341550    1.355660   12.941330
450    MOF2_O_3     6.189380    1.214630   10.623530
451    opls_180     7.699830   38.646790    9.081300
452    opls_272     5.678270    0.909430    7.842930
453    opls_272     5.390790   37.414360    8.204510
454    MOF2_O_3     5.686380   37.818190   11.007520
455    opls_180     3.743870    0.014430    9.604490
456    F2_Mn6+3     6.103940   10.175540    2.872900
457    F2_Mn6+3    19.299820   29.679050    2.876320
458    F2_Mn6+3    19.325690   10.177100    2.876130
459    F2_Mn6+3     6.124260   29.677120    2.864350
460    F2_Mn6+3     6.164290   19.692830   12.185890
461    F2_Mn6+3    19.360030    0.197500   12.192910
462    F2_Mn6+3    19.336380   19.696710   12.196520
463    F2_Mn6+3     6.135420    0.194770   12.191200
464    opls_144     9.271730   13.359530    1.068410
465    opls_146    11.146350   14.866800    0.445330
466    opls_146    12.557760   16.925910    0.943070
467    opls_146     9.807640   18.041110    4.184770
468    opls_146     8.403850   15.989410    3.685880
469    opls_144     2.938350    6.994280    4.680040
470    opls_146     1.068180    5.482710    5.310340
471    opls_146    -0.334210    3.415000    4.822470
472    opls_146     2.423560    2.293940    1.589130
473    opls_146     3.818070    4.354620    2.078140
474    opls_140     3.210300    8.595780    1.682190
475    opls_140     2.929450    8.804760    3.506420
476    opls_140     6.538530    6.776540    2.067890
477    opls_140     5.269160    7.407710    0.864830
478    opls_140     6.008410   13.266480    1.202480
479    opls_140     7.544390   12.431030    0.573330
480    opls_140     9.285500   11.536960    2.246020
481    opls_140     8.989720   11.765050    4.065510
482    opls_140     6.929640   12.943760    4.886090
483    opls_140     5.673580   13.575730    3.669550
484    opls_140     6.200520    7.085390    4.543120
485    opls_140     4.673550    7.930180    5.181960
486    opls_144    16.130090   26.500210    1.057020
487    opls_146    14.258210   24.983040    0.431470
488    opls_146    12.859820   22.913610    0.927690
489    opls_146    15.620590   21.804260    4.165970
490    opls_146    17.011040   23.865880    3.668980
491    opls_144    22.467220   32.857880    4.696940
492    opls_146    24.343040   34.367650    5.321540
493    opls_146    25.754480   36.426550    4.820760
494    opls_146    23.008910   37.538660    1.570710
495    opls_146    21.605150   35.486770    2.072250
496    opls_140    22.204660   31.251630    1.701750
497    opls_140    22.474830   31.040180    3.527690
498    opls_140    18.879130   33.079700    2.065230
499    opls_140    20.153130   32.446090    0.870530
500    opls_140    19.395520   26.590040    1.208560
501    opls_140    17.865620   27.431220    0.569720
502    opls_140    16.117870   28.326870    2.230640
503    opls_140    16.402680   28.095540    4.052210
504    opls_140    18.454310   26.911610    4.886660
505    opls_140    19.715770   26.276850    3.679050
506    opls_140    19.204390   32.768060    4.543880
507    opls_140    20.725320   31.917500    5.191650
508    opls_144    16.160540   13.342280    4.697320
509    opls_146    14.291890   14.841870    5.342240
510    opls_146    12.880240   16.906190    4.870520
511    opls_146    15.621210   18.060780    1.631670
512    opls_146    17.025250   16.002700    2.104920
513    opls_144    22.493830    7.012300    1.057590
514    opls_146    24.360970    5.506470    0.414940
515    opls_146    25.762280    3.434350    0.885530
516    opls_146    23.005340    2.282900    4.111650
517    opls_146    21.612170    4.348380    3.639930
518    opls_140    22.210910    8.581870    4.067980
519    opls_140    22.500840    8.808520    2.246780
520    opls_140    18.881760    6.770260    3.652650
521    opls_140    20.146710    7.388630    4.866340
522    opls_140    19.419870   13.250850    4.570850
523    opls_140    17.879790   12.411660    5.187280
524    opls_140    16.143480   11.536330    3.499210
525    opls_140    16.448340   11.782470    1.682950
526    opls_140    18.512710   12.965960    0.881160
527    opls_140    19.764860   13.585090    2.107770
528    opls_140    19.231250    7.102960    1.181400
529    opls_140    20.762590    7.952300    0.555850
530    opls_144     9.292260   26.510630    4.695610
531    opls_146    11.159000   25.001370    5.342240
532    opls_146    12.558800   22.928560    4.874130
533    opls_146     9.809440   21.789560    1.637750
534    opls_146     8.417590   23.855350    2.106820
535    opls_144     2.955520   32.847890    1.034420
536    opls_146     1.083000   34.354410    0.397090
537    opls_146    -0.327130   36.416660    0.880970
538    opls_146     2.416180   37.544330    4.126470
539    opls_146     3.818360   35.489490    3.641640
540    opls_140     3.227440   31.258850    4.041960
541    opls_140     2.948370   31.038960    2.218480
542    opls_140     6.553970   33.081220    3.651130
543    opls_140     5.283960   32.454730    4.855710
544    opls_140     6.030270   26.596290    4.552620
545    opls_140     7.564280   27.438380    5.179500
546    opls_140     9.306830   28.324260    3.504330
547    opls_140     9.013140   28.084470    1.685800
548    opls_140     6.956770   26.898730    0.868630
549    opls_140     5.699570   26.271050    2.085740
550    opls_140     6.217460   32.758340    1.176090
551    opls_140     4.692430   31.906520    0.540470
552    opls_146    10.181960   19.911410    2.923600
553    opls_146    15.246560   19.929790    2.899100
554    opls_146     2.045880    0.424780    2.860740
555    opls_146    23.381420    0.424840    2.830930
556    opls_144     9.332590   22.874090   10.380830
557    opls_146    11.204720   24.385660    9.754140
558    opls_146    12.604760   26.454920   10.242960
559    opls_146     9.838020   27.577560   13.468130
560    opls_146     8.446400   25.515710   12.978360
561    opls_144     2.998920   16.508450   13.991700
562    opls_146     1.126260   15.000780   14.618200
563    opls_146    -0.287780   12.943620   14.120650
564    opls_146     2.453890   11.831170   10.870790
565    opls_146     3.860320   13.881310   11.369670
566    opls_140     3.270650   18.113850   10.994800
567    opls_140     2.990050   18.322050   12.819030
568    opls_140     6.599400   16.294220   11.380490
569    opls_140     5.330280   16.925390   10.177060
570    opls_140     6.068510   22.783380   10.515660
571    opls_140     7.604210   21.947930    9.885930
572    opls_140     9.345850   21.054250   11.558630
573    opls_140     9.050320   21.282730   13.378120
574    opls_140     6.991040   22.461050   14.198890
575    opls_140     5.734730   23.093410   12.982920
576    opls_140     6.260070   16.601890   13.855920
577    opls_140     4.733100   17.446690   14.494380
578    opls_144    16.191860   36.019060   10.373230
579    opls_146    14.319360   34.507730    9.744830
580    opls_146    12.909390   32.446890   10.242010
581    opls_146    15.648570   31.338280   13.498900
582    opls_146    17.050870   33.391720   13.000960
583    opls_144    22.529240    3.376720   14.012590
584    opls_146    24.404690    4.892740   14.633960
585    opls_146    25.804530    6.960220   14.133370
586    opls_146    23.036840    8.071900   10.901930
587    opls_146    21.644950    6.012220   11.403280
588    opls_140    22.264880    1.770860   11.018720
589    opls_140    22.535050    1.559020   12.844860
590    opls_140    18.939590    3.598550   11.381820
591    opls_140    20.213870    2.964540   10.187320
592    opls_140    19.455210   36.108100   10.525730
593    opls_140    17.925320   36.949670    9.886880
594    opls_140    16.178090   37.845720   11.547800
595    opls_140    16.463170   37.615160   13.369380
596    opls_140    18.514800   36.430060   14.203830
597    opls_140    19.776250   35.795300   12.996020
598    opls_140    19.264330    3.286510   13.860670
599    opls_140    20.785270    2.435960   14.508440
600    opls_144    16.168790   22.862680   14.015820
601    opls_146    14.298070   24.366960   14.653520
602    opls_146    12.897150   26.438690   14.178950
603    opls_146    15.665270   27.594410   10.964030
604    opls_146    17.058300   25.529700   11.439560
605    opls_144    22.501800   16.532700   10.375510
606    opls_146    24.366850   15.032340    9.725080
607    opls_146    25.778880   12.967250   10.192250
608    opls_146    23.049610   11.816150   13.442110
609    opls_146    21.645190   13.875000   12.973430
610    opls_140    22.221610   18.101870   13.388560
611    opls_140    22.511800   18.328520   11.567360
612    opls_140    18.892710   16.289880   12.973050
613    opls_140    20.157660   16.908250   14.186730
614    opls_140    19.431100   22.770460   13.891620
615    opls_140    17.890760   21.930890   14.508060
616    opls_140    16.154710   21.056330   12.819980
617    opls_140    16.459320   21.302480   11.003910
618    opls_140    18.523680   22.485580   10.202130
619    opls_140    19.775820   23.104700   11.428350
620    opls_140    19.242210   16.622960   10.501990
621    opls_140    20.773280   17.471910    9.876250
622    opls_144     9.302610   36.023210   14.022090
623    opls_146    11.172840   34.516700   14.662260
624    opls_146    12.584100   32.454830   14.180470
625    opls_146     9.845920   31.326770   10.930610
626    opls_146     8.442890   33.381620   11.413540
627    opls_144     2.966380    3.360480   10.360320
628    opls_146     1.097340    4.869340    9.716160
629    opls_146    -0.301620    6.942540   10.185610
630    opls_146     2.452880    8.082330   13.417430
631    opls_146     3.843630    6.016150   12.947030
632    opls_140     3.238850    1.776900   13.368430
633    opls_140     2.959530    1.556610   11.545140
634    opls_140     6.564850    3.599270   12.977600
635    opls_140     5.294830    2.972780   14.181800
636    opls_140     6.041960   36.113550   13.879470
637    opls_140     7.576480   36.955640   14.505970
638    opls_140     9.317980   37.841910   12.831000
639    opls_140     9.024280   37.602510   11.012270
640    opls_140     6.967130   36.416390   10.195290
641    opls_140     5.710210   35.788700   11.412780
642    opls_140     6.229400    3.275210   10.502560
643    opls_140     4.704350    2.423390    9.866560
644    opls_146    10.216970   29.445550   12.194620
645    opls_146    15.281340   29.463800   12.238680
646    opls_146     2.080540    9.946050   12.129100
647    opls_146    23.416150    9.945590   12.168600
