0      opls_543    22.681300   26.947350    1.511040
1      opls_716    23.053790   28.270090    1.640230
2      opls_543    21.059230   25.192860    0.849420
3      opls_716    19.854030   24.802110    0.296020
4      opls_700    21.393380   26.545510    1.083470
5      opls_700    27.093280   27.587010    2.754880
6      opls_145    26.828360   28.847040    3.318840
7      opls_145    27.811540   29.838850    3.356870
8      opls_145    29.093200   29.580770    2.847610
9      opls_145    29.377460   28.321700    2.317170
10     opls_145    28.386240   27.340980    2.261240
11     opls_142    29.859720   31.848050    3.009690
12     opls_700    30.918530   32.853370    2.886910
13     opls_145    30.571140   34.205050    2.846600
14     opls_145    31.552080   35.174680    2.625530
15     opls_700    32.896110   34.813360    2.447750
16     opls_145    33.236840   33.454920    2.521730
17     opls_145    32.258900   32.480960    2.731540
18     opls_543    33.869480   35.784910    2.156170
19     opls_234    34.834610   37.702940    1.487730
20     opls_551    35.821030   36.755500    1.646540
21     opls_245    32.322320   37.803760    1.588410
22     opls_136    32.215290   39.094180    2.376490
23     opls_136    30.838860   39.690420    2.175860
24     opls_135    30.792000   41.072020    2.791120
25     opls_543    46.336300    2.827350    1.511040
26     opls_716    46.708790    4.150090    1.640230
27     opls_543    44.714230    1.072860    0.849420
28     opls_716    43.509030    0.682110    0.296020
29     opls_700    45.048380    2.425510    1.083470
30     opls_700     3.438280    3.467010    2.754880
31     opls_145     3.173360    4.727040    3.318840
32     opls_145     4.156540    5.718850    3.356870
33     opls_145     5.438200    5.460770    2.847610
34     opls_145     5.722460    4.201700    2.317170
35     opls_145     4.731240    3.220980    2.261240
36     opls_142     6.204720    7.728050    3.009690
37     opls_700     7.263530    8.733370    2.886910
38     opls_145     6.916140   10.085050    2.846600
39     opls_145     7.897080   11.054680    2.625530
40     opls_700     9.241110   10.693360    2.447750
41     opls_145     9.581840    9.334920    2.521730
42     opls_145     8.603900    8.360960    2.731540
43     opls_543    10.214480   11.664910    2.156170
44     opls_234    11.179610   13.582940    1.487730
45     opls_551    12.166030   12.635500    1.646540
46     opls_245     8.667320   13.683760    1.588410
47     opls_136     8.560290   14.974180    2.376490
48     opls_136     7.183860   15.570420    2.175860
49     opls_135     7.137000   16.952020    2.791120
50     opls_543    24.728950   26.947350    2.217620
51     opls_716    24.356450   28.270090    2.088420
52     opls_543    26.351020   25.192860    2.879230
53     opls_716    27.556210   24.802110    3.432640
54     opls_700    26.016860   26.545510    2.645180
55     opls_700    20.316970   27.587010    0.973770
56     opls_145    20.581880   28.847040    0.409820
57     opls_145    19.598700   29.838850    0.371780
58     opls_145    18.317040   29.580770    0.881040
59     opls_145    18.032780   28.321700    1.411480
60     opls_145    19.024010   27.340980    1.467410
61     opls_142    17.550520   31.848050    0.718960
62     opls_700    16.491710   32.853370    0.841740
63     opls_145    16.839110   34.205050    0.882050
64     opls_145    15.858160   35.174680    1.103120
65     opls_700    14.514140   34.813360    1.280900
66     opls_145    14.173410   33.454920    1.206930
67     opls_145    15.151340   32.480960    0.997120
68     opls_543    13.540760   35.784910    1.572480
69     opls_234    12.575630   37.702940    2.240920
70     opls_551    11.589210   36.755500    2.082120
71     opls_245    15.087930   37.803760    2.140250
72     opls_136    15.194950   39.094180    1.352160
73     opls_136    16.571390   39.690420    1.552800
74     opls_135    16.618240   41.072020    0.937530
75     opls_543     1.073950    2.827350    2.217620
76     opls_716     0.701450    4.150090    2.088420
77     opls_543     2.696020    1.072860    2.879230
78     opls_716     3.901210    0.682110    3.432640
79     opls_700     2.361860    2.425510    2.645180
80     opls_700    43.971970    3.467010    0.973770
81     opls_145    44.236880    4.727040    0.409820
82     opls_145    43.253700    5.718850    0.371780
83     opls_145    41.972040    5.460770    0.881040
84     opls_145    41.687780    4.201700    1.411480
85     opls_145    42.679010    3.220980    1.467410
86     opls_142    41.205520    7.728050    0.718960
87     opls_700    40.146710    8.733370    0.841740
88     opls_145    40.494110   10.085050    0.882050
89     opls_145    39.513160   11.054680    1.103120
90     opls_700    38.169140   10.693360    1.280900
91     opls_145    37.828410    9.334920    1.206930
92     opls_145    38.806340    8.360960    0.997120
93     opls_543    37.195760   11.664910    1.572480
94     opls_234    36.230630   13.582940    2.240920
95     opls_551    35.244210   12.635500    2.082120
96     opls_245    38.742930   13.683760    2.140250
97     opls_136    38.849950   14.974180    1.352160
98     opls_136    40.226390   15.570420    1.552800
99     opls_135    40.273240   16.952020    0.937530
100    opls_543    24.728950   21.292650    2.217620
101    opls_716    24.356450   19.969910    2.088420
102    opls_543    26.351020   23.047140    2.879230
103    opls_716    27.556210   23.437890    3.432640
104    opls_700    26.016860   21.694490    2.645180
105    opls_700    20.316970   20.652990    0.973770
106    opls_145    20.581880   19.392960    0.409820
107    opls_145    19.598700   18.401150    0.371780
108    opls_145    18.317040   18.659230    0.881040
109    opls_145    18.032780   19.918300    1.411480
110    opls_145    19.024010   20.899020    1.467410
111    opls_142    17.550520   16.391950    0.718960
112    opls_700    16.491710   15.386630    0.841740
113    opls_145    16.839110   14.034950    0.882050
114    opls_145    15.858160   13.065320    1.103120
115    opls_700    14.514140   13.426640    1.280900
116    opls_145    14.173410   14.785080    1.206930
117    opls_145    15.151340   15.759040    0.997120
118    opls_543    13.540760   12.455090    1.572480
119    opls_234    12.575630   10.537060    2.240920
120    opls_551    11.589210   11.484500    2.082120
121    opls_245    15.087930   10.436240    2.140250
122    opls_136    15.194950    9.145820    1.352160
123    opls_136    16.571390    8.549580    1.552800
124    opls_135    16.618240    7.167980    0.937530
125    opls_543     1.073950   45.412650    2.217620
126    opls_716     0.701450   44.089910    2.088420
127    opls_543     2.696020   47.167140    2.879230
128    opls_716     3.901210   47.557890    3.432640
129    opls_700     2.361860   45.814490    2.645180
130    opls_700    43.971970   44.772990    0.973770
131    opls_145    44.236880   43.512960    0.409820
132    opls_145    43.253700   42.521150    0.371780
133    opls_145    41.972040   42.779230    0.881040
134    opls_145    41.687780   44.038300    1.411480
135    opls_145    42.679010   45.019020    1.467410
136    opls_142    41.205520   40.511950    0.718960
137    opls_700    40.146710   39.506630    0.841740
138    opls_145    40.494110   38.154950    0.882050
139    opls_145    39.513160   37.185320    1.103120
140    opls_700    38.169140   37.546640    1.280900
141    opls_145    37.828410   38.905080    1.206930
142    opls_145    38.806340   39.879040    0.997120
143    opls_543    37.195760   36.575090    1.572480
144    opls_234    36.230630   34.657060    2.240920
145    opls_551    35.244210   35.604500    2.082120
146    opls_245    38.742930   34.556240    2.140250
147    opls_136    38.849950   33.265820    1.352160
148    opls_136    40.226390   32.669580    1.552800
149    opls_135    40.273240   31.287980    0.937530
150    opls_543    22.681300   21.292650    1.511040
151    opls_716    23.053790   19.969910    1.640230
152    opls_543    21.059230   23.047140    0.849420
153    opls_716    19.854030   23.437890    0.296020
154    opls_700    21.393380   21.694490    1.083470
155    opls_700    27.093280   20.652990    2.754880
156    opls_145    26.828360   19.392960    3.318840
157    opls_145    27.811540   18.401150    3.356870
158    opls_145    29.093200   18.659230    2.847610
159    opls_145    29.377460   19.918300    2.317170
160    opls_145    28.386240   20.899020    2.261240
161    opls_142    29.859720   16.391950    3.009690
162    opls_700    30.918530   15.386630    2.886910
163    opls_145    30.571140   14.034950    2.846600
164    opls_145    31.552080   13.065320    2.625530
165    opls_700    32.896110   13.426640    2.447750
166    opls_145    33.236840   14.785080    2.521730
167    opls_145    32.258900   15.759040    2.731540
168    opls_543    33.869480   12.455090    2.156170
169    opls_234    34.834610   10.537060    1.487730
170    opls_551    35.821030   11.484500    1.646540
171    opls_245    32.322320   10.436240    1.588410
172    opls_136    32.215290    9.145820    2.376490
173    opls_136    30.838860    8.549580    2.175860
174    opls_135    30.792000    7.167980    2.791120
175    opls_543    46.336300   45.412650    1.511040
176    opls_716    46.708790   44.089910    1.640230
177    opls_543    44.714230   47.167140    0.849420
178    opls_716    43.509030   47.557890    0.296020
179    opls_700    45.048380   45.814490    1.083470
180    opls_700     3.438280   44.772990    2.754880
181    opls_145     3.173360   43.512960    3.318840
182    opls_145     4.156540   42.521150    3.356870
183    opls_145     5.438200   42.779230    2.847610
184    opls_145     5.722460   44.038300    2.317170
185    opls_145     4.731240   45.019020    2.261240
186    opls_142     6.204720   40.511950    3.009690
187    opls_700     7.263530   39.506630    2.886910
188    opls_145     6.916140   38.154950    2.846600
189    opls_145     7.897080   37.185320    2.625530
190    opls_700     9.241110   37.546640    2.447750
191    opls_145     9.581840   38.905080    2.521730
192    opls_145     8.603900   39.879040    2.731540
193    opls_543    10.214480   36.575090    2.156170
194    opls_234    11.179610   34.657060    1.487730
195    opls_551    12.166030   35.604500    1.646540
196    opls_245     8.667320   34.556240    1.588410
197    opls_136     8.560290   33.265820    2.376490
198    opls_136     7.183860   32.669580    2.175860
199    opls_135     7.137000   31.287980    2.791120
200    opls_750    30.101820   30.593810    2.793620
201    opls_542    33.616040   37.166030    1.809370
202    opls_750     6.446820    6.473810    2.793620
203    opls_542     9.961040   13.046030    1.809370
204    opls_750    17.308430   30.593810    0.935030
205    opls_542    13.794210   37.166030    1.919290
206    opls_750    40.963430    6.473810    0.935030
207    opls_542    37.449210   13.046030    1.919290
208    opls_750    17.308430   17.646190    0.935030
209    opls_542    13.794210   11.073970    1.919290
210    opls_750    40.963430   41.766190    0.935030
211    opls_542    37.449210   35.193970    1.919290
212    opls_750    30.101820   17.646190    2.793620
213    opls_542    33.616040   11.073970    1.809370
214    opls_750     6.446820   41.766190    2.793620
215    opls_542     9.961040   35.193970    1.809370
216    opls_542    23.705120   26.122440    1.864330
217    opls_542     0.050120    2.002440    1.864330
218    opls_542    23.705120   22.117560    1.864330
219    opls_542     0.050120   46.237560    1.864330
220    opls_542    21.820080   24.120000    1.170090
221    opls_542    45.475080   48.240000    1.170090
222    opls_542    25.590170   24.120000    2.558560
223    opls_542     1.935170   48.240000    2.558560
224    opls_236    34.993550   38.840440    1.082020
225    opls_236    11.338550   14.720440    1.082020
226    opls_236    12.416700   38.840440    2.646640
227    opls_236    36.071700   14.720440    2.646640
228    opls_236    12.416700    9.399560    2.646640
229    opls_236    36.071700   33.519560    2.646640
230    opls_236    34.993550    9.399560    1.082020
231    opls_236    11.338550   33.519560    1.082020
232    opls_547    22.312700   29.098370    1.386050
233    opls_547    19.103890   25.588430   -0.048470
234    opls_146    25.798760   29.071840    3.753710
235    opls_146    27.573730   30.860580    3.802480
236    opls_146    30.423410   28.090630    1.927190
237    opls_146    28.619160   26.320710    1.809700
238    opls_144    28.810160   32.184760    3.300380
239    opls_146    29.485080   34.519100    2.994220
240    opls_146    31.265310   36.277440    2.587570
241    opls_146    34.324800   33.133160    2.410050
242    opls_146    32.551540   31.380120    2.776540
243    opls_140    31.492760   37.093670    1.914890
244    opls_140    32.199810   38.040130    0.480810
245    opls_140    33.005500   39.830320    2.011760
246    opls_140    32.379400   38.878060    3.482750
247    opls_140    30.060320   39.024710    2.675460
248    opls_140    30.615870   39.764230    1.061250
249    opls_140    30.250730   41.023300    3.792490
250    opls_140    30.235330   41.780660    2.093340
251    opls_140    31.854620   41.453110    2.951000
252    opls_547    45.967700    4.978370    1.386050
253    opls_547    42.758890    1.468430   -0.048470
254    opls_146     2.143760    4.951840    3.753710
255    opls_146     3.918730    6.740580    3.802480
256    opls_146     6.768410    3.970630    1.927190
257    opls_146     4.964160    2.200710    1.809700
258    opls_144     5.155160    8.064760    3.300380
259    opls_146     5.830080   10.399100    2.994220
260    opls_146     7.610310   12.157440    2.587570
261    opls_146    10.669800    9.013160    2.410050
262    opls_146     8.896540    7.260120    2.776540
263    opls_140     7.837760   12.973670    1.914890
264    opls_140     8.544810   13.920130    0.480810
265    opls_140     9.350500   15.710320    2.011760
266    opls_140     8.724400   14.758060    3.482750
267    opls_140     6.405320   14.904710    2.675460
268    opls_140     6.960870   15.644230    1.061250
269    opls_140     6.595730   16.903300    3.792490
270    opls_140     6.580330   17.660660    2.093340
271    opls_140     8.199620   17.333110    2.951000
272    opls_547    25.097540   29.098370    2.342600
273    opls_547    28.306350   25.588430    3.777130
274    opls_146    21.611480   29.071840   -0.025060
275    opls_146    19.836520   30.860580   -0.073830
276    opls_146    16.986830   28.090630    1.801460
277    opls_146    18.791080   26.320710    1.918950
278    opls_144    18.600090   32.184760    0.428270
279    opls_146    17.925160   34.519100    0.734430
280    opls_146    16.144940   36.277440    1.141080
281    opls_146    13.085440   33.133160    1.318600
282    opls_146    14.858700   31.380120    0.952110
283    opls_140    15.917480   37.093670    1.813770
284    opls_140    15.210430   38.040130    3.247840
285    opls_140    14.404740   39.830320    1.716900
286    opls_140    15.030850   38.878060    0.245900
287    opls_140    17.349920   39.024710    1.053200
288    opls_140    16.794380   39.764230    2.667400
289    opls_140    17.159510   41.023300   -0.063830
290    opls_140    17.174920   41.780660    1.635310
291    opls_140    15.555620   41.453110    0.777650
292    opls_547     1.442540    4.978370    2.342600
293    opls_547     4.651350    1.468430    3.777130
294    opls_146    45.266480    4.951840   -0.025060
295    opls_146    43.491520    6.740580   -0.073830
296    opls_146    40.641830    3.970630    1.801460
297    opls_146    42.446080    2.200710    1.918950
298    opls_144    42.255090    8.064760    0.428270
299    opls_146    41.580160   10.399100    0.734430
300    opls_146    39.799940   12.157440    1.141080
301    opls_146    36.740440    9.013160    1.318600
302    opls_146    38.513700    7.260120    0.952110
303    opls_140    39.572480   12.973670    1.813770
304    opls_140    38.865430   13.920130    3.247840
305    opls_140    38.059740   15.710320    1.716900
306    opls_140    38.685850   14.758060    0.245900
307    opls_140    41.004920   14.904710    1.053200
308    opls_140    40.449380   15.644230    2.667400
309    opls_140    40.814510   16.903300   -0.063830
310    opls_140    40.829920   17.660660    1.635310
311    opls_140    39.210620   17.333110    0.777650
312    opls_547    25.097540   19.141630    2.342600
313    opls_547    28.306350   22.651570    3.777130
314    opls_146    21.611480   19.168160   -0.025060
315    opls_146    19.836520   17.379420   -0.073830
316    opls_146    16.986830   20.149370    1.801460
317    opls_146    18.791080   21.919290    1.918950
318    opls_144    18.600090   16.055240    0.428270
319    opls_146    17.925160   13.720900    0.734430
320    opls_146    16.144940   11.962560    1.141080
321    opls_146    13.085440   15.106840    1.318600
322    opls_146    14.858700   16.859880    0.952110
323    opls_140    15.917480   11.146330    1.813770
324    opls_140    15.210430   10.199870    3.247840
325    opls_140    14.404740    8.409680    1.716900
326    opls_140    15.030850    9.361940    0.245900
327    opls_140    17.349920    9.215290    1.053200
328    opls_140    16.794380    8.475770    2.667400
329    opls_140    17.159510    7.216700   -0.063830
330    opls_140    17.174920    6.459340    1.635310
331    opls_140    15.555620    6.786890    0.777650
332    opls_547     1.442540   43.261630    2.342600
333    opls_547     4.651350   46.771570    3.777130
334    opls_146    45.266480   43.288160   -0.025060
335    opls_146    43.491520   41.499420   -0.073830
336    opls_146    40.641830   44.269370    1.801460
337    opls_146    42.446080   46.039290    1.918950
338    opls_144    42.255090   40.175240    0.428270
339    opls_146    41.580160   37.840900    0.734430
340    opls_146    39.799940   36.082560    1.141080
341    opls_146    36.740440   39.226840    1.318600
342    opls_146    38.513700   40.979880    0.952110
343    opls_140    39.572480   35.266330    1.813770
344    opls_140    38.865430   34.319870    3.247840
345    opls_140    38.059740   32.529680    1.716900
346    opls_140    38.685850   33.481940    0.245900
347    opls_140    41.004920   33.335290    1.053200
348    opls_140    40.449380   32.595770    2.667400
349    opls_140    40.814510   31.336700   -0.063830
350    opls_140    40.829920   30.579340    1.635310
351    opls_140    39.210620   30.906890    0.777650
352    opls_547    22.312700   19.141630    1.386050
353    opls_547    19.103890   22.651570   -0.048470
354    opls_146    25.798760   19.168160    3.753710
355    opls_146    27.573730   17.379420    3.802480
356    opls_146    30.423410   20.149370    1.927190
357    opls_146    28.619160   21.919290    1.809700
358    opls_144    28.810160   16.055240    3.300380
359    opls_146    29.485080   13.720900    2.994220
360    opls_146    31.265310   11.962560    2.587570
361    opls_146    34.324800   15.106840    2.410050
362    opls_146    32.551540   16.859880    2.776540
363    opls_140    31.492760   11.146330    1.914890
364    opls_140    32.199810   10.199870    0.480810
365    opls_140    33.005500    8.409680    2.011760
366    opls_140    32.379400    9.361940    3.482750
367    opls_140    30.060320    9.215290    2.675460
368    opls_140    30.615870    8.475770    1.061250
369    opls_140    30.250730    7.216700    3.792490
370    opls_140    30.235330    6.459340    2.093340
371    opls_140    31.854620    6.786890    2.951000
372    opls_547    45.967700   43.261630    1.386050
373    opls_547    42.758890   46.771570   -0.048470
374    opls_146     2.143760   43.288160    3.753710
375    opls_146     3.918730   41.499420    3.802480
376    opls_146     6.768410   44.269370    1.927190
377    opls_146     4.964160   46.039290    1.809700
378    opls_144     5.155160   40.175240    3.300380
379    opls_146     5.830080   37.840900    2.994220
380    opls_146     7.610310   36.082560    2.587570
381    opls_146    10.669800   39.226840    2.410050
382    opls_146     8.896540   40.979880    2.776540
383    opls_140     7.837760   35.266330    1.914890
384    opls_140     8.544810   34.319870    0.480810
385    opls_140     9.350500   32.529680    2.011760
386    opls_140     8.724400   33.481940    3.482750
387    opls_140     6.405320   33.335290    2.675460
388    opls_140     6.960870   32.595770    1.061250
389    opls_140     6.595730   31.336700    3.792490
390    opls_140     6.580330   30.579340    2.093340
391    opls_140     8.199620   30.906890    2.951000
392    F2_Ni4+2    23.705120   24.120000    1.864330
393    F2_Ni4+2     0.050120   48.240000    1.864330
