0      opls_145    -0.562550    5.701540    1.032910
1      opls_145     0.683440    5.053950    0.964110
2      opls_523     0.786190    3.682490    0.905580
3      opls_700    -0.392210    2.878660    0.915350
4      opls_523    -1.659570    3.532800    0.963470
5      opls_145    -1.726590    4.907740    1.026290
6      opls_531    11.601640   21.255600    0.941340
7      opls_531   -11.632380   21.398760    0.908480
8      opls_531    -0.305120    1.493260    0.906840
9      opls_145     8.089130   18.927570    1.134010
10     opls_145     9.358470   18.316800    1.104240
11     opls_523    10.514380   19.062890    1.025780
12     opls_700    10.446200   20.487510    0.981890
13     opls_523     9.160730   21.105910    1.001000
14     opls_145     8.025760   20.330620    1.074660
15     opls_700   -10.388830   20.781890    0.917060
16     opls_523   -10.281370   19.359880    0.947140
17     opls_145    -9.041090   18.765020    1.002070
18     opls_145    -7.856680   19.521780    1.027610
19     opls_145    -7.962870   20.926140    0.982270
20     opls_523    -9.188240   21.553470    0.923300
21     opls_142    -5.426850   19.321100    1.268280
22     opls_521    -4.308610   18.401130    1.364710
23     opls_521    -3.499380   16.203840    1.324660
24     opls_700    -2.186200   16.596710    1.563300
25     opls_523    -1.964620   17.993220    1.693350
26     opls_522    -3.010640   18.872880    1.596100
27     opls_700    -1.129460   15.601780    1.648700
28     opls_145     0.224790   15.980490    1.689880
29     opls_700     1.288980   15.060080    1.693790
30     opls_145     0.942220   13.696690    1.703380
31     opls_700    -0.387140   13.237800    1.663460
32     opls_145    -1.394900   14.220300    1.657340
33     opls_700     2.678600   15.481280    1.649640
34     opls_521     2.998050   16.807200    1.373160
35     opls_521     5.303470   16.421520    1.511270
36     opls_522     5.059790   15.070330    1.787380
37     opls_523     3.774330   14.601190    1.852780
38     opls_700    -0.717820   11.826250    1.593320
39     opls_521     0.269790   10.892330    1.294010
40     opls_521    -1.213740    9.085300    1.421340
41     opls_522    -2.261660    9.966910    1.716430
42     opls_523    -2.026300   11.313970    1.798100
43     opls_142    -1.450110    7.655660    1.338720
44     opls_142     6.659740   16.933140    1.440450
45     opls_520    24.036830    0.801210    0.931060
46     opls_520    12.776610   20.605180    0.933580
47     opls_520     0.923960    0.951350    0.895930
48     opls_750     6.888490   18.198480    1.219780
49     opls_750    -6.623900   18.847170    1.101470
50     opls_520    -4.517540   17.077170    1.229490
51     opls_520     4.264350   17.253890    1.305420
52     opls_520     0.024710    9.573170    1.210510
53     opls_750    -0.592510    7.106770    1.108720
54     opls_146     1.624810    5.696970    0.957420
55     opls_526     1.812590    3.189600    0.849390
56     opls_526    -2.619460    2.917880    0.949980
57     opls_146    -2.740180    5.427430    1.074350
58     opls_146     9.416350   17.178930    1.146620
59     opls_526    11.527820   18.542110    0.995760
60     opls_526     9.073910   22.241810    0.955210
61     opls_146     6.998210   20.824160    1.088850
62     opls_526   -11.221720   18.715990    0.925700
63     opls_146    -8.954530   17.628680    1.028060
64     opls_146    -7.022010   21.569600    0.993940
65     opls_526    -9.244710   22.691120    0.879410
66     opls_144    -5.264430   20.447420    1.337270
67     opls_524    -3.694110   15.086670    1.208490
68     opls_526    -0.911820   18.388490    1.879710
69     opls_146     0.438910   17.099840    1.721100
70     opls_146     1.757790   12.901360    1.745190
71     opls_146    -2.492160   13.911320    1.659290
72     opls_524     2.130140   17.525830    1.200480
73     opls_525     5.932460   14.357140    1.958480
74     opls_526     3.579970   13.499270    2.071180
75     opls_524     1.323870   11.288470    1.116290
76     opls_525    -3.314000    9.563800    1.889420
77     opls_526    -2.883020   12.029110    2.031260
78     opls_144    -2.504050    7.243400    1.475260
79     opls_144     7.543540   16.226280    1.577940
80     opls_525    -2.825450   19.992440    1.703630
