0      opls_145     0.000000    2.528040   11.827760
1      opls_166     0.000000    3.461910   10.762660
2      opls_700    26.689600    2.990570    9.424290
3      opls_145     0.000000    1.607780    9.156520
4      opls_700    26.689600    0.723560   10.228860
5      opls_700    26.689600    1.164730   11.535760
6      opls_142    26.689600    3.950590    8.310230
7      opls_145    26.689600    5.837280    6.130820
8      opls_145    26.689600    6.677200    5.018510
9      opls_700     0.000000    6.182380    3.701870
10     opls_700     0.000000    4.759820    3.547250
11     opls_145    26.689600    3.926570    4.671050
12     opls_145    26.689600    4.450760    5.960710
13     opls_181    26.689600    5.258650   12.353070
14     opls_148    26.689600    4.057620    2.231370
15     opls_701    26.689600    0.000000   12.489450
16     opls_145    13.344800   10.816760   24.317210
17     opls_166    13.344800    9.882890   23.252110
18     opls_700    13.344800   10.354230   21.913740
19     opls_145    13.344800   11.737020   21.645970
20     opls_700    13.344800   12.621240   22.718310
21     opls_700    13.344800   12.180070   24.025210
22     opls_142    13.344800    9.394210   20.799680
23     opls_145    13.344800    7.507520   18.620270
24     opls_145    13.344800    6.667600   17.507960
25     opls_700    13.344800    7.162420   16.191320
26     opls_700    13.344800    8.584980   16.036700
27     opls_145    13.344800    9.418230   17.160500
28     opls_145    13.344800    8.894040   18.450160
29     opls_181    13.344800    8.086150   24.842520
30     opls_148    13.344800    9.287180   14.720820
31     opls_701    13.344800   13.344800    0.000000
32     opls_145    24.161560   13.344800   18.072480
33     opls_166    23.227690   13.344800   17.007380
34     opls_700    23.699030   13.344800   15.669010
35     opls_145    25.081820   13.344800   15.401240
36     opls_700    25.966040   13.344800   16.473580
37     opls_700    25.524870   13.344800   17.780480
38     opls_142    22.739010   13.344800   14.554960
39     opls_145    20.852320   13.344800   12.375550
40     opls_145    20.012400   13.344800   11.263240
41     opls_700    20.507220   13.344800    9.946600
42     opls_700    21.929780   13.344800    9.791980
43     opls_145    22.763030   13.344800   10.915780
44     opls_145    22.238840   13.344800   12.205440
45     opls_181    21.430950   13.344800   18.597790
46     opls_148    22.631980   13.344800    8.476090
47     opls_701    26.689600   13.344800   18.734180
48     opls_145    15.872840    0.000000    5.583030
49     opls_166    16.806710    0.000000    4.517930
50     opls_700    16.335370    0.000000    3.179560
51     opls_145    14.952580    0.000000    2.911790
52     opls_700    14.068360    0.000000    3.984130
53     opls_700    14.509530    0.000000    5.291030
54     opls_142    17.295390    0.000000    2.065510
55     opls_145    19.182080    0.000000   24.865000
56     opls_145    20.022000    0.000000   23.752690
57     opls_700    19.527180    0.000000   22.436050
58     opls_700    18.104620    0.000000   22.281430
59     opls_145    17.271370    0.000000   23.405230
60     opls_145    17.795560    0.000000   24.694890
61     opls_181    18.603450    0.000000    6.108340
62     opls_148    17.402420    0.000000   20.965540
63     opls_701    13.344800    0.000000    6.244720
64     opls_145    26.689600   10.816760   19.395870
65     opls_166    26.689600    9.882890   20.460970
66     opls_700     0.000000   10.354230   21.799340
67     opls_145     0.000000   11.737020   22.067110
68     opls_700     0.000000   12.621240   20.994770
69     opls_700     0.000000   12.180070   19.687870
70     opls_142     0.000000    9.394210   22.913390
71     opls_145     0.000000    7.507520    0.113900
72     opls_145     0.000000    6.667600    1.226210
73     opls_700     0.000000    7.162420    2.542850
74     opls_700    26.689600    8.584980    2.697470
75     opls_145     0.000000    9.418230    1.573670
76     opls_145     0.000000    8.894040    0.284010
77     opls_181     0.000000    8.086150   18.870560
78     opls_148     0.000000    9.287180    4.013360
79     opls_145    13.344800    2.528040    6.906420
80     opls_166    13.344800    3.461910    7.971520
81     opls_700    13.344800    2.990570    9.309890
82     opls_145    13.344800    1.607780    9.577660
83     opls_700    13.344800    0.723560    8.505320
84     opls_700    13.344800    1.164730    7.198420
85     opls_142    13.344800    3.950590   10.423940
86     opls_145    13.344800    5.837280   12.603350
87     opls_145    13.344800    6.677200   13.715660
88     opls_700    13.344800    6.182380   15.032300
89     opls_700    13.344800    4.759820   15.186920
90     opls_145    13.344800    3.926570   14.063120
91     opls_145    13.344800    4.450760   12.773460
92     opls_181    13.344800    5.258650    6.381110
93     opls_148    13.344800    4.057620   16.502810
94     opls_145     2.528040    0.000000   13.151140
95     opls_166     3.461910    0.000000   14.216240
96     opls_700     2.990570    0.000000   15.554610
97     opls_145     1.607780    0.000000   15.822380
98     opls_700     0.723560    0.000000   14.750040
99     opls_700     1.164730    0.000000   13.443140
100    opls_142     3.950590    0.000000   16.668670
101    opls_145     5.837280    0.000000   18.848080
102    opls_145     6.677200    0.000000   19.960390
103    opls_700     6.182380    0.000000   21.277030
104    opls_700     4.759820    0.000000   21.431650
105    opls_145     3.926570    0.000000   20.307850
106    opls_145     4.450760    0.000000   19.018190
107    opls_181     5.258650    0.000000   12.625830
108    opls_148     4.057620    0.000000   22.747530
109    opls_145    10.816760   13.344800    0.661690
110    opls_166     9.882890   13.344800    1.726790
111    opls_700    10.354230   13.344800    3.065160
112    opls_145    11.737020   13.344800    3.332930
113    opls_700    12.621240   13.344800    2.260590
114    opls_700    12.180070   13.344800    0.953690
115    opls_142     9.394210   13.344800    4.179220
116    opls_145     7.507520   13.344800    6.358630
117    opls_145     6.667600   13.344800    7.470940
118    opls_700     7.162420   13.344800    8.787580
119    opls_700     8.584980   13.344800    8.942200
120    opls_145     9.418230   13.344800    7.818400
121    opls_145     8.894040   13.344800    6.528740
122    opls_181     8.086150   13.344800    0.136380
123    opls_148     9.287180   13.344800   10.258080
124    opls_145    10.816760    0.000000    5.583030
125    opls_166     9.882890    0.000000    4.517930
126    opls_700    10.354230    0.000000    3.179560
127    opls_145    11.737020    0.000000    2.911790
128    opls_700    12.621240    0.000000    3.984130
129    opls_700    12.180070    0.000000    5.291030
130    opls_142     9.394210    0.000000    2.065510
131    opls_145     7.507520    0.000000   24.865000
132    opls_145     6.667600    0.000000   23.752690
133    opls_700     7.162420    0.000000   22.436050
134    opls_700     8.584980    0.000000   22.281430
135    opls_145     9.418230    0.000000   23.405230
136    opls_145     8.894040    0.000000   24.694890
137    opls_181     8.086150    0.000000    6.108340
138    opls_148     9.287180    0.000000   20.965540
139    opls_145     2.528040   13.344800   18.072480
140    opls_166     3.461910   13.344800   17.007380
141    opls_700     2.990570   13.344800   15.669010
142    opls_145     1.607780   13.344800   15.401240
143    opls_700     0.723560   13.344800   16.473580
144    opls_700     1.164730   13.344800   17.780480
145    opls_142     3.950590   13.344800   14.554960
146    opls_145     5.837280   13.344800   12.375550
147    opls_145     6.677200   13.344800   11.263240
148    opls_700     6.182380   13.344800    9.946600
149    opls_700     4.759820   13.344800    9.791980
150    opls_145     3.926570   13.344800   10.915780
151    opls_145     4.450760   13.344800   12.205440
152    opls_181     5.258650   13.344800   18.597790
153    opls_148     4.057620   13.344800    8.476090
154    opls_145     0.000000   24.161560   11.827760
155    opls_166     0.000000   23.227690   10.762660
156    opls_700     0.000000   23.699030    9.424290
157    opls_145     0.000000   25.081820    9.156520
158    opls_700     0.000000   25.966040   10.228860
159    opls_700     0.000000   25.524870   11.535760
160    opls_142     0.000000   22.739010    8.310230
161    opls_145     0.000000   20.852320    6.130820
162    opls_145     0.000000   20.012400    5.018510
163    opls_700     0.000000   20.507220    3.701870
164    opls_700     0.000000   21.929780    3.547250
165    opls_145     0.000000   22.763030    4.671050
166    opls_145     0.000000   22.238840    5.960710
167    opls_181     0.000000   21.430950   12.353070
168    opls_148     0.000000   22.631980    2.231370
169    opls_145    13.344800   15.872840   24.317210
170    opls_166    13.344800   16.806710   23.252110
171    opls_700    13.344800   16.335370   21.913740
172    opls_145    13.344800   14.952580   21.645970
173    opls_700    13.344800   14.068360   22.718310
174    opls_700    13.344800   14.509530   24.025210
175    opls_142    13.344800   17.295390   20.799680
176    opls_145    13.344800   19.182080   18.620270
177    opls_145    13.344800   20.022000   17.507960
178    opls_700    13.344800   19.527180   16.191320
179    opls_700    13.344800   18.104620   16.036700
180    opls_145    13.344800   17.271370   17.160500
181    opls_145    13.344800   17.795560   18.450160
182    opls_181    13.344800   18.603450   24.842520
183    opls_148    13.344800   17.402420   14.720820
184    opls_145    13.344800   24.161560    6.906420
185    opls_166    13.344800   23.227690    7.971520
186    opls_700    13.344800   23.699030    9.309890
187    opls_145    13.344800   25.081820    9.577660
188    opls_700    13.344800   25.966040    8.505320
189    opls_700    13.344800   25.524870    7.198420
190    opls_142    13.344800   22.739010   10.423940
191    opls_145    13.344800   20.852320   12.603350
192    opls_145    13.344800   20.012400   13.715660
193    opls_700    13.344800   20.507220   15.032300
194    opls_700    13.344800   21.929780   15.186920
195    opls_145    13.344800   22.763030   14.063120
196    opls_145    13.344800   22.238840   12.773460
197    opls_181    13.344800   21.430950    6.381110
198    opls_148    13.344800   22.631980   16.502810
199    opls_145     0.000000   15.872840   19.395870
200    opls_166     0.000000   16.806710   20.460970
201    opls_700     0.000000   16.335370   21.799340
202    opls_145     0.000000   14.952580   22.067110
203    opls_700     0.000000   14.068360   20.994770
204    opls_700     0.000000   14.509530   19.687870
205    opls_142     0.000000   17.295390   22.913390
206    opls_145     0.000000   19.182080    0.113900
207    opls_145     0.000000   20.022000    1.226210
208    opls_700     0.000000   19.527180    2.542850
209    opls_700     0.000000   18.104620    2.697470
210    opls_145     0.000000   17.271370    1.573670
211    opls_145     0.000000   17.795560    0.284010
212    opls_181     0.000000   18.603450   18.870560
213    opls_148     0.000000   17.402420    4.013360
214    opls_145    15.872840   13.344800    0.661690
215    opls_166    16.806710   13.344800    1.726790
216    opls_700    16.335370   13.344800    3.065160
217    opls_145    14.952580   13.344800    3.332930
218    opls_700    14.068360   13.344800    2.260590
219    opls_700    14.509530   13.344800    0.953690
220    opls_142    17.295390   13.344800    4.179220
221    opls_145    19.182080   13.344800    6.358630
222    opls_145    20.022000   13.344800    7.470940
223    opls_700    19.527180   13.344800    8.787580
224    opls_700    18.104620   13.344800    8.942200
225    opls_145    17.271370   13.344800    7.818400
226    opls_145    17.795560   13.344800    6.528740
227    opls_181    18.603450   13.344800    0.136380
228    opls_148    17.402420   13.344800   10.258080
229    opls_145    24.161560    0.000000   13.151140
230    opls_166    23.227690    0.000000   14.216240
231    opls_700    23.699030    0.000000   15.554610
232    opls_145    25.081820    0.000000   15.822380
233    opls_700    25.966040    0.000000   14.750040
234    opls_700    25.524870    0.000000   13.443140
235    opls_142    22.739010    0.000000   16.668670
236    opls_145    20.852320    0.000000   18.848080
237    opls_145    20.012400    0.000000   19.960390
238    opls_700    20.507220    0.000000   21.277030
239    opls_700    21.929780    0.000000   21.431650
240    opls_145    22.763030    0.000000   20.307850
241    opls_145    22.238840    0.000000   19.018190
242    opls_181    21.430950    0.000000   12.625830
243    opls_148    22.631980    0.000000   22.747530
244    opls_750     0.000000    3.553190    7.076020
245    opls_750    13.344800    9.791610   19.565470
246    opls_750    23.136410   13.344800   13.320750
247    opls_750    16.897990    0.000000    0.831300
248    opls_750    26.689600    9.791610   24.147600
249    opls_750    13.344800    3.553190   11.658150
250    opls_750     3.553190    0.000000   17.902880
251    opls_750     9.791610   13.344800    5.413430
252    opls_750     9.791610    0.000000    0.831300
253    opls_750     3.553190   13.344800   13.320750
254    opls_750     0.000000   23.136410    7.076020
255    opls_750    13.344800   16.897990   19.565470
256    opls_750    13.344800   23.136410   11.658150
257    opls_750     0.000000   16.897990   24.147600
258    opls_750    16.897990   13.344800    5.413430
259    opls_750    23.136410    0.000000   17.902880
260    opls_179     0.000000    4.851640   10.988470
261    opls_179    13.344800    8.493160   23.477920
262    opls_179    21.837960   13.344800   17.233190
263    opls_179    18.196440    0.000000    4.743740
264    opls_179    26.689600    8.493160   20.235160
265    opls_179    13.344800    4.851640    7.745710
266    opls_179     4.851640    0.000000   13.990430
267    opls_179     8.493160   13.344800    1.500980
268    opls_179     8.493160    0.000000    4.743740
269    opls_179     4.851640   13.344800   17.233190
270    opls_179     0.000000   21.837960   10.988470
271    opls_179    13.344800   18.196440   23.477920
272    opls_179    13.344800   21.837960    7.745710
273    opls_179     0.000000   18.196440   20.235160
274    opls_179    18.196440   13.344800    1.500980
275    opls_179    21.837960    0.000000   13.990430
276    opls_185    27.227130    6.259240   12.451230
277    opls_185    27.227130    4.475310   12.983280
278    opls_185    25.614810    5.367280   12.717260
279    opls_702    27.226860    3.057560    2.334530
280    opls_702    27.226860    4.699770    1.458020
281    opls_702    25.614810    3.878800    1.896150
282    opls_146     0.000000    2.894490   12.907100
283    opls_146     0.000000    1.236000    8.078930
284    opls_144    26.689600    5.070490    8.523050
285    opls_146    26.689600    6.281930    7.180680
286    opls_146    26.689600    7.808580    5.158390
287    opls_146    26.689600    2.793870    4.540910
288    opls_185    12.807270    7.085560   24.940680
289    opls_185    12.807270    8.869490   25.472730
290    opls_185    14.419590    7.977520   25.206710
291    opls_702    12.807540   10.287240   14.823980
292    opls_702    12.807540    8.645030   13.947470
293    opls_702    14.419590    9.466000   14.385600
294    opls_146    13.344800   10.450310   25.396550
295    opls_146    13.344800   12.108800   20.568380
296    opls_144    13.344800    8.274310   21.012500
297    opls_146    13.344800    7.062870   19.670130
298    opls_146    13.344800    5.536220   17.647840
299    opls_146    13.344800   10.550930   17.030360
300    opls_185    20.430360   13.882330   18.695960
301    opls_185    22.214290   13.882330   19.228010
302    opls_185    21.322320   12.270010   18.961980
303    opls_702    23.632040   13.882060    8.579250
304    opls_702    21.989830   13.882060    7.702740
305    opls_702    22.810800   12.270010    8.140870
306    opls_146    23.795110   13.344800   19.151820
307    opls_146    25.453600   13.344800   14.323650
308    opls_144    21.619110   13.344800   14.767780
309    opls_146    20.407670   13.344800   13.425410
310    opls_146    18.881020   13.344800   11.403120
311    opls_146    23.895730   13.344800   10.785640
312    opls_185    19.604040   -0.537530    6.206510
313    opls_185    17.820110   -0.537530    6.738560
314    opls_185    18.712080    1.074790    6.472530
315    opls_702    16.402360   -0.537260   21.068700
316    opls_702    18.044570   -0.537260   20.192190
317    opls_702    17.223600    1.074790   20.630320
318    opls_146    16.239290    0.000000    6.662370
319    opls_146    14.580800    0.000000    1.834200
320    opls_144    18.415290    0.000000    2.278330
321    opls_146    19.626730    0.000000   25.914860
322    opls_146    21.153380    0.000000   23.892570
323    opls_146    16.138670    0.000000   23.275090
324    opls_185    -0.537530    7.085560   18.772390
325    opls_185    -0.537530    8.869490   18.240340
326    opls_185     1.074790    7.977520   18.506370
327    opls_702    -0.537260   10.287240    3.910200
328    opls_702    -0.537260    8.645030    4.786710
329    opls_702     1.074790    9.466000    4.348580
330    opls_146    26.689600   10.450310   18.316530
331    opls_146     0.000000   12.108800   23.144700
332    opls_144     0.000000    8.274310   22.700570
333    opls_146     0.000000    7.062870   -0.935960
334    opls_146     0.000000    5.536220    1.086330
335    opls_146     0.000000   10.550930    1.703810
336    opls_185    13.882330    6.259240    6.282940
337    opls_185    13.882330    4.475310    5.750890
338    opls_185    12.270010    5.367280    6.016920
339    opls_702    13.882060    3.057560   16.399650
340    opls_702    13.882060    4.699770   17.276160
341    opls_702    12.270010    3.878800   16.838030
342    opls_146    13.344800    2.894490    5.827080
343    opls_146    13.344800    1.236000   10.655250
344    opls_144    13.344800    5.070490   10.211120
345    opls_146    13.344800    6.281930   11.553490
346    opls_146    13.344800    7.808580   13.575780
347    opls_146    13.344800    2.793870   14.193260
348    opls_185     6.259240   -0.537530   12.527670
349    opls_185     4.475310   -0.537530   11.995620
350    opls_185     5.367280    1.074790   12.261640
351    opls_702     3.057560   -0.537260   22.644370
352    opls_702     4.699770   -0.537260   23.520880
353    opls_702     3.878800    1.074790   23.082750
354    opls_146     2.894490    0.000000   12.071800
355    opls_146     1.236000    0.000000   16.899970
356    opls_144     5.070490    0.000000   16.455850
357    opls_146     6.281930    0.000000   17.798220
358    opls_146     7.808580    0.000000   19.820510
359    opls_146     2.793870    0.000000   20.437990
360    opls_185     7.085560   13.882330    0.038220
361    opls_185     8.869490   13.882330   -0.493830
362    opls_185     7.977520   12.270010   -0.227810
363    opls_702    10.287240   13.882060   10.154920
364    opls_702     8.645030   13.882060   11.031430
365    opls_702     9.466000   12.270010   10.593300
366    opls_146    10.450310   13.344800   -0.417650
367    opls_146    12.108800   13.344800    4.410520
368    opls_144     8.274310   13.344800    3.966400
369    opls_146     7.062870   13.344800    5.308770
370    opls_146     5.536220   13.344800    7.331060
371    opls_146    10.550930   13.344800    7.948540
372    opls_185     7.085560    0.537530    6.206510
373    opls_185     8.869490    0.537530    6.738560
374    opls_185     7.977520   -1.074790    6.472530
375    opls_702    10.287240    0.537260   21.068700
376    opls_702     8.645030    0.537260   20.192190
377    opls_702     9.466000   -1.074790   20.630320
378    opls_146    10.450310    0.000000    6.662370
379    opls_146    12.108800    0.000000    1.834200
380    opls_144     8.274310    0.000000    2.278330
381    opls_146     7.062870    0.000000   25.914860
382    opls_146     5.536220    0.000000   23.892570
383    opls_146    10.550930    0.000000   23.275090
384    opls_185     6.259240   12.807270   18.695960
385    opls_185     4.475310   12.807270   19.228010
386    opls_185     5.367280   14.419590   18.961980
387    opls_702     3.057560   12.807540    8.579250
388    opls_702     4.699770   12.807540    7.702740
389    opls_702     3.878800   14.419590    8.140870
390    opls_146     2.894490   13.344800   19.151820
391    opls_146     1.236000   13.344800   14.323650
392    opls_144     5.070490   13.344800   14.767780
393    opls_146     6.281930   13.344800   13.425410
394    opls_146     7.808580   13.344800   11.403120
395    opls_146     2.793870   13.344800   10.785640
396    opls_185    -0.537530   20.430360   12.451230
397    opls_185    -0.537530   22.214290   12.983280
398    opls_185     1.074790   21.322320   12.717260
399    opls_702    -0.537260   23.632040    2.334530
400    opls_702    -0.537260   21.989830    1.458020
401    opls_702     1.074790   22.810800    1.896150
402    opls_146     0.000000   23.795110   12.907100
403    opls_146     0.000000   25.453600    8.078930
404    opls_144     0.000000   21.619110    8.523050
405    opls_146     0.000000   20.407670    7.180680
406    opls_146     0.000000   18.881020    5.158390
407    opls_146     0.000000   23.895730    4.540910
408    opls_185    13.882330   19.604040   24.940680
409    opls_185    13.882330   17.820110   25.472730
410    opls_185    12.270010   18.712080   25.206710
411    opls_702    13.882060   16.402360   14.823980
412    opls_702    13.882060   18.044570   13.947470
413    opls_702    12.270010   17.223600   14.385600
414    opls_146    13.344800   16.239290   25.396550
415    opls_146    13.344800   14.580800   20.568380
416    opls_144    13.344800   18.415290   21.012500
417    opls_146    13.344800   19.626730   19.670130
418    opls_146    13.344800   21.153380   17.647840
419    opls_146    13.344800   16.138670   17.030360
420    opls_185    12.807270   20.430360    6.282940
421    opls_185    12.807270   22.214290    5.750890
422    opls_185    14.419590   21.322320    6.016920
423    opls_702    12.807540   23.632040   16.399650
424    opls_702    12.807540   21.989830   17.276160
425    opls_702    14.419590   22.810800   16.838030
426    opls_146    13.344800   23.795110    5.827080
427    opls_146    13.344800   25.453600   10.655250
428    opls_144    13.344800   21.619110   10.211120
429    opls_146    13.344800   20.407670   11.553490
430    opls_146    13.344800   18.881020   13.575780
431    opls_146    13.344800   23.895730   14.193260
432    opls_185     0.537530   19.604040   18.772390
433    opls_185     0.537530   17.820110   18.240340
434    opls_185    -1.074790   18.712080   18.506370
435    opls_702     0.537260   16.402360    3.910200
436    opls_702     0.537260   18.044570    4.786710
437    opls_702    -1.074790   17.223600    4.348580
438    opls_146     0.000000   16.239290   18.316530
439    opls_146     0.000000   14.580800   23.144700
440    opls_144     0.000000   18.415290   22.700570
441    opls_146     0.000000   19.626730   -0.935960
442    opls_146     0.000000   21.153380    1.086330
443    opls_146     0.000000   16.138670    1.703810
444    opls_185    19.604040   12.807270    0.038220
445    opls_185    17.820110   12.807270   -0.493830
446    opls_185    18.712080   14.419590   -0.227810
447    opls_702    16.402360   12.807540   10.154920
448    opls_702    18.044570   12.807540   11.031430
449    opls_702    17.223600   14.419590   10.593300
450    opls_146    16.239290   13.344800   -0.417650
451    opls_146    14.580800   13.344800    4.410520
452    opls_144    18.415290   13.344800    3.966400
453    opls_146    19.626730   13.344800    5.308770
454    opls_146    21.153380   13.344800    7.331060
455    opls_146    16.138670   13.344800    7.948540
456    opls_185    20.430360    0.537530   12.527670
457    opls_185    22.214290    0.537530   11.995620
458    opls_185    21.322320   -1.074790   12.261640
459    opls_702    23.632040    0.537260   22.644370
460    opls_702    21.989830    0.537260   23.520880
461    opls_702    22.810800   -1.074790   23.082750
462    opls_146    23.795110    0.000000   12.071800
463    opls_146    25.453600    0.000000   16.899970
464    opls_144    21.619110    0.000000   16.455850
465    opls_146    20.407670    0.000000   17.798220
466    opls_146    18.881020    0.000000   19.820510
467    opls_146    23.895730    0.000000   20.437990
