0      opls_700     4.417780    1.730350    8.286850
1      opls_700     3.013320    1.730350    8.882430
2      opls_145     1.858590    1.730350    8.061560
3      opls_145     0.574210    1.730350    8.603560
4      opls_700     0.367510    1.730350    9.986750
5      opls_145     1.496360    1.730350   10.822860
6      opls_145     2.788940    1.730350   10.282990
7      opls_142    -1.043110    1.730350   10.472890
8      opls_142    -1.427510    1.730350   11.764980
9      opls_700    -2.841140    1.730350   12.350560
10     opls_700    -2.975180    1.730350   13.777010
11     opls_521    -4.271620    1.730350   14.385370
12     opls_521    -5.301610    1.730350   12.226700
13     opls_700    -4.041950    1.730350   11.578850
14     opls_142    -4.596170    1.730350   15.855230
15     opls_142    -6.565670    1.730350   11.436140
16     opls_145     5.572420    1.730350    9.109690
17     opls_700     6.878610    1.730350    8.578660
18     opls_145     6.994980    1.730350    7.174990
19     opls_700     5.896670    1.730350    6.297430
20     opls_145     4.617580    1.730350    6.883510
21     opls_423    -1.768530    1.730350   14.570520
22     opls_423    -4.043250    1.730350   10.135030
23     opls_700     8.125120    1.730350    9.464580
24     opls_700     6.101710    1.730350    4.781520
25     opls_145     9.421870    1.730350    8.898320
26     opls_145    10.569570    1.730350    9.676920
27     opls_700    10.504650    1.730350   11.079610
28     opls_145     9.232270    1.730350   11.670110
29     opls_145     8.063990    1.730350   10.883160
30     opls_145     5.018500    1.730350    3.860710
31     opls_145     5.231440    1.730350    2.469980
32     opls_700     6.533920    1.730350    1.948620
33     opls_145     7.604870    1.730350    2.843390
34     opls_145     7.401710    1.730350    4.216580
35     opls_142    11.731540    1.730350   11.942090
36     opls_142     6.872740    1.730350    0.501700
37     opls_520    -5.362790    1.730350   13.578920
38     opls_262    -0.783140    1.730350   15.179860
39     opls_262    -4.081440    1.730350    8.977130
40     opls_146     1.896850    1.730350    6.989350
41     opls_146    -0.271710    1.730350    7.926390
42     opls_146     1.408150    1.730350   11.897360
43     opls_146     3.588980    1.730350   10.999650
44     opls_144    -1.751600    1.730350    9.681510
45     opls_144    -0.621680    1.730350   12.471480
46     opls_144    -5.653210    1.730350   16.073150
47     opls_144    -6.446070    1.730350   10.376540
48     opls_146     5.462400    1.730350   10.167150
49     opls_146     7.955960    1.730350    6.755220
50     opls_146     3.779010    1.730350    6.234840
51     opls_146     9.618440    1.730350    7.845120
52     opls_146    11.496090    1.730350    9.131310
53     opls_146     9.139760    1.730350   12.748550
54     opls_146     7.129800    1.730350   11.416150
55     opls_146     3.991640    1.730350    4.179060
56     opls_146     4.372470    1.730350    1.816890
57     opls_146     8.625010    1.730350    2.476540
58     opls_146     8.307440    1.730350    4.789880
59     opls_144    11.607000    1.730350   13.018070
60     opls_144     7.920540    1.730350    0.330970
