0      opls_702    12.245560   22.261650    0.859140
1      opls_702    -3.224560   37.885710    0.859140
2      opls_702    -9.020330   16.676160    0.859140
3      opls_702     9.931590   16.150300    0.859140
4      opls_702     3.224560   38.938190    0.859140
5      opls_702    31.197480   21.735790    0.859140
6      opls_702     9.931590   16.150300    2.552060
7      opls_702     3.224560   38.938190    2.552060
8      opls_702    31.197480   21.735790    2.552060
9      opls_702    12.245560   22.261650    2.552060
10     opls_702    -3.224560   37.885710    2.552060
11     opls_702    -9.020330   16.676160    2.552060
12     opls_526     1.442620   22.324640    1.705600
13     opls_146     3.619530   21.027090    1.705600
14     opls_146     7.687930   18.261810    1.705600
15     opls_526    18.612390   12.411670    1.705600
16     opls_146    16.400220   13.648150    1.705600
17     opls_146    11.971230   15.788850    1.705600
18     opls_702    13.594370   21.482650    1.705600
19     opls_526     2.122130   28.498980    1.705600
20     opls_146     2.157390   31.033010    1.705600
21     opls_146     2.517990   35.938990    1.705600
22     opls_526    24.299280    9.912970    1.705600
23     opls_146    24.334540    7.378940    1.705600
24     opls_146    24.695140    2.472960    1.705600
25     opls_702    -3.225000   39.443700    1.705600
26     opls_526    -3.564760   26.000280    1.705600
27     opls_146    -5.776930   24.763800    1.705600
28     opls_146   -10.205920   22.623100    1.705600
29     opls_526    23.619770   16.087310    1.705600
30     opls_146    25.796680   17.384860    1.705600
31     opls_146    29.865080   20.150140    1.705600
32     opls_702   -10.369810   15.897550    1.705600
33     opls_526    20.734530   16.087310    1.705600
34     opls_146    18.557620   17.384860    1.705600
35     opls_146    14.489220   20.150140    1.705600
36     opls_526     3.564760   26.000280    1.705600
37     opls_146     5.776930   24.763800    1.705600
38     opls_146    10.205920   22.623100    1.705600
39     opls_702     8.583000   16.928910    1.705600
40     opls_526    20.055020    9.912970    1.705600
41     opls_146    20.019760    7.378940    1.705600
42     opls_146    19.659160    2.472960    1.705600
43     opls_526    -2.122130   28.498980    1.705600
44     opls_146    -2.157390   31.033010    1.705600
45     opls_146    -2.517990   35.938990    1.705600
46     opls_702     3.224560   37.380210    1.705600
47     opls_526    25.741910   12.411670    1.705600
48     opls_146    27.954080   13.648150    1.705600
49     opls_146    32.383070   15.788850    1.705600
50     opls_526    -1.442620   22.324640    1.705600
51     opls_146    -3.619530   21.027090    1.705600
52     opls_146    -7.687930   18.261810    1.705600
53     opls_702    32.546960   22.514400    1.705600
54     opls_167     6.268810   20.667550    1.705600
55     opls_167    14.764220   15.762730    1.705600
56     opls_167     1.144120   33.507130    1.705600
57     opls_167    23.321270    4.904820    1.705600
58     opls_167    -7.412930   22.649220    1.705600
59     opls_167    28.445960   17.744400    1.705600
60     opls_167    15.908340   17.744400    1.705600
61     opls_167     7.412930   22.649220    1.705600
62     opls_167    21.033030    4.904820    1.705600
63     opls_167    -1.144120   33.507130    1.705600
64     opls_167    29.590080   15.762730    1.705600
65     opls_167    -6.268810   20.667550    1.705600
66     opls_166     7.612530   20.397510    1.705600
67     opls_700     9.651270   19.197140    1.705600
68     opls_145     8.228610   19.203670    1.705600
69     opls_523     2.403780   22.831680    1.705600
70     opls_145     3.607340   22.116830    1.705600
71     opls_166    13.858500   16.791400    1.705600
72     opls_700    11.799570   17.956820    1.705600
73     opls_145    12.516560   16.728020    1.705600
74     opls_523    18.570920   13.497580    1.705600
75     opls_145    17.350070   14.182460    1.705600
76     opls_700    11.784270   20.410960    1.705600
77     opls_145     4.814660   22.828220    1.705600
78     opls_531     1.132140   24.954320    1.705600
79     opls_700     2.402890   24.220660    1.705600
80     opls_148    12.518560   21.682780    1.705600
81     opls_166     0.706120   34.805840    1.705600
82     opls_700     0.726300   37.171630    1.705600
83     opls_145     1.431980   35.936300    1.705600
84     opls_523     1.202450   29.077850    1.705600
85     opls_145     1.219740   30.477580    1.705600
86     opls_166    22.883270    3.606110    1.705600
87     opls_700    22.903450    1.240320    1.705600
88     opls_145    23.609130    2.475650    1.705600
89     opls_523    23.379600    9.334100    1.705600
90     opls_145    23.396890    7.934370    1.705600
91     opls_700    -1.391390   38.411950    1.705600
92     opls_145     0.000000   31.167460    1.705600
93     opls_531     0.000000   26.915250    1.705600
94     opls_700     0.000000   28.382590    1.705600
95     opls_148    -2.859970   38.411950    1.705600
96     opls_166    -8.318650   21.620550    1.705600
97     opls_700   -10.377580   20.455130    1.705600
98     opls_145    -9.660590   21.683930    1.705600
99     opls_523    -3.606230   24.914380    1.705600
100    opls_145    -4.827080   24.229490    1.705600
101    opls_166    29.789680   18.014440    1.705600
102    opls_700    31.828420   19.214810    1.705600
103    opls_145    30.405760   19.208280    1.705600
104    opls_523    24.580930   15.580270    1.705600
105    opls_145    25.784490   16.295120    1.705600
106    opls_700    33.961420   18.000990    1.705600
107    opls_145    -4.814660   22.828220    1.705600
108    opls_531    -1.132140   24.954320    1.705600
109    opls_700    -2.402890   24.220660    1.705600
110    opls_148    -9.658590   16.729170    1.705600
111    opls_166    14.564620   18.014440    1.705600
112    opls_700    12.525880   19.214810    1.705600
113    opls_145    13.948540   19.208280    1.705600
114    opls_523    19.773370   15.580270    1.705600
115    opls_145    18.569810   16.295120    1.705600
116    opls_166     8.318650   21.620550    1.705600
117    opls_700    10.377580   20.455130    1.705600
118    opls_145     9.660590   21.683930    1.705600
119    opls_523     3.606230   24.914380    1.705600
120    opls_145     4.827080   24.229490    1.705600
121    opls_700    10.392880   18.000990    1.705600
122    opls_145    17.362490   15.583730    1.705600
123    opls_531    21.045010   13.457630    1.705600
124    opls_700    19.774260   14.191300    1.705600
125    opls_148     9.658590   16.729170    1.705600
126    opls_166    21.471030    3.606110    1.705600
127    opls_700    21.450850    1.240320    1.705600
128    opls_145    20.745170    2.475650    1.705600
129    opls_523    20.974700    9.334100    1.705600
130    opls_145    20.957410    7.934370    1.705600
131    opls_166    -0.706120   34.805840    1.705600
132    opls_700    -0.726300   37.171630    1.705600
133    opls_145    -1.431980   35.936300    1.705600
134    opls_523    -1.202450   29.077850    1.705600
135    opls_145    -1.219740   30.477580    1.705600
136    opls_700     1.391390   38.411950    1.705600
137    opls_145    22.177150    7.244490    1.705600
138    opls_531    22.177150   11.496700    1.705600
139    opls_700    22.177150   10.029360    1.705600
140    opls_148     2.859970   38.411950    1.705600
141    opls_166    30.495800   16.791400    1.705600
142    opls_700    32.554730   17.956820    1.705600
143    opls_145    31.837740   16.728020    1.705600
144    opls_523    25.783380   13.497580    1.705600
145    opls_145    27.004230   14.182460    1.705600
146    opls_166    -7.612530   20.397510    1.705600
147    opls_700    -9.651270   19.197140    1.705600
148    opls_145    -8.228610   19.203670    1.705600
149    opls_523    -2.403780   22.831680    1.705600
150    opls_145    -3.607340   22.116830    1.705600
151    opls_700    32.570030   20.410960    1.705600
152    opls_145    26.991810   15.583730    1.705600
153    opls_531    23.309290   13.457630    1.705600
154    opls_700    24.580040   14.191300    1.705600
155    opls_148    31.835740   21.682780    1.705600
156    opls_520     0.000000   24.253310    1.705600
157    opls_520     1.173170   26.285300    1.705600
158    opls_520    -1.173170   26.285300    1.705600
159    opls_520    22.177150   14.158640    1.705600
160    opls_520    21.003980   12.126650    1.705600
161    opls_520    23.350320   12.126650    1.705600
162    MOF2_B_2     6.139970   22.063060    1.705600
163    MOF2_B_2     0.000000   32.697790    1.705600
164    MOF2_B_2    -6.139970   22.063060    1.705600
165    MOF2_B_2    16.037180   16.348890    1.705600
166    MOF2_B_2    22.177150    5.714160    1.705600
167    MOF2_B_2    28.317120   16.348890    1.705600
