0      opls_633    10.117200    0.280130    1.530150
1      opls_633    29.130430   21.592520    1.529920
2      opls_633    13.052370   -0.472170    2.007050
3      opls_633     7.765490   20.839840    2.006790
4      opls_633    25.947090   39.033170    2.200870
5      opls_633     6.934110   17.721210    2.200610
6      opls_633    23.012050   39.785890    1.723960
7      opls_633    28.298910   18.473470    1.723740
8      opls_716    11.314770    1.606640    1.780820
9      opls_700    10.791480    2.992160    1.745970
10     opls_145    11.049380    3.901060    2.784700
11     opls_145    10.750830    5.257030    2.622260
12     opls_145    10.161960    5.721360    1.438630
13     opls_145     9.786250    4.787580    0.452430
14     opls_145    10.095670    3.434390    0.611740
15     opls_700     9.565930    9.251070    0.140390
16     opls_145     7.037470    6.523350    2.727020
17     opls_181     5.902640    7.715210    0.370090
18     opls_142     9.634310    7.768610    0.196090
19     opls_166    10.082220   10.076560    1.164080
20     opls_716    30.327870   22.918610    1.780590
21     opls_700    29.804560   24.304100    1.745790
22     opls_145    30.062590   25.213420    2.784510
23     opls_145    29.764120   26.568900    2.622150
24     opls_145    29.175160   27.033690    1.438480
25     opls_145    28.799440   26.099910    0.452280
26     opls_145    29.108890   24.746760    0.611550
27     opls_700    28.579070   30.563300    0.140350
28     opls_145    26.050600   27.835580    2.726980
29     opls_181    24.916000   29.027400    0.370090
30     opls_142    28.647470   29.080870    0.196020
31     opls_166    29.095330   31.388750    1.164080
32     opls_716    12.617250    1.284830    1.959490
33     opls_700    13.724480    2.274040    2.142110
34     opls_145    13.746340    3.499670    1.455080
35     opls_145    14.724200    4.451720    1.730970
36     opls_145    15.764840    4.175110    2.616630
37     opls_145    15.801110    2.922740    3.256460
38     opls_145    14.792670    1.983250    3.014440
39     opls_700    18.775610    6.280410    3.594430
40     opls_145    21.985330    9.384450    0.468480
41     opls_181    24.593580    8.930130    1.590400
42     opls_142    17.861050    5.114890    3.484150
43     opls_166    18.431020    7.568950    3.120360
44     opls_716     7.330590   22.596800    1.959260
45     opls_700     8.437720   23.586440    2.141880
46     opls_145     8.459560   24.812030    1.454900
47     opls_145     9.437280   25.763650    1.730790
48     opls_145    10.478160   25.487040    2.616440
49     opls_145    10.514320   24.235100    3.256270
50     opls_145     9.506000   23.295190    3.014250
51     opls_700    13.488770   27.592670    3.594350
52     opls_145    16.698430   30.696610    0.468510
53     opls_181    19.306740   30.242590    1.590580
54     opls_142    12.574230   26.427190    3.484030
55     opls_166    13.144180   28.881220    3.120280
56     opls_716    24.749660   37.707090    1.950200
57     opls_700    25.272940   36.321560    1.985040
58     opls_145    25.014930   35.412270    0.946280
59     opls_145    25.313390   34.056760    1.108680
60     opls_145    25.902360   33.592010    2.292310
61     opls_145    26.278080   34.525780    3.278510
62     opls_145    25.968630   35.878940    3.119240
63     opls_700    26.498450   30.062390    3.590440
64     opls_145    29.026920   32.790110    1.003810
65     opls_181    30.161760   31.598290    3.360690
66     opls_142    26.430050   31.544820    3.534770
67     opls_166    25.982190   29.236940    2.566710
68     opls_716     5.736520   16.394670    1.949970
69     opls_700     6.259820   15.009170    1.984780
70     opls_145     6.001910   14.100240    0.946090
71     opls_145     6.300230   12.744310    1.108490
72     opls_145     6.889200   12.279550    2.292120
73     opls_145     7.264920   13.213330    3.278320
74     opls_145     6.955630   14.566940    3.119010
75     opls_700     7.485370    8.750260    3.590360
76     opls_145    10.013840   11.477980    1.003730
77     opls_181    11.148660   10.286130    3.360660
78     opls_142     7.416990   10.232730    3.534660
79     opls_166     6.969090    7.924780    2.566670
80     opls_716    23.446930   38.028900    1.771530
81     opls_700    22.339800   37.039260    1.588910
82     opls_145    22.317960   35.813670    2.275890
83     opls_145    21.340240   34.862040    2.000000
84     opls_145    20.299600   35.138650    1.114350
85     opls_145    20.263200   36.390590    0.474520
86     opls_145    21.271630   37.330080    0.716540
87     opls_700    17.288760   33.033030    0.136430
88     opls_145    14.079070   29.929050    3.262310
89     opls_181    11.470780   30.383110    2.140200
90     opls_142    18.203290   34.198510    0.246750
91     opls_166    17.633320   31.744440    0.610540
92     opls_716    28.733790   16.716480    1.771300
93     opls_700    27.626800   15.727260    1.588680
94     opls_145    27.604940   14.501640    2.275710
95     opls_145    26.627080   13.549580    1.999810
96     opls_145    25.586560   13.826590    1.114200
97     opls_145    25.550160   15.078530    0.474370
98     opls_145    26.558610   16.018050    0.716350
99     opls_700    22.575680   11.720900    0.136360
100    opls_145    19.365930    8.616820    3.262350
101    opls_181    16.757440    9.071140    2.140430
102    opls_142    23.490210   12.886380    0.246680
103    opls_166    22.920260   10.432350    0.610430
104    opls_716    11.341770   -1.006110    1.826780
105    opls_716    30.355010   20.306290    1.826560
106    opls_716    24.722510   40.319410    1.904230
107    opls_716     5.709510   19.007410    1.904010
108    opls_750    10.003790    7.141870    1.274060
109    opls_750    29.017190   28.454130    1.273990
110    opls_750    16.748850    5.199640    2.821410
111    opls_750    11.462050   26.511970    2.821260
112    opls_750    26.060330   32.171560    2.456800
113    opls_750     7.047270   10.859460    2.456690
114    opls_750    19.315470   34.113720    0.909530
115    opls_750    24.602430   12.801660    0.909380
116    opls_179    10.653590    9.464860    2.303870
117    opls_179    29.666950   30.777060    2.303870
118    opls_179    17.162540    7.756710    2.524070
119    opls_179    11.875760   29.069080    2.523880
120    opls_179    25.410810   29.848640    1.426910
121    opls_179     6.397450    8.536440    1.426910
122    opls_179    18.901740   31.556590    1.206950
123    opls_179    24.188720   10.244560    1.206760
124    opls_146    11.543780    3.577080    3.688670
125    opls_146    11.015990    5.955950    3.405760
126    opls_146     9.284840    5.086720   -0.455720
127    opls_146     9.853460    2.742740   -0.185720
128    opls_146     6.653950    5.865270    1.959930
129    opls_185     6.718210    7.092720   -0.056220
130    opls_185     5.514890    8.369750   -0.437580
131    opls_185     5.065390    7.080110    0.731270
132    opls_144     9.397310    7.222440   -0.705270
133    opls_146    30.557000   24.889440    3.688480
134    opls_146    30.029190   27.268280    3.405610
135    opls_146    28.297900   26.398620   -0.455870
136    opls_146    28.866690   24.055130   -0.185940
137    opls_146    25.667350   27.177540    1.959860
138    opls_185    25.731350   28.404950   -0.056260
139    opls_185    24.528260   29.681950   -0.437580
140    opls_185    24.078530   28.392340    0.731230
141    opls_144    28.410590   28.534310   -0.705380
142    opls_146    13.004180    3.737600    0.709560
143    opls_146    14.688580    5.409110    1.233320
144    opls_146    16.580740    2.666010    3.958330
145    opls_146    14.838030    1.037730    3.538090
146    opls_146    22.216990    8.390880    0.826780
147    opls_185    23.923040    8.524560    2.376890
148    opls_185    25.617910    8.983120    2.013390
149    opls_185    24.617580    8.257940    0.706160
150    opls_144    18.156170    4.182630    3.945790
151    opls_146     7.717280   25.049560    0.709330
152    opls_146     9.401660   26.721050    1.233140
153    opls_146    11.293960   23.978370    3.958140
154    opls_146     9.551130   22.349700    3.537870
155    opls_146    16.930070   29.703010    0.826850
156    opls_185    18.636100   29.836660    2.377000
157    opls_185    20.331050   30.295540    2.013620
158    opls_185    19.330850   29.569970    0.706350
159    opls_144    12.869590   25.494920    3.945680
160    opls_146    24.520520   35.736250    0.042310
161    opls_146    25.048330   33.357410    0.325180
162    opls_146    26.779600   34.227040    4.186690
163    opls_146    26.210810   36.570530    3.916770
164    opls_146    29.410160   33.448130    1.770970
165    opls_185    29.346180   32.220740    3.787050
166    opls_185    30.549510   30.943750    4.168370
167    opls_185    30.998970   32.233320    2.999590
168    opls_144    26.667170   32.091380    4.436170
169    opls_146     5.507360   14.423800    0.042120
170    opls_146     6.035290   12.045350    0.325030
171    opls_146     7.766460   12.914620    4.186470
172    opls_146     7.197690   15.258140    3.916510
173    opls_146    10.397110   12.136060    1.770820
174    opls_185    10.333100   10.908610    3.786970
175    opls_185    11.536410    9.631580    4.168340
176    opls_185    11.985910   10.921220    2.999480
177    opls_144     7.653990   10.778890    4.436020
178    opls_146    23.060240   35.576130    3.021450
179    opls_146    21.375860   33.904640    2.497650
180    opls_146    19.483560   36.647330   -0.227350
181    opls_146    21.226390   38.276000    0.192920
182    opls_146    13.847430   30.922660    2.903970
183    opls_185    12.141420   30.789030    1.353790
184    opls_185    10.446720   30.330160    1.717170
185    opls_185    11.446900   31.055690    3.024480
186    opls_144    17.907930   35.130770   -0.214890
187    opls_146    28.347110   14.263710    3.021230
188    opls_146    26.662710   12.592190    2.497460
189    opls_146    24.770520   15.335260   -0.227500
190    opls_146    26.513370   16.963960    0.192730
191    opls_146    19.134280    9.610390    2.904050
192    opls_185    17.427980    9.476710    1.353940
193    opls_185    15.733360    9.018150    1.717430
194    opls_185    16.733570    9.743750    3.024660
195    opls_144    23.194850   13.818640   -0.214970
