0      opls_700    -1.209480   16.079810    1.700000
1      opls_700    -1.405360   14.548170    1.700000
2      opls_700    -0.111740   13.723670    1.700000
3      opls_521     1.287800   14.365150    1.700000
4      opls_521     0.179900   16.754460    1.700000
5      opls_142     2.653670   13.355120    1.700000
6      opls_142     4.105520   13.623700    1.700000
7      opls_700     5.403760   12.516660    1.700000
8      opls_145     5.195730   11.027120    1.700000
9      opls_700     6.319490    9.967440    1.700000
10     opls_142     0.467970   18.436640    1.700000
11     opls_142    -0.465720   19.603610    1.700000
12     opls_142    -2.987710   13.914010    1.700000
13     opls_142    -3.511280   12.530850    1.700000
14     opls_700    18.302410   10.923940    1.700000
15     opls_700    13.447190    1.590210    1.700000
16     opls_145    19.483490   10.005640    1.700000
17     opls_700    18.674750   12.413480    1.700000
18     opls_700    14.594980    0.558440    1.700000
19     opls_145    12.090960    0.961540    1.700000
20     opls_148     7.340880   14.462150    1.700000
21     opls_423    -0.185970   12.201410    1.700000
22     opls_423    -2.471790   16.932910    1.700000
23     opls_148    17.543460   13.571770    1.700000
24     opls_148    16.146690    1.020100    1.700000
25     opls_700    14.417730    6.797550    1.700000
26     opls_700    14.613610    8.329190    1.700000
27     opls_700    13.319990    9.153690    1.700000
28     opls_521    11.920450    8.512210    1.700000
29     opls_521    13.028350    6.122900    1.700000
30     opls_142    10.554580    9.522240    1.700000
31     opls_142     9.102730    9.253660    1.700000
32     opls_700     7.804490   10.360700    1.700000
33     opls_145     8.012520   11.850240    1.700000
34     opls_700     6.888760   12.909920    1.700000
35     opls_142    12.740280    4.440720    1.700000
36     opls_142    13.673970    3.273750    1.700000
37     opls_142    16.195960    8.963350    1.700000
38     opls_142    16.719530   10.346510    1.700000
39     opls_700    -5.094160   11.953420    1.700000
40     opls_700    -0.238940   21.287150    1.700000
41     opls_145    -6.275240   12.871720    1.700000
42     opls_700    -5.466500   10.463880    1.700000
43     opls_700    -1.386730   22.318920    1.700000
44     opls_145     1.117290   21.915820    1.700000
45     opls_148     5.867370    8.415210    1.700000
46     opls_423    13.394220   10.675950    1.700000
47     opls_423    15.680040    5.944450    1.700000
48     opls_148    -4.335210    9.305590    1.700000
49     opls_148    -2.938440   21.857260    1.700000
50     opls_700    11.997450    8.454790    5.100000
51     opls_700   -12.000090   22.049890    5.100000
52     opls_700    11.801570    6.923150    5.100000
53     opls_700     1.404040    0.704170    5.100000
54     opls_700    13.095190    6.098650    5.100000
55     opls_700     0.110420    1.528670    5.100000
56     opls_521    14.494730    6.740130    5.100000
57     opls_521    25.127370    0.887180    5.100000
58     opls_521    13.386830    9.129440    5.100000
59     opls_521    13.027030   21.375230    5.100000
60     opls_142    15.860600    5.730090    5.100000
61     opls_142    23.761510    1.897220    5.100000
62     opls_142    17.312450    5.998670    5.100000
63     opls_142    22.309660    1.628640    5.100000
64     opls_700    18.610690    4.891640    5.100000
65     opls_700    21.011420    2.735670    5.100000
66     opls_145    18.402660    3.402090    5.100000
67     opls_145    21.219450    4.225220    5.100000
68     opls_700    19.526420    2.342410    5.100000
69     opls_700    20.095690    5.284900    5.100000
70     opls_142    13.674900   10.811610    5.100000
71     opls_142    12.738960   19.693060    5.100000
72     opls_142    12.741210   11.978590    5.100000
73     opls_142    13.672650   18.526090    5.100000
74     opls_142    10.219220    6.288990    5.100000
75     opls_142     2.986390    1.338330    5.100000
76     opls_142     9.695650    4.905820    5.100000
77     opls_142     3.509960    2.721490    5.100000
78     opls_700     5.092840    3.298920    5.100000
79     opls_700     8.112770    4.328400    5.100000
80     opls_700    13.445870   16.842540    5.100000
81     opls_700    12.967990   13.662130    5.100000
82     opls_145     6.273920    2.380620    5.100000
83     opls_145     6.931690    5.246690    5.100000
84     opls_700     5.465180    4.788460    5.100000
85     opls_700     7.740430    2.838850    5.100000
86     opls_700    14.593660   15.810770    5.100000
87     opls_700    11.820200   14.693900    5.100000
88     opls_145    12.089640   16.213870    5.100000
89     opls_145    14.324220   14.290800    5.100000
90     opls_148    20.547810    6.837130    5.100000
91     opls_148    19.074300    0.790180    5.100000
92     opls_423    13.020960    4.576390    5.100000
93     opls_423     0.184650    3.050920    5.100000
94     opls_423    10.735140    9.307880    5.100000
95     opls_423   -10.737780   21.196790    5.100000
96     opls_148     4.333890    5.946740    5.100000
97     opls_148     8.871720    1.680570    5.100000
98     opls_148    16.145370   16.272440    5.100000
99     opls_148    10.268490   14.232230    5.100000
100    opls_520     1.347900   15.840060    1.700000
101    opls_262    -3.505340   17.588340    1.700000
102    opls_262    -0.212650   10.977930    1.700000
103    opls_520    11.860350    7.037300    1.700000
104    opls_262    16.713590    5.289020    1.700000
105    opls_262    13.420900   11.899430    1.700000
106    opls_520    14.554830    8.215030    5.100000
107    opls_520    11.859030   22.289640    5.100000
108    opls_262     9.701590    9.963320    5.100000
109    opls_262    -9.704230   20.541350    5.100000
110    opls_262    12.994280    3.352910    5.100000
111    opls_262     0.211330    4.274410    5.100000
112    opls_144     2.419090   12.244650    1.700000
113    opls_144     4.331910   14.735080    1.700000
114    opls_146     4.114240   10.667940    1.700000
115    opls_144     1.577730   18.707050    1.700000
116    opls_144    -1.533350   19.304150    1.700000
117    opls_144    -3.815470   14.692070    1.700000
118    opls_144    -2.721560   11.747300    1.700000
119    opls_146    19.257100    8.887850    1.700000
120    opls_146    11.209180    1.688120    1.700000
121    opls_702     7.996540   15.433070    1.700000
122    opls_702     8.507830   14.380020    1.700000
123    opls_702     6.439950   15.188510    1.700000
124    opls_702    -3.127580   20.715680    1.700000
125    opls_702    -3.495430   22.886050    1.700000
126    opls_702    -4.099310   22.015340    1.700000
127    opls_702    17.128850   14.667820    1.700000
128    opls_702    16.447180   13.199780    1.700000
129    opls_702    18.193700   14.544280    1.700000
130    opls_144    10.789160   10.632710    1.700000
131    opls_144     8.876340    8.142280    1.700000
132    opls_146     9.094010   12.209420    1.700000
133    opls_144    11.630520    4.170310    1.700000
134    opls_144    14.741600    3.573210    1.700000
135    opls_144    17.023720    8.185290    1.700000
136    opls_144    15.929810   11.130060    1.700000
137    opls_146    -6.048850   13.989510    1.700000
138    opls_146     1.999070   21.189240    1.700000
139    opls_702     5.211710    7.444290    1.700000
140    opls_702     4.700420    8.497340    1.700000
141    opls_702     6.768300    7.688850    1.700000
142    opls_702    16.335830    2.161680    1.700000
143    opls_702    16.703680   -0.008690    1.700000
144    opls_702    17.307560    0.862020    1.700000
145    opls_702    -3.920600    8.209540    1.700000
146    opls_702    -3.238930    9.677580    1.700000
147    opls_702    -4.985450    8.333080    1.700000
148    opls_144    15.626020    4.619630    5.100000
149    opls_144    23.996090    3.007690    5.100000
150    opls_144    17.538840    7.110050    5.100000
151    opls_144    22.083270    0.517260    5.100000
152    opls_146    17.321170    3.042920    5.100000
153    opls_146    22.300940    4.584390    5.100000
154    opls_144    14.784650   11.082020    5.100000
155    opls_144    11.629200   19.422650    5.100000
156    opls_144    11.673580   11.679120    5.100000
157    opls_144    14.740270   18.825550    5.100000
158    opls_144     9.391460    7.067050    5.100000
159    opls_144     3.814150    0.560270    5.100000
160    opls_144    10.485370    4.122270    5.100000
161    opls_144     2.720240    3.505040    5.100000
162    opls_146     6.047530    1.262830    5.100000
163    opls_146     7.158080    6.364480    5.100000
164    opls_146    11.207860   16.940460    5.100000
165    opls_146    15.206000   13.564220    5.100000
166    opls_702    21.203470    7.808040    5.100000
167    opls_702    18.418640   -0.180730    5.100000
168    opls_702    21.714760    6.755000    5.100000
169    opls_702    17.907350    0.872310    5.100000
170    opls_702    19.646880    7.563480    5.100000
171    opls_702    19.975230    0.063830    5.100000
172    opls_702    10.079350   13.090650    5.100000
173    opls_702    16.334510   17.414020    5.100000
174    opls_702     9.711500   15.261030    5.100000
175    opls_702    16.702360   15.243640    5.100000
176    opls_702     9.107620   14.390320    5.100000
177    opls_702    17.306240   16.114350    5.100000
178    opls_702     3.919280    7.042800    5.100000
179    opls_702     9.286320    0.584520    5.100000
180    opls_702     3.237610    5.574760    5.100000
181    opls_702     9.968000    2.052560    5.100000
182    opls_702     4.984130    6.919260    5.100000
183    opls_702     8.221480    0.708050    5.100000
