0      opls_145     5.102150   12.699040    1.991500
1      opls_145     5.795310   11.864300    2.650300
2      opls_145     7.057020   11.836130    2.674340
3      opls_145     7.834920   12.630990    2.051400
4      opls_145     7.122070   13.451520    1.396120
5      opls_145     5.872580   13.480690    1.368960
6      opls_716     9.450310   10.417650    1.816020
7      opls_716    10.242680    9.624790    1.812580
8      opls_507    11.347600   10.122040    2.019210
9      opls_507     9.950560   11.519340    2.020330
10     opls_716    10.309230   15.590840    2.343580
11     opls_716     9.480720   14.761830    2.344380
12     opls_507     9.955050   13.722460    2.125450
13     opls_507    11.348600   15.116510    2.124970
14     opls_141     9.287800   12.621520    2.068820
15     opls_716    15.444030   14.828130    1.803240
16     opls_716    14.651660   15.621000    1.809230
17     opls_507    13.550730   15.120750    2.018820
18     opls_507    14.947520   13.723210    2.016340
19     opls_141    12.449040   15.784010    2.068100
20     opls_716    14.594090    9.645480    2.325050
21     opls_716    15.423840   10.475480    2.326490
22     opls_507    14.948770   11.516600    2.121370
23     opls_507    13.553470   10.121050    2.120570
24     opls_141    12.449790    9.456300    2.071210
25     opls_141    15.613270   12.620770    2.070730
26     opls_145    12.439820   17.237130    2.049970
27     opls_145    17.067140   12.632740    2.087510
28     opls_145    12.438070    8.002420    2.088150
29     opls_145    13.231190   18.015540    2.678570
30     opls_145    13.202520   19.277740    2.654450
31     opls_145    12.372520   19.970410    1.986390
32     opls_145    11.595860   19.198980    1.355700
33     opls_145    11.623030   17.949490    1.387650
34     opls_145    17.847300   11.825920    1.489170
35     opls_145    19.109000   11.854080    1.516330
36     opls_145    19.800670   12.707010    2.142220
37     opls_145    19.028740   13.505860    2.730330
38     opls_145    17.779500   13.468970    2.714280
39     opls_145    11.612060    7.290060    2.733930
40     opls_145    11.579160    6.040320    2.756850
41     opls_145    12.366040    5.268400    2.145660
42     opls_145    13.206760    5.960810    1.497320
43     opls_145    13.235920    7.222770    1.472400
44     opls_142    12.789770    2.950870    1.806510
45     opls_145    12.612550    1.519930    1.948210
46     opls_145    11.784290    0.832250    2.633370
47     opls_166    13.401670    0.742270    1.329180
48     opls_517    15.202260    0.658770    0.174440
49     opls_142    22.131160   12.260860    1.911860
50     opls_145    23.545150   12.488670    2.114030
51     opls_145    24.266730   11.671130    2.744790
52     opls_166    24.307110   13.304220    1.480220
53     opls_142     2.786610   12.300740    2.375370
54     opls_145     1.355920   12.443810    2.194860
55     opls_142    12.709760   22.310870    2.376250
56     opls_145    12.528050   23.716140    2.064260
57     opls_145    13.357810   24.411550    1.410730
58     opls_166    11.747150   24.499030    2.706770
59     opls_145     0.645810   13.270570    1.525990
60     opls_166     0.582000   11.647950    2.805570
61     opls_142    22.953930   14.753110    1.211530
62     opls_142     9.914420   23.792660    2.907170
63     opls_142     1.440420    9.864320    2.853020
64     opls_143    23.218140   15.973440    1.025500
65     opls_143     9.683110   22.569590    3.126670
66     opls_143     0.654530    8.898230    3.074750
67     opls_143    15.999860    1.483540    7.544980
68     opls_145     5.102150   12.699040    5.985200
69     opls_145     5.795310   11.864300    6.644000
70     opls_145     7.057020   11.836130    6.668040
71     opls_145     7.834920   12.630990    6.045100
72     opls_145     7.122070   13.451520    5.389820
73     opls_145     5.872580   13.480690    5.362660
74     opls_716     9.450310   10.417650    5.809720
75     opls_716    10.242680    9.624790    5.806280
76     opls_507    11.347600   10.122040    6.012910
77     opls_507     9.950560   11.519340    6.014030
78     opls_716    10.309230   15.590840    6.337280
79     opls_716     9.480720   14.761830    6.338080
80     opls_507     9.955050   13.722460    6.119150
81     opls_507    11.348600   15.116510    6.118670
82     opls_141     9.287800   12.621520    6.062520
83     opls_716    15.444030   14.828130    5.796940
84     opls_716    14.651660   15.621000    5.802930
85     opls_507    13.550730   15.120750    6.012520
86     opls_507    14.947520   13.723210    6.010040
87     opls_141    12.449040   15.784010    6.061800
88     opls_716    14.594090    9.645480    6.318750
89     opls_716    15.423840   10.475480    6.320190
90     opls_507    14.948770   11.516600    6.115070
91     opls_507    13.553470   10.121050    6.114270
92     opls_141    12.449790    9.456300    6.064910
93     opls_141    15.613270   12.620770    6.064430
94     opls_145    12.439820   17.237130    6.043670
95     opls_145    17.067140   12.632740    6.081210
96     opls_145    12.438070    8.002420    6.081850
97     opls_145    13.231190   18.015540    6.672270
98     opls_145    13.202520   19.277740    6.648150
99     opls_145    12.372520   19.970410    5.980090
100    opls_145    11.595860   19.198980    5.349400
101    opls_145    11.623030   17.949490    5.381350
102    opls_145    17.847300   11.825920    5.482870
103    opls_145    19.109000   11.854080    5.510030
104    opls_145    19.800670   12.707010    6.135920
105    opls_145    19.028740   13.505860    6.724030
106    opls_145    17.779500   13.468970    6.707980
107    opls_145    11.612060    7.290060    6.727630
108    opls_145    11.579160    6.040320    6.750550
109    opls_145    12.366040    5.268400    6.139360
110    opls_145    13.206760    5.960810    5.491020
111    opls_145    13.235920    7.222770    5.466100
112    opls_142    12.789770    2.950870    5.800210
113    opls_145    12.612550    1.519930    5.941910
114    opls_145    11.784290    0.832250    6.627070
115    opls_166    13.401670    0.742270    5.322880
116    opls_517    15.202260    0.658770    4.168140
117    opls_142    22.131160   12.260860    5.905560
118    opls_145    23.545150   12.488670    6.107730
119    opls_145    24.266730   11.671130    6.738490
120    opls_166    24.307110   13.304220    5.473920
121    opls_142     2.786610   12.300740    6.369070
122    opls_145     1.355920   12.443810    6.188560
123    opls_142    12.709760   22.310870    6.369950
124    opls_145    12.528050   23.716140    6.057960
125    opls_145    13.357810   24.411550    5.404430
126    opls_166    11.747150   24.499030    6.700470
127    opls_145     0.645810   13.270570    5.519690
128    opls_166     0.582000   11.647950    6.799270
129    opls_142    22.953930   14.753110    5.205230
130    opls_142     9.914420   23.792660    6.900870
131    opls_142     1.440420    9.864320    6.846720
132    opls_143    23.218140   15.973440    5.019200
133    opls_143     9.683110   22.569590    7.120370
134    opls_143     0.654530    8.898230    7.068450
135    opls_143    15.999860    1.483540    3.551280
136    opls_542    11.108080   11.279310    2.120570
137    opls_542    11.108570   13.962740    2.010110
138    opls_542    13.790750   13.963480    2.121290
139    opls_542    13.794240   11.275570    2.011710
140    opls_750    12.279800   21.306140    1.852760
141    opls_750    21.136650   12.835880    2.211070
142    opls_750    12.250640    3.931420    2.236150
143    opls_750     3.765670   12.800230    1.878960
144    opls_542    11.108080   11.279310    6.114270
145    opls_542    11.108570   13.962740    6.003810
146    opls_542    13.790750   13.963480    6.114990
147    opls_542    13.794240   11.275570    6.005410
148    opls_750    12.279800   21.306140    5.846460
149    opls_750    21.136650   12.835880    6.204770
150    opls_750    12.250640    3.931420    6.229850
151    opls_750     3.765670   12.800230    5.872660
152    opls_180    14.248380    1.268180    0.590510
153    opls_180    23.856960   14.134220    0.658320
154    opls_180    10.938830   24.051880    3.553350
155    opls_180     1.027910   10.793520    3.587140
156    opls_180    14.248380    1.268180    4.584210
157    opls_180    23.856960   14.134220    4.652020
158    opls_180    10.938830   24.051880    7.547050
159    opls_180     1.027910   10.793520    7.580840
160    opls_146     5.279610   11.065450    3.278990
161    opls_146     7.597890   11.047260    3.294560
162    opls_146     7.618820   14.255110    0.758080
163    opls_146     5.334200   14.264830    0.740350
164    opls_547     8.359600   10.134260    1.643650
165    opls_547     9.958290    8.535570    1.632620
166    opls_547    10.028080   16.677820    2.540550
167    opls_547     8.393740   15.042490    2.542950
168    opls_547    16.532250   15.111280    1.615770
169    opls_547    14.935060   16.711220    1.634380
170    opls_547    14.876740    8.556500    2.508760
171    opls_547    16.512310   10.192830    2.513160
172    opls_146    14.055960   17.581100    3.335060
173    opls_146    13.958500   19.876690    3.261970
174    opls_146    10.782060   19.632670    0.685400
175    opls_146    10.866300   17.347300    0.784120
176    opls_146    17.417340   10.980710    0.856410
177    opls_146    19.708950   11.069440    0.947070
178    opls_146    19.457700   14.361540    3.349520
179    opls_146    17.178810   14.238660    3.303030
180    opls_146    10.804740    7.786320    3.367730
181    opls_146    10.784050    5.502190    3.371640
182    opls_146    14.013080    5.445360    0.877900
183    opls_146    14.029530    7.762640    0.857370
184    opls_144    13.677590    3.052320    1.098510
185    opls_146    10.984200    1.356170    3.253750
186    opls_185    15.284260   -0.463850    0.354400
187    opls_144    22.071090   11.286040    1.323830
188    opls_146    23.784430   10.832900    3.348480
189    opls_144     2.900270   11.514850    3.193520
190    opls_144    13.390210   22.232350    3.287450
191    opls_146    14.125250   23.777200    0.855450
192    opls_146     1.257960   14.027290    0.932770
193    opls_185    22.118200   14.188560    1.742930
194    opls_185     9.407440   24.607210    2.291590
195    opls_185     2.349930   10.026580    2.185270
196    opls_144    24.265980   16.287240    0.704330
197    opls_144    22.408820   16.761560    1.178700
198    opls_144    10.517350   21.801650    3.009250
199    opls_144     8.640250   22.234350    3.442010
200    opls_144     0.849690    7.882780    2.594630
201    opls_144    -0.249000    9.043040    3.754720
202    opls_144    16.527770    1.157770    6.588490
203    opls_144    16.169840    2.530880    7.961520
204    opls_146     5.279610   11.065450    7.272690
205    opls_146     7.597890   11.047260    7.288260
206    opls_146     7.618820   14.255110    4.751780
207    opls_146     5.334200   14.264830    4.734050
208    opls_547     8.359600   10.134260    5.637350
209    opls_547     9.958290    8.535570    5.626320
210    opls_547    10.028080   16.677820    6.534250
211    opls_547     8.393740   15.042490    6.536650
212    opls_547    16.532250   15.111280    5.609470
213    opls_547    14.935060   16.711220    5.628080
214    opls_547    14.876740    8.556500    6.502460
215    opls_547    16.512310   10.192830    6.506860
216    opls_146    14.055960   17.581100    7.328760
217    opls_146    13.958500   19.876690    7.255670
218    opls_146    10.782060   19.632670    4.679100
219    opls_146    10.866300   17.347300    4.777820
220    opls_146    17.417340   10.980710    4.850110
221    opls_146    19.708950   11.069440    4.940770
222    opls_146    19.457700   14.361540    7.343220
223    opls_146    17.178810   14.238660    7.296730
224    opls_146    10.804740    7.786320    7.361430
225    opls_146    10.784050    5.502190    7.365340
226    opls_146    14.013080    5.445360    4.871600
227    opls_146    14.029530    7.762640    4.851070
228    opls_144    13.677590    3.052320    5.092210
229    opls_146    10.984200    1.356170    7.247450
230    opls_185    15.284260   -0.463850    4.348100
231    opls_144    22.071090   11.286040    5.317530
232    opls_146    23.784430   10.832900    7.342180
233    opls_144     2.900270   11.514850    7.187220
234    opls_144    13.390210   22.232350    7.281150
235    opls_146    14.125250   23.777200    4.849150
236    opls_146     1.257960   14.027290    4.926470
237    opls_185    22.118200   14.188560    5.736630
238    opls_185     9.407440   24.607210    6.285290
239    opls_185     2.349930   10.026580    6.178970
240    opls_144    24.265980   16.287240    4.698030
241    opls_144    22.408820   16.761560    5.172400
242    opls_144    10.517350   21.801650    7.002950
243    opls_144     8.640250   22.234350    7.435710
244    opls_144     0.849690    7.882780    6.588330
245    opls_144    -0.249000    9.043040    7.748420
246    opls_144    16.527770    1.157770    2.594790
247    opls_144    16.169840    2.530880    3.967820
