0      opls_700    -7.043550   13.633590    0.000000
1      opls_145    -5.720340   13.099570    0.000000
2      opls_700    -4.564200   13.925120    0.000000
3      opls_916    -4.702790   15.358380    0.000000
4      opls_145    -6.022560   15.880480    0.000000
5      opls_145    -7.157270   15.051410    0.000000
6      opls_142    -2.167750   16.115920    0.000000
7      opls_700    -1.168350   17.078020    0.000000
8      opls_280     0.262950   16.591960    0.000000
9      opls_700    23.001820   12.728660    0.000000
10     opls_145    21.683150   13.271070    0.000000
11     opls_145    20.540770   12.446610    0.000000
12     opls_916    20.651670   11.029880    0.000000
13     opls_700    21.965180   10.469850    0.000000
14     opls_145    23.108030   11.304880    0.000000
15     opls_142    18.086440   10.611280    0.000000
16     opls_700    16.948910    9.820140    0.000000
17     opls_280    15.612880   10.524850    0.000000
18     opls_261     5.851270   17.632630    0.000000
19     opls_700     7.357340   14.177090    0.000000
20     opls_145     7.158210   15.590030    0.000000
21     opls_700     5.865190   16.178510    0.000000
22     opls_916     4.693250   15.341850    0.000000
23     opls_145     4.900980   13.937850    0.000000
24     opls_145     6.186340   13.369700    0.000000
25     opls_142     2.769680   17.158490    0.000000
26     opls_700     1.436770   17.542950    0.000000
27     opls_280     1.142070   19.025520    0.000000
28     opls_700     8.760950   13.555830    0.000000
29     opls_145     8.950540   12.142620    0.000000
30     opls_145    10.235740   11.565520    0.000000
31     opls_916    11.407210   12.369940    0.000000
32     opls_700    11.235450   13.787480    0.000000
33     opls_145     9.940870   14.359700    0.000000
34     opls_142    13.052340   10.357680    0.000000
35     opls_700    14.306250    9.768120    0.000000
36     opls_280    14.363970    8.258730    0.000000
37     opls_261    -2.553340   23.344810    0.000000
38     opls_700    -0.313790   26.376880    0.000000
39     opls_145    -1.437870   25.497950    0.000000
40     opls_700    -1.301000   24.083930    0.000000
41     opls_916     0.009540   23.487330    0.000000
42     opls_145     1.121570   24.369230    0.000000
43     opls_145     0.970940   25.766450    0.000000
44     opls_142    -0.601930   20.913150    0.000000
45     opls_700    -0.268430   19.566580    0.000000
46     opls_280    -1.405020   18.570080    0.000000
47     opls_700    15.165030    0.809290    0.000000
48     opls_145    16.294110    1.680090    0.000000
49     opls_145    16.151300    3.081650    0.000000
50     opls_916    14.868920    3.693970    0.000000
51     opls_700    13.727160    2.836450    0.000000
52     opls_145    13.878900    1.429200    0.000000
53     opls_142    15.789010    6.124820    0.000000
54     opls_700    15.672630    7.505520    0.000000
55     opls_280    16.950950    8.310200    0.000000
56     opls_261    -3.297930   13.210110    0.000000
57     opls_261    12.376890   14.695940    0.000000
58     opls_261    12.369700    3.370740    0.000000
59     opls_261    22.181210    9.027100    0.000000
60     opls_238    -3.610470   16.345950    0.000000
61     opls_262    -2.294930   12.609170    0.000000
62     opls_238    19.474250   10.152850    0.000000
63     opls_238     3.291830   15.794050    0.000000
64     opls_262     5.870200   18.801730    0.000000
65     opls_238    12.755450   11.788770    0.000000
66     opls_238     0.318640   22.047560    0.000000
67     opls_262    -3.575270   22.776660    0.000000
68     opls_238    14.698100    5.152150    0.000000
69     opls_262    13.290890   15.423950    0.000000
70     opls_262    11.282230    3.798280    0.000000
71     opls_262    22.354680    7.871560    0.000000
72     opls_281    13.302310    7.641260    0.000000
73     opls_281     2.094390   19.800950    0.000000
74     opls_281    18.016520    7.699510    0.000000
75     opls_281    -2.552720   19.007100    0.000000
76     opls_281    15.608970   11.753010    0.000000
77     opls_281     0.458330   15.379510    0.000000
78     opls_146    -5.547180   12.026930    0.000000
79     opls_146    -6.184930   16.962060    0.000000
80     opls_146    -8.113500   15.565380    0.000000
81     opls_910    -3.962740   17.328370    0.000000
82     opls_144    -1.835500   15.097740    0.000000
83     opls_146    21.489180   14.339110    0.000000
84     opls_146    19.582190   12.957600    0.000000
85     opls_146    24.070680   10.801480    0.000000
86     opls_910    19.685430    9.132500    0.000000
87     opls_144    17.931110   11.683380    0.000000
88     opls_146     8.000560   16.276320    0.000000
89     opls_146     4.045490   13.256440    0.000000
90     opls_146     6.219340   12.284590    0.000000
91     opls_910     2.617160   14.997760    0.000000
92     opls_144     3.485330   17.955320    0.000000
93     opls_146     8.122580   11.440620    0.000000
94     opls_146    10.272500   10.479870    0.000000
95     opls_146     9.895510   15.445080    0.000000
96     opls_910    13.533510   12.481830    0.000000
97     opls_144    12.201540    9.687110    0.000000
98     opls_146    -2.453390   25.884310    0.000000
99     opls_146     2.139440   23.969050    0.000000
100    opls_146     1.894160   26.337590    0.000000
101    opls_910     1.345580   21.861430    0.000000
102    opls_144    -1.649830   21.134500    0.000000
103    opls_146    17.316050    1.314050    0.000000
104    opls_146    17.073120    3.656310    0.000000
105    opls_146    12.961610    0.847220    0.000000
106    opls_910    13.708860    5.479450    0.000000
107    opls_144    16.795150    5.723290    0.000000
