0      opls_145    18.412490   13.493360   14.863830
1      opls_145    25.366310    9.982340    4.174730
2      opls_145    18.412490    9.982340    4.174730
3      opls_145    25.366310   13.493360   14.863830
4      opls_145    17.405580   13.445000   15.823500
5      opls_145    26.373220   10.030700    5.134400
6      opls_145    17.405580   10.030700    5.134400
7      opls_145    26.373220   13.445000   15.823500
8      opls_145    12.814050   14.077910   18.372000
9      opls_145    30.964750    9.397790    7.682900
10     opls_145    12.814050    9.397790    7.682900
11     opls_145    30.964750   14.077910   18.372000
12     opls_145    11.818960   14.105140   19.344710
13     opls_145    31.959840    9.370560    8.655610
14     opls_145    11.818960    9.370560    8.655610
15     opls_145    31.959840   14.105140   19.344710
16     opls_145     3.627070   15.490210   10.134550
17     opls_145    40.151730    7.985490   20.823650
18     opls_145     3.627070    7.985490   20.823650
19     opls_145    40.151730   15.490210   10.134550
20     opls_145     4.596770   14.494130   10.215790
21     opls_145    39.182030    8.981570   20.904890
22     opls_145     4.596770    8.981570   20.904890
23     opls_145    39.182030   14.494130   10.215790
24     opls_145     7.909520   10.805630    9.324100
25     opls_145    35.869280   12.670070   20.013200
26     opls_145     7.909520   12.670070   20.013200
27     opls_145    35.869280   10.805630    9.324100
28     opls_145     8.832370    9.763310    9.285410
29     opls_145    34.946430   13.712390   19.974510
30     opls_145     8.832370   13.712390   19.974510
31     opls_145    34.946430    9.763310    9.285410
32     opls_145    17.443660    7.973990    3.241790
33     opls_145    26.335140   15.501710   13.930890
34     opls_145    17.443660   15.501710   13.930890
35     opls_145    26.335140    7.973990    3.241790
36     opls_145    16.433690    8.025400    4.199110
37     opls_145    27.345110   15.450300   14.888210
38     opls_145    16.433690   15.450300   14.888210
39     opls_145    27.345110    8.025400    4.199110
40     opls_145    12.960710    6.992940    7.761360
41     opls_145    30.818090   16.482760   18.450460
42     opls_145    12.960710   16.482760   18.450460
43     opls_145    30.818090    6.992940    7.761360
44     opls_145    11.977000    6.961480    8.745610
45     opls_145    31.801800   16.514220   19.434710
46     opls_145    11.977000   16.514220   19.434710
47     opls_145    31.801800    6.961480    8.745610
48     opls_145     3.662970   22.752650   20.781750
49     opls_145    40.115830    0.723050   10.092650
50     opls_145     3.662970    0.723050   10.092650
51     opls_145    40.115830   22.752650   20.781750
52     opls_145     4.633110   21.756810   20.862560
53     opls_145    39.145690    1.718890   10.173460
54     opls_145     4.633110    1.718890   10.173460
55     opls_145    39.145690   21.756810   20.862560
56     opls_145     8.101700   18.199770   19.961250
57     opls_145    35.677100    5.275930    9.272150
58     opls_145     8.101700    5.275930    9.272150
59     opls_145    35.677100   18.199770   19.961250
60     opls_145     9.016240   17.149230   19.931110
61     opls_145    34.762560    6.326470    9.242010
62     opls_145     9.016240    6.326470    9.242010
63     opls_145    34.762560   17.149230   19.931110
64     opls_142    15.467050    9.021480   14.597250
65     opls_142    28.311750   14.454220    3.908150
66     opls_142    15.467050   14.454220    3.908150
67     opls_142    28.311750    9.021480   14.597250
68     opls_142     6.424540   10.137980    0.786080
69     opls_142    37.354260   13.337720   11.475180
70     opls_142     6.424540   13.337720   11.475180
71     opls_142    37.354260   10.137980    0.786080
72     opls_543    19.092370   14.388730   11.521990
73     opls_543    24.686430    9.086970    0.832890
74     opls_543    19.092370    9.086970    0.832890
75     opls_543    24.686430   14.388730   11.521990
76     opls_700    19.485510   14.549300   12.867970
77     opls_700    24.293290    8.926400    2.178870
78     opls_700    19.485510    8.926400    2.178870
79     opls_700    24.293290   14.549300   12.867970
80     opls_700    18.434380   14.518310   13.907590
81     opls_700    25.344420    8.957390    3.218490
82     opls_700    18.434380    8.957390    3.218490
83     opls_700    25.344420   14.518310   13.907590
84     opls_700    16.403040   14.415720   15.837830
85     opls_700    27.375760    9.059980    5.148730
86     opls_700    16.403040    9.059980    5.148730
87     opls_700    27.375760   14.415720   15.837830
88     opls_145    13.406380   15.268600   17.934390
89     opls_145    30.372420    8.207100    7.245290
90     opls_145    13.406380    8.207100    7.245290
91     opls_145    30.372420   15.268600   17.934390
92     opls_700    11.360600   15.327520   19.881080
93     opls_700    32.418200    8.148180    9.191980
94     opls_700    11.360600    8.148180    9.191980
95     opls_700    32.418200   15.327520   19.881080
96     opls_716    26.022560   14.031660   11.086950
97     opls_716    17.756240    9.444040    0.397850
98     opls_716    26.022560    9.444040    0.397850
99     opls_716    17.756240   14.031660   11.086950
100    opls_543    42.703150    6.453940    0.529320
101    opls_543     1.075650   17.021760   11.218420
102    opls_543    42.703150   17.021760   11.218420
103    opls_543     1.075650    6.453940    0.529320
104    opls_716    43.126930    7.829850    0.764480
105    opls_716     0.651870   15.645850   11.453580
106    opls_716    43.126930   15.645850   11.453580
107    opls_716     0.651870    7.829850    0.764480
108    opls_700    40.333410    7.089660    0.508160
109    opls_700     3.445390   16.386040   11.197260
110    opls_700    40.333410   16.386040   11.197260
111    opls_700     3.445390    7.089660    0.508160
112    opls_700    38.379560    9.091430    0.671280
113    opls_700     5.399240   14.384270   11.360380
114    opls_700    38.379560   14.384270   11.360380
115    opls_700     5.399240    9.091430    0.671280
116    opls_145    36.212070   12.067680   21.224490
117    opls_145     7.566730   11.408020   10.535390
118    opls_145    36.212070   11.408020   10.535390
119    opls_145     7.566730   12.067680   21.224490
120    opls_700    34.313390   14.157490   21.152020
121    opls_700     9.465410    9.318210   10.462920
122    opls_700    34.313390    9.318210   10.462920
123    opls_700     9.465410   14.157490   21.152020
124    opls_700     2.410460    6.040530    0.435050
125    opls_700    41.368340   17.435170   11.124150
126    opls_700     2.410460   17.435170   11.124150
127    opls_700    41.368340    6.040530    0.435050
128    opls_145    17.429650   15.574480    6.945350
129    opls_145    26.349150    7.901220   17.634450
130    opls_145    17.429650    7.901220   17.634450
131    opls_145    26.349150   15.574480    6.945350
132    opls_145    16.453390   15.530820    5.951690
133    opls_145    27.325410    7.944880   16.640790
134    opls_145    16.453390    7.944880   16.640790
135    opls_145    27.325410   15.530820    5.951690
136    opls_145    12.907740   16.522670    2.448450
137    opls_145    30.871060    6.953030   13.137550
138    opls_145    12.907740    6.953030   13.137550
139    opls_145    30.871060   16.522670    2.448450
140    opls_145    11.910900   16.544260    1.475520
141    opls_145    31.867900    6.931440   12.164620
142    opls_145    11.910900    6.931440   12.164620
143    opls_145    31.867900   16.544260    1.475520
144    opls_145     4.208020    0.003290   12.339710
145    opls_145    39.570780   23.472410    1.650610
146    opls_145     4.208020   23.472410    1.650610
147    opls_145    39.570780    0.003290   12.339710
148    opls_145     5.176410    0.998190   12.421590
149    opls_145    38.602390   22.477510    1.732490
150    opls_145     5.176410   22.477510    1.732490
151    opls_145    38.602390    0.998190   12.421590
152    opls_145     8.019840    5.409040   11.680410
153    opls_145    35.758960   18.066660    0.991310
154    opls_145     8.019840   18.066660    0.991310
155    opls_145    35.758960    5.409040   11.680410
156    opls_145     8.930440    6.460750   11.653470
157    opls_145    34.848360   17.014950    0.964370
158    opls_145     8.930440   17.014950    0.964370
159    opls_145    34.848360    6.460750   11.653470
160    opls_145    18.493920    9.836320   16.652120
161    opls_145    25.284880   13.639380    5.963020
162    opls_145    18.493920   13.639380    5.963020
163    opls_145    25.284880    9.836320   16.652120
164    opls_145    17.526400    9.871530   15.653760
165    opls_145    26.252400   13.604170    4.964660
166    opls_145    17.526400   13.604170    4.964660
167    opls_145    26.252400    9.871530   15.653760
168    opls_145    13.032950    9.354360   12.961180
169    opls_145    30.745850   14.121340    2.272080
170    opls_145    13.032950   14.121340    2.272080
171    opls_145    30.745850    9.354360   12.961180
172    opls_145    12.033480    9.337690   11.995520
173    opls_145    31.745320   14.138010    1.306420
174    opls_145    12.033480   14.138010    1.306420
175    opls_145    31.745320    9.337690   11.995520
176    opls_145     4.244790    7.196710    1.649970
177    opls_145    39.534010   16.278990   12.339070
178    opls_145     4.244790   16.278990   12.339070
179    opls_145    39.534010    7.196710    1.649970
180    opls_145     5.215810    8.189030    1.730140
181    opls_145    38.562990   15.286670   12.419240
182    opls_145     5.215810   15.286670   12.419240
183    opls_145    38.562990    8.189030    1.730140
184    opls_145     8.117900   12.565130    1.036840
185    opls_145    35.660900   10.910570   11.725940
186    opls_145     8.117900   10.910570   11.725940
187    opls_145    35.660900   12.565130    1.036840
188    opls_145     9.041200   13.605580    1.001350
189    opls_145    34.737600    9.870120   11.690450
190    opls_145     9.041200    9.870120   11.690450
191    opls_145    34.737600   13.605580    1.001350
192    opls_142    15.335710    9.151060    6.154140
193    opls_142    28.443090   14.324640   16.843240
194    opls_142    15.335710   14.324640   16.843240
195    opls_142    28.443090    9.151060    6.154140
196    opls_142     6.414030   20.555560    0.769830
197    opls_142    37.364770    2.920140   11.458930
198    opls_142     6.414030    2.920140   11.458930
199    opls_142    37.364770   20.555560    0.769830
200    opls_543    19.089750   14.440370    9.351250
201    opls_543    24.689050    9.035330   20.040350
202    opls_543    19.089750    9.035330   20.040350
203    opls_543    24.689050   14.440370    9.351250
204    opls_700    19.486820   14.658230    8.015970
205    opls_700    24.291980    8.817470   18.705070
206    opls_700    19.486820    8.817470   18.705070
207    opls_700    24.291980   14.658230    8.015970
208    opls_700    18.452330   14.624420    6.960100
209    opls_700    25.326470    8.851280   17.649200
210    opls_700    18.452330    8.851280   17.649200
211    opls_700    25.326470   14.624420    6.960100
212    opls_700    16.493660   14.541080    4.955470
213    opls_700    27.285140    8.934620   15.644570
214    opls_700    16.493660    8.934620   15.644570
215    opls_700    27.285140   14.541080    4.955470
216    opls_145    13.488690   15.318830    2.839240
217    opls_145    30.290110    8.156870   13.528340
218    opls_145    13.488690    8.156870   13.528340
219    opls_145    30.290110   15.318830    2.839240
220    opls_700    11.423200   15.345830    0.913060
221    opls_700    32.355600    8.129870   11.602160
222    opls_700    11.423200    8.129870   11.602160
223    opls_700    32.355600   15.345830    0.913060
224    opls_716    26.023870   14.061470    9.769620
225    opls_716    17.754930    9.414230   20.458720
226    opls_716    26.023870    9.414230   20.458720
227    opls_716    17.754930   14.061470    9.769620
228    opls_543    42.703150    0.768120    0.500250
229    opls_543     1.075650   22.707580   11.189350
230    opls_543    42.703150   22.707580   11.189350
231    opls_543     1.075650    0.768120    0.500250
232    opls_716    43.126500   22.864630    0.714030
233    opls_716     0.652300    0.611070   11.403130
234    opls_716    43.126500    0.611070   11.403130
235    opls_716     0.652300   22.864630    0.714030
236    opls_700    40.333410    0.137800    0.487640
237    opls_700     3.445390   23.337900   11.176740
238    opls_700    40.333410   23.337900   11.176740
239    opls_700     3.445390    0.137800    0.487640
240    opls_700    38.382190   21.610090    0.651820
241    opls_700     5.396610    1.865610   11.340920
242    opls_700    38.382190    1.865610   11.340920
243    opls_700     5.396610   21.610090    0.651820
244    opls_145    36.159540   18.686660   21.175960
245    opls_145     7.619260    4.789040   10.486860
246    opls_145    36.159540    4.789040   10.486860
247    opls_145     7.619260   18.686660   21.175960
248    opls_700    34.281860   16.576430   21.128080
249    opls_700     9.496940    6.899270   10.438980
250    opls_700    34.281860    6.899270   10.438980
251    opls_700     9.496940   16.576430   21.128080
252    opls_700     2.409150    1.185520    0.415380
253    opls_700    41.369650   22.290180   11.104480
254    opls_700     2.409150   22.290180   11.104480
255    opls_700    41.369650    1.185520    0.415380
256    opls_701    33.346750   15.354520   21.110970
257    opls_701    10.432050    8.121180   10.421870
258    opls_701    33.346750    8.121180   10.421870
259    opls_701    10.432050   15.354520   21.110970
260    opls_543    20.815070   14.718560   13.281210
261    opls_543    22.963730    8.757140    2.592110
262    opls_543    20.815070    8.757140    2.592110
263    opls_543    22.963730   14.718560   13.281210
264    opls_716    21.209520   15.034310   14.567320
265    opls_716    22.569280    8.441390    3.878220
266    opls_716    21.209520    8.441390    3.878220
267    opls_716    22.569280   15.034310   14.567320
268    opls_543    20.815940   14.870210    7.624320
269    opls_543    22.962860    8.605490   18.313420
270    opls_543    20.815940    8.605490   18.313420
271    opls_543    22.962860   14.870210    7.624320
272    opls_716    21.210390   15.241830    6.352960
273    opls_716    22.568410    8.233870   17.042060
274    opls_716    21.210390    8.233870   17.042060
275    opls_716    22.568410   15.241830    6.352960
276    opls_543     2.825480   18.779150   11.004860
277    opls_543    40.953320    4.696550    0.315760
278    opls_543     2.825480    4.696550    0.315760
279    opls_543    40.953320   18.779150   11.004860
280    opls_716     4.125280   19.177530   10.822500
281    opls_716    39.653520    4.298170    0.133400
282    opls_716     4.125280    4.298170    0.133400
283    opls_716    39.653520   19.177530   10.822500
284    opls_543     2.824170   20.945020   10.996950
285    opls_543    40.954630    2.530680    0.307850
286    opls_543     2.824170    2.530680    0.307850
287    opls_543    40.954630   20.945020   10.996950
288    opls_716     4.124400   20.546640   10.818650
289    opls_716    39.654400    2.929060    0.129550
290    opls_716     4.124400    2.929060    0.129550
291    opls_716    39.654400   20.546640   10.818650
292    opls_146    26.328130   16.300820   13.200610
293    opls_146    17.450670    7.174880    2.511510
294    opls_146    26.328130    7.174880    2.511510
295    opls_146    17.450670   16.300820   13.200610
296    opls_146    28.108620   16.210910   14.885640
297    opls_146    15.670180    7.264790    4.196540
298    opls_146    28.108620    7.264790    4.196540
299    opls_146    15.670180   16.210910   14.885640
300    opls_146    30.355780   17.402540   18.124870
301    opls_146    13.423020    6.073160    7.435770
302    opls_146    30.355780    6.073160    7.435770
303    opls_146    13.423020   17.402540   18.124870
304    opls_146    32.056590   17.467560   19.875740
305    opls_146    11.722210    6.008140    9.186640
306    opls_146    32.056590    6.008140    9.186640
307    opls_146    11.722210   17.467560   19.875740
308    opls_146    39.666660   16.964250   13.166830
309    opls_146     4.112140    6.511450    2.477730
310    opls_146    39.666660    6.511450    2.477730
311    opls_146     4.112140   16.964250   13.166830
312    opls_146    37.956660   15.219770   13.310920
313    opls_146     5.822140    8.255930    2.621820
314    opls_146    37.956660    8.255930    2.621820
315    opls_146     5.822140   15.219770   13.310920
316    opls_146    35.964280   11.292750   12.688180
317    opls_146     7.814520   12.182950    1.999080
318    opls_146    35.964280   12.182950    1.999080
319    opls_146     7.814520   11.292750   12.688180
320    opls_146    34.368110    9.486530   12.631100
321    opls_146     9.410690   13.989170    1.942000
322    opls_146    34.368110   13.989170    1.942000
323    opls_146     9.410690    9.486530   12.631100
324    opls_146    24.605440   10.745300    4.170890
325    opls_146    19.173360   12.730400   14.859990
326    opls_146    24.605440   12.730400   14.859990
327    opls_146    19.173360   10.745300    4.170890
328    opls_146    26.372790   10.826760    5.867460
329    opls_146    17.406010   12.648940   16.556560
330    opls_146    26.372790   12.648940   16.556560
331    opls_146    17.406010   10.826760    5.867460
332    opls_146    30.652600   10.349970    7.281410
333    opls_146    13.126200   13.125730   17.970510
334    opls_146    30.652600   13.125730   17.970510
335    opls_146    13.126200   10.349970    7.281410
336    opls_146    32.339400   10.314520    9.017110
337    opls_146    11.439400   13.161180   19.706210
338    opls_146    32.339400   13.161180   19.706210
339    opls_146    11.439400   10.314520    9.017110
340    opls_146    39.731450   24.132320    2.493770
341    opls_146     4.047350   -0.656620   13.182870
342    opls_146    39.731450   -0.656620   13.182870
343    opls_146     4.047350   24.132320    2.493770
344    opls_146    38.025830   22.382440    2.641280
345    opls_146     5.752970    1.093260   13.330380
346    opls_146    38.025830    1.093260   13.330380
347    opls_146     5.752970   22.382440    2.641280
348    opls_146    36.175740   18.361520    1.941140
349    opls_146     7.603060    5.114180   12.630240
350    opls_146    36.175740    5.114180   12.630240
351    opls_146     7.603060   18.361520    1.941140
352    opls_146    34.591820   16.532290    1.897960
353    opls_146     9.186980    6.943410   12.587060
354    opls_146    34.591820    6.943410   12.587060
355    opls_146     9.186980   16.532290    1.897960
356    opls_547    26.865740   13.836580    9.137040
357    opls_547    16.913060    9.639120   19.826140
358    opls_547    26.865740    9.639120   19.826140
359    opls_547    16.913060   13.836580    9.137040
360    opls_547    42.505710    8.697510    0.923110
361    opls_547     1.273090   14.778190   11.612210
362    opls_547    42.505710   14.778190   11.612210
363    opls_547     1.273090    8.697510    0.923110
364    opls_144    15.530090    9.833500   13.883860
365    opls_144    28.248710   13.642200    3.194760
366    opls_144    15.530090   13.642200    3.194760
367    opls_144    28.248710    9.833500   13.883860
368    opls_144     7.029560   10.153480    1.679040
369    opls_144    36.749240   13.322220   12.368140
370    opls_144     7.029560   13.322220   12.368140
371    opls_144    36.749240   10.153480    1.679040
372    opls_146    24.501240   12.899660    5.960460
373    opls_146    19.277560   10.576040   16.649560
374    opls_146    24.501240   10.576040   16.649560
375    opls_146    19.277560   12.899660    5.960460
376    opls_146    26.199420   12.842150    4.197820
377    opls_146    17.579380   10.633550   14.886920
378    opls_146    26.199420   10.633550   14.886920
379    opls_146    17.579380   12.842150    4.197820
380    opls_146    30.335210   13.171040    2.573510
381    opls_146    13.443590   10.304660   13.262610
382    opls_146    30.335210   10.304660   13.262610
383    opls_146    13.443590   13.171040    2.573510
384    opls_146    32.033820   13.200390    0.852350
385    opls_146    11.744980   10.275310   11.541450
386    opls_146    32.033820   10.275310   11.541450
387    opls_146    11.744980   13.200390    0.852350
388    opls_146    40.700710    0.623510    9.189850
389    opls_146     3.078090   22.852190   19.878950
390    opls_146    40.700710   22.852190   19.878950
391    opls_146     3.078090    0.623510    9.189850
392    opls_146    38.992460    2.379730    9.330090
393    opls_146     4.786340   21.095970   20.019190
394    opls_146    38.992460   21.095970   20.019190
395    opls_146     4.786340    2.379730    9.330090
396    opls_146    36.021630    4.837400    8.346050
397    opls_146     7.757170   18.638300   19.035150
398    opls_146    36.021630   18.638300   19.035150
399    opls_146     7.757170    4.837400    8.346050
400    opls_146    34.445600    6.700670    8.278490
401    opls_146     9.333200   16.775030   18.967590
402    opls_146    34.445600   16.775030   18.967590
403    opls_146     9.333200    6.700670    8.278490
404    opls_146    26.391170    7.132150   18.395510
405    opls_146    17.387630   16.343550    7.706410
406    opls_146    26.391170   16.343550    7.706410
407    opls_146    17.387630    7.132150   18.395510
408    opls_146    28.114310    7.211500   16.648490
409    opls_146    15.664490   16.264200    5.959390
410    opls_146    28.114310   16.264200    5.959390
411    opls_146    15.664490    7.211500   16.648490
412    opls_146    30.513390    6.026210   13.561690
413    opls_146    13.265410   17.449490    2.872590
414    opls_146    30.513390   17.449490    2.872590
415    opls_146    13.265410    6.026210   13.561690
416    opls_146    32.232140    5.971040   11.831760
417    opls_146    11.546660   17.504660    1.142660
418    opls_146    32.232140   17.504660    1.142660
419    opls_146    11.546660    5.971040   11.831760
420    opls_146    40.763750    7.913190   19.936880
421    opls_146     3.015050   15.562510    9.247780
422    opls_146    40.763750   15.562510    9.247780
423    opls_146     3.015050    7.913190   19.936880
424    opls_146    39.056380    9.668700   20.077980
425    opls_146     4.722420   13.807000    9.388880
426    opls_146    39.056380   13.807000    9.388880
427    opls_146     4.722420    9.668700   20.077980
428    opls_146    36.325900   12.324980   19.096930
429    opls_146     7.452900   11.150720    8.407830
430    opls_146    36.325900   11.150720    8.407830
431    opls_146     7.452900   12.324980   19.096930
432    opls_146    34.724470   14.172750   19.020830
433    opls_146     9.054330    9.302950    8.331730
434    opls_146    34.724470    9.302950    8.331730
435    opls_146     9.054330   14.172750   19.020830
436    opls_547    26.863110   13.778830   11.710550
437    opls_547    16.915690    9.696870    1.021450
438    opls_547    26.863110    9.696870    1.021450
439    opls_547    16.915690   13.778830   11.710550
440    opls_547    42.504400   21.994620    0.855980
441    opls_547     1.274400    1.481080   11.545080
442    opls_547    42.504400    1.481080   11.545080
443    opls_547     1.274400   21.994620    0.855980
444    opls_144    15.318200   10.011680    6.811310
445    opls_144    28.460600   13.464020   17.500410
446    opls_144    15.318200   13.464020   17.500410
447    opls_144    28.460600   10.011680    6.811310
448    opls_144     6.957330   20.478560    1.699990
449    opls_144    36.821470    2.997140   12.389090
450    opls_144     6.957330    2.997140   12.389090
451    opls_144    36.821470   20.478560    1.699990
452    opls_547    20.582170   15.477060    5.507020
453    opls_547    23.196630    7.998640   16.196120
454    opls_547    20.582170    7.998640   16.196120
455    opls_547    23.196630   15.477060    5.507020
456    opls_547    20.579980   15.239720   15.419670
457    opls_547    23.198820    8.235980    4.730570
458    opls_547    20.579980    8.235980    4.730570
459    opls_547    23.198820   15.239720   15.419670
460    opls_547     4.988590   18.544630   10.710690
461    opls_547    38.790210    4.931070    0.021590
462    opls_547     4.988590    4.931070    0.021590
463    opls_547    38.790210   18.544630   10.710690
464    opls_547     4.986840   21.180250   10.703850
465    opls_547    38.791960    2.295450    0.014750
466    opls_547     4.986840    2.295450    0.014750
467    opls_547    38.791960   21.180250   10.703850
468    opls_750    14.471520   15.278690   16.982840
469    opls_750    29.307280    8.197010    6.293740
470    opls_750    14.471520    8.197010    6.293740
471    opls_750    29.307280   15.278690   16.982840
472    opls_750    37.162510   10.998130   21.208030
473    opls_750     6.616290   12.477570   10.518930
474    opls_750    37.162510   12.477570   10.518930
475    opls_750     6.616290   10.998130   21.208030
476    opls_750    14.535440   15.346770    3.811950
477    opls_750    29.243360    8.128930   14.501050
478    opls_750    14.535440    8.128930   14.501050
479    opls_750    29.243360   15.346770    3.811950
480    opls_750    37.103850   19.760910   21.152660
481    opls_750     6.674950    3.714790   10.463560
482    opls_750    37.103850    3.714790   10.463560
483    opls_750     6.674950   19.760910   21.152660
484    opls_542    41.748340    3.613610    0.415590
485    opls_542     2.030460   19.862090   11.104690
486    opls_542    41.748340   19.862090   11.104690
487    opls_542     2.030460    3.613610    0.415590
488    opls_542    19.862000   14.623720   10.440900
489    opls_542    23.916800    8.851980   21.130000
490    opls_542    19.862000    8.851980   21.130000
491    opls_542    23.916800   14.623720   10.440900
492    opls_542    21.889400   14.653770    8.405690
493    opls_542    21.889400    8.821930   19.094790
494    opls_542    21.889400   14.528170   12.499410
495    opls_542    21.889400    8.947530    1.810310
496    opls_542     0.000000   17.817350   11.083310
497    opls_542     0.000000    5.658350    0.394210
498    opls_542     0.000000   21.912450   11.064710
499    opls_542     0.000000    1.563250    0.375610
500    Cu2+        21.889400    8.888840   21.152660
501    Cu2+        21.889400   14.586860   10.463560
502    Cu2+        43.778800    3.606570    0.333500
503    Cu2+        43.778800   19.869130   11.022600
