0      opls_700    -1.251150   20.828770    2.029430
1      opls_145    -0.055820   20.090080    2.036790
2      opls_700    -2.567240   20.134880    1.946450
3      opls_145     2.501740   18.750980    1.189220
4      opls_145     3.694280   18.031960    1.070020
5      opls_917     4.857420   18.489930    1.692470
6      opls_145     4.825420   19.664990    2.444140
7      opls_145     3.630270   20.379500    2.584020
8      opls_701     6.395130   16.538800    2.182350
9      opls_700     7.899150   16.313520    2.297630
10     opls_145     8.442850   15.016640    2.377510
11     opls_145     9.826670   14.821660    2.378530
12     opls_423     5.726380   15.427560    1.480320
13     opls_700     1.194590   20.730790    2.029430
14     opls_145     1.236640   22.135320    2.036790
15     opls_700     2.453550   19.937960    1.946450
16     opls_145     1.117550   25.019790    1.189220
17     opls_145     1.143970   26.412070    1.070020
18     opls_917     0.165790   27.190390    1.692470
19     opls_145    -0.835840   26.575140    2.444140
20     opls_145    -0.857050   25.182860    2.584020
21     opls_701     1.086660   29.497640    2.182350
22     opls_700     0.529750   30.912800    2.297630
23     opls_145     1.381030   32.032110    2.377510
24     opls_145    19.465230    1.099320    2.378530
25     opls_423     2.383400   29.474120    1.480320
26     opls_700     0.056570   22.897850    2.029430
27     opls_145    -1.180820   22.232000    2.036790
28     opls_700     0.113690   24.384560    1.946450
29     opls_145    -3.619300   20.686640    1.189220
30     opls_145    -4.838260   20.013380    1.070020
31     opls_917    -5.023210   18.777090    1.692470
32     opls_145    -3.989580   18.217270    2.444140
33     opls_145    -2.773220   18.895040    2.584020
34     opls_701    -7.481790   18.420960    2.182350
35     opls_700    -8.428900   17.231080    2.297630
36     opls_145    -9.823880   17.408660    2.377510
37     opls_145    26.529840   16.307720    2.378530
38     opls_423    -8.109780   19.555730    1.480320
39     opls_700    19.858400   11.399940    2.029430
40     opls_145    18.663070   12.138620    2.036790
41     opls_700    21.174490   12.093820    1.946450
42     opls_145    16.105510   13.477720    1.189220
43     opls_145    14.912970   14.196740    1.070020
44     opls_917    13.749830   13.738770    1.692470
45     opls_145    13.781830   12.563720    2.444140
46     opls_145    14.976980   11.849200    2.584020
47     opls_701    12.212120   15.689900    2.182350
48     opls_700    10.708100   15.915180    2.297630
49     opls_145    10.164400   17.212060    2.377510
50     opls_145     8.780580   17.407040    2.378530
51     opls_423    12.880870   16.801140    1.480320
52     opls_700    17.412660   11.497910    2.029430
53     opls_145    17.370610   10.093390    2.036790
54     opls_700    16.153700   12.290740    1.946450
55     opls_145    17.489700    7.208920    1.189220
56     opls_145    17.463280    5.816640    1.070020
57     opls_917    18.441460    5.038310    1.692470
58     opls_145    19.443090    5.653560    2.444140
59     opls_145    19.464300    7.045840    2.584020
60     opls_701    17.520590    2.731060    2.182350
61     opls_700    18.077500    1.315900    2.297630
62     opls_145    17.226220    0.196600    2.377510
63     opls_145    -0.857980   31.129380    2.378530
64     opls_423    16.223850    2.754590    1.480320
65     opls_700    18.550680    9.330850    2.029430
66     opls_145    19.788070    9.996700    2.036790
67     opls_700    18.493560    7.844140    1.946450
68     opls_145    22.226550   11.542070    1.189220
69     opls_145    23.445510   12.215320    1.070020
70     opls_917    23.630460   13.451620    1.692470
71     opls_145    22.596830   14.011430    2.444140
72     opls_145    21.380470   13.333660    2.584020
73     opls_701    26.089040   13.807740    2.182350
74     opls_700    27.036150   14.997630    2.297630
75     opls_145    28.431130   14.820050    2.377510
76     opls_145    -7.922590   15.920980    2.378530
77     opls_423    26.717030   12.672970    1.480320
78     opls_900     6.095180   17.805390    1.495970
79     opls_753     5.203700   14.556420    0.925560
80     opls_900     0.139740   28.604580    1.495970
81     opls_753     3.399170   29.457030    0.925560
82     opls_900    -6.234920   18.047430    1.495970
83     opls_753    -8.602880   20.443960    0.925560
84     opls_900    12.512070   14.423310    1.495970
85     opls_753    13.403550   17.672290    0.925560
86     opls_900    18.467510    3.624120    1.495970
87     opls_753    15.208080    2.771670    0.925560
88     opls_900    24.842170   14.181270    1.495970
89     opls_753    27.210130   11.784750    0.925560
90     opls_146    -0.098430   19.010100    2.020560
91     opls_146     1.633900   18.403560    0.643870
92     opls_146     3.726290   17.141800    0.456120
93     opls_146     5.726750   20.016920    2.927600
94     opls_146     3.624690   21.266430    3.204390
95     opls_146    10.208680   13.809350    2.417400
96     opls_910     6.698610   18.129930    0.704700
97     opls_702     5.973670   16.565550    3.202460
98     opls_146     7.797930   14.147110    2.413970
99     opls_146     2.193240   22.638410    2.020560
100    opls_146     1.852350   24.441930    0.643870
101    opls_146     1.898870   26.884860    0.456120
102    opls_146    -1.591290   27.179750    2.927600
103    opls_146    -1.622370   24.734560    3.204390
104    opls_146    20.150910    1.936300    2.417400
105    opls_910    -0.443040   28.964900    0.704700
106    opls_702     1.274220   29.119280    3.202460
107    opls_146     2.456530   31.908350    2.413970
108    opls_146    -2.094800   22.808900    2.020560
109    opls_146    -3.486250   21.611920    0.643870
110    opls_146    -5.625160   20.430740    0.456120
111    opls_146    -4.135460   17.260730    2.927600
112    opls_146    -2.002330   18.456410    3.204390
113    opls_146    25.462160   16.483050    2.417400
114    opls_910    -6.255570   17.362570    0.704700
115    opls_702    -7.247900   18.772570    3.202460
116    opls_146   -10.254460   18.401940    2.413970
117    opls_146    18.705680   13.218600    2.020560
118    opls_146    16.973350   13.825150    0.643870
119    opls_146    14.880960   15.086900    0.456120
120    opls_146    12.880500   12.211780    2.927600
121    opls_146    14.982560   10.962270    3.204390
122    opls_146     8.398570   18.419350    2.417400
123    opls_910    11.908640   14.098770    0.704700
124    opls_702    12.633580   15.663150    3.202460
125    opls_146    10.809320   18.081590    2.413970
126    opls_146    16.414010    9.590290    2.020560
127    opls_146    16.754900    7.786780    0.643870
128    opls_146    16.708380    5.343840    0.456120
129    opls_146    20.198540    5.048950    2.927600
130    opls_146    20.229620    7.494140    3.204390
131    opls_146    -1.543660   30.292400    2.417400
132    opls_910    19.050290    3.263800    0.704700
133    opls_702    17.333030    3.109430    3.202460
134    opls_146    16.150720    0.320350    2.413970
135    opls_146    20.702050    9.419810    2.020560
136    opls_146    22.093500   10.616780    0.643870
137    opls_146    24.232410   11.797960    0.456120
138    opls_146    22.742710   14.967980    2.927600
139    opls_146    20.609580   13.772290    3.204390
140    opls_146    -6.854910   15.745650    2.417400
141    opls_910    24.862820   14.866130    0.704700
142    opls_702    25.855150   13.456130    3.202460
143    opls_146    28.861710   13.826760    2.413970
