0      opls_144    -4.242800    3.860000   27.660980
1      opls_146    -4.463830    3.910820   29.828970
2      opls_146    13.056970    3.896340    1.818620
3      opls_146    17.386570    3.977710    1.913570
4      opls_146    -0.133180    3.991860   29.920870
5      opls_144    17.147270    3.957930    4.098600
6      opls_146    13.646440    3.917890    5.721550
7      opls_146    15.314890    4.007140    9.697200
8      opls_146    17.902780    4.014370    6.286670
9      opls_144    17.620430    4.032700   10.106210
10     opls_146    12.005230    2.777020    6.833230
11     opls_146     9.793870    2.773000    7.882530
12     opls_146    11.299620    5.234680   11.108340
13     opls_146    13.518360    5.213300   10.101640
14     opls_146     8.775510    5.303180    7.838100
15     opls_146     6.808730    5.349820    6.393180
16     opls_146     4.680300    2.834900    9.234330
17     opls_146     6.670450    2.780710   10.655200
18     opls_146     7.066300    5.127430   11.660980
19     opls_146     6.822430    5.128560   14.073640
20     opls_146    10.546040    2.918360   14.446440
21     opls_146    10.756000    2.886840   12.018870
22     opls_146     5.591130    4.142210    4.976870
23     opls_146     1.351130    4.021130    4.369450
24     opls_146     2.922590    4.000380    8.362750
25     opls_146     6.332930    3.963240   15.846010
26     opls_146     7.969580    4.010030   19.804320
27     opls_146    10.602790    4.013410   16.413270
28     opls_144     4.827530    4.164560    2.756540
29     opls_146     5.050500    4.125000    0.580950
30     opls_146   -12.472770    4.127580   28.590680
31     opls_146   -16.802540    4.066310   28.501520
32     opls_146   -16.849810    4.063580   30.925440
33     opls_144    18.571670    4.059240   26.320450
34     opls_144    10.257890    3.957290   20.249240
35     opls_146    12.058990    3.307820   21.442480
36     opls_146    14.136120    3.292700   22.702370
37     opls_146    16.292310    4.558360   19.164940
38     opls_146    14.217290    4.572190   17.906880
39     opls_146    19.409930    3.439510   11.262320
40     opls_146    21.486880    3.434690   12.520690
41     opls_146    23.633760    4.724300    8.989650
42     opls_146    21.556810    4.734110    7.730670
43     opls_144    25.434860    4.115030   10.170720
44     opls_144    18.074960    3.965010   20.315880
45     opls_146    25.101030    4.075800   14.003950
46     opls_146    -5.767180    4.037210   14.562990
47     opls_146    27.725990    4.029000   10.607730
48     opls_146    17.806670    3.997170   24.135420
49     opls_146    22.065810    4.095580   24.683500
50     opls_146    20.382250    3.989930   20.714540
51     opls_146    -9.966760    5.143350   15.970170
52     opls_146   -10.181110    5.162000   18.395010
53     opls_146    -6.519520    2.876390   18.750450
54     opls_146    -6.276360    2.873660   16.333530
55     opls_146   -11.454940    5.264270   23.560560
56     opls_146    -9.243580    5.277130   22.512470
57     opls_146   -10.732110    2.785540   19.300060
58     opls_146    22.193370    2.788110   20.309800
59     opls_146    -8.222940    2.775730   22.603470
60     opls_146    -6.261070    2.750320   24.052640
61     opls_146    -4.112430    5.188860   21.162510
62     opls_146    -6.098900    5.224070   19.736460
63     opls_146    -5.017110    3.914520   25.447650
64     opls_146    -0.773960    4.030450   26.033170
65     opls_146    -2.364750    4.083680   22.050210
66     opls_144    -4.257910    4.004400   12.794890
67     opls_144     0.759380    4.116320   24.293970
68     opls_146    -2.286740    3.951180   11.927870
69     opls_146    -0.153210    3.951180   10.777840
70     opls_146    -2.205040    3.918540    6.964700
71     opls_146    -4.339090    3.921110    8.112600
72     opls_146     2.756210    4.002960   23.433050
73     opls_146     4.894120    3.995880   22.287580
74     opls_146     2.856000    4.303490   18.478700
75     opls_146     0.718610    4.307030   19.625070
76     opls_144    -0.194150    3.942330    6.104380
77     opls_144     4.818050    3.972720   17.615340
78     opls_144    21.812800   15.920000    2.771150
79     opls_146    22.033830   15.970820    0.603160
80     opls_146     4.513030   15.956340   28.613510
81     opls_146     0.183430   16.037710   28.518560
82     opls_146    17.703180   16.051860    0.511260
83     opls_144     0.422730   16.017930   26.333530
84     opls_146     3.923560   15.977730   24.710590
85     opls_146     2.255110   16.067140   20.734930
86     opls_146    -0.332780   16.074370   24.145460
87     opls_144    -0.050430    0.012700   20.325930
88     opls_146     5.564770   14.837020   23.598900
89     opls_146     7.776130   14.833000   22.549600
90     opls_146     6.270380    1.214680   19.323800
91     opls_146     4.051640    1.193140   20.330490
92     opls_146     8.794490    1.283180   22.594030
93     opls_146    10.761270    1.329820   24.038950
94     opls_146    12.889700   14.894900   21.197810
95     opls_146    10.899550   14.840710   19.776930
96     opls_146    10.503700    1.107430   18.771150
97     opls_146    10.747570    1.108560   16.358490
98     opls_146     7.023960   14.978360   15.985690
99     opls_146     6.814000   14.946840   18.413270
100    opls_146    11.978870    0.122210   25.455260
101    opls_146    16.218870    0.001130   26.062690
102    opls_146    14.647410   16.060380   22.069380
103    opls_146    11.237070   16.023240   14.586120
104    opls_146     9.600250   16.070030   10.628120
105    opls_146     6.967030   16.073410   14.019170
106    opls_144    12.742470    0.144560   27.675590
107    opls_146    12.519500    0.105000   29.851180
108    opls_146    30.042590    0.107580    1.841750
109    opls_146    34.372370    0.046310    1.930920
110    opls_146    34.419810    0.043580   -0.493300
111    opls_144    -1.001670    0.039240    4.111690
112    opls_144     7.312110   16.017290   10.182900
113    opls_146     5.511010   15.367820    8.989650
114    opls_146     3.433710   15.352700    7.730070
115    opls_146     1.277690    0.538360   11.267190
116    opls_146     3.352710    0.552190   12.525260
117    opls_146    -1.839930   15.499510   19.169810
118    opls_146    -3.916880   15.494690   17.911440
119    opls_146    -6.063760    0.704300   21.442480
120    opls_146    -3.986980    0.714110   22.701760
121    opls_144    -7.864860    0.095030   20.261410
122    opls_144    -0.504960   16.025010   10.116250
123    opls_146    -7.531200    0.055800   16.428480
124    opls_146    23.337180    0.017210   15.869140
125    opls_146   -10.155990    0.009000   19.824400
126    opls_146    -0.236670   16.057170    6.296710
127    opls_146    -4.495810    0.075580    5.748630
128    opls_146    -2.812250   16.049930    9.717590
129    opls_146    27.536760    1.123350   14.461960
130    opls_146    27.751110    1.142000   12.037130
131    opls_146    24.089350   14.936390   11.681980
132    opls_146    23.846360   14.933660   14.098600
133    opls_146    29.024940    1.244270    6.871580
134    opls_146    26.813580    1.257130    7.919660
135    opls_146    28.301930   14.845540   11.132380
136    opls_146    -4.623370   14.848110   10.122340
137    opls_146    25.792940   14.835730    7.828670
138    opls_146    23.831070   14.810320    6.379490
139    opls_146    21.682430    1.168860    9.269630
140    opls_146    23.668900    1.204070   10.695680
141    opls_146    22.587110   15.974520    4.984480
142    opls_146    18.343960    0.010450    4.398960
143    opls_146    19.934750    0.063680    8.381920
144    opls_144    21.827910   16.064400   17.637250
145    opls_144    16.810620    0.096320    6.138160
146    opls_146    19.856560   16.011180   18.504560
147    opls_146    17.723210   16.011180   19.654290
148    opls_146    19.774860   15.978540   23.467740
149    opls_146    21.909090   15.981110   22.319530
150    opls_146    14.813790   -0.017040    6.999090
151    opls_146    12.675880   -0.024120    8.144550
152    opls_146    14.714000    0.283490   11.953440
153    opls_146    16.851390    0.287030   10.807060
154    opls_144    17.763970   16.002330   24.328060
155    opls_144    12.751950   -0.047280   12.816800
156    opls_144    -4.242800   11.900000   27.660980
157    opls_146    -4.463830   11.950820   29.828970
158    opls_146    13.056970   11.936510    1.818620
159    opls_146    17.386570   12.017870    1.913570
160    opls_146    -0.133180   12.031860   29.920870
161    opls_144    17.147270   11.997930    4.098600
162    opls_146    13.646440   11.957890    5.721550
163    opls_146    15.314890   12.047140    9.697200
164    opls_146    17.902780   12.054370    6.286670
165    opls_144    17.620430   12.072700   10.106210
166    opls_146    12.005230   10.817020    6.833230
167    opls_146     9.793870   10.813000    7.882530
168    opls_146    11.299620   13.274680   11.108340
169    opls_146    13.518360   13.253300   10.101640
170    opls_146     8.775510   13.343180    7.838100
171    opls_146     6.808730   13.389820    6.393180
172    opls_146     4.680300   10.874900    9.234330
173    opls_146     6.670450   10.820710   10.655200
174    opls_146     7.066300   13.167430   11.660980
175    opls_146     6.822430   13.168560   14.073640
176    opls_146    10.546040   10.958360   14.446440
177    opls_146    10.756000   10.927000   12.018870
178    opls_146     5.591130   12.182210    4.976870
179    opls_146     1.351130   12.061130    4.369450
180    opls_146     2.922590   12.040380    8.362750
181    opls_146     6.332930   12.003240   15.846010
182    opls_146     7.969580   12.050030   19.804320
183    opls_146    10.602790   12.053570   16.413270
184    opls_144     4.827530   12.204560    2.756540
185    opls_146     5.050500   12.165000    0.580950
186    opls_146   -12.472770   12.167580   28.590680
187    opls_146   -16.802540   12.106310   28.501520
188    opls_146   -16.849810   12.103580   30.925440
189    opls_144    18.571670   12.099400   26.320450
190    opls_144    10.257890   11.997290   20.249240
191    opls_146    12.058990   11.347820   21.442480
192    opls_146    14.136290   11.332700   22.702070
193    opls_146    16.292310   12.598360   19.164940
194    opls_146    14.217290   12.612350   17.906880
195    opls_146    19.409930   11.479670   11.262320
196    opls_146    21.486880   11.474690   12.520690
197    opls_146    23.633760   12.764300    8.989650
198    opls_146    21.556810   12.774110    7.730670
199    opls_144    25.434860   12.155030   10.170720
200    opls_144    18.074960   12.005010   20.315880
201    opls_146    25.101200   12.115960   14.003650
202    opls_146    -5.767180   12.077370   14.562990
203    opls_146    27.725990   12.069000   10.607730
204    opls_146    17.806670   12.037170   24.135420
205    opls_146    22.065640   12.135580   24.683810
206    opls_146    20.382250   12.029930   20.714540
207    opls_146    -9.966760   13.183350   15.970170
208    opls_146   -10.181110   13.202000   18.395010
209    opls_146    -6.519350   10.916390   18.750150
210    opls_146    -6.276360   10.913660   16.333530
211    opls_146   -11.454940   13.304270   23.560560
212    opls_146    -9.243580   13.317130   22.512470
213    opls_146   -10.731930   10.825540   19.299750
214    opls_146    22.193370   10.828110   20.309800
215    opls_146    -8.222940   10.815730   22.603470
216    opls_146    -6.261070   10.790320   24.052640
217    opls_146    -4.112430   13.228860   21.162510
218    opls_146    -6.098900   13.264070   19.736460
219    opls_146    -5.017110   11.954520   25.447650
220    opls_146    -0.773960   12.070450   26.033170
221    opls_146    -2.364750   12.123680   22.050210
222    opls_144    -4.257910   12.044400   12.794890
223    opls_144     0.759380   12.156320   24.293970
224    opls_146    -2.286740   11.991180   11.927870
225    opls_146    -0.153210   11.991180   10.777840
226    opls_146    -2.205040   11.958540    6.964700
227    opls_146    -4.339090   11.961110    8.112600
228    opls_146     2.756210   12.042960   23.433050
229    opls_146     4.894120   12.035880   22.287580
230    opls_146     2.856000   12.343490   18.478700
231    opls_146     0.718610   12.347030   19.625070
232    opls_144    -0.193970   11.982330    6.104080
233    opls_144     4.818050   12.012720   17.615340
234    opls_144    21.812800    7.880000    2.771150
235    opls_146    22.033830    7.930820    0.603160
236    opls_146     4.513030    7.916340   28.613510
237    opls_146     0.183430    7.997710   28.518560
238    opls_146    17.703180    8.011860    0.511260
239    opls_144     0.422730    7.977930   26.333530
240    opls_146     3.923560    7.937890   24.710590
241    opls_146     2.255110    8.027140   20.734930
242    opls_146    -0.332780    8.034370   24.145460
243    opls_144    -0.050430    8.052700   20.325930
244    opls_146     5.564770    6.797020   23.598900
245    opls_146     7.776130    6.793000   22.549600
246    opls_146     6.270210    9.254680   19.324100
247    opls_146     4.051640    9.233300   20.330490
248    opls_146     8.794490    9.323180   22.594030
249    opls_146    10.761270    9.369820   24.038950
250    opls_146    12.889700    6.854900   21.197810
251    opls_146    10.899550    6.800710   19.776930
252    opls_146    10.503700    9.147430   18.771150
253    opls_146    10.747570    9.148560   16.358490
254    opls_146     7.023960    6.938360   15.985690
255    opls_146     6.814000    6.906840   18.413270
256    opls_146    11.978870    8.162210   25.455260
257    opls_146    16.218870    8.041130   26.062690
258    opls_146    14.647410    8.020380   22.069380
259    opls_146    11.237070    7.983240   14.586120
260    opls_146     9.600250    8.030030   10.628120
261    opls_146     6.967030    8.033570   14.019170
262    opls_144    12.742470    8.184560   27.675590
263    opls_146    12.519500    8.145000   29.851180
264    opls_146    30.042590    8.147580    1.841750
265    opls_146    34.372370    8.086310    1.930920
266    opls_146    34.419810    8.083580   -0.493300
267    opls_144    -1.001670    8.079400    4.111690
268    opls_144     7.312110    7.977290   10.182900
269    opls_146     5.511010    7.327820    8.989650
270    opls_146     3.433710    7.312700    7.730070
271    opls_146     1.277690    8.578360   11.267190
272    opls_146     3.352710    8.592190   12.525260
273    opls_146    -1.839930    7.459510   19.169810
274    opls_146    -3.916880    7.454690   17.911440
275    opls_146    -6.063760    8.744300   21.442480
276    opls_146    -3.986980    8.754110   22.701760
277    opls_144    -7.864860    8.135030   20.261410
278    opls_144    -0.504960    7.985010   10.116250
279    opls_146    -7.531200    8.095800   16.428480
280    opls_146    23.337180    8.057210   15.869140
281    opls_146   -10.155990    8.049000   19.824400
282    opls_146    -0.236670    8.017170    6.296710
283    opls_146    -4.495810    8.115580    5.748630
284    opls_146    -2.812250    8.009930    9.717590
285    opls_146    27.536760    9.163350   14.461960
286    opls_146    27.751110    9.182000   12.037130
287    opls_146    24.089350    6.896390   11.681980
288    opls_146    23.846360    6.893660   14.098600
289    opls_146    29.024940    9.284270    6.871580
290    opls_146    26.813580    9.297130    7.919660
291    opls_146    28.301930    6.805540   11.132380
292    opls_146    -4.623370    6.808110   10.122340
293    opls_146    25.792940    6.795730    7.828670
294    opls_146    23.831070    6.770320    6.379490
295    opls_146    21.682430    9.208860    9.269630
296    opls_146    23.668900    9.244070   10.695680
297    opls_146    22.587110    7.934520    4.984480
298    opls_146    18.343960    8.050450    4.398960
299    opls_146    19.934750    8.103680    8.381920
300    opls_144    21.827910    8.024400   17.637250
301    opls_144    16.810620    8.136320    6.138160
302    opls_146    19.856560    7.971180   18.504560
303    opls_146    17.723210    7.971180   19.654290
304    opls_146    19.774860    7.938540   23.467740
305    opls_146    21.909090    7.941110   22.319530
306    opls_146    14.813790    8.022960    6.999090
307    opls_146    12.675880    8.015880    8.144550
308    opls_146    14.714000    8.323490   11.953440
309    opls_146    16.851390    8.327030   10.807060
310    opls_144    17.763970    7.962330   24.328060
311    opls_144    12.751950    7.992720   12.816800
312    opls_145    -5.141680    0.412450   20.921480
313    opls_145    -3.954830    0.420810   21.641810
314    opls_145    -2.725990    0.072200   21.053860
315    opls_145    -2.760600   15.792650   19.692020
316    opls_145    -3.946750   15.785740   18.971700
317    opls_145     2.200470    0.253900   10.743760
318    opls_145     3.386090    0.266120   11.463780
319    opls_145     4.617750   16.013270   10.874010
320    opls_145     4.587180   15.654200    9.511870
321    opls_145     3.399620   15.641500    8.791540
322    opls_142     7.036960   16.037230   11.248630
323    opls_700     8.137720   16.051220   12.206330
324    opls_142    -0.306250    0.032800   21.395920
325    opls_700     0.813840   16.079040   22.329880
326    opls_145     7.977830   16.054430   13.590380
327    opls_700     9.078590   16.054920   14.491480
328    opls_145    10.373680   16.045430   13.907480
329    opls_700    10.590320   16.065850   12.535910
330    opls_145     9.452310   16.062960   11.716980
331    opls_145     0.683300   16.058290   23.725800
332    opls_700     1.768070   16.016320   24.615030
333    opls_145     3.043480   15.993010   24.053560
334    opls_700     3.264510   16.028700   22.646980
335    opls_145     2.106470   16.062470   21.823800
336    opls_700     8.910630   16.079360   15.926660
337    opls_700     4.587000   16.051860   22.066640
338    opls_145     7.795630   15.483910   16.583380
339    opls_145     7.675450   15.467350   17.961960
340    opls_916     8.640220   16.064240   18.798540
341    opls_145     9.739750    0.593670   18.164330
342    opls_145     9.873110    0.600270   16.789100
343    opls_145     5.704280   15.393380   22.660370
344    opls_145     6.954910   15.390650   22.068170
345    opls_916     7.200540   16.058130   20.850270
346    opls_145     6.113480    0.650760   20.260190
347    opls_145     4.858110    0.644000   20.838100
348    opls_916     9.686520    0.012220   21.074560
349    opls_145     9.695130    0.721510   22.291540
350    opls_145    10.813110    0.753670   23.103160
351    opls_700    12.019810    0.073490   22.763540
352    opls_145    11.999960   15.458830   21.517340
353    opls_145    10.873550   15.423290   20.714240
354    opls_700    13.162920    0.058850   23.645460
355    opls_145    13.003730    0.096320   25.059340
356    opls_700    14.073040    0.071560   25.947350
357    opls_145    15.355300    0.017370   25.383140
358    opls_700    15.604970   16.062790   24.002430
359    opls_145    14.497890   16.077270   23.157940
360    opls_142    11.964640    0.008520   12.050210
361    opls_142    16.989310   16.016000   23.546250
362    opls_145    13.495690    0.125580   10.148810
363    opls_145    18.549880   15.996380   21.659460
364    opls_145    14.709960    0.216600   10.857580
365    opls_145    15.934410    0.220460   10.204200
366    opls_145    16.031220    0.135880    8.804620
367    opls_145    14.816610    0.054350    8.095250
368    opls_145    13.591980    0.051130    8.748330
369    opls_145    19.766950   15.984970   22.369440
370    opls_145    20.991230   15.985610   21.713940
371    opls_145    21.083300   15.997510   20.311010
372    opls_145    19.865520   16.002490   19.602250
373    opls_145    18.642470   16.001850   20.257450
374    opls_142    17.587220    0.097770    6.917830
375    opls_142    22.614870   16.051540   18.405660
376    opls_142    -3.184740    3.920300   27.363970
377    opls_145    -2.288490    3.949730   29.649110
378    opls_145    -3.503280    3.923520   30.361830
379    opls_145    14.035790    3.915800    1.317410
380    opls_145    15.210170    3.933650    2.090380
381    opls_145    16.426540    3.960830    1.378580
382    opls_145    -1.112880    3.968870   30.421790
383    opls_142    16.084110    3.943620    4.384360
384    opls_142     3.767890    4.120820    3.050210
385    opls_145     2.875150    4.095420    0.762630
386    opls_145     4.089590    4.113590    0.048690
387    opls_145   -13.451060    4.114710   29.092810
388    opls_145   -14.626320    4.098150   28.321360
389    opls_145   -15.841810    4.080620   29.034690
390    opls_145   -15.871160    4.079170   30.423310
391    opls_142    19.633250    4.074190   26.030730
392    opls_145    15.402390    3.919820   21.051430
393    opls_145    22.745240    4.069850   10.871270
394    opls_142    25.163750    4.078690   11.237370
395    opls_700    26.268030    4.068240   12.190200
396    opls_142    17.822130    3.948280   21.386790
397    opls_700    18.945910    3.984620   22.316190
398    opls_145    26.111660    4.077890   13.574250
399    opls_700    -7.925830    4.052000   14.472310
400    opls_145    -6.632150    4.035760   13.885880
401    opls_700    -6.418670    4.022570   12.513690
402    opls_145    27.581560    4.040900   11.697200
403    opls_145    18.820810    4.011000   23.712410
404    opls_700    19.909270    4.056020   24.597080
405    opls_145    21.182220    4.077240   24.030730
406    opls_700    21.398150    4.038650   22.623250
407    opls_145    20.236600    3.998450   21.804320
408    opls_700    -8.094150    4.017430   15.907480
409    opls_700   -12.421640    4.025150   22.039560
410    opls_145    -9.202110    4.624130   16.566040
411    opls_145    -9.323700    4.634900   17.943390
412    opls_916    -8.365960    4.024020   18.778150
413    opls_145    -7.275210    3.400280   18.142120
414    opls_145    -7.142730    3.393520   16.766580
415    opls_145   -11.311040    4.700670   22.626590
416    opls_145   -10.059880    4.707900   22.035910
417    opls_916    -9.807930    4.031100   20.824710
418    opls_145   -10.890240    3.348980   20.236150
419    opls_145    22.994910    3.347700   20.814360
420    opls_916    -7.321590    4.007620   21.056910
421    opls_145    -7.319490    3.326150   22.290020
422    opls_145    -6.203440    3.307170   23.105600
423    opls_700    -4.991640    3.971600   22.753500
424    opls_145    -5.006220    4.638280   21.492690
425    opls_145    -6.130000    4.661430   20.685630
426    opls_700    -3.844140    3.991060   23.631460
427    opls_145    -3.994540    3.944580   25.045340
428    opls_700    20.490840   16.022270    4.503960
429    opls_145    -1.641390    4.021130   25.358490
430    opls_700    -1.399800    4.067760   23.977170
431    opls_145    -2.511460    4.059560   23.138770
432    opls_145    22.711680    4.432450    9.510650
433    opls_145    21.524830    4.440810    8.790320
434    opls_145    20.295990    4.092200    9.378270
435    opls_145    20.330600    3.732650   10.740110
436    opls_145    21.516750    3.725740   11.460440
437    opls_145    15.369530    4.273900   19.688370
438    opls_145    14.183910    4.286120   18.968350
439    opls_145    12.952250    3.953270   19.558120
440    opls_145    12.982820    3.594200   20.920270
441    opls_145    14.170380    3.581500   21.640590
442    opls_142    10.533040    3.977230   19.183500
443    opls_700     9.432280    3.991220   18.225800
444    opls_142    17.876250    4.052800    9.036210
445    opls_700    16.756160    4.019040    8.102250
446    opls_145     9.592170    3.994430   16.841750
447    opls_700     8.491410    3.994920   15.940660
448    opls_145     7.196320    3.985430   16.524650
449    opls_700     6.979680    4.005850   17.896220
450    opls_145     8.117690    4.002960   18.715150
451    opls_145    16.886700    3.998290    6.706330
452    opls_700    15.801930    3.956320    5.817100
453    opls_145    14.526520    3.933010    6.378580
454    opls_700    14.305490    3.968700    7.785150
455    opls_145    15.463530    4.002470    8.608340
456    opls_700     8.659370    4.019360   14.505480
457    opls_700    12.983000    3.991860    8.365490
458    opls_145     9.774370    3.423910   13.848750
459    opls_145     9.894550    3.407350   12.470180
460    opls_916     8.929780    4.004240   11.633600
461    opls_145     7.830250    4.613670   12.267800
462    opls_145     7.696890    4.620270   13.643030
463    opls_145    11.865720    3.333380    7.771760
464    opls_145    10.615090    3.330650    8.363970
465    opls_916    10.369460    3.998130    9.581860
466    opls_145    11.456520    4.670760   10.171940
467    opls_145    12.711900    4.664000    9.594030
468    opls_916     7.883480    4.032220    9.357580
469    opls_145     7.874870    4.741510    8.140600
470    opls_145     6.756890    4.773670    7.328970
471    opls_700     5.550190    4.093490    7.668590
472    opls_145     5.570040    3.398830    8.914790
473    opls_145     6.696450    3.363290    9.717890
474    opls_700     4.407080    4.078850    6.786670
475    opls_145     4.566270    4.116320    5.372790
476    opls_700     3.496960    4.091560    4.484780
477    opls_145     2.214700    4.037370    5.049000
478    opls_700     1.965030    4.002790    6.429700
479    opls_145     3.072110    4.017270    7.274190
480    opls_142     5.605360    4.028520   18.381920
481    opls_142     0.580690    3.956000    6.885880
482    opls_145     4.074310    4.145580   20.283320
483    opls_145    -0.979880    3.936380    8.772670
484    opls_145     2.860040    4.236600   19.574560
485    opls_145     1.635590    4.240620   20.227930
486    opls_145     1.538780    4.155880   21.627510
487    opls_145     2.753390    4.074350   22.336880
488    opls_145     3.978020    4.071130   21.683810
489    opls_145    -2.196950    3.924970    8.062690
490    opls_145    -3.421230    3.925610    8.718200
491    opls_145    -3.513300    3.937510   10.121120
492    opls_145    -2.295520    3.942490   10.829880
493    opls_145    -1.072820    3.942010   10.174680
494    opls_142    -0.017390    4.117770   23.514600
495    opls_142    -5.044870    3.991540   12.026470
496    opls_142    20.754740   15.980300    3.068170
497    opls_145    19.858490   16.009730    0.783020
498    opls_145    21.073280   15.983520    0.070300
499    opls_145     3.534210   15.975800   29.114730
500    opls_145     2.359830   15.993650   28.341750
501    opls_145     1.143460   16.020830   29.053560
502    opls_145    18.682880   16.028870    0.010350
503    opls_142     1.485890   16.003620   26.047780
504    opls_142    13.802110    0.100820   27.381920
505    opls_145    14.694850    0.075420   29.669500
506    opls_145    13.480410    0.093590   30.383440
507    opls_145    31.021060    0.094710    1.339320
508    opls_145    32.196320    0.078150    2.110770
509    opls_145    33.411810    0.060620    1.397440
510    opls_145    33.441160    0.059170    0.008830
511    opls_142    -2.063250    0.054190    4.401400
512    opls_145     2.167790   15.979820    9.380400
513    opls_145    -5.175240    0.049850   19.560860
514    opls_142    -7.593750    0.058690   19.194760
515    opls_700    -8.698030    0.048240   18.241930
516    opls_142    -0.252130   16.008120    9.045340
517    opls_700    -1.375910   16.044620    8.115950
518    opls_145    -8.541660    0.057890   16.857880
519    opls_700    25.495830    0.032000   15.959830
520    opls_145    24.202150    0.015760   16.546250
521    opls_700    23.988670    0.002570   17.918440
522    opls_145   -10.011560    0.020900   18.734930
523    opls_145    -1.250810   16.071000    6.719720
524    opls_700    -2.339270    0.036020    5.835060
525    opls_145    -3.612220    0.057240    6.401400
526    opls_700    -3.828150    0.018650    7.808890
527    opls_145    -2.666600   16.058450    8.627810
528    opls_700    25.664150   16.077430   14.524650
529    opls_700    29.991640    0.005150    8.392570
530    opls_145    26.772110    0.604130   13.866100
531    opls_145    26.893700    0.614900   12.488740
532    opls_916    25.935960    0.004020   11.653990
533    opls_145    24.845210   15.460280   12.290020
534    opls_145    24.712730   15.453520   13.665550
535    opls_145    28.881040    0.680670    7.805540
536    opls_145    27.629880    0.687900    8.396230
537    opls_916    27.377750    0.011100    9.607730
538    opls_145    28.460240   15.408980   10.195980
539    opls_145    -5.424910   15.407700    9.617770
540    opls_916    24.891590   16.067620    9.375230
541    opls_145    24.889490   15.386150    8.142120
542    opls_145    23.773440   15.367170    7.326540
543    opls_700    22.561640   16.031600    7.678640
544    opls_145    22.576220    0.618280    8.939440
545    opls_145    23.700000    0.641430    9.746500
546    opls_700    21.414140   16.051060    6.800670
547    opls_145    21.564540   16.004580    5.386790
548    opls_700    -2.920840    3.962270   25.928180
549    opls_145    19.211390    0.001130    5.073650
550    opls_700    18.969800    0.047760    6.454960
551    opls_145    20.081460    0.039560    7.293360
552    opls_145    -5.141680    8.452450   20.921480
553    opls_145    -3.954830    8.460810   21.641810
554    opls_145    -2.725990    8.112200   21.053860
555    opls_145    -2.760600    7.752650   19.692020
556    opls_145    -3.946750    7.745740   18.971700
557    opls_145     2.200470    8.293900   10.743760
558    opls_145     3.386090    8.306120   11.463780
559    opls_145     4.617750    7.973270   10.874010
560    opls_145     4.587180    7.614200    9.511870
561    opls_145     3.399800    7.601500    8.791230
562    opls_142     7.036960    7.997230   11.248630
563    opls_700     8.137720    8.011220   12.206330
564    opls_142    -0.306250    8.072800   21.395920
565    opls_700     0.813840    8.039040   22.329880
566    opls_145     7.977830    8.014430   13.590380
567    opls_700     9.078590    8.014920   14.491480
568    opls_145    10.373680    8.005430   13.907480
569    opls_700    10.590320    8.025850   12.535910
570    opls_145     9.452310    8.022960   11.716980
571    opls_145     0.683300    8.018290   23.725800
572    opls_700     1.768070    7.976320   24.615030
573    opls_145     3.043480    7.953010   24.053560
574    opls_700     3.264510    7.988700   22.646980
575    opls_145     2.106470    8.022470   21.823800
576    opls_700     8.910630    8.039360   15.926660
577    opls_700     4.586650    8.011860   22.066640
578    opls_145     7.795630    7.443910   16.583380
579    opls_145     7.675450    7.427350   17.961960
580    opls_916     8.640220    8.024240   18.798540
581    opls_145     9.739750    8.633670   18.164330
582    opls_145     9.873110    8.640270   16.789100
583    opls_145     5.704280    7.353380   22.660370
584    opls_145     6.954910    7.350650   22.068170
585    opls_916     7.200540    8.018130   20.850270
586    opls_145     6.113480    8.690760   20.260190
587    opls_145     4.858110    8.684000   20.838100
588    opls_916     9.686520    8.052220   21.074560
589    opls_145     9.695130    8.761510   22.291540
590    opls_145    10.813110    8.793670   23.103160
591    opls_700    12.019810    8.113490   22.763540
592    opls_145    11.999960    7.418830   21.517340
593    opls_145    10.873550    7.383290   20.714240
594    opls_700    13.162920    8.098850   23.645460
595    opls_145    13.003730    8.136320   25.059340
596    opls_700    14.073040    8.111560   25.947350
597    opls_145    15.355300    8.057530   25.383140
598    opls_700    15.604970    8.022960   24.002430
599    opls_145    14.497890    8.037270   23.157940
600    opls_142    11.964640    8.048520   12.050210
601    opls_142    16.989310    7.976000   23.546250
602    opls_145    13.495690    8.165580   10.148810
603    opls_145    18.549880    7.956380   21.659460
604    opls_145    14.709960    8.256600   10.857580
605    opls_145    15.934410    8.260460   10.204200
606    opls_145    16.031220    8.175880    8.804620
607    opls_145    14.816610    8.094350    8.095250
608    opls_145    13.591980    8.091130    8.748330
609    opls_145    19.766950    7.944970   22.369440
610    opls_145    20.991230    7.945610   21.713940
611    opls_145    21.083300    7.957510   20.311010
612    opls_145    19.865520    7.962490   19.602250
613    opls_145    18.642470    7.962010   20.257450
614    opls_142    17.587390    8.137770    6.917530
615    opls_142    22.614870    8.011540   18.405660
616    opls_142    -3.184740   11.960300   27.363970
617    opls_145    -2.288490   11.989730   29.649110
618    opls_145    -3.503280   11.963520   30.361830
619    opls_145    14.035790   11.955800    1.317410
620    opls_145    15.210170   11.973650    2.090380
621    opls_145    16.426540   12.000830    1.378580
622    opls_145    -1.112880   12.009030   30.421790
623    opls_142    16.084110   11.983620    4.384360
624    opls_142     3.767890   12.160820    3.050210
625    opls_145     2.875150   12.135420    0.762630
626    opls_145     4.089590   12.153590    0.048690
627    opls_145   -13.451060   12.154870   29.092810
628    opls_145   -14.626320   12.138150   28.321360
629    opls_145   -15.841810   12.120620   29.034690
630    opls_145   -15.871160   12.119170   30.423310
631    opls_142    19.633250   12.114190   26.030730
632    opls_145    15.402390   11.959820   21.051430
633    opls_145    22.745240   12.109850   10.871270
634    opls_142    25.163750   12.118690   11.237370
635    opls_700    26.268030   12.108240   12.190200
636    opls_142    17.822130   11.988280   21.386790
637    opls_700    18.945910   12.024620   22.316190
638    opls_145    26.111660   12.117890   13.574250
639    opls_700    -7.925830   12.092000   14.472310
640    opls_145    -6.632150   12.075760   13.885880
641    opls_700    -6.418670   12.062570   12.513690
642    opls_145    27.581560   12.080900   11.697200
643    opls_145    18.820810   12.051000   23.712410
644    opls_700    19.909270   12.096020   24.597080
645    opls_145    21.182220   12.117240   24.030730
646    opls_700    21.398150   12.078650   22.623250
647    opls_145    20.236600   12.038450   21.804320
648    opls_700    -8.094150   12.057590   15.907480
649    opls_700   -12.421640   12.065150   22.039560
650    opls_145    -9.202110   12.664130   16.566040
651    opls_145    -9.323700   12.674900   17.943390
652    opls_916    -8.365960   12.064180   18.778150
653    opls_145    -7.275210   11.440280   18.142120
654    opls_145    -7.142730   11.433680   16.766580
655    opls_145   -11.311040   12.740670   22.626590
656    opls_145   -10.059880   12.747900   22.035910
657    opls_916    -9.807930   12.071100   20.824710
658    opls_145   -10.890240   11.388980   20.236150
659    opls_145    22.994910   11.387700   20.814360
660    opls_916    -7.321590   12.047620   21.056910
661    opls_145    -7.319490   11.366150   22.290020
662    opls_145    -6.203440   11.347170   23.105600
663    opls_700    -4.991640   12.011600   22.753500
664    opls_145    -5.006220   12.678280   21.492690
665    opls_145    -6.130000   12.701430   20.685630
666    opls_700    -3.844140   12.031060   23.631460
667    opls_145    -3.994540   11.984580   25.045340
668    opls_700    20.490840    7.982270    4.503960
669    opls_145    -1.641390   12.061130   25.358490
670    opls_700    -1.399800   12.107760   23.977170
671    opls_145    -2.511460   12.099560   23.138770
672    opls_145    22.711680   12.472450    9.510650
673    opls_145    21.524830   12.480810    8.790320
674    opls_145    20.295990   12.132200    9.378270
675    opls_145    20.330600   11.772650   10.740110
676    opls_145    21.516750   11.765740   11.460440
677    opls_145    15.369530   12.313900   19.688370
678    opls_145    14.183910   12.326120   18.968350
679    opls_145    12.952250   11.993270   19.558120
680    opls_145    12.982820   11.634200   20.920270
681    opls_145    14.170380   11.621500   21.640590
682    opls_142    10.533040   12.017230   19.183500
683    opls_700     9.432280   12.031220   18.225800
684    opls_142    17.876250   12.092800    9.036210
685    opls_700    16.756160   12.059040    8.102250
686    opls_145     9.592170   12.034430   16.841750
687    opls_700     8.491410   12.034920   15.940660
688    opls_145     7.196320   12.025430   16.524650
689    opls_700     6.979680   12.045850   17.896220
690    opls_145     8.117690   12.042960   18.715150
691    opls_145    16.886700   12.038290    6.706330
692    opls_700    15.801930   11.996320    5.817100
693    opls_145    14.526520   11.973010    6.378580
694    opls_700    14.305490   12.008700    7.785150
695    opls_145    15.463530   12.042470    8.608340
696    opls_700     8.659370   12.059360   14.505480
697    opls_700    12.983000   12.031860    8.365490
698    opls_145     9.774370   11.463910   13.848750
699    opls_145     9.894550   11.447350   12.470180
700    opls_916     8.929780   12.044240   11.633600
701    opls_145     7.830250   12.653670   12.267800
702    opls_145     7.696890   12.660270   13.643030
703    opls_145    11.865720   11.373380    7.771760
704    opls_145    10.615090   11.370650    8.363970
705    opls_916    10.369460   12.038130    9.581860
706    opls_145    11.456520   12.710760   10.171940
707    opls_145    12.711900   12.704000    9.594030
708    opls_916     7.883480   12.072220    9.357580
709    opls_145     7.874870   12.781510    8.140600
710    opls_145     6.756890   12.813670    7.328970
711    opls_700     5.550190   12.133490    7.668590
712    opls_145     5.570040   11.438830    8.914790
713    opls_145     6.696450   11.403290    9.717890
714    opls_700     4.407080   12.118850    6.786670
715    opls_145     4.566270   12.156320    5.372790
716    opls_700     3.496960   12.131560    4.484780
717    opls_145     2.214700   12.077530    5.049000
718    opls_700     1.965030   12.042960    6.429700
719    opls_145     3.072110   12.057270    7.274190
720    opls_142     5.605360   12.068520   18.381920
721    opls_142     0.580690   11.996160    6.885880
722    opls_145     4.073960   12.185580   20.283320
723    opls_145    -0.979880   11.976380    8.772670
724    opls_145     2.860040   12.276600   19.574560
725    opls_145     1.635590   12.280620   20.227930
726    opls_145     1.538780   12.195880   21.627510
727    opls_145     2.753390   12.114350   22.336880
728    opls_145     3.978020   12.111130   21.683810
729    opls_145    -2.196950   11.964970    8.062690
730    opls_145    -3.421230   11.965610    8.718200
731    opls_145    -3.513300   11.977510   10.121120
732    opls_145    -2.295520   11.982490   10.829880
733    opls_145    -1.072820   11.982010   10.174680
734    opls_142    -0.017220   12.157770   23.514300
735    opls_142    -5.044870   12.031540   12.026470
736    opls_142    20.754740    7.940300    3.068170
737    opls_145    19.858490    7.969730    0.783020
738    opls_145    21.073280    7.943520    0.070300
739    opls_145     3.534210    7.935800   29.114730
740    opls_145     2.359830    7.953650   28.341750
741    opls_145     1.143460    7.980830   29.053560
742    opls_145    18.682880    7.988870    0.010350
743    opls_142     1.485890    7.963620   26.047780
744    opls_142    13.802110    8.140820   27.381920
745    opls_145    14.694850    8.115420   29.669500
746    opls_145    13.480410    8.133590   30.383440
747    opls_145    31.021060    8.134870    1.339320
748    opls_145    32.196320    8.118150    2.110770
749    opls_145    33.411810    8.100620    1.397440
750    opls_145    33.441160    8.099170    0.008830
751    opls_142    -2.063250    8.094190    4.401400
752    opls_145     2.167610    7.939820    9.380700
753    opls_145    -5.175240    8.089850   19.560860
754    opls_142    -7.593750    8.098690   19.194760
755    opls_700    -8.698030    8.088240   18.241930
756    opls_142    -0.252130    7.968120    9.045340
757    opls_700    -1.376080    8.004620    8.116250
758    opls_145    -8.541660    8.097890   16.857880
759    opls_700    25.495830    8.072000   15.959830
760    opls_145    24.202150    8.055760   16.546250
761    opls_700    23.988670    8.042570   17.918440
762    opls_145   -10.011560    8.060900   18.734930
763    opls_145    -1.250810    8.031000    6.719720
764    opls_700    -2.339270    8.076020    5.835060
765    opls_145    -3.612220    8.097240    6.401400
766    opls_700    -3.828150    8.058650    7.808890
767    opls_145    -2.666600    8.018450    8.627810
768    opls_700    25.664150    8.037430   14.524650
769    opls_700    29.991640    8.045150    8.392570
770    opls_145    26.772110    8.644130   13.866100
771    opls_145    26.893700    8.654900   12.488740
772    opls_916    25.935960    8.044020   11.653990
773    opls_145    24.845210    7.420280   12.290020
774    opls_145    24.712730    7.413520   13.665550
775    opls_145    28.881040    8.720670    7.805540
776    opls_145    27.629880    8.727900    8.396230
777    opls_916    27.377750    8.051100    9.607730
778    opls_145    28.460240    7.368980   10.195980
779    opls_145    -5.424910    7.367700    9.617770
780    opls_916    24.891590    8.027620    9.375230
781    opls_145    24.889490    7.346150    8.142120
782    opls_145    23.773440    7.327170    7.326540
783    opls_700    22.561640    7.991600    7.678640
784    opls_145    22.576220    8.658280    8.939440
785    opls_145    23.700000    8.681430    9.746500
786    opls_700    21.414140    8.011060    6.800670
787    opls_145    21.564540    7.964580    5.386790
788    opls_700    -2.920840   12.002270   25.928180
789    opls_145    19.211390    8.041130    5.073650
790    opls_700    18.969800    8.087760    6.454960
791    opls_145    20.081460    8.079560    7.293360
792    opls_750    14.772680    0.069790   28.251060
793    opls_750    32.109880    0.076380    3.528910
794    opls_239    26.067550    0.010130   10.214850
795    opls_750    19.781540   16.021310    2.201760
796    opls_750     2.449430   15.987700   26.924220
797    opls_750     0.975310   15.965830    8.612600
798    opls_750    -6.359640    0.022670   18.783320
799    opls_750     5.800210   16.046880   11.654900
800    opls_750    -1.535090    0.080400   21.823800
801    opls_239     8.509150   16.059740   20.237980
802    opls_750    12.225210    0.093260   10.777840
803    opls_750    17.273240   16.007960   22.276630
804    opls_750    17.308210    0.126390    8.188070
805    opls_750    22.354310   16.014070   19.680460
806    opls_750     2.797320    4.089790    2.181070
807    opls_750   -14.539880    4.096380   26.903220
808    opls_239    -8.497550    4.030130   20.217280
809    opls_750    -2.211540    3.961310   28.230370
810    opls_750    15.120570    3.927700    3.507910
811    opls_750    16.594690    3.905830   21.819530
812    opls_750    23.929640    4.042670   11.648810
813    opls_750    11.769790    3.986880   18.777230
814    opls_750    19.105090    4.100400    8.608340
815    opls_239     9.060850    3.999740   10.194160
816    opls_750     5.344790    4.113260   19.654290
817    opls_750     0.296760    3.947960    8.155510
818    opls_750     0.261790    4.146390   22.244060
819    opls_750    -4.784310    3.954070   10.751670
820    opls_750    14.772680    8.109790   28.251060
821    opls_750    32.109880    8.116380    3.528910
822    opls_239    26.067550    8.050130   10.214850
823    opls_750    19.781540    7.981310    2.201760
824    opls_750     2.449430    7.947700   26.924220
825    opls_750     0.975310    7.925830    8.612600
826    opls_750    -6.359640    8.062670   18.783320
827    opls_750     5.800210    8.006880   11.654900
828    opls_750    -1.535090    8.120400   21.823800
829    opls_239     8.509150    8.019740   20.237980
830    opls_750    12.225210    8.133260   10.777840
831    opls_750    17.273240    7.967960   22.276630
832    opls_750    17.308210    8.166390    8.188070
833    opls_750    22.354310    7.974070   19.680460
834    opls_750     2.797320   12.129790    2.181070
835    opls_750   -14.539880   12.136380   26.903220
836    opls_239    -8.497550   12.070130   20.217280
837    opls_750    -2.211540   12.001310   28.230370
838    opls_750    15.120570   11.967700    3.507910
839    opls_750    16.594690   11.945830   21.819530
840    opls_750    23.929640   12.082670   11.648810
841    opls_750    11.769790   12.026880   18.777230
842    opls_750    19.105090   12.140400    8.608340
843    opls_239     9.060850   12.039740   10.194160
844    opls_750     5.344790   12.153260   19.654290
845    opls_750     0.296760   11.987960    8.155510
846    opls_750     0.261790   12.186390   22.244060
847    opls_750    -4.784310   11.994070   10.751670
