0      opls_916     1.230170    0.765090    0.456040
1      opls_145     1.291510    2.046810    1.028500
2      opls_145     2.465850    2.798090    0.970410
3      opls_145     3.603480    2.275770    0.353020
4      opls_145     3.557380    0.992420    3.688160
5      opls_145     2.379520    0.249270    3.734600
6      opls_142     5.909930    2.630890    3.726880
7      opls_700     7.087080    3.492680    3.655840
8      opls_145     8.316890    2.937450    3.297350
9      opls_145     9.455580    3.742360    3.235200
10     opls_700     9.373240    5.114080    3.521820
11     opls_145     8.132160    5.665650    3.871530
12     opls_145     6.996530    4.860340    0.041920
13     opls_700    10.579010    5.962470    3.482090
14     opls_145    12.868800    7.573510    3.483260
15     opls_916    22.180930    0.682810    0.456040
16     opls_145    21.040250    0.095080    1.028500
17     opls_145    19.802460    0.736450    0.970410
18     opls_145    19.685990    1.982820    0.353020
19     opls_145    20.820450    2.584570    3.688160
20     opls_145    22.052960    1.936090    3.734600
21     opls_142    18.225220    3.802700    3.726880
22     opls_700    16.890310    4.391250    3.655840
23     opls_145    16.756240    5.733920    3.297350
24     opls_145    15.489830    6.317590    3.235200
25     opls_700    14.343060    5.560420    3.521820
26     opls_145    14.485920    4.209830    3.871530
27     opls_145    15.751160    3.629000    0.041920
28     opls_700    13.005450    6.180460    3.482090
29     opls_145    10.465350    7.357960    3.483260
30     opls_916    11.776800   18.867840    0.456040
31     opls_145    12.856130   18.173850    1.028500
32     opls_145    12.919590   16.781210    0.970410
33     opls_145    11.898440   16.057160    0.353020
34     opls_145    10.810070   16.738750    3.688160
35     opls_145    10.755420   18.130380    3.734600
36     opls_142    11.052750   13.882150    3.726880
37     opls_700    11.210510   12.431810    3.655840
38     opls_145    10.114760   11.644370    3.297350
39     opls_145    10.242490   10.255790    3.235200
40     opls_700    11.471610    9.641240    3.521820
41     opls_145    12.569820   10.440260    3.871530
42     opls_145    12.440210   11.826400    0.041920
43     opls_700    11.603440    8.172820    3.482090
44     opls_145    11.853750    5.384280    3.483260
45     opls_750     4.784730    3.076010    0.288880
46     opls_750    18.402330    2.605700    0.288880
47     opls_750    12.000830   14.634040    0.288880
48     opls_239    11.729300   20.315740    0.482940
49     opls_146     0.375450    2.483600    1.547670
50     opls_146     2.497750    3.841910    1.427850
51     opls_146     4.484930    0.554820    3.190200
52     opls_146     2.355240   -0.787840    3.261910
53     opls_144     5.992260    1.551720    3.368820
54     opls_146     8.391610    1.825980    3.055140
55     opls_146    10.460890    3.286680    2.950180
56     opls_146     8.047590    6.779160    4.101070
57     opls_146     5.992730    5.317040    0.331500
58     opls_146    13.795770    8.237220    3.485170
59     opls_146    21.120010   -0.916650    1.547670
60     opls_146    18.882530    0.242160    1.427850
61     opls_146    20.735640    3.606650    3.190200
62     opls_146    22.963270    2.433620    3.261910
63     opls_144    19.118640    4.413600    3.368820
64     opls_146    17.681450    6.354360    3.055140
65     opls_146    15.381800    7.416060    2.950180
66     opls_146    13.563880    3.579840    4.101070
67     opls_146    15.857540    2.531340    0.331500
68     opls_146     9.427070    7.828870    3.485170
69     opls_146    13.692430   18.748790    1.547670
70     opls_146    13.807610   16.231670    1.427850
71     opls_146     9.967320   16.154270    3.190200
72     opls_146     9.869380   18.669970    3.261910
73     opls_144    10.076990   14.350430    3.368820
74     opls_146     9.114840   12.135410    3.055140
75     opls_146     9.345200    9.613000    2.950180
76     opls_146    13.576430    9.956750    4.101070
77     opls_146    13.337620   12.467370    0.331500
78     opls_146    11.965060    4.249650    3.485170
