0      opls_145    16.571300    1.745000    0.162430
1      opls_700    17.291830    1.745000    1.362530
2      opls_700    16.393470    1.745000   17.233970
3      opls_166    18.712350    1.745000    1.290660
4      opls_700    17.814460    1.745000   17.174570
5      opls_700    19.365550    1.745000    0.033000
6      opls_145    18.492550    1.745000   15.954670
7      opls_166    15.492780    1.745000   16.030210
8      opls_700    16.506070    1.745000    2.644380
9      opls_145    16.006210    1.745000   14.725800
10     opls_523    17.137610    1.745000    3.896730
11     opls_145    15.169180    1.745000   13.615900
12     opls_522    16.407060    1.745000    5.080320
13     opls_145    13.777040    1.745000   13.775220
14     opls_521    15.015520    1.745000    5.047500
15     opls_145    13.242040    1.745000   15.067350
16     opls_521    15.096650    1.745000    2.620920
17     opls_700    12.425130    1.745000    7.785200
18     opls_145    11.031410    1.745000    7.878150
19     opls_700    12.559440    1.745000   10.221320
20     opls_145    11.163800    1.745000   10.293740
21     opls_700    10.386680    1.745000    9.125730
22     opls_231    13.193480    1.745000    8.970450
23     opls_142    13.032300    1.745000    6.439360
24     opls_142    13.388340    1.745000   11.432230
25     opls_145     2.724280    1.745000   18.170790
26     opls_700     2.003760    1.745000   16.970700
27     opls_700     2.902120    1.745000    1.099260
28     opls_166     0.583230    1.745000   17.042570
29     opls_700     1.481120    1.745000    1.158660
30     opls_700    -0.069960    1.745000   18.300230
31     opls_145     0.803030    1.745000    2.378550
32     opls_166     3.802800    1.745000    2.303020
33     opls_700     2.789520    1.745000   15.688840
34     opls_145     3.289370    1.745000    3.607430
35     opls_523     2.157970    1.745000   14.436500
36     opls_145     4.126410    1.745000    4.717320
37     opls_522     2.888520    1.745000   13.252910
38     opls_145     5.518540    1.745000    4.558010
39     opls_521     4.280070    1.745000   13.285720
40     opls_145     6.053540    1.745000    3.265880
41     opls_521     4.198930    1.745000   15.712310
42     opls_700     6.870460    1.745000   10.548020
43     opls_145     8.264170    1.745000   10.455070
44     opls_700     6.736140    1.745000    8.111900
45     opls_145     8.131790    1.745000    8.039490
46     opls_700     8.908910    1.745000    9.207500
47     opls_231     6.102110    1.745000    9.362780
48     opls_142     6.263280    1.745000   11.893860
49     opls_142     5.907240    1.745000    6.900990
50     opls_180    19.500000    1.745000    2.442540
51     opls_180    14.091900    1.745000   16.182740
52     opls_272    14.563560    1.745000    8.918200
53     opls_180    -0.204410    1.745000   15.890690
54     opls_180     5.203690    1.745000    2.150490
55     opls_272     4.732020    1.745000    9.415030
56     opls_520    14.354410    1.745000    3.810190
57     opls_750    14.318620    1.745000    6.293980
58     opls_750    12.905530    1.745000   12.635630
59     opls_520     4.941170    1.745000   14.523030
60     opls_750     4.976960    1.745000   12.039250
61     opls_750     6.390050    1.745000    5.697600
62     opls_146    15.431530    1.745000    0.181870
63     opls_146    17.906490    1.745000   14.976780
64     opls_146    17.133700    1.745000   14.556950
65     opls_526    18.275810    1.745000    3.961080
66     opls_146    15.614280    1.745000   12.566330
67     opls_525    16.947850    1.745000    6.083880
68     opls_146    12.111790    1.745000   15.216390
69     opls_524    14.561000    1.745000    1.614610
70     opls_146    10.397050    1.745000    6.931060
71     opls_146    10.645660    1.745000   11.309220
72     opls_144    12.366700    1.745000    5.513720
73     opls_144    14.524990    1.745000   11.344970
74     opls_146     3.864050    1.745000   18.151360
75     opls_146     1.389100    1.745000    3.356450
76     opls_146     2.161880    1.745000    3.776280
77     opls_526     1.019780    1.745000   14.372150
78     opls_146     3.681300    1.745000    5.766900
79     opls_525     2.347730    1.745000   12.249350
80     opls_146     7.183790    1.745000    3.116830
81     opls_524     4.734580    1.745000   16.718620
82     opls_146     8.898540    1.745000   11.402170
83     opls_146     8.649930    1.745000    7.024010
84     opls_144     6.928890    1.745000   12.819510
85     opls_144     4.770590    1.745000    6.988260
