0      opls_641    -1.103490   14.133390    1.767500
1      opls_641    -0.130830   11.995480    1.767500
2      opls_641     1.234320   13.906790    1.767500
3      opls_642    -1.238020   12.783790    1.767500
4      opls_142     2.284990   11.685010    1.767500
5      opls_142     3.521280   12.176850    1.767500
6      opls_700     4.713880   11.320680    1.767500
7      opls_145     5.975590   11.924220    1.767500
8      opls_145     7.132130   11.139320    1.767500
9      opls_700     7.031000    9.745480    1.767500
10     opls_145     5.773680    9.135540    1.767500
11     opls_145     4.617370    9.920040    1.767500
12     opls_261     8.218050    8.940560    1.767500
13     opls_261     9.215100    8.263760    1.767500
14     opls_700    10.400990    7.458040    1.767500
15     opls_145    11.659350    8.066990    1.767500
16     opls_642     1.105220   12.553780    1.767500
17     opls_142     0.295290   16.154190    1.767500
18     opls_142    -0.748800   16.978920    1.767500
19     opls_700    -0.603640   18.439830    1.767500
20     opls_145    -1.757170   19.230730    1.767500
21     opls_145     9.901600    0.606940    1.767500
22     opls_700    11.159270    1.216280    1.767500
23     opls_145    12.316150    0.432390    1.767500
24     opls_145     0.657610   19.056570    1.767500
25     opls_261    11.262820    2.646760    1.767500
26     opls_261    11.350420    3.848630    1.767500
27     opls_700    11.455250    5.278500    1.767500
28     opls_145    10.298710    6.063800    1.767500
29     opls_642     0.132790   14.698090    1.767500
30     opls_142    -2.580280   12.196460    1.767500
31     opls_142    -2.772480   10.879890    1.767500
32     opls_700    -4.110240   10.275150    1.767500
33     opls_145    -4.218410    8.880710    1.767500
34     opls_145    17.638170    8.271570    1.767500
35     opls_700    16.481630    9.056070    1.767500
36     opls_145    16.582070   10.449910    1.767500
37     opls_145    -5.274980   11.059050    1.767500
38     opls_261    15.191030    8.430510    1.767500
39     opls_261    14.106380    7.905440    1.767500
40     opls_700    12.815660    7.281290    1.767500
41     opls_145    12.713840    5.887040    1.767500
42     opls_144     2.158560   10.552000    1.767500
43     opls_144     3.685970   13.304850    1.767500
44     opls_146     6.058340   13.061230    1.767500
45     opls_146     8.158180   11.636160    1.767500
46     opls_146     5.691850    7.998520    1.767500
47     opls_146     3.591430    9.422990    1.767500
48     opls_146    11.742910    9.203800    1.767500
49     opls_144     1.339720   16.611200    1.767500
50     opls_144    -1.808020   16.557550    1.767500
51     opls_146    -2.783230   18.733890    1.767500
52     opls_146     8.958290    1.247110    1.767500
53     opls_146    13.341750    0.930030    1.767500
54     opls_146     1.601030   18.416600    1.767500
55     opls_146     9.272420    5.567760    1.767500
56     opls_144    -3.498280   12.872470    1.767500
57     opls_144    -1.877950   10.173260    1.767500
58     opls_146    -3.275110    8.240540    1.767500
59     opls_146    17.555420    7.134560    1.767500
60     opls_146    15.638300   11.089280    1.767500
61     opls_146    -5.192460   12.196060    1.767500
62     opls_146    13.656570    5.246270    1.767500
