0      opls_141    18.014290    0.000000   15.637790
1      opls_142    17.801070    0.000000   13.183170
2      opls_700    18.427610    0.000000   11.809260
3      opls_166    17.576910    0.000000   10.654400
4      opls_142     6.319720    0.000000    5.717450
5      opls_700     7.763910    0.000000    5.283410
6      opls_166     8.055150    3.559000    3.886190
7      opls_142     9.722390    3.559000    1.971240
8      opls_700     9.387710    0.000000    3.429180
9      opls_166    10.458880    0.000000    4.335880
10     opls_141    14.945180    0.000000    7.172840
11     opls_142    17.205980    3.559000    8.140260
12     opls_700    18.116730    3.559000    9.340190
13     opls_166    19.525740    3.559000    9.171640
14     opls_141    23.860840    3.559000    8.706630
15     opls_142    21.871030    3.559000   10.148070
16     opls_700    20.377450    0.000000   10.293490
17     opls_166    19.846500    0.000000   11.594100
18     opls_142    11.286570    3.559000    6.792370
19     opls_700    10.212490    0.000000    5.736500
20     opls_166     8.873920    0.000000    6.201170
21     opls_750    18.493160    0.000000   14.281050
22     opls_750     5.948080    0.000000    6.951560
23     opls_238    18.992960    3.559000   16.682430
24     opls_750     8.823290    0.000000    1.035800
25     opls_750    15.908380    0.000000    8.244180
26     opls_238    13.553120    3.559000    7.511810
27     opls_238     4.594340    0.000000    7.335440
28     opls_750    22.450730    0.000000    8.985400
29     opls_750    12.549700    3.559000    6.523470
30     opls_474    16.606420    3.559000   15.945630
31     opls_474    15.351690    3.559000    5.789910
32     opls_474    24.845100    3.559000    9.761990
33     opls_167    20.814380    0.000000   12.611870
34     opls_167     8.744190    3.559000    7.598720
35     opls_167     7.064130    0.000000    2.892740
36     opls_167    16.175550    0.000000   10.746590
37     opls_167    20.138690    0.000000    7.910820
38     opls_167    11.735900    3.559000    3.754040
39     opls_144    16.737960    0.000000   13.297300
40     opls_144     5.520630    0.000000    5.004640
41     opls_910    19.994960    3.559000   16.394310
42     opls_168    20.561230    0.000000   13.576910
43     opls_168     7.841970    3.559000    8.038210
44     opls_144    10.761390    3.559000    1.672580
45     opls_144    17.611020    3.559000    7.151410
46     opls_910    13.314780    3.559000    8.527370
47     opls_168     6.085610    0.000000    3.102960
48     opls_168    15.689280    0.000000   11.619620
49     opls_168    19.604030    0.000000    7.063140
50     opls_910     3.829870    0.000000    6.623310
51     opls_144    22.485610    3.559000   11.041170
52     opls_168    12.567590    3.559000    4.321260
53     opls_144    11.007670    3.559000    7.836500
