0      opls_641    -4.913220    9.420500    4.406000
1      opls_750     2.912150    0.419380    4.404200
2      opls_641    -0.962550    1.746970    4.407200
3      opls_750     3.789690    8.974040    4.405800
4      opls_641     1.389990    2.162640    4.406200
5      opls_750    -0.213970    3.936790    4.405200
6      opls_642     1.567160    0.834000    4.406600
7      opls_642    10.308150    0.428210    4.407400
8      opls_700    -0.974490    8.134050    4.423000
9      opls_145     0.140550    8.998270    4.422600
10     opls_700     1.440600    8.482820    4.423200
11     opls_145     1.631430    7.084710    4.424200
12     opls_700     0.534830    6.216690    4.424200
13     opls_145    -0.771370    6.750390    4.423600
14     opls_142    -2.341320    8.651880    4.426600
15     opls_142     2.572320    9.407480    4.426400
16     opls_142     0.769880    4.774300    4.428400
17     opls_642     0.099160    2.564620    4.407400
18     opls_146    -0.030860   10.077450    4.423000
19     opls_146     2.651600    6.694040    4.425800
20     opls_146    -1.619860    6.062170    4.425000
21     opls_144     2.342980   10.487040    4.447000
22     opls_144     1.819400    4.433330    4.452000
23     opls_144    -3.161280    7.913290    4.449600
