0      opls_145    20.179110    0.670370    0.000000
1      opls_166    19.638250    4.613480    0.000000
2      opls_261    21.586880   10.172640    0.000000
3      opls_261    22.148390   11.174080    0.000000
4      opls_145    22.802360   12.358630    0.000000
5      opls_145    24.161440   12.304160    0.000000
6      opls_145    27.218890   17.140440    0.000000
7      opls_166    24.074290   14.700150    0.000000
8      opls_261    18.285800   13.608470    0.000000
9      opls_261    17.137760   13.594030    0.000000
10     opls_145    15.784940   13.568110    0.000000
11     opls_145    15.152190   14.772340    0.000000
12     opls_145     9.435500   15.002030    0.000000
13     opls_166    13.120770   13.498870    0.000000
14     opls_261    16.960820    9.031730    0.000000
15     opls_261    17.547340    8.044720    0.000000
16     opls_145    18.246400    6.885770    0.000000
17     opls_145    17.519680    5.736010    0.000000
18     opls_145    -1.234610   32.142470    0.000000
19     opls_166    -0.693560   28.199020    0.000000
20     opls_261    -2.642380   22.640200    0.000000
21     opls_261    -3.203890   21.638750    0.000000
22     opls_145    -3.858240   20.454210    0.000000
23     opls_145    -5.217130   20.508350    0.000000
24     opls_145    -8.274390   15.672400    0.000000
25     opls_166    -5.129980   18.112360    0.000000
26     opls_261     0.658700   19.204370    0.000000
27     opls_261     1.806740   19.218810    0.000000
28     opls_145     3.159560   19.244730    0.000000
29     opls_145     3.791930   18.040500    0.000000
30     opls_145     9.509000   17.810810    0.000000
31     opls_166     5.823350   19.313960    0.000000
32     opls_261     1.983680   23.781100    0.000000
33     opls_261     1.397160   24.768110    0.000000
34     opls_145     0.698290   25.926730    0.000000
35     opls_145     1.425010   27.076500    0.000000
36     opls_145    -9.509000   17.810810    0.000000
37     opls_166    -5.823730   19.313960    0.000000
38     opls_261    -1.983680   23.781100    0.000000
39     opls_261    -1.397160   24.768110    0.000000
40     opls_145    -0.698290   25.926730    0.000000
41     opls_145    -1.425010   27.076500    0.000000
42     opls_145     1.234610   32.142470    0.000000
43     opls_166     0.693560   28.199020    0.000000
44     opls_261     2.642380   22.640200    0.000000
45     opls_261     3.203890   21.638750    0.000000
46     opls_145     3.857860   20.454210    0.000000
47     opls_145     5.217130   20.508350    0.000000
48     opls_145     8.274390   15.672400    0.000000
49     opls_166     5.129980   18.112360    0.000000
50     opls_261    -0.658700   19.204370    0.000000
51     opls_261    -1.806740   19.218810    0.000000
52     opls_145    -3.159940   19.244730    0.000000
53     opls_145    -3.792310   18.040500    0.000000
54     opls_145    28.453500   15.002030    0.000000
55     opls_166    24.767850   13.498870    0.000000
56     opls_261    20.928180    9.031730    0.000000
57     opls_261    20.341660    8.044720    0.000000
58     opls_145    19.642980    6.885770    0.000000
59     opls_145    20.369320    5.736010    0.000000
60     opls_145    17.709890    0.670370    0.000000
61     opls_166    18.250750    4.613480    0.000000
62     opls_261    16.302120   10.172640    0.000000
63     opls_261    15.740610   11.174080    0.000000
64     opls_145    15.086640   12.358630    0.000000
65     opls_145    13.727560   12.304160    0.000000
66     opls_145    10.670110   17.140440    0.000000
67     opls_166    13.814710   14.700150    0.000000
68     opls_261    19.603200   13.608470    0.000000
69     opls_261    20.751240   13.594030    0.000000
70     opls_145    22.104060   13.568110    0.000000
71     opls_145    22.736430   14.772340    0.000000
72     opls_145     8.340700   17.059720    0.000000
73     opls_145    -0.000190   31.506560    0.000000
74     opls_145    -8.341070   17.059720    0.000000
75     opls_145    10.603800   15.753110    0.000000
76     opls_145    18.944690    1.306280    0.000000
77     opls_145    27.285570   15.753110    0.000000
78     opls_167    20.187640    3.405320    0.000000
79     opls_167    24.846090   15.780350    0.000000
80     opls_167    11.799770   13.627170    0.000000
81     opls_167    -1.243140   29.407520    0.000000
82     opls_167    -5.901590   17.032490    0.000000
83     opls_167     7.144730   19.185670    0.000000
84     opls_167    -7.144730   19.185670    0.000000
85     opls_167     1.243140   29.407520    0.000000
86     opls_167     5.901590   17.032490    0.000000
87     opls_167    26.089230   13.627170    0.000000
88     opls_167    17.701360    3.405320    0.000000
89     opls_167    13.042910   15.780350    0.000000
90     opls_146    24.734890   11.385070    0.000000
91     opls_146    21.129560    1.200950    0.000000
92     opls_146    15.661800   15.728510    0.000000
93     opls_146    26.284170   17.698260    0.000000
94     opls_146    16.436820    5.699260    0.000000
95     opls_146     9.419770   13.913630    0.000000
96     opls_146    -5.790390   21.427770    0.000000
97     opls_146    -2.185060   31.611890    0.000000
98     opls_146     3.282700   17.084330    0.000000
99     opls_146    -7.339670   15.114580    0.000000
100    opls_146     2.507680   27.113570    0.000000
101    opls_146     9.524730   18.899210    0.000000
102    opls_146    -2.507680   27.113570    0.000000
103    opls_146    -9.524730   18.899210    0.000000
104    opls_146     5.790390   21.427770    0.000000
105    opls_146     2.185060   31.611890    0.000000
106    opls_146    -3.282700   17.084330    0.000000
107    opls_146     7.339670   15.114580    0.000000
108    opls_146    21.452180    5.699260    0.000000
109    opls_146    28.469230   13.913630    0.000000
110    opls_146    13.154110   11.385070    0.000000
111    opls_146    16.759440    1.200950    0.000000
112    opls_146    22.227200   15.728510    0.000000
113    opls_146    11.604830   17.698260    0.000000
114    MOF2_B_2     7.136390   17.755030    0.000000
115    MOF2_B_2    -0.000190   30.115950    0.000000
116    MOF2_B_2    -7.136770   17.755030    0.000000
117    MOF2_B_2    11.808110   15.057810    0.000000
118    MOF2_B_2    18.944690    2.696890    0.000000
119    MOF2_B_2    26.081270   15.057810    0.000000
