0      opls_700     0.709740   17.850500    1.680500
1      opls_521     5.029910   17.850500    1.680500
2      opls_145     7.913480   17.850500    1.680500
3      opls_700    34.991260   17.850500    1.680500
4      opls_521    30.671090   17.850500    1.680500
5      opls_145    27.787520   17.850500    1.680500
6      opls_700    17.850500    0.709740    1.680500
7      opls_521    17.850500    5.029910    1.680500
8      opls_145    17.850500    7.913480    1.680500
9      opls_700    17.850500   34.991260    1.680500
10     opls_521    17.850500   30.671090    1.680500
11     opls_145    17.850500   27.787520    1.680500
12     opls_523     0.709740   15.462100    1.680500
13     opls_700     1.417330   16.656300    1.680500
14     opls_234     2.827160   16.656300    1.680500
15     opls_522     5.785700   16.656300    1.680500
16     opls_523     7.187680   16.656300    1.680500
17     opls_166    11.403610   17.167180    1.680500
18     opls_145    12.600310   16.431030    1.680500
19     opls_716    13.792010   17.171110    1.680500
20     opls_543    15.119020   16.788750    1.680500
21     opls_523    34.991260   20.238900    1.680500
22     opls_700    34.283670   19.044700    1.680500
23     opls_234    32.873840   19.044700    1.680500
24     opls_522    29.915300   19.044700    1.680500
25     opls_523    28.512960   19.044700    1.680500
26     opls_166    24.297390   18.533820    1.680500
27     opls_145    23.100690   19.269970    1.680500
28     opls_716    21.908990   18.529890    1.680500
29     opls_543    20.581980   18.912250    1.680500
30     opls_523    20.238900    0.709740    1.680500
31     opls_700    19.044700    1.417330    1.680500
32     opls_234    19.044700    2.827160    1.680500
33     opls_522    19.044700    5.785700    1.680500
34     opls_523    19.044700    7.187680    1.680500
35     opls_166    18.533820   11.403610    1.680500
36     opls_145    19.269970   12.600310    1.680500
37     opls_716    18.529890   13.792010    1.680500
38     opls_543    18.912250   15.119020    1.680500
39     opls_523    15.462100   34.991260    1.680500
40     opls_700    16.656300   34.283670    1.680500
41     opls_234    16.656300   32.873840    1.680500
42     opls_522    16.656300   29.915300    1.680500
43     opls_523    16.656300   28.512960    1.680500
44     opls_166    17.167180   24.297390    1.680500
45     opls_145    16.431030   23.100690    1.680500
46     opls_716    17.171110   21.908990    1.680500
47     opls_543    16.788750   20.581980    1.680500
48     opls_523    34.991260   15.462100    1.680500
49     opls_700    34.283670   16.656300    1.680500
50     opls_234    32.873840   16.656300    1.680500
51     opls_522    29.915300   16.656300    1.680500
52     opls_523    28.512960   16.656300    1.680500
53     opls_166    24.297390   17.167180    1.680500
54     opls_145    23.100690   16.431030    1.680500
55     opls_716    21.908990   17.171110    1.680500
56     opls_543    20.581980   16.788750    1.680500
57     opls_523     0.709740   20.238900    1.680500
58     opls_700     1.417330   19.044700    1.680500
59     opls_234     2.827160   19.044700    1.680500
60     opls_522     5.785700   19.044700    1.680500
61     opls_523     7.187680   19.044700    1.680500
62     opls_166    11.403610   18.533820    1.680500
63     opls_145    12.600310   19.269970    1.680500
64     opls_716    13.792010   18.529890    1.680500
65     opls_543    15.119020   18.912250    1.680500
66     opls_523    15.462100    0.709740    1.680500
67     opls_700    16.656300    1.417330    1.680500
68     opls_234    16.656300    2.827160    1.680500
69     opls_522    16.656300    5.785700    1.680500
70     opls_523    16.656300    7.187680    1.680500
71     opls_166    17.167180   11.403610    1.680500
72     opls_145    16.431030   12.600310    1.680500
73     opls_716    17.171110   13.792010    1.680500
74     opls_543    16.788750   15.119020    1.680500
75     opls_523    20.238900   34.991260    1.680500
76     opls_700    19.044700   34.283670    1.680500
77     opls_234    19.044700   32.873840    1.680500
78     opls_522    19.044700   29.915300    1.680500
79     opls_523    19.044700   28.512960    1.680500
80     opls_166    18.533820   24.297390    1.680500
81     opls_145    19.269970   23.100690    1.680500
82     opls_716    18.529890   21.908990    1.680500
83     opls_543    18.912250   20.581980    1.680500
84     MOF2_B_2     9.422210   17.850500    1.680500
85     MOF2_B_2    26.278790   17.850500    1.680500
86     MOF2_B_2    17.850500    9.422210    1.680500
87     MOF2_B_2    17.850500   26.278790    1.680500
88     opls_251     3.544400   17.850500    1.680500
89     opls_542    15.964060   17.850500    1.680500
90     opls_251    32.156600   17.850500    1.680500
91     opls_542    19.736940   17.850500    1.680500
92     opls_251    17.850500    3.544400    1.680500
93     opls_542    17.850500   15.964060    1.680500
94     opls_251    17.850500   32.156600    1.680500
95     opls_542    17.850500   19.736940    1.680500
96     opls_750    15.512800   15.512800    1.680500
97     opls_750    20.188200   20.188200    1.680500
98     opls_750    20.188200   15.512800    1.680500
99     opls_750    15.512800   20.188200    1.680500
100    opls_236     3.421230   15.555280    1.680500
101    opls_167    10.185140   16.690220    1.680500
102    opls_236    32.279770   20.145720    1.680500
103    opls_167    25.515860   19.010780    1.680500
104    opls_236    20.145720    3.421230    1.680500
105    opls_167    19.010780   10.185140    1.680500
106    opls_236    15.555280   32.279770    1.680500
107    opls_167    16.690220   25.515860    1.680500
108    opls_236    32.279770   15.555280    1.680500
109    opls_167    25.515860   16.690220    1.680500
110    opls_236     3.421230   20.145720    1.680500
111    opls_167    10.185140   19.010780    1.680500
112    opls_236    15.555280    3.421230    1.680500
113    opls_167    16.690220   10.185140    1.680500
114    opls_236    20.145720   32.279770    1.680500
115    opls_167    19.010780   25.515860    1.680500
116    opls_526     1.197050   14.558510    1.680500
117    opls_525     5.484030   15.704870    1.680500
118    opls_526     7.698920   15.763060    1.680500
119    opls_146    12.587460   15.409980    1.680500
120    opls_526    34.503950   21.142130    1.680500
121    opls_525    30.216970   19.996130    1.680500
122    opls_526    28.002080   19.937940    1.680500
123    opls_146    23.113540   20.291020    1.680500
124    opls_526    21.142130    1.197050    1.680500
125    opls_525    19.996130    5.484030    1.680500
126    opls_526    19.937940    7.698920    1.680500
127    opls_146    20.291020   12.587460    1.680500
128    opls_526    14.558510   34.503950    1.680500
129    opls_525    15.704870   30.216970    1.680500
130    opls_526    15.763060   28.002080    1.680500
131    opls_146    15.409980   23.113540    1.680500
132    opls_526    34.503950   14.558510    1.680500
133    opls_525    30.216970   15.704870    1.680500
134    opls_526    28.002080   15.763060    1.680500
135    opls_146    23.113540   15.409980    1.680500
136    opls_526     1.197050   21.142130    1.680500
137    opls_525     5.484030   19.996130    1.680500
138    opls_526     7.698920   19.937940    1.680500
139    opls_146    12.587460   20.291020    1.680500
140    opls_526    14.558510    1.197050    1.680500
141    opls_525    15.704870    5.484030    1.680500
142    opls_526    15.763060    7.698920    1.680500
143    opls_146    15.409980   12.587460    1.680500
144    opls_526    21.142130   34.503950    1.680500
145    opls_525    19.996130   30.216970    1.680500
146    opls_526    19.937940   28.002080    1.680500
147    opls_146    20.291020   23.113540    1.680500
148    Zn2+        17.850500   17.850500    1.680500
