0      opls_750     2.975740   15.011940    0.000000
1      opls_750     0.338960   20.753170    0.000000
2      opls_750    -3.314700   15.599030    0.000000
3      opls_750    11.851810   10.670130    0.000000
4      opls_750    14.488590    4.928900    0.000000
5      opls_750    18.142250   10.083040    0.000000
6      opls_145     0.271940   15.779580    0.000000
7      opls_145     1.026070   18.027790    0.000000
8      opls_145    -1.298000   17.556780    0.000000
9      opls_145    14.555610    9.902490    0.000000
10     opls_145    13.801480    7.654280    0.000000
11     opls_145    16.125550    8.125290    0.000000
12     opls_142     2.686160   16.250590    0.000000
13     opls_142    -0.588950   19.883060    0.000000
14     opls_142    -2.097210   15.230490    0.000000
15     opls_142    12.141390    9.431480    0.000000
16     opls_142    15.416500    5.799010    0.000000
17     opls_142    16.924760   10.451580    0.000000
18     opls_145     4.260840   14.437430    0.000000
19     opls_145     0.193940   22.153350    0.000000
20     opls_145    -4.454790   14.773350    0.000000
21     opls_145    10.566710   11.244640    0.000000
22     opls_145    14.633610    3.528720    0.000000
23     opls_145    19.282340   10.908720    0.000000
24     opls_145     5.418430   15.177330    0.000000
25     opls_145    -1.025620   22.785900    0.000000
26     opls_145    -4.392810   13.400900    0.000000
27     opls_145     9.409120   10.504740    0.000000
28     opls_145    15.853170    2.896170    0.000000
29     opls_145    19.220360   12.281170    0.000000
30     opls_145     6.638590   14.559170    0.000000
31     opls_145    -1.100350   24.151680    0.000000
32     opls_145    -5.538240   12.653300    0.000000
33     opls_145     8.188960   11.122900    0.000000
34     opls_145    15.927900    1.530390    0.000000
35     opls_145    20.365790   13.028770    0.000000
36     opls_700     6.751720   13.177210    0.000000
37     opls_700     0.039890   24.940630    0.000000
38     opls_700    -6.791610   13.246300    0.000000
39     opls_700     8.075830   12.504860    0.000000
40     opls_700    14.787660    0.741440    0.000000
41     opls_700    21.619160   12.435770    0.000000
42     opls_145     5.569820   12.453240    0.000000
43     opls_145     1.257820   24.279060    0.000000
44     opls_145    -6.827640   14.631850    0.000000
45     opls_145     9.257730   13.228830    0.000000
46     opls_145    13.569730    1.403010    0.000000
47     opls_145    21.655190   11.050220    0.000000
48     opls_145     4.353370   13.076280    0.000000
49     opls_145     1.326470   22.914060    0.000000
50     opls_145    -5.679840   15.373800    0.000000
51     opls_145    10.474180   12.605790    0.000000
52     opls_145    13.501080    2.768010    0.000000
53     opls_145    20.507390   10.308270    0.000000
54     opls_700     1.307640   16.684870    0.000000
55     opls_700    -0.275790   18.472090    0.000000
56     opls_700    -1.031850   16.207180    0.000000
57     opls_700    13.519910    8.997200    0.000000
58     opls_700    15.103340    7.209980    0.000000
59     opls_700    15.859400    9.474890    0.000000
60     opls_146    11.357310   13.192370    0.000000
61     opls_146    12.551520    3.239540    0.000000
62     opls_146    20.573820    9.250170    0.000000
63     opls_146     3.470240   12.489700    0.000000
64     opls_146     2.276030   22.442530    0.000000
65     opls_146    -5.746270   16.431900    0.000000
66     opls_146     9.282190   14.281030    0.000000
67     opls_146    12.646270    0.898100    0.000000
68     opls_146    22.554190   10.502940    0.000000
69     opls_146     5.545360   11.401040    0.000000
70     opls_146     2.181280   24.783970    0.000000
71     opls_146    -7.726640   15.179130    0.000000
72     opls_146     7.475160   15.197620    0.000000
73     opls_146    -2.071560   24.556940    0.000000
74     opls_146    -5.403600   11.609580    0.000000
75     opls_146     7.352390   10.484450    0.000000
76     opls_146    16.899110    1.125130    0.000000
77     opls_146    20.231150   14.072490    0.000000
78     opls_146     5.403310   16.233380    0.000000
79     opls_146    -1.932620   22.244780    0.000000
80     opls_146    -3.470680   12.885980    0.000000
81     opls_146     9.424240    9.448690    0.000000
82     opls_146    16.760170    3.437290    0.000000
83     opls_146    18.298230   12.796090    0.000000
84     opls_144     3.440880   16.990230    0.000000
85     opls_144    -1.606860   20.166850    0.000000
86     opls_144    -1.834020   14.207060    0.000000
87     opls_144    11.386670    8.691840    0.000000
88     opls_144    16.434410    5.515220    0.000000
89     opls_144    16.661570   11.475010    0.000000
90     opls_146     1.824230   18.726080    0.000000
91     opls_146    -2.301830   17.898860    0.000000
92     opls_146     0.477600   14.739200    0.000000
93     opls_146    13.003320    6.955990    0.000000
94     opls_146    17.129380    7.783210    0.000000
95     opls_146    14.349950   10.942870    0.000000
