0      opls_238    -3.089910   10.941780    0.000000
1      opls_238     3.625800   11.869960    0.000000
2      opls_238    -0.535880   17.221850    0.000000
3      opls_238    14.646610    9.075010    0.000000
4      opls_238     7.930900    8.146830    0.000000
5      opls_238    12.092580    2.794940    0.000000
6      opls_916    -4.454650   10.498410    0.000000
7      opls_145    -5.543630   11.377740    0.000000
8      opls_145    16.267900   10.889130    0.000000
9      opls_142    14.221790    7.700660    0.000000
10     opls_145    12.936450    7.253890    0.000000
11     opls_280    11.737680    8.126020    0.000000
12     opls_916     4.692140   10.909750    0.000000
13     opls_145     4.475100    9.526990    0.000000
14     opls_145     5.549180    8.643850    0.000000
15     opls_142     9.333540    8.466100    0.000000
16     opls_145    10.363120    7.576360    0.000000
17     opls_280    10.207220    6.102120    0.000000
18     opls_916    -0.237490   18.625420    0.000000
19     opls_145     1.068530   19.128850    0.000000
20     opls_145    12.853020    0.483810    0.000000
21     opls_142    11.114770    3.850030    0.000000
22     opls_145    11.370520    5.186550    0.000000
23     opls_280    12.725200    5.788660    0.000000
24     opls_916    16.011350    9.518380    0.000000
25     opls_145    17.100330    8.639050    0.000000
26     opls_145    -4.711200    9.127660    0.000000
27     opls_142    -2.665090   12.316130    0.000000
28     opls_145    -1.379750   12.762910    0.000000
29     opls_280    -0.180980   11.890770    0.000000
30     opls_916     6.864560    9.107040    0.000000
31     opls_145     7.081600   10.489800    0.000000
32     opls_145     6.007520   11.372940    0.000000
33     opls_142     2.223160   11.550690    0.000000
34     opls_145     1.193580   12.440440    0.000000
35     opls_280     1.349480   13.914670    0.000000
36     opls_916    11.794190    1.391370    0.000000
37     opls_145    10.488170    0.887940    0.000000
38     opls_145    -1.296320   19.532990    0.000000
39     opls_142     0.441930   16.166760    0.000000
40     opls_145     0.186180   14.830240    0.000000
41     opls_280    -1.168500   14.228140    0.000000
42     opls_146    -5.420210   12.440240    0.000000
43     opls_146    15.449810   11.587920    0.000000
44     opls_144    14.988690    6.951630    0.000000
45     opls_910    -2.390850   10.181340    0.000000
46     opls_146     3.493240    9.102640    0.000000
47     opls_146     5.353060    7.585960    0.000000
48     opls_144     9.598760    9.504770    0.000000
49     opls_910     3.934830   12.855580    0.000000
50     opls_146     1.926960   18.490710    0.000000
51     opls_146    13.867230    0.842910    0.000000
52     opls_144    10.082640    3.560390    0.000000
53     opls_910    -1.543980   16.996660    0.000000
54     opls_146    16.976910    7.576560    0.000000
55     opls_146    -3.893110    8.428870    0.000000
56     opls_144    -3.431990   13.065160    0.000000
57     opls_910    13.947550    9.835450    0.000000
58     opls_146     8.063460   10.914160    0.000000
59     opls_146     6.203640   12.430830    0.000000
60     opls_144     1.957940   10.512020    0.000000
61     opls_910     7.621870    7.161210    0.000000
62     opls_146     9.629740    1.526080    0.000000
63     opls_146    -2.310530   19.173880    0.000000
64     opls_144     1.474060   16.456400    0.000000
65     opls_910    13.100680    3.020130    0.000000
66     opls_281    11.862720    9.328630    0.000000
67     opls_281     9.103210    5.609110    0.000000
68     opls_281    13.704170    5.079060    0.000000
69     opls_281    -0.306020   10.688170    0.000000
70     opls_281     2.453490   14.407690    0.000000
71     opls_281    -2.147470   14.937730    0.000000
