0      opls_719     5.530220    6.831200    0.000000
1      opls_719    13.438900    1.373710    0.000000
2      opls_719    14.210880   10.951570    0.000000
3      opls_719     5.529780   12.325280    0.000000
4      opls_719    -2.378900   17.782770    0.000000
5      opls_719    -3.150880    8.204910    0.000000
6      opls_719     3.201980    8.161240    0.000000
7      opls_719     2.391170   17.848860    0.000000
8      opls_719    -5.593150   12.302870    0.000000
9      opls_719     7.858020   10.995250    0.000000
10     opls_719     8.668830    1.307620    0.000000
11     opls_719    16.653150    6.853610    0.000000
12     opls_281    10.362890    9.021360    0.000000
13     opls_281     9.125830    4.463840    0.000000
14     opls_281    13.691280    5.671280    0.000000
15     opls_281     0.697110   10.135120    0.000000
16     opls_281     1.934170   14.692640    0.000000
17     opls_281    -2.631280   13.485210    0.000000
18     opls_238     8.004340    8.344950    0.000000
19     opls_238    10.890890    2.759490    0.000000
20     opls_238    14.284760    8.052040    0.000000
21     opls_238     3.055660   10.811540    0.000000
22     opls_238     0.169110   16.396990    0.000000
23     opls_238    -3.224760   11.104440    0.000000
24     opls_280    10.677430    7.787680    0.000000
25     opls_280    10.036950    5.353090    0.000000
26     opls_280    12.465620    6.015710    0.000000
27     opls_280     0.382570   11.368800    0.000000
28     opls_280     1.023050   13.803390    0.000000
29     opls_280    -1.405620   13.140770    0.000000
30     opls_700     9.682260    6.745960    0.000000
31     opls_700    11.436700    5.012100    0.000000
32     opls_700    12.061040    7.398420    0.000000
33     opls_700     1.377740   12.410530    0.000000
34     opls_700    -0.376700   14.144380    0.000000
35     opls_700    -1.001040   11.758060    0.000000
36     opls_142     8.339350    7.057060    0.000000
37     opls_142    11.838730    3.693560    0.000000
38     opls_142    13.001910    8.405860    0.000000
39     opls_142     2.720650   12.099430    0.000000
40     opls_142    -0.778730   15.462920    0.000000
41     opls_142    -1.941910   10.750620    0.000000
42     opls_916     6.762970    8.894740    0.000000
43     opls_916    11.035450    1.409530    0.000000
44     opls_916    15.381580    8.852210    0.000000
45     opls_916     4.297030   10.261740    0.000000
46     opls_916     0.024550   17.746950    0.000000
47     opls_916    -4.321580   10.304270    0.000000
48     opls_727     4.355980    8.857770    0.000000
49     opls_727     1.210960   18.499990    0.000000
50     opls_727    -5.566940   10.955210    0.000000
51     opls_727     6.704020   10.298720    0.000000
52     opls_727     9.849040    0.656490    0.000000
53     opls_727    16.626940    8.201270    0.000000
54     opls_727     5.552340    8.185180    0.000000
55     opls_727    12.255250    0.715880    0.000000
56     opls_727    15.372400   10.255420    0.000000
57     opls_727     5.507660   10.971300    0.000000
58     opls_727    -1.195250   18.440600    0.000000
59     opls_727    -4.312400    8.901060    0.000000
60     opls_910     8.700130    9.091860    0.000000
61     opls_910     9.896160    2.988600    0.000000
62     opls_910    14.583720    7.076020    0.000000
63     opls_910     2.359870   10.064620    0.000000
64     opls_910     1.163840   16.167880    0.000000
65     opls_910    -3.523720   12.080460    0.000000
66     opls_144     3.522170   12.858980    0.000000
67     opls_144    -1.837290   15.777280    0.000000
68     opls_144    -1.684880    9.676710    0.000000
69     opls_144     7.537830    6.297500    0.000000
70     opls_144    12.897290    3.379200    0.000000
71     opls_144    12.744880    9.479780    0.000000
