0      opls_166    14.726370   11.586350    1.621800
1      opls_145    15.464880   10.433860    1.608260
2      opls_567     9.602850   14.529640    1.735470
3      opls_716    11.787680   15.169840    1.703200
4      opls_166    10.053090   16.905870    1.780870
5      opls_145    16.703720   12.889870    1.633120
6      opls_166    15.338020   12.799640    1.636220
7      opls_567    11.905950   13.807430    1.672690
8      opls_716    10.486500   15.588410    1.731200
9      opls_700    17.509130   11.736110    1.619210
10     opls_700    16.871160   10.471540    1.614910
11     opls_182    10.908040   19.110480    2.543760
12     opls_135    12.312130   19.412850    3.034030
13     opls_166    19.162740    6.960230    1.621800
14     opls_145    19.791570    8.176050    1.608260
15     opls_567    19.175540    1.051490    1.735470
16     opls_716    17.528690    2.623500    1.703200
17     opls_166    16.892550    0.253300    1.780870
18     opls_145    17.045190    8.020910    1.633120
19     opls_166    17.806180    6.883290    1.636220
20     opls_567    18.649440    3.407140    1.672690
21     opls_716    17.816780    1.287370    1.731200
22     opls_700    17.641660    9.295300    1.619210
23     opls_700    19.055800    9.375090    1.614910
24     opls_182    -3.724180   31.553290    2.543760
25     opls_135    13.591910    0.956190    3.034030
26     opls_166    20.950890   13.115300    1.621800
27     opls_145    19.583550   13.051980    1.608260
28     opls_567    26.061610   16.080760    1.735470
29     opls_716    25.523630   13.868540    1.703200
30     opls_166    27.894370   14.502730    1.780870
31     opls_145    21.091100   10.751110    1.633120
32     opls_166    21.695800   11.978960    1.636220
33     opls_567    24.284610   14.447320    1.672690
34     opls_716    26.536710   14.786100    1.731200
35     opls_700    19.689210   10.630480    1.619210
36     opls_700    18.913040   11.815270    1.614910
37     opls_182    -7.183860   12.660010    2.543760
38     opls_135    28.935960   11.292850    3.034030
39     opls_166     3.553630   20.075540    1.621800
40     opls_145     2.815120   21.228030    1.608260
41     opls_567     8.677150   17.132250    1.735470
42     opls_716     6.492320   16.492040    1.703200
43     opls_166     8.226910   14.756020    1.780870
44     opls_145     1.576280   18.772020    1.633120
45     opls_166     2.941980   18.862250    1.636220
46     opls_567     6.374050   17.854460    1.672690
47     opls_716     7.793500   16.073470    1.731200
48     opls_700     0.770870   19.925780    1.619210
49     opls_700     1.408840   21.190350    1.614910
50     opls_182     7.371960   12.551410    2.543760
51     opls_135     5.967870   12.249030    3.034030
52     opls_166    -0.882740   24.701660    1.621800
53     opls_145    -1.511570   23.485840    1.608260
54     opls_567    -0.895540   30.610400    1.735470
55     opls_716     0.751310   29.038380    1.703200
56     opls_166     1.387450   31.408590    1.780870
57     opls_145     1.234810   23.640980    1.633120
58     opls_166     0.473820   24.778590    1.636220
59     opls_567    -0.369440   28.254750    1.672690
60     opls_716     0.463220   30.374520    1.731200
61     opls_700     0.638340   22.366590    1.619210
62     opls_700    -0.775800   22.286800    1.614910
63     opls_182    22.004180    0.108600    2.543760
64     opls_135     4.688090   30.705700    3.034030
65     opls_166    -2.670890   18.546580    1.621800
66     opls_145    -1.303550   18.609910    1.608260
67     opls_567    -7.781610   15.581130    1.735470
68     opls_716    -7.243630   17.793350    1.703200
69     opls_166    -9.614370   17.159160    1.780870
70     opls_145    -2.811100   20.910780    1.633120
71     opls_166    -3.415800   19.682930    1.636220
72     opls_567    -6.004610   17.214570    1.672690
73     opls_716    -8.256710   16.875790    1.731200
74     opls_700    -1.409210   21.031410    1.619210
75     opls_700    -0.633040   19.846620    1.614910
76     opls_182    25.463860   19.001880    2.543760
77     opls_135   -10.655960   20.369040    3.034030
78     opls_167    13.409660   11.716480    1.627130
79     opls_167    14.452530   13.784320    1.654290
80     opls_179    11.001090   17.853820    1.895770
81     opls_167    19.708400    5.754860    1.627130
82     opls_167    17.396160    5.624100    1.654290
83     opls_179    15.597590    0.600310    1.895770
84     opls_167    21.721940   14.190540    1.627130
85     opls_167    22.991300   12.253470    1.654290
86     opls_179    28.241320   13.207760    1.895770
87     opls_167     4.870340   19.945410    1.627130
88     opls_167     3.827470   17.877570    1.654290
89     opls_179     7.278910   13.808070    1.895770
90     opls_167    -1.428400   25.907020    1.627130
91     opls_167     0.883840   26.037790    1.654290
92     opls_179     2.682410   31.061580    1.895770
93     opls_167    -3.441940   17.471350    1.627130
94     opls_167    -4.711300   19.408420    1.654290
95     opls_179    -9.961320   18.454130    1.895770
96     MOF2_B_2    13.197980   13.119100    1.650570
97     MOF2_B_2    18.599530    4.870230    1.650570
98     MOF2_B_2    23.042490   13.672550    1.650570
99     MOF2_B_2     5.082020   18.542790    1.650570
100    MOF2_B_2    -0.319530   26.791660    1.650570
101    MOF2_B_2    -4.762490   17.989340    1.650570
102    opls_633    10.392550   13.010500    1.669620
103    opls_633    20.096300    2.494960    1.669620
104    opls_633    24.351150   16.156430    1.669620
105    opls_633     7.887450   18.651390    1.669620
106    opls_633    -1.816300   29.166930    1.669620
107    opls_633    -6.071150   15.505460    1.669620
108    opls_146    14.923430    9.596720    1.594900
109    opls_570    12.572070   15.801500    1.707210
110    opls_146    17.055970   13.822310    1.644620
111    opls_185    10.211940   19.061090    3.390590
112    opls_185    10.555970   19.881130    1.860880
113    opls_140    12.992510   19.504670    2.187880
114    opls_140    12.652870   18.597240    3.665260
115    opls_140    12.329680   20.324720    3.615140
116    opls_146    20.787280    8.125710    1.594900
117    opls_570    16.589470    2.986980    1.707210
118    opls_146    16.061540    7.859750    1.644620
119    opls_185    -3.333360   30.975140    3.390590
120    opls_185    -4.215550   30.863060    1.860880
121    opls_140    13.172200    1.499510    2.187880
122    opls_140    14.127880    1.659080    3.665260
123    opls_140    12.793440    0.515460    3.615140
124    opls_146    19.129290   13.939460    1.594900
125    opls_570    25.678460   12.873410    1.707210
126    opls_146    21.722490    9.979830    1.644620
127    opls_185    -6.878580   13.287540    3.390590
128    opls_185    -6.340420   12.579590    1.860880
129    opls_140    28.675290   10.657710    2.187880
130    opls_140    28.059250   11.405560    3.665260
131    opls_140    29.716880   10.821720    3.615140
132    opls_146     3.356570   22.065170    1.594900
133    opls_570     5.707930   15.860390    1.707210
134    opls_146     1.224030   17.839570    1.644620
135    opls_185     8.068060   12.600800    3.390590
136    opls_185     7.724030   11.780760    1.860880
137    opls_140     5.287490   12.157220    2.187880
138    opls_140     5.627130   13.064650    3.665260
139    opls_140     5.950320   11.337170    3.615140
140    opls_146    -2.507280   23.536180    1.594900
141    opls_570     1.690530   28.674910    1.707210
142    opls_146     2.218460   23.802140    1.644620
143    opls_185    21.613360    0.686750    3.390590
144    opls_185    22.495550    0.798830    1.860880
145    opls_140     5.107800   30.162380    2.187880
146    opls_140     4.152120   30.002810    3.665260
147    opls_140     5.486560   31.146430    3.615140
148    opls_146    -0.849290   17.722430    1.594900
149    opls_570    -7.398460   18.788480    1.707210
150    opls_146    -3.442490   21.682060    1.644620
151    opls_185    25.158580   18.374340    3.390590
152    opls_185    24.620420   19.082300    1.860880
153    opls_140   -10.395290   21.004180    2.187880
154    opls_140    -9.779250   20.256330    3.665260
155    opls_140   -11.436880   20.840170    3.615140
