0      opls_567    -0.562040   13.597840    0.000000
1      opls_700    -1.399070   12.487530    0.000000
2      opls_567     2.625200   10.128260    0.000000
3      opls_716     1.294880    9.839820    0.000000
4      opls_142     3.727070    9.285500    0.000000
5      opls_145     6.002020    9.132960    0.000000
6      opls_145     7.212560    9.819290    0.000000
7      opls_145     5.947790    7.736620    0.000000
8      opls_145     7.108160    7.041410    0.000000
9      opls_700     8.333010    7.704080    0.000000
10     opls_145     8.381900    9.103010    0.000000
11     opls_145    10.747800    7.534900    0.000000
12     opls_700     9.521990    6.915310    0.000000
13     opls_567    -0.820050   11.203980    0.000000
14     opls_700     0.560010   11.034250    0.000000
15     opls_567     0.591070   15.699000    0.000000
16     opls_716     1.506030   14.691130    0.000000
17     opls_142     0.769990   17.074630    0.000000
18     opls_145    10.439620    0.631420    0.000000
19     opls_145     9.239960    1.336620    0.000000
20     opls_145    11.675990    1.282630    0.000000
21     opls_145    11.697880    2.635140    0.000000
22     opls_700    10.511570    3.364560    0.000000
23     opls_145     9.275610    2.707440    0.000000
24     opls_145     9.450680    5.540420    0.000000
25     opls_700    10.600170    4.788630    0.000000
26     opls_567     1.382090   12.177460    0.000000
27     opls_700     0.839050   13.457500    0.000000
28     opls_567    -3.216270   11.152030    0.000000
29     opls_716    -2.800910   12.448340    0.000000
30     opls_142    -4.497060   10.619160    0.000000
31     opls_145    15.583370    8.725260    0.000000
32     opls_145    15.572480    7.333730    0.000000
33     opls_145    14.401220    9.470390    0.000000
34     opls_145    13.218960    8.813090    0.000000
35     opls_700    13.180420    7.421000    0.000000
36     opls_145    14.367480    6.679200    0.000000
37     opls_145    11.826510    5.414320    0.000000
38     opls_700    11.902840    6.785700    0.000000
39     opls_633     3.040240   11.810440    0.000000
40     opls_633    -1.073260   15.217350    0.000000
41     opls_633    -1.966980    9.951500    0.000000
42     opls_750     4.868760    9.892880    0.000000
43     opls_750    -0.326870   17.759670    0.000000
44     opls_750    -4.541890    9.326730    0.000000
45     opls_570     0.878660    8.833060    0.000000
46     opls_144     3.569080    8.199420    0.000000
47     opls_146     7.190790   10.909070    0.000000
48     opls_146     5.008390    7.191550    0.000000
49     opls_146     7.067380    5.957550    0.000000
50     opls_146     9.324510    9.643270    0.000000
51     opls_146    10.787300    8.613580    0.000000
52     opls_570     2.586020   14.834060    0.000000
53     opls_144     1.789560   17.480850    0.000000
54     opls_146     8.307070    0.772870    0.000000
55     opls_146    12.617740    0.741620    0.000000
56     opls_146    12.656920    3.141760    0.000000
57     opls_146     8.336430    3.253620    0.000000
58     opls_146     8.496770    5.035280    0.000000
59     opls_570    -3.464680   13.312170    0.000000
60     opls_144    -5.358640   11.299020    0.000000
61     opls_146    16.527140    6.807700    0.000000
62     opls_146    14.398870   10.556480    0.000000
63     opls_146    12.300700    9.390330    0.000000
64     opls_146    14.364070    5.592750    0.000000
65     opls_146    12.740930    4.840770    0.000000
