0      opls_700    21.523860    6.306620    9.309350
1      opls_145    22.214540    6.370880   10.541790
2      opls_145    21.658530    7.031380   11.682390
3      opls_700    25.793090    2.169260    3.285110
4      opls_145    25.484070    2.475200    1.922250
5      opls_145    26.124740    1.826720    0.817290
6      opls_700    27.105430    0.840440    1.033250
7      opls_700    27.422270    0.523320    2.361300
8      opls_145    26.792220    1.160070    3.475490
9      opls_700    25.095710    2.901850    4.480230
10     opls_145    25.707040    3.008580    5.756700
11     opls_145    25.085930    3.682490    6.849080
12     opls_145    23.815500    4.294940    6.745080
13     opls_145    23.189080    4.198260    5.477840
14     opls_145    23.813540    3.521000    4.377070
15     opls_142    22.069530    5.609510    8.040430
16     opls_700     6.416140   21.633380    9.309350
17     opls_145     5.725460   21.569120   10.541790
18     opls_145     6.281470   20.908620   11.682390
19     opls_700     2.146910   25.770740    3.285110
20     opls_145     2.455930   25.464800    1.922250
21     opls_145     1.815260   26.113280    0.817290
22     opls_700     0.834570   27.099560    1.033250
23     opls_700     0.517730   27.416680    2.361300
24     opls_145     1.147780   26.779930    3.475490
25     opls_700     2.844290   25.038150    4.480230
26     opls_145     2.232960   24.931420    5.756700
27     opls_145     2.854070   24.257510    6.849080
28     opls_145     4.124500   23.645060    6.745080
29     opls_145     4.750920   23.741740    5.477840
30     opls_145     4.126460   24.419000    4.377070
31     opls_142     5.870470   22.330490    8.040430
32     opls_700     7.663380    7.553860   30.276350
33     opls_145     7.599120    8.244540   31.508790
34     opls_145     6.938620    7.688530   32.649390
35     opls_700    11.800740   11.823090   24.252110
36     opls_145    11.494800   11.514070   22.889250
37     opls_145    12.143280   12.154740   21.784290
38     opls_700    13.129560   13.135430   22.000250
39     opls_700    13.446680   13.452270   23.328300
40     opls_145    12.809930   12.822220   24.442490
41     opls_700    11.068150   11.125710   25.447230
42     opls_145    10.961420   11.737040   26.723700
43     opls_145    10.287510   11.115930   27.816080
44     opls_145     9.675060    9.845500   27.712080
45     opls_145     9.771740    9.219080   26.444840
46     opls_145    10.449000    9.843540   25.344070
47     opls_142     8.360490    8.099530   29.007430
48     opls_700    20.276620   20.386140   30.276350
49     opls_145    20.340880   19.695460   31.508790
50     opls_145    21.001380   20.251470   32.649390
51     opls_700    16.139260   16.116910   24.252110
52     opls_145    16.445200   16.425930   22.889250
53     opls_145    15.796720   15.785260   21.784290
54     opls_700    14.810440   14.804570   22.000250
55     opls_700    14.493320   14.487730   23.328300
56     opls_145    15.130070   15.117780   24.442490
57     opls_700    16.871850   16.814290   25.447230
58     opls_145    16.978580   16.202960   26.723700
59     opls_145    17.652490   16.824070   27.816080
60     opls_145    18.264940   18.094500   27.712080
61     opls_145    18.168260   18.720920   26.444840
62     opls_145    17.491000   18.096460   25.344070
63     opls_142    19.579510   19.840470   29.007430
64     opls_700    20.386140    7.663380   11.657650
65     opls_145    19.695460    7.599120   10.425210
66     opls_145    20.251470    6.938620    9.284610
67     opls_700    16.116910   11.800740   17.681890
68     opls_145    16.425930   11.494800   19.044750
69     opls_145    15.785260   12.143280   20.149710
70     opls_700    14.804570   13.129560   19.933750
71     opls_700    14.487730   13.446680   18.605700
72     opls_145    15.117780   12.809930   17.491510
73     opls_700    16.814290   11.068150   16.486770
74     opls_145    16.202960   10.961420   15.210300
75     opls_145    16.824070   10.287510   14.117920
76     opls_145    18.094500    9.675060   14.221920
77     opls_145    18.720920    9.771740   15.489160
78     opls_145    18.096460   10.449000   16.589930
79     opls_142    19.840470    8.360490   12.926570
80     opls_700     7.553860   20.276620   11.657650
81     opls_145     8.244540   20.340880   10.425210
82     opls_145     7.688530   21.001380    9.284610
83     opls_700    11.823090   16.139260   17.681890
84     opls_145    11.514070   16.445200   19.044750
85     opls_145    12.154740   15.796720   20.149710
86     opls_700    13.135430   14.810440   19.933750
87     opls_700    13.452270   14.493320   18.605700
88     opls_145    12.822220   15.130070   17.491510
89     opls_700    11.125710   16.871850   16.486770
90     opls_145    11.737040   16.978580   15.210300
91     opls_145    11.115930   17.652490   14.117920
92     opls_145     9.845500   18.264940   14.221920
93     opls_145     9.219080   18.168260   15.489160
94     opls_145     9.843540   17.491000   16.589930
95     opls_142     8.099530   19.579510   12.926570
96     opls_700     6.306620    6.416140   32.624650
97     opls_145     6.370880    5.725460   31.392210
98     opls_145     7.031380    6.281470   30.251610
99     opls_700     2.169260    2.146910   38.648890
100    opls_145     2.475200    2.455930   40.011750
101    opls_145     1.826720    1.815260   41.116710
102    opls_700     0.840440    0.834570   40.900750
103    opls_700     0.523320    0.517730   39.572700
104    opls_145     1.160070    1.147780   38.458510
105    opls_700     2.901850    2.844290   37.453770
106    opls_145     3.008580    2.232960   36.177300
107    opls_145     3.682490    2.854070   35.084920
108    opls_145     4.294940    4.124500   35.188920
109    opls_145     4.198260    4.750920   36.456160
110    opls_145     3.521000    4.126460   37.556930
111    opls_142     5.609510    5.870470   33.893570
112    opls_700    21.633380   21.523860   32.624650
113    opls_145    21.569120   22.214540   31.392210
114    opls_145    20.908620   21.658530   30.251610
115    opls_700    25.770740   25.793090   38.648890
116    opls_145    25.464800   25.484070   40.011750
117    opls_145    26.113280   26.124740   41.116710
118    opls_700    27.099560   27.105430   40.900750
119    opls_700    27.416680   27.422270   39.572700
120    opls_145    26.779930   26.792220   38.458510
121    opls_700    25.038150   25.095710   37.453770
122    opls_145    24.931420   25.707040   36.177300
123    opls_145    24.257510   25.085930   35.084920
124    opls_145    23.645060   23.815500   35.188920
125    opls_145    23.741740   23.189080   36.456160
126    opls_145    24.419000   23.813540   37.556930
127    opls_142    22.330490   22.069530   33.893570
128    opls_701     0.000000    0.000000    0.000000
129    opls_701    13.970000   13.970000   20.967000
130    opls_146    23.242170    5.888630   10.644950
131    opls_146    22.241080    7.065190   12.661550
132    opls_146    24.698400    3.264790    1.679460
133    opls_146    27.082520    0.867260    4.538520
134    opls_146    26.732990    2.545610    5.937850
135    opls_146    25.615390    3.743120    7.856750
136    opls_146    22.162290    4.665420    5.312200
137    opls_146    23.243010    3.489430    3.390780
138    opls_146    25.841710    2.107790   -0.250770
139    opls_144    21.452050    5.605600    7.082230
140    opls_146     4.697830   22.051370   10.644950
141    opls_146     5.698920   20.874810   12.661550
142    opls_146     3.241600   24.675210    1.679460
143    opls_146     0.857480   27.072740    4.538520
144    opls_146     1.207010   25.394390    5.937850
145    opls_146     2.324610   24.196880    7.856750
146    opls_146     5.777710   23.274580    5.312200
147    opls_146     4.696990   24.450570    3.390780
148    opls_146     2.098290   25.832210   -0.250770
149    opls_144     6.487950   22.334400    7.082230
150    opls_146     8.081370    9.272170   31.611950
151    opls_146     6.904810    8.271080   33.628550
152    opls_146    10.705210   10.728400   22.646460
153    opls_146    13.102740   13.112520   25.505520
154    opls_146    11.424390   12.762990   26.904850
155    opls_146    10.226880   11.645390   28.823750
156    opls_146     9.304580    8.192290   26.279200
157    opls_146    10.480570    9.273010   24.357780
158    opls_146    11.862210   11.871710   20.716230
159    opls_144     8.364400    7.482050   28.049230
160    opls_146    19.858630   18.667830   31.611950
161    opls_146    21.035190   19.668920   33.628550
162    opls_146    17.234790   17.211600   22.646460
163    opls_146    14.837260   14.827480   25.505520
164    opls_146    16.515610   15.177010   26.904850
165    opls_146    17.713120   16.294610   28.823750
166    opls_146    18.635420   19.747710   26.279200
167    opls_146    17.459430   18.666990   24.357780
168    opls_146    16.077790   16.068290   20.716230
169    opls_144    19.575600   20.457950   28.049230
170    opls_146    18.667830    8.081370   10.322050
171    opls_146    19.668920    6.904810    8.305450
172    opls_146    17.211600   10.705210   19.287540
173    opls_146    14.827480   13.102740   16.428480
174    opls_146    15.177010   11.424390   15.029150
175    opls_146    16.294610   10.226880   13.110250
176    opls_146    19.747710    9.304580   15.654800
177    opls_146    18.666990   10.480570   17.576220
178    opls_146    16.068290   11.862210   21.217770
179    opls_144    20.457950    8.364400   13.884770
180    opls_146     9.272170   19.858630   10.322050
181    opls_146     8.271080   21.035190    8.305450
182    opls_146    10.728400   17.234790   19.287540
183    opls_146    13.112520   14.837260   16.428480
184    opls_146    12.762990   16.515610   15.029150
185    opls_146    11.645390   17.713120   13.110250
186    opls_146     8.192290   18.635420   15.654800
187    opls_146     9.273010   17.459430   17.576220
188    opls_146    11.871710   16.077790   21.217770
189    opls_144     7.482050   19.575600   13.884770
190    opls_146     5.888630    4.697830   31.289050
191    opls_146     7.065190    5.698920   29.272450
192    opls_146     3.264790    3.241600   40.254540
193    opls_146     0.867260    0.857480   37.395480
194    opls_146     2.545610    1.207010   35.996150
195    opls_146     3.743120    2.324610   34.077250
196    opls_146     4.665420    5.777710   36.621800
197    opls_146     3.489430    4.696990   38.543220
198    opls_146     2.107790    2.098290   42.184770
199    opls_144     5.605600    6.487950   34.851770
200    opls_146    22.051370   23.242170   31.289050
201    opls_146    20.874810   22.241080   29.272450
202    opls_146    24.675210   24.698400   40.254540
203    opls_146    27.072740   27.082520   37.395480
204    opls_146    25.394390   26.732990   35.996150
205    opls_146    24.196880   25.615390   34.077250
206    opls_146    23.274580   22.162290   36.621800
207    opls_146    24.450570   23.243010   38.543220
208    opls_146    25.832210   25.841710   42.184770
209    opls_144    22.334400   21.452050   34.851770
210    opls_750    23.230710    4.982260    7.925950
211    opls_750     4.709290   22.957740    7.925950
212    opls_750     8.987740    9.260710   28.892950
213    opls_750    18.952260   18.679290   28.892950
214    opls_750    18.679290    8.987740   13.041050
215    opls_750     9.260710   18.952260   13.041050
216    opls_750     4.982260    4.709290   34.008050
217    opls_750    22.957740   23.230710   34.008050
