0      opls_750    10.683390   13.594740   38.404910
1      opls_750     9.732810   27.237660   17.988710
2      opls_750    30.149010   34.010940   22.843690
3      opls_750    31.099590    6.821460    2.427490
4      opls_750    38.404910   10.683390   13.594740
5      opls_750    17.988710    9.732810   27.237660
6      opls_750    22.843690   30.149010   34.010940
7      opls_750     2.427490   31.099590    6.821460
8      opls_750    34.010940   22.843690   30.149010
9      opls_750     6.821460    2.427490   31.099590
10     opls_750    13.594740   38.404910   10.683390
11     opls_750    27.237660   17.988710    9.732810
12     opls_750    23.802840   20.891490    7.780610
13     opls_750    37.445760   19.940910   28.196810
14     opls_750     3.386640   40.357110   33.051790
15     opls_750    17.029560    0.475290   12.635590
16     opls_750    20.891490    7.780610   23.802840
17     opls_750    19.940910   28.196810   37.445760
18     opls_750    40.357110   33.051790    3.386640
19     opls_750     0.475290   12.635590   17.029560
20     opls_750    33.051790    3.386640   40.357110
21     opls_750    12.635590   17.029560    0.475290
22     opls_750     7.780610   23.802840   20.891490
23     opls_750    28.196810   37.445760   19.940910
24     opls_750    30.149010    6.821460   38.404910
25     opls_750    31.099590   34.010940   17.988710
26     opls_750    10.683390   27.237660   22.843690
27     opls_750     9.732810   13.594740    2.427490
28     opls_750     2.427490    9.732810   13.594740
29     opls_750    22.843690   10.683390   27.237660
30     opls_750    17.988710   31.099590   34.010940
31     opls_750    38.404910   30.149010    6.821460
32     opls_750     6.821460   38.404910   30.149010
33     opls_750    34.010940   17.988710   31.099590
34     opls_750    27.237660   22.843690   10.683390
35     opls_750    13.594740    2.427490    9.732810
36     opls_750    37.445760   20.891490   33.051790
37     opls_750    23.802840   19.940910   12.635590
38     opls_750    17.029560   40.357110    7.780610
39     opls_750     3.386640    0.475290   28.196810
40     opls_750    40.357110    7.780610   17.029560
41     opls_750     0.475290   28.196810    3.386640
42     opls_750    20.891490   33.051790   37.445760
43     opls_750    19.940910   12.635590   23.802840
44     opls_750    28.196810    3.386640    0.475290
45     opls_750     7.780610   17.029560   40.357110
46     opls_750    12.635590   23.802840   19.940910
47     opls_750    33.051790   37.445760   20.891490
48     opls_142     9.868780   12.712350   37.922680
49     opls_139    10.431860   14.414250   39.587830
50     opls_136    25.527600   19.408050    8.748340
51     opls_700    10.223210   28.899950   24.519860
52     opls_145    10.868770   30.424630   26.789730
53     opls_145     9.377980   29.925660   24.945740
54     opls_727     9.695250   30.687590   26.067810
55     opls_145    11.392650   28.637400   25.240960
56     opls_145    11.709510   29.390340   26.366710
57     opls_136    10.208100   27.304630   20.416200
58     opls_142    10.547420   28.120050   17.506480
59     opls_139     9.984340   26.418150   19.171630
60     opls_136    35.721000   21.424350   29.164540
61     opls_700    10.192990   11.932450    4.103660
62     opls_145     9.547430   10.407770    6.373530
63     opls_145    11.038220   10.906740    4.529540
64     opls_727    10.720950   10.144810    5.651610
65     opls_145     9.023550   12.195000    4.824760
66     opls_145     8.706690   11.442060    5.950510
67     opls_136    10.208100   13.527770    0.000000
68     opls_142    30.963620   33.128550   23.325920
69     opls_139    30.400540   34.830450   21.660770
70     opls_136    15.304800   39.824250   11.667860
71     opls_700    30.609190    8.483750   36.728740
72     opls_145    29.963630   10.008430   34.458870
73     opls_145    31.454420    9.509460   36.302860
74     opls_727    31.137150   10.271390   35.180790
75     opls_145    29.439750    8.221200   36.007640
76     opls_145    29.122890    8.974140   34.881890
77     opls_136    30.624300    6.888430   40.832400
78     opls_142    30.284980    7.703850    2.909720
79     opls_139    30.848060    6.001950    1.244570
80     opls_136     5.111400    1.008150   32.084060
81     opls_700    30.639410   32.348650   16.312540
82     opls_145    31.284970   30.823970   14.042670
83     opls_145    29.794180   31.322940   15.886660
84     opls_727    30.111450   30.561010   14.764590
85     opls_145    31.808850   32.611200   15.591440
86     opls_145    32.125710   31.858260   14.465690
87     opls_136    30.624300   33.943970   20.416200
88     opls_142    37.922680    9.868780   12.712350
89     opls_139    39.587830   10.431860   14.414250
90     opls_136     8.748340   25.527600   19.408050
91     opls_700    24.519860   10.223210   28.899950
92     opls_145    26.789730   10.868770   30.424630
93     opls_145    24.945740    9.377980   29.925660
94     opls_727    26.067810    9.695250   30.687590
95     opls_145    25.240960   11.392650   28.637400
96     opls_145    26.366710   11.709510   29.390340
97     opls_136    20.416200   10.208100   27.304630
98     opls_142    17.506480   10.547420   28.120050
99     opls_139    19.171630    9.984340   26.418150
100    opls_136    29.164540   35.721000   21.424350
101    opls_700     4.103660   10.192990   11.932450
102    opls_145     6.373530    9.547430   10.407770
103    opls_145     4.529540   11.038220   10.906740
104    opls_727     5.651610   10.720950   10.144810
105    opls_145     4.824760    9.023550   12.195000
106    opls_145     5.950510    8.706690   11.442060
107    opls_136     0.000000   10.208100   13.527770
108    opls_142    23.325920   30.963620   33.128550
109    opls_139    21.660770   30.400540   34.830450
110    opls_136    11.667860   15.304800   39.824250
111    opls_700    36.728740   30.609190    8.483750
112    opls_145    34.458870   29.963630   10.008430
113    opls_145    36.302860   31.454420    9.509460
114    opls_727    35.180790   31.137150   10.271390
115    opls_145    36.007640   29.439750    8.221200
116    opls_145    34.881890   29.122890    8.974140
117    opls_136    40.832400   30.624300    6.888430
118    opls_142     2.909720   30.284980    7.703850
119    opls_139     1.244570   30.848060    6.001950
120    opls_136    32.084060    5.111400    1.008150
121    opls_700    16.312540   30.639410   32.348650
122    opls_145    14.042670   31.284970   30.823970
123    opls_145    15.886660   29.794180   31.322940
124    opls_727    14.764590   30.111450   30.561010
125    opls_145    15.591440   31.808850   32.611200
126    opls_145    14.465690   32.125710   31.858260
127    opls_136    20.416200   30.624300   33.943970
128    opls_142    33.128550   23.325920   30.963620
129    opls_139    34.830450   21.660770   30.400540
130    opls_136    39.824250   11.667860   15.304800
131    opls_700     8.483750   36.728740   30.609190
132    opls_145    10.008430   34.458870   29.963630
133    opls_145     9.509460   36.302860   31.454420
134    opls_727    10.271390   35.180790   31.137150
135    opls_145     8.221200   36.007640   29.439750
136    opls_145     8.974140   34.881890   29.122890
137    opls_136     6.888430   40.832400   30.624300
138    opls_142     7.703850    2.909720   30.284980
139    opls_139     6.001950    1.244570   30.848060
140    opls_136     1.008150   32.084060    5.111400
141    opls_700    32.348650   16.312540   30.639410
142    opls_145    30.823970   14.042670   31.284970
143    opls_145    31.322940   15.886660   29.794180
144    opls_727    30.561010   14.764590   30.111450
145    opls_145    32.611200   15.591440   31.808850
146    opls_145    31.858260   14.465690   32.125710
147    opls_136    33.943970   20.416200   30.624300
148    opls_142    12.712350   37.922680    9.868780
149    opls_139    14.414250   39.587830   10.431860
150    opls_136    19.408050    8.748340   25.527600
151    opls_700    28.899950   24.519860   10.223210
152    opls_145    30.424630   26.789730   10.868770
153    opls_145    29.925660   24.945740    9.377980
154    opls_727    30.687590   26.067810    9.695250
155    opls_145    28.637400   25.240960   11.392650
156    opls_145    29.390340   26.366710   11.709510
157    opls_136    27.304630   20.416200   10.208100
158    opls_142    28.120050   17.506480   10.547420
159    opls_139    26.418150   19.171630    9.984340
160    opls_136    21.424350   29.164540   35.721000
161    opls_700    11.932450    4.103660   10.192990
162    opls_145    10.407770    6.373530    9.547430
163    opls_145    10.906740    4.529540   11.038220
164    opls_727    10.144810    5.651610   10.720950
165    opls_145    12.195000    4.824760    9.023550
166    opls_145    11.442060    5.950510    8.706690
167    opls_136    13.527770    0.000000   10.208100
168    opls_142    22.920450   20.076880    7.298380
169    opls_139    24.622350   20.639960    8.963530
170    opls_136    29.616150   35.735700   18.956440
171    opls_700    39.108050   20.431310   34.727960
172    opls_145    40.632730   21.076870   36.997830
173    opls_145    40.133760   19.586080   35.153840
174    opls_727     0.063290   19.903350   36.275910
175    opls_145    38.845500   21.600750   35.449060
176    opls_145    39.598440   21.917610   36.574810
177    opls_136    37.512730   20.416200   30.624300
178    opls_142    38.328150   20.755520   27.714580
179    opls_139    36.626250   20.192440   29.379730
180    opls_136    31.632450    5.096700   39.372640
181    opls_700    22.140550   20.401090   14.311760
182    opls_145    20.615870   19.755530   16.581630
183    opls_145    21.114840   21.246320   14.737640
184    opls_727    20.352910   20.929050   15.859710
185    opls_145    22.403100   19.231650   15.032860
186    opls_145    21.650160   18.914790   16.158610
187    opls_136    23.735870   20.416200   10.208100
188    opls_142     2.504250    0.339320   33.534020
189    opls_139     4.206150   40.608640   31.868870
190    opls_136     9.199950   25.512900   21.875960
191    opls_700    18.691850   40.817290    6.104440
192    opls_145    20.216530   40.171730    3.834570
193    opls_145    19.717560    0.830120    5.678560
194    opls_727    20.479490    0.512850    4.556490
195    opls_145    18.429300   39.647850    5.383340
196    opls_145    19.182240   39.330990    4.257590
197    opls_136    17.096530    0.000000   10.208100
198    opls_142    17.911950   40.493080   13.117820
199    opls_139    16.210050    0.223760   11.452670
200    opls_136    11.216250   15.319500    1.459760
201    opls_700     1.724350    0.015110   26.520640
202    opls_145     0.199670    0.660670   24.250770
203    opls_145     0.698640   40.002280   26.094760
204    opls_727    40.769110   40.319550   24.972690
205    opls_145     1.986900    1.184550   25.799540
206    opls_145     1.233960    1.501410   24.673790
207    opls_136     3.319670    0.000000   30.624300
208    opls_142    20.076880    7.298380   22.920450
209    opls_139    20.639960    8.963530   24.622350
210    opls_136    35.735700   18.956440   29.616150
211    opls_700    20.431310   34.727960   39.108050
212    opls_145    21.076870   36.997830   40.632730
213    opls_145    19.586080   35.153840   40.133760
214    opls_727    19.903350   36.275910    0.063290
215    opls_145    21.600750   35.449060   38.845500
216    opls_145    21.917610   36.574810   39.598440
217    opls_136    20.416200   30.624300   37.512730
218    opls_142    20.755520   27.714580   38.328150
219    opls_139    20.192440   29.379730   36.626250
220    opls_136     5.096700   39.372640   31.632450
221    opls_700    20.401090   14.311760   22.140550
222    opls_145    19.755530   16.581630   20.615870
223    opls_145    21.246320   14.737640   21.114840
224    opls_727    20.929050   15.859710   20.352910
225    opls_145    19.231650   15.032860   22.403100
226    opls_145    18.914790   16.158610   21.650160
227    opls_136    20.416200   10.208100   23.735870
228    opls_142     0.339320   33.534020    2.504250
229    opls_139    40.608640   31.868870    4.206150
230    opls_136    25.512900   21.875960    9.199950
231    opls_700    40.817290    6.104440   18.691850
232    opls_145    40.171730    3.834570   20.216530
233    opls_145     0.830120    5.678560   19.717560
234    opls_727     0.512850    4.556490   20.479490
235    opls_145    39.647850    5.383340   18.429300
236    opls_145    39.330990    4.257590   19.182240
237    opls_136     0.000000   10.208100   17.096530
238    opls_142    40.493080   13.117820   17.911950
239    opls_139     0.223760   11.452670   16.210050
240    opls_136    15.319500    1.459760   11.216250
241    opls_700     0.015110   26.520640    1.724350
242    opls_145     0.660670   24.250770    0.199670
243    opls_145    40.002280   26.094760    0.698640
244    opls_727    40.319550   24.972690   40.769110
245    opls_145     1.184550   25.799540    1.986900
246    opls_145     1.501410   24.673790    1.233960
247    opls_136     0.000000   30.624300    3.319670
248    opls_142    33.534020    2.504250    0.339320
249    opls_139    31.868870    4.206150   40.608640
250    opls_136    21.875960    9.199950   25.512900
251    opls_700     6.104440   18.691850   40.817290
252    opls_145     3.834570   20.216530   40.171730
253    opls_145     5.678560   19.717560    0.830120
254    opls_727     4.556490   20.479490    0.512850
255    opls_145     5.383340   18.429300   39.647850
256    opls_145     4.257590   19.182240   39.330990
257    opls_136    10.208100   17.096530    0.000000
258    opls_142    13.117820   17.911950   40.493080
259    opls_139    11.452670   16.210050    0.223760
260    opls_136     1.459760   11.216250   15.319500
261    opls_700    26.520640    1.724350    0.015110
262    opls_145    24.250770    0.199670    0.660670
263    opls_145    26.094760    0.698640   40.002280
264    opls_727    24.972690   40.769110   40.319550
265    opls_145    25.799540    1.986900    1.184550
266    opls_145    24.673790    1.233960    1.501410
267    opls_136    30.624300    3.319670    0.000000
268    opls_142     7.298380   22.920450   20.076880
269    opls_139     8.963530   24.622350   20.639960
270    opls_136    18.956440   29.616150   35.735700
271    opls_700    34.727960   39.108050   20.431310
272    opls_145    36.997830   40.632730   21.076870
273    opls_145    35.153840   40.133760   19.586080
274    opls_727    36.275910    0.063290   19.903350
275    opls_145    35.449060   38.845500   21.600750
276    opls_145    36.574810   39.598440   21.917610
277    opls_136    30.624300   37.512730   20.416200
278    opls_142    27.714580   38.328150   20.755520
279    opls_139    29.379730   36.626250   20.192440
280    opls_136    39.372640   31.632450    5.096700
281    opls_700    14.311760   22.140550   20.401090
282    opls_145    16.581630   20.615870   19.755530
283    opls_145    14.737640   21.114840   21.246320
284    opls_727    15.859710   20.352910   20.929050
285    opls_145    15.032860   22.403100   19.231650
286    opls_145    16.158610   21.650160   18.914790
287    opls_136    10.208100   23.735870   20.416200
288    opls_142    30.963620    7.703850   37.922680
289    opls_139    30.400540    6.001950   39.587830
290    opls_136    15.304800    1.008150    8.748340
291    opls_700    30.609190   32.348650   24.519860
292    opls_145    29.963630   30.823970   26.789730
293    opls_145    31.454420   31.322940   24.945740
294    opls_727    31.137150   30.561010   26.067810
295    opls_145    29.439750   32.611200   25.240960
296    opls_145    29.122890   31.858260   26.366710
297    opls_142    30.284980   33.128550   17.506480
298    opls_139    30.848060   34.830450   19.171630
299    opls_136     5.111400   39.824250   29.164540
300    opls_700    30.639410    8.483750    4.103660
301    opls_145    31.284970   10.008430    6.373530
302    opls_145    29.794180    9.509460    4.529540
303    opls_727    30.111450   10.271390    5.651610
304    opls_145    31.808850    8.221200    4.824760
305    opls_145    32.125710    8.974140    5.950510
306    opls_142     9.868780   28.120050   23.325920
307    opls_139    10.431860   26.418150   21.660770
308    opls_136    25.527600   21.424350   11.667860
309    opls_700    10.223210   11.932450   36.728740
310    opls_145    10.868770   10.407770   34.458870
311    opls_145     9.377980   10.906740   36.302860
312    opls_727     9.695250   10.144810   35.180790
313    opls_145    11.392650   12.195000   36.007640
314    opls_145    11.709510   11.442060   34.881890
315    opls_142    10.547420   12.712350    2.909720
316    opls_139     9.984340   14.414250    1.244570
317    opls_136    35.721000   19.408050   32.084060
318    opls_700    10.192990   28.899950   16.312540
319    opls_145     9.547430   30.424630   14.042670
320    opls_145    11.038220   29.925660   15.886660
321    opls_727    10.720950   30.687590   14.764590
322    opls_145     9.023550   28.637400   15.591440
323    opls_145     8.706690   29.390340   14.465690
324    opls_142     2.909720   10.547420   12.712350
325    opls_139     1.244570    9.984340   14.414250
326    opls_136    32.084060   35.721000   19.408050
327    opls_700    16.312540   10.192990   28.899950
328    opls_145    14.042670    9.547430   30.424630
329    opls_145    15.886660   11.038220   29.925660
330    opls_727    14.764590   10.720950   30.687590
331    opls_145    15.591440    9.023550   28.637400
332    opls_145    14.465690    8.706690   29.390340
333    opls_142    23.325920    9.868780   28.120050
334    opls_139    21.660770   10.431860   26.418150
335    opls_136    11.667860   25.527600   21.424350
336    opls_700    36.728740   10.223210   11.932450
337    opls_145    34.458870   10.868770   10.407770
338    opls_145    36.302860    9.377980   10.906740
339    opls_727    35.180790    9.695250   10.144810
340    opls_145    36.007640   11.392650   12.195000
341    opls_145    34.881890   11.709510   11.442060
342    opls_142    17.506480   30.284980   33.128550
343    opls_139    19.171630   30.848060   34.830450
344    opls_136    29.164540    5.111400   39.824250
345    opls_700     4.103660   30.639410    8.483750
346    opls_145     6.373530   31.284970   10.008430
347    opls_145     4.529540   29.794180    9.509460
348    opls_727     5.651610   30.111450   10.271390
349    opls_145     4.824760   31.808850    8.221200
350    opls_145     5.950510   32.125710    8.974140
351    opls_142    37.922680   30.963620    7.703850
352    opls_139    39.587830   30.400540    6.001950
353    opls_136     8.748340   15.304800    1.008150
354    opls_700    24.519860   30.609190   32.348650
355    opls_145    26.789730   29.963630   30.823970
356    opls_145    24.945740   31.454420   31.322940
357    opls_727    26.067810   31.137150   30.561010
358    opls_145    25.240960   29.439750   32.611200
359    opls_145    26.366710   29.122890   31.858260
360    opls_142     7.703850   37.922680   30.963620
361    opls_139     6.001950   39.587830   30.400540
362    opls_136     1.008150    8.748340   15.304800
363    opls_700    32.348650   24.519860   30.609190
364    opls_145    30.823970   26.789730   29.963630
365    opls_145    31.322940   24.945740   31.454420
366    opls_727    30.561010   26.067810   31.137150
367    opls_145    32.611200   25.240960   29.439750
368    opls_145    31.858260   26.366710   29.122890
369    opls_142    33.128550   17.506480   30.284980
370    opls_139    34.830450   19.171630   30.848060
371    opls_136    39.824250   29.164540    5.111400
372    opls_700     8.483750    4.103660   30.639410
373    opls_145    10.008430    6.373530   31.284970
374    opls_145     9.509460    4.529540   29.794180
375    opls_727    10.271390    5.651610   30.111450
376    opls_145     8.221200    4.824760   31.808850
377    opls_145     8.974140    5.950510   32.125710
378    opls_142    28.120050   23.325920    9.868780
379    opls_139    26.418150   21.660770   10.431860
380    opls_136    21.424350   11.667860   25.527600
381    opls_700    11.932450   36.728740   10.223210
382    opls_145    10.407770   34.458870   10.868770
383    opls_145    10.906740   36.302860    9.377980
384    opls_727    10.144810   35.180790    9.695250
385    opls_145    12.195000   36.007640   11.392650
386    opls_145    11.442060   34.881890   11.709510
387    opls_142    12.712350    2.909720   10.547420
388    opls_139    14.414250    1.244570    9.984340
389    opls_136    19.408050   32.084060   35.721000
390    opls_700    28.899950   16.312540   10.192990
391    opls_145    30.424630   14.042670    9.547430
392    opls_145    29.925660   15.886660   11.038220
393    opls_727    30.687590   14.764590   10.720950
394    opls_145    28.637400   15.591440    9.023550
395    opls_145    29.390340   14.465690    8.706690
396    opls_142    38.328150   20.076880   33.534020
397    opls_139    36.626250   20.639960   31.868870
398    opls_136    31.632450   35.735700   21.875960
399    opls_700    22.140550   20.431310    6.104440
400    opls_145    20.615870   21.076870    3.834570
401    opls_145    21.114840   19.586080    5.678560
402    opls_727    20.352910   19.903350    4.556490
403    opls_145    22.403100   21.600750    5.383340
404    opls_145    21.650160   21.917610    4.257590
405    opls_142    22.920450   20.755520   13.117820
406    opls_139    24.622350   20.192440   11.452670
407    opls_136    29.616150    5.096700    1.459760
408    opls_700    39.108050   20.401090   26.520640
409    opls_145    40.632730   19.755530   24.250770
410    opls_145    40.133760   21.246320   26.094760
411    opls_727     0.063290   20.929050   24.972690
412    opls_145    38.845500   19.231650   25.799540
413    opls_145    39.598440   18.914790   24.673790
414    opls_142    17.911950    0.339320    7.298380
415    opls_139    16.210050   40.608640    8.963530
416    opls_136    11.216250   25.512900   18.956440
417    opls_700     1.724350   40.817290   34.727960
418    opls_145     0.199670   40.171730   36.997830
419    opls_145     0.698640    0.830120   35.153840
420    opls_727    40.769110    0.512850   36.275910
421    opls_145     1.986900   39.647850   35.449060
422    opls_145     1.233960   39.330990   36.574810
423    opls_142     2.504250   40.493080   27.714580
424    opls_139     4.206150    0.223760   29.379730
425    opls_136     9.199950   15.319500   39.372640
426    opls_700    18.691850    0.015110   14.311760
427    opls_145    20.216530    0.660670   16.581630
428    opls_145    19.717560   40.002280   14.737640
429    opls_727    20.479490   40.319550   15.859710
430    opls_145    18.429300    1.184550   15.032860
431    opls_145    19.182240    1.501410   16.158610
432    opls_142     0.339320    7.298380   17.911950
433    opls_139    40.608640    8.963530   16.210050
434    opls_136    25.512900   18.956440   11.216250
435    opls_700    40.817290   34.727960    1.724350
436    opls_145    40.171730   36.997830    0.199670
437    opls_145     0.830120   35.153840    0.698640
438    opls_727     0.512850   36.275910   40.769110
439    opls_145    39.647850   35.449060    1.986900
440    opls_145    39.330990   36.574810    1.233960
441    opls_142    40.493080   27.714580    2.504250
442    opls_139     0.223760   29.379730    4.206150
443    opls_136    15.319500   39.372640    9.199950
444    opls_700     0.015110   14.311760   18.691850
445    opls_145     0.660670   16.581630   20.216530
446    opls_145    40.002280   14.737640   19.717560
447    opls_727    40.319550   15.859710   20.479490
448    opls_145     1.184550   15.032860   18.429300
449    opls_145     1.501410   16.158610   19.182240
450    opls_142    20.076880   33.534020   38.328150
451    opls_139    20.639960   31.868870   36.626250
452    opls_136    35.735700   21.875960   31.632450
453    opls_700    20.431310    6.104440   22.140550
454    opls_145    21.076870    3.834570   20.615870
455    opls_145    19.586080    5.678560   21.114840
456    opls_727    19.903350    4.556490   20.352910
457    opls_145    21.600750    5.383340   22.403100
458    opls_145    21.917610    4.257590   21.650160
459    opls_142    20.755520   13.117820   22.920450
460    opls_139    20.192440   11.452670   24.622350
461    opls_136     5.096700    1.459760   29.616150
462    opls_700    20.401090   26.520640   39.108050
463    opls_145    19.755530   24.250770   40.632730
464    opls_145    21.246320   26.094760   40.133760
465    opls_727    20.929050   24.972690    0.063290
466    opls_145    19.231650   25.799540   38.845500
467    opls_145    18.914790   24.673790   39.598440
468    opls_142    27.714580    2.504250   40.493080
469    opls_139    29.379730    4.206150    0.223760
470    opls_136    39.372640    9.199950   15.319500
471    opls_700    14.311760   18.691850    0.015110
472    opls_145    16.581630   20.216530    0.660670
473    opls_145    14.737640   19.717560   40.002280
474    opls_727    15.859710   20.479490   40.319550
475    opls_145    15.032860   18.429300    1.184550
476    opls_145    16.158610   19.182240    1.501410
477    opls_142     7.298380   17.911950    0.339320
478    opls_139     8.963530   16.210050   40.608640
479    opls_136    18.956440   11.216250   25.512900
480    opls_700    34.727960    1.724350   40.817290
481    opls_145    36.997830    0.199670   40.171730
482    opls_145    35.153840    0.698640    0.830120
483    opls_727    36.275910   40.769110    0.512850
484    opls_145    35.449060    1.986900   39.647850
485    opls_145    36.574810    1.233960   39.330990
486    opls_142    13.117820   22.920450   20.755520
487    opls_139    11.452670   24.622350   20.192440
488    opls_136     1.459760   29.616150    5.096700
489    opls_700    26.520640   39.108050   20.401090
490    opls_145    24.250770   40.632730   19.755530
491    opls_145    26.094760   40.133760   21.246320
492    opls_727    24.972690    0.063290   20.929050
493    opls_145    25.799540   38.845500   19.231650
494    opls_145    24.673790   39.598440   18.914790
495    opls_142    33.534020   38.328150   20.076880
496    opls_139    31.868870   36.626250   20.639960
497    opls_136    21.875960   31.632450   35.735700
498    opls_700     6.104440   22.140550   20.431310
499    opls_145     3.834570   20.615870   21.076870
500    opls_145     5.678560   21.114840   19.586080
501    opls_727     4.556490   20.352910   19.903350
502    opls_145     5.383340   22.403100   21.600750
503    opls_145     4.257590   21.650160   21.917610
504    MOF2_B_2    11.256680    9.565400   33.196740
505    MOF2_B_2     9.159520   31.267000   12.780540
506    MOF2_B_2    29.575720   29.981600   28.051860
507    MOF2_B_2    31.672880   10.850800    7.635660
508    MOF2_B_2    33.196740   11.256680    9.565400
509    MOF2_B_2    12.780540    9.159520   31.267000
510    MOF2_B_2    28.051860   29.575720   29.981600
511    MOF2_B_2     7.635660   31.672880   10.850800
512    MOF2_B_2    29.981600   28.051860   29.575720
513    MOF2_B_2    10.850800    7.635660   31.672880
514    MOF2_B_2     9.565400   33.196740   11.256680
515    MOF2_B_2    31.267000   12.780540    9.159520
516    MOF2_B_2    19.773500   21.464780    2.572440
517    MOF2_B_2     0.642700   19.367620   22.988640
518    MOF2_B_2    40.189700   39.783820   38.259960
519    MOF2_B_2    21.058900    1.048580   17.843760
520    MOF2_B_2    21.464780    2.572440   19.773500
521    MOF2_B_2    19.367620   22.988640    0.642700
522    MOF2_B_2    39.783820   38.259960   40.189700
523    MOF2_B_2     1.048580   17.843760   21.058900
524    MOF2_B_2    38.259960   40.189700   39.783820
525    MOF2_B_2    17.843760   21.058900    1.048580
526    MOF2_B_2     2.572440   19.773500   21.464780
527    MOF2_B_2    22.988640    0.642700   19.367620
528    MOF2_B_2    29.575720   10.850800   33.196740
529    MOF2_B_2    31.672880   29.981600   12.780540
530    MOF2_B_2    11.256680   31.267000   28.051860
531    MOF2_B_2     9.159520    9.565400    7.635660
532    MOF2_B_2     7.635660    9.159520    9.565400
533    MOF2_B_2    28.051860   11.256680   31.267000
534    MOF2_B_2    12.780540   31.672880   29.981600
535    MOF2_B_2    33.196740   29.575720   10.850800
536    MOF2_B_2    10.850800   33.196740   29.575720
537    MOF2_B_2    29.981600   12.780540   31.672880
538    MOF2_B_2    31.267000   28.051860   11.256680
539    MOF2_B_2     9.565400    7.635660    9.159520
540    MOF2_B_2     0.642700   21.464780   38.259960
541    MOF2_B_2    19.773500   19.367620   17.843760
542    MOF2_B_2    21.058900   39.783820    2.572440
543    MOF2_B_2    40.189700    1.048580   22.988640
544    MOF2_B_2    39.783820    2.572440   21.058900
545    MOF2_B_2     1.048580   22.988640   40.189700
546    MOF2_B_2    21.464780   38.259960    0.642700
547    MOF2_B_2    19.367620   17.843760   19.773500
548    MOF2_B_2    22.988640   40.189700    1.048580
549    MOF2_B_2     2.572440   21.058900   39.783820
550    MOF2_B_2    17.843760   19.773500   19.367620
551    MOF2_B_2    38.259960    0.642700   21.464780
552    opls_180    12.011260   32.843950   30.382570
553    opls_180     8.404940    7.988450    9.966370
554    opls_180    28.821140   12.427750   30.866030
555    opls_180    32.427460   28.404650   10.449830
556    opls_180    30.382570   12.011260   32.843950
557    opls_180     9.966370    8.404940    7.988450
558    opls_180    30.866030   28.821140   12.427750
559    opls_180    10.449830   32.427460   28.404650
560    opls_180    12.427750   30.866030   28.821140
561    opls_180    28.404650   10.449830   32.427460
562    opls_180    32.843950   30.382570   12.011260
563    opls_180     7.988450    9.966370    8.404940
564    opls_180     2.219650   22.219360   40.590670
565    opls_180    18.196550   18.613040   20.174470
566    opls_180    22.635850   39.029240    0.241730
567    opls_180    38.612750    1.803160   20.657930
568    opls_180    22.219360   40.590670    2.219650
569    opls_180    18.613040   20.174470   18.196550
570    opls_180    39.029240    0.241730   22.635850
571    opls_180     1.803160   20.657930   38.612750
572    opls_180     0.241730   22.635850   39.029240
573    opls_180    20.657930   38.612750    1.803160
574    opls_180    40.590670    2.219650   22.219360
575    opls_180    20.174470   18.196550   18.613040
576    opls_180    28.821140   28.404650   30.382570
577    opls_180    32.427460   12.427750    9.966370
578    opls_180    12.011260    7.988450   30.866030
579    opls_180     8.404940   32.843950   10.449830
580    opls_180    10.449830    8.404940   32.843950
581    opls_180    30.866030   12.011260    7.988450
582    opls_180     9.966370   32.427460   12.427750
583    opls_180    30.382570   28.821140   28.404650
584    opls_180    28.404650   30.382570   28.821140
585    opls_180    12.427750    9.966370   32.427460
586    opls_180     7.988450   30.866030   12.011260
587    opls_180    32.843950   10.449830    8.404940
588    opls_180    18.196550   22.219360    0.241730
589    opls_180     2.219650   18.613040   20.657930
590    opls_180    38.612750   39.029240   40.590670
591    opls_180    22.635850    1.803160   20.174470
592    opls_180    39.029240   40.590670   38.612750
593    opls_180     1.803160   20.174470   22.635850
594    opls_180    22.219360    0.241730   18.196550
595    opls_180    18.613040   20.657930    2.219650
596    opls_180    20.174470   22.635850    1.803160
597    opls_180    40.590670   38.612750   39.029240
598    opls_180    20.657930    2.219650   18.613040
599    opls_180     0.241730   18.196550   22.219360
600    opls_140    26.159690   19.559130    7.850850
601    opls_140    24.910210   18.507290    8.565000
602    opls_140    38.168900   21.296140   30.482200
603    opls_144     8.920650   12.528610   38.402870
604    opls_146     8.470680   30.142480   24.404300
605    opls_146    12.062710   27.849330   24.937570
606    opls_146    12.619250   29.162910   26.899980
607    opls_140    35.088910   21.273270   28.267050
608    opls_140    36.338390   22.325110   28.981200
609    opls_140    23.079700   19.536260   10.066000
610    opls_144    11.495550   28.303790   17.986670
611    opls_146    11.945520   10.689920    3.988100
612    opls_146     8.353490   12.983070    4.521370
613    opls_146     7.796950   11.669490    6.483780
614    opls_140    14.672710   39.975330   12.565350
615    opls_140    15.922190   38.923490   11.851200
616    opls_140     2.663500    0.879940   30.766400
617    opls_144    31.911750   32.944810   22.845730
618    opls_146    32.361720    9.726280   36.844300
619    opls_146    28.769690    7.433130   36.311030
620    opls_146    28.213150    8.746710   34.348620
621    opls_140     5.743490    0.857070   32.981550
622    opls_140     4.494010    1.908910   32.267400
623    opls_140    17.752700   -0.879940   10.350200
624    opls_144    29.336850    7.887590    2.429530
625    opls_146    28.886880   31.106120   16.428100
626    opls_146    32.478910   33.399270   15.894830
627    opls_146    33.035450   32.085690   13.932420
628    opls_140     7.850850   26.159690   19.559130
629    opls_140     8.565000   24.910210   18.507290
630    opls_140    30.482200   38.168900   21.296140
631    opls_144    38.402870    8.920650   12.528610
632    opls_146    24.404300    8.470680   30.142480
633    opls_146    24.937570   12.062710   27.849330
634    opls_146    26.899980   12.619250   29.162910
635    opls_140    28.267050   35.088910   21.273270
636    opls_140    28.981200   36.338390   22.325110
637    opls_140    10.066000   23.079700   19.536260
638    opls_144    17.986670   11.495550   28.303790
639    opls_146     3.988100   11.945520   10.689920
640    opls_146     4.521370    8.353490   12.983070
641    opls_146     6.483780    7.796950   11.669490
642    opls_140    12.565350   14.672710   39.975330
643    opls_140    11.851200   15.922190   38.923490
644    opls_140    30.766400    2.663500    0.879940
645    opls_144    22.845730   31.911750   32.944810
646    opls_146    36.844300   32.361720    9.726280
647    opls_146    36.311030   28.769690    7.433130
648    opls_146    34.348620   28.213150    8.746710
649    opls_140    32.981550    5.743490    0.857070
650    opls_140    32.267400    4.494010    1.908910
651    opls_140    10.350200   17.752700   -0.879940
652    opls_144     2.429530   29.336850    7.887590
653    opls_146    16.428100   28.886880   31.106120
654    opls_146    15.894830   32.478910   33.399270
655    opls_146    13.932420   33.035450   32.085690
656    opls_140    39.975330   12.565350   14.672710
657    opls_140    38.923490   11.851200   15.922190
658    opls_140     0.879940   30.766400    2.663500
659    opls_144    32.944810   22.845730   31.911750
660    opls_146     9.726280   36.844300   32.361720
661    opls_146     7.433130   36.311030   28.769690
662    opls_146     8.746710   34.348620   28.213150
663    opls_140     0.857070   32.981550    5.743490
664    opls_140     1.908910   32.267400    4.494010
665    opls_140    -0.879940   10.350200   17.752700
666    opls_144     7.887590    2.429530   29.336850
667    opls_146    31.106120   16.428100   28.886880
668    opls_146    33.399270   15.894830   32.478910
669    opls_146    32.085690   13.932420   33.035450
670    opls_140    19.559130    7.850850   26.159690
671    opls_140    18.507290    8.565000   24.910210
672    opls_140    21.296140   30.482200   38.168900
673    opls_144    12.528610   38.402870    8.920650
674    opls_146    30.142480   24.404300    8.470680
675    opls_146    27.849330   24.937570   12.062710
676    opls_146    29.162910   26.899980   12.619250
677    opls_140    21.273270   28.267050   35.088910
678    opls_140    22.325110   28.981200   36.338390
679    opls_140    19.536260   10.066000   23.079700
680    opls_144    28.303790   17.986670   11.495550
681    opls_146    10.689920    3.988100   11.945520
682    opls_146    12.983070    4.521370    8.353490
683    opls_146    11.669490    6.483780    7.796950
684    opls_140    29.767230   36.367790   18.058950
685    opls_140    28.715390   35.118310   18.773100
686    opls_140    31.504240    7.544600   40.690300
687    opls_144    22.736710   19.128750    7.778570
688    opls_146    40.350580   18.678780   34.612400
689    opls_146    38.057430   22.270810   35.145670
690    opls_146    39.371010   22.827350   37.108080
691    opls_140    31.481370    4.464610   38.475150
692    opls_140    32.533210    5.714090   39.189300
693    opls_140    29.744360   33.287800   20.274100
694    opls_144    38.511890   21.703650   28.194770
695    opls_146    20.898020   22.153620   14.196200
696    opls_146    23.191170   18.561590   14.729470
697    opls_146    21.877590   18.005050   16.691880
698    opls_140     9.351030   24.880810   22.773450
699    opls_140     8.299190   26.130290   22.059300
700    opls_140    11.088040   12.871600    0.142100
701    opls_144     2.320510    1.287450   33.053830
702    opls_146    19.934380    1.737420    6.220000
703    opls_146    17.641230   38.977790    5.686730
704    opls_146    18.954810   38.421250    3.724320
705    opls_140    11.065170   15.951590    2.357250
706    opls_140    12.117010   14.702110    1.643100
707    opls_140     9.328160   27.960800   20.558300
708    opls_144    18.095690   39.544950   12.637630
709    opls_146     0.481820   39.094980   26.636200
710    opls_146     2.774970    1.854610   26.102930
711    opls_146     1.461390    2.411150   24.140520
712    opls_140    36.367790   18.058950   29.767230
713    opls_140    35.118310   18.773100   28.715390
714    opls_140     7.544600   40.690300   31.504240
715    opls_144    19.128750    7.778570   22.736710
716    opls_146    18.678780   34.612400   40.350580
717    opls_146    22.270810   35.145670   38.057430
718    opls_146    22.827350   37.108080   39.371010
719    opls_140     4.464610   38.475150   31.481370
720    opls_140     5.714090   39.189300   32.533210
721    opls_140    33.287800   20.274100   29.744360
722    opls_144    21.703650   28.194770   38.511890
723    opls_146    22.153620   14.196200   20.898020
724    opls_146    18.561590   14.729470   23.191170
725    opls_146    18.005050   16.691880   21.877590
726    opls_140    24.880810   22.773450    9.351030
727    opls_140    26.130290   22.059300    8.299190
728    opls_140    12.871600    0.142100   11.088040
729    opls_144     1.287450   33.053830    2.320510
730    opls_146     1.737420    6.220000   19.934380
731    opls_146    38.977790    5.686730   17.641230
732    opls_146    38.421250    3.724320   18.954810
733    opls_140    15.951590    2.357250   11.065170
734    opls_140    14.702110    1.643100   12.117010
735    opls_140    27.960800   20.558300    9.328160
736    opls_144    39.544950   12.637630   18.095690
737    opls_146    39.094980   26.636200    0.481820
738    opls_146     1.854610   26.102930    2.774970
739    opls_146     2.411150   24.140520    1.461390
740    opls_140    22.773450    9.351030   24.880810
741    opls_140    22.059300    8.299190   26.130290
742    opls_140     0.142100   11.088040   12.871600
743    opls_144    33.053830    2.320510    1.287450
744    opls_146     6.220000   19.934380    1.737420
745    opls_146     5.686730   17.641230   38.977790
746    opls_146     3.724320   18.954810   38.421250
747    opls_140     2.357250   11.065170   15.951590
748    opls_140     1.643100   12.117010   14.702110
749    opls_140    20.558300    9.328160   27.960800
750    opls_144    12.637630   18.095690   39.544950
751    opls_146    26.636200    0.481820   39.094980
752    opls_146    26.102930    2.774970    1.854610
753    opls_146    24.140520    1.461390    2.411150
754    opls_140    18.058950   29.767230   36.367790
755    opls_140    18.773100   28.715390   35.118310
756    opls_140    40.690300   31.504240    7.544600
757    opls_144     7.778570   22.736710   19.128750
758    opls_146    34.612400   40.350580   18.678780
759    opls_146    35.145670   38.057430   22.270810
760    opls_146    37.108080   39.371010   22.827350
761    opls_140    38.475150   31.481370    4.464610
762    opls_140    39.189300   32.533210    5.714090
763    opls_140    20.274100   29.744360   33.287800
764    opls_144    28.194770   38.511890   21.703650
765    opls_146    14.196200   20.898020   22.153620
766    opls_146    14.729470   23.191170   18.561590
767    opls_146    16.691880   21.877590   18.005050
768    opls_140    14.672710    0.857070    7.850850
769    opls_140    15.922190    1.908910    8.565000
770    opls_140     2.663500   -0.879940   30.482200
771    opls_144    31.911750    7.887590   38.402870
772    opls_146    32.361720   31.106120   24.404300
773    opls_146    28.769690   33.399270   24.937570
774    opls_146    28.213150   32.085690   26.899980
775    opls_140     5.743490   39.975330   28.267050
776    opls_140     4.494010   38.923490   28.981200
777    opls_140    17.752700    0.879940   10.066000
778    opls_144    29.336850   32.944810   17.986670
779    opls_146    28.886880    9.726280    3.988100
780    opls_146    32.478910    7.433130    4.521370
781    opls_146    33.035450    8.746710    6.483780
782    opls_140    26.159690   21.273270   12.565350
783    opls_140    24.910210   22.325110   11.851200
784    opls_140    38.168900   19.536260   30.766400
785    opls_144     8.920650   28.303790   22.845730
786    opls_146     8.470680   10.689920   36.844300
787    opls_146    12.062710   12.983070   36.311030
788    opls_146    12.619250   11.669490   34.348620
789    opls_140    35.088910   19.559130   32.981550
790    opls_140    36.338390   18.507290   32.267400
791    opls_140    23.079700   21.296140   10.350200
792    opls_144    11.495550   12.528610    2.429530
793    opls_146    11.945520   30.142480   16.428100
794    opls_146     8.353490   27.849330   15.894830
795    opls_146     7.796950   29.162910   13.932420
796    opls_140    32.981550   35.088910   19.559130
797    opls_140    32.267400   36.338390   18.507290
798    opls_140    10.350200   23.079700   21.296140
799    opls_144     2.429530   11.495550   12.528610
800    opls_146    16.428100   11.945520   30.142480
801    opls_146    15.894830    8.353490   27.849330
802    opls_146    13.932420    7.796950   29.162910
803    opls_140    12.565350   26.159690   21.273270
804    opls_140    11.851200   24.910210   22.325110
805    opls_140    30.766400   38.168900   19.536260
806    opls_144    22.845730    8.920650   28.303790
807    opls_146    36.844300    8.470680   10.689920
808    opls_146    36.311030   12.062710   12.983070
809    opls_146    34.348620   12.619250   11.669490
810    opls_140    28.267050    5.743490   39.975330
811    opls_140    28.981200    4.494010   38.923490
812    opls_140    10.066000   17.752700    0.879940
813    opls_144    17.986670   29.336850   32.944810
814    opls_146     3.988100   28.886880    9.726280
815    opls_146     4.521370   32.478910    7.433130
816    opls_146     6.483780   33.035450    8.746710
817    opls_140     7.850850   14.672710    0.857070
818    opls_140     8.565000   15.922190    1.908910
819    opls_140    30.482200    2.663500   -0.879940
820    opls_144    38.402870   31.911750    7.887590
821    opls_146    24.404300   32.361720   31.106120
822    opls_146    24.937570   28.769690   33.399270
823    opls_146    26.899980   28.213150   32.085690
824    opls_140     0.857070    7.850850   14.672710
825    opls_140     1.908910    8.565000   15.922190
826    opls_140    -0.879940   30.482200    2.663500
827    opls_144     7.887590   38.402870   31.911750
828    opls_146    31.106120   24.404300   32.361720
829    opls_146    33.399270   24.937570   28.769690
830    opls_146    32.085690   26.899980   28.213150
831    opls_140    39.975330   28.267050    5.743490
832    opls_140    38.923490   28.981200    4.494010
833    opls_140     0.879940   10.066000   17.752700
834    opls_144    32.944810   17.986670   29.336850
835    opls_146     9.726280    3.988100   28.886880
836    opls_146     7.433130    4.521370   32.478910
837    opls_146     8.746710    6.483780   33.035450
838    opls_140    21.273270   12.565350   26.159690
839    opls_140    22.325110   11.851200   24.910210
840    opls_140    19.536260   30.766400   38.168900
841    opls_144    28.303790   22.845730    8.920650
842    opls_146    10.689920   36.844300    8.470680
843    opls_146    12.983070   36.311030   12.062710
844    opls_146    11.669490   34.348620   12.619250
845    opls_140    19.559130   32.981550   35.088910
846    opls_140    18.507290   32.267400   36.338390
847    opls_140    21.296140   10.350200   23.079700
848    opls_144    12.528610    2.429530   11.495550
849    opls_146    30.142480   16.428100   11.945520
850    opls_146    27.849330   15.894830    8.353490
851    opls_146    29.162910   13.932420    7.796950
852    opls_140    31.481370   36.367790   22.773450
853    opls_140    32.533210   35.118310   22.059300
854    opls_140    29.744360    7.544600   40.974500
855    opls_144    38.511890   19.128750   33.053830
856    opls_146    20.898020   18.678780    6.220000
857    opls_146    23.191170   22.270810    5.686730
858    opls_146    21.877590   22.827350    3.724320
859    opls_140    29.767230    4.464610    2.357250
860    opls_140    28.715390    5.714090    1.643100
861    opls_140    31.504240   33.287800   20.558300
862    opls_144    22.736710   21.703650   12.637630
863    opls_146    40.350580   22.153620   26.636200
864    opls_146    38.057430   18.561590   26.102930
865    opls_146    39.371010   18.005050   24.140520
866    opls_140    11.065170   24.880810   18.058950
867    opls_140    12.117010   26.130290   18.773100
868    opls_140     9.328160   12.871600   -0.142100
869    opls_144    18.095690    1.287450    7.778570
870    opls_146     0.481820    1.737420   34.612400
871    opls_146     2.774970   38.977790   35.145670
872    opls_146     1.461390   38.421250   37.108080
873    opls_140     9.351030   15.951590   38.475150
874    opls_140     8.299190   14.702110   39.189300
875    opls_140    11.088040   27.960800   20.274100
876    opls_144     2.320510   39.544950   28.194770
877    opls_146    19.934380   39.094980   14.196200
878    opls_146    17.641230    1.854610   14.729470
879    opls_146    18.954810    2.411150   16.691880
880    opls_140    24.880810   18.058950   11.065170
881    opls_140    26.130290   18.773100   12.117010
882    opls_140    12.871600   -0.142100    9.328160
883    opls_144     1.287450    7.778570   18.095690
884    opls_146     1.737420   34.612400    0.481820
885    opls_146    38.977790   35.145670    2.774970
886    opls_146    38.421250   37.108080    1.461390
887    opls_140    15.951590   38.475150    9.351030
888    opls_140    14.702110   39.189300    8.299190
889    opls_140    27.960800   20.274100   11.088040
890    opls_144    39.544950   28.194770    2.320510
891    opls_146    39.094980   14.196200   19.934380
892    opls_146     1.854610   14.729470   17.641230
893    opls_146     2.411150   16.691880   18.954810
894    opls_140    36.367790   22.773450   31.481370
895    opls_140    35.118310   22.059300   32.533210
896    opls_140     7.544600   40.974500   29.744360
897    opls_144    19.128750   33.053830   38.511890
898    opls_146    18.678780    6.220000   20.898020
899    opls_146    22.270810    5.686730   23.191170
900    opls_146    22.827350    3.724320   21.877590
901    opls_140     4.464610    2.357250   29.767230
902    opls_140     5.714090    1.643100   28.715390
903    opls_140    33.287800   20.558300   31.504240
904    opls_144    21.703650   12.637630   22.736710
905    opls_146    22.153620   26.636200   40.350580
906    opls_146    18.561590   26.102930   38.057430
907    opls_146    18.005050   24.140520   39.371010
908    opls_140    38.475150    9.351030   15.951590
909    opls_140    39.189300    8.299190   14.702110
910    opls_140    20.274100   11.088040   27.960800
911    opls_144    28.194770    2.320510   39.544950
912    opls_146    14.196200   19.934380   39.094980
913    opls_146    14.729470   17.641230    1.854610
914    opls_146    16.691880   18.954810    2.411150
915    opls_140    18.058950   11.065170   24.880810
916    opls_140    18.773100   12.117010   26.130290
917    opls_140    -0.142100    9.328160   12.871600
918    opls_144     7.778570   18.095690    1.287450
919    opls_146    34.612400    0.481820    1.737420
920    opls_146    35.145670    2.774970   38.977790
921    opls_146    37.108080    1.461390   38.421250
922    opls_140     2.357250   29.767230    4.464610
923    opls_140     1.643100   28.715390    5.714090
924    opls_140    20.558300   31.504240   33.287800
925    opls_144    12.637630   22.736710   21.703650
926    opls_146    26.636200   40.350580   22.153620
927    opls_146    26.102930   38.057430   18.561590
928    opls_146    24.140520   39.371010   18.005050
929    opls_140    22.773450   31.481370   36.367790
930    opls_140    22.059300   32.533210   35.118310
931    opls_140    40.974500   29.744360    7.544600
932    opls_144    33.053830   38.511890   19.128750
933    opls_146     6.220000   20.898020   18.678780
934    opls_146     5.686730   23.191170   22.270810
935    opls_146     3.724320   21.877590   22.827350
936    opls_719     8.848380   31.672060   26.441840
937    opls_719    11.567820    9.160340    6.025640
938    opls_719    31.984020   11.255860   34.806760
939    opls_719    29.264580   29.576540   14.390560
940    opls_719    26.441840    8.848380   31.672060
941    opls_719     6.025640   11.567820    9.160340
942    opls_719    34.806760   31.984020   11.255860
943    opls_719    14.390560   29.264580   29.576540
944    opls_719    11.255860   34.806760   31.984020
945    opls_719    29.576540   14.390560   29.264580
946    opls_719    31.672060   26.441840    8.848380
947    opls_719     9.160340    6.025640   11.567820
948    opls_719     1.047760   19.056480   36.649940
949    opls_719    19.368440   21.775920   16.233740
950    opls_719    21.463960    1.359720    4.182460
951    opls_719    39.784640   39.472680   24.598660
952    opls_719    19.056480   36.649940    1.047760
953    opls_719    21.775920   16.233740   19.368440
954    opls_719     1.359720    4.182460   21.463960
955    opls_719    39.472680   24.598660   39.784640
956    opls_719     4.182460   21.463960    1.359720
957    opls_719    24.598660   39.784640   39.472680
958    opls_719    36.649940    1.047760   19.056480
959    opls_719    16.233740   19.368440   21.775920
960    opls_719    31.984020   29.576540   26.441840
961    opls_719    29.264580   11.255860    6.025640
962    opls_719     8.848380    9.160340   34.806760
963    opls_719    11.567820   31.672060   14.390560
964    opls_719    14.390560   11.567820   31.672060
965    opls_719    34.806760    8.848380    9.160340
966    opls_719     6.025640   29.264580   11.255860
967    opls_719    26.441840   31.984020   29.576540
968    opls_719    29.576540   26.441840   31.984020
969    opls_719    11.255860    6.025640   29.264580
970    opls_719     9.160340   34.806760    8.848380
971    opls_719    31.672060   14.390560   11.567820
972    opls_719    19.368440   19.056480    4.182460
973    opls_719     1.047760   21.775920   24.598660
974    opls_719    39.784640    1.359720   36.649940
975    opls_719    21.463960   39.472680   16.233740
976    opls_719     1.359720   36.649940   39.784640
977    opls_719    39.472680   16.233740   21.463960
978    opls_719    19.056480    4.182460   19.368440
979    opls_719    21.775920   24.598660    1.047760
980    opls_719    16.233740   21.463960   39.472680
981    opls_719    36.649940   39.784640    1.359720
982    opls_719    24.598660    1.047760   21.775920
983    opls_719     4.182460   19.368440   19.056480
