0      opls_700     3.499910   34.112200    0.111060
1      opls_700     5.038710    0.001710    0.111270
2      opls_700     7.895610   34.107080    0.112350
3      opls_145    12.198520   34.093100    0.086100
4      opls_700     9.372330   34.100940    0.108170
5      opls_700    30.600010    0.019440    3.379730
6      opls_700    29.059840    0.012960    3.382210
7      opls_700    26.201920   34.109470    3.380920
8      opls_145    21.898670   34.091730    3.404940
9      opls_700    24.724860   34.100940    3.382910
10     opls_700    34.092760    3.512190    0.107370
11     opls_700    34.099240    5.052360    0.104930
12     opls_700     0.002730    7.910280    0.106220
13     opls_145     0.020470   12.213530    0.082230
14     opls_700     0.011260    9.387340    0.104230
15     opls_700     0.000000   30.611950    3.375970
16     opls_700    34.110490   29.073490    3.375760
17     opls_700     0.005120   26.216590    3.374710
18     opls_145     0.019100   21.913680    3.401000
19     opls_700     0.011260   24.739870    3.378900
20     opls_507     2.812890   32.852780    0.008260
21     opls_234    14.467670   33.006280    0.137040
22     opls_700    15.864560   33.400620    0.052480
23     opls_145    10.075720   32.955110    3.197850
24     opls_145    11.472960   32.961250    3.159980
25     opls_716     2.490870   30.674030    0.064440
26     opls_145     5.793620    0.984480    2.914310
27     opls_145     7.187100    1.037350    2.996880
28     opls_507    31.289760    1.279890    3.369760
29     opls_234    19.632250    1.064640    0.039820
30     opls_700    18.233650    0.669620    0.006350
31     opls_145    24.008510    1.128770    2.991760
32     opls_145    22.611270    1.113760    2.975510
33     opls_716    31.597790    3.442940    0.153470
34     opls_145    28.312440   33.132160    2.704730
35     opls_145    26.919300   33.070410    2.782880
36     opls_543     1.238960    2.814940    0.064720
37     opls_234     1.106940   14.482680    0.129960
38     opls_700     0.711920   15.879570    0.045120
39     opls_145     1.157430   10.089710    3.193380
40     opls_145     1.151630   11.486940    3.155720
41     opls_716     3.420770    2.497350    0.191650
42     opls_145    33.117490    5.811700    2.910160
43     opls_145    33.069730    7.205180    2.992180
44     opls_543    32.853120   31.307840    3.306960
45     opls_234    33.046530   19.646920    0.034980
46     opls_700    33.442240   18.248320    0.000380
47     opls_145    32.982750   24.024200    2.989000
48     opls_145    32.996730   22.626620    2.972790
49     opls_716    30.679490   31.639410    0.030270
50     opls_145     0.986180   28.324040    2.695040
51     opls_145     1.045200   26.930900    2.774270
52     opls_543    31.297260   32.873240    3.422380
53     opls_234    19.629520   33.005260    3.357170
54     opls_700    18.232630   33.400280    3.442010
55     opls_145    24.022490   32.954770    0.293750
56     opls_145    22.625260   32.960570    0.331410
57     opls_716    31.615190   30.691430    3.295410
58     opls_145    28.300500    0.994710    0.576940
59     opls_145    26.907020    1.042470    0.494920
60     opls_543     2.804360    1.259080    0.180070
61     opls_234    14.465280    1.065670    3.452160
62     opls_700    15.863880    0.669960    3.486750
63     opls_145    10.088000    1.129450    0.498100
64     opls_145    11.485580    1.115130    0.514310
65     opls_716     2.472790    3.432710    3.456830
66     opls_145     5.788160   33.126020    0.791990
67     opls_145     7.181300   33.067000    0.712800
68     opls_507    32.832310    2.822440    0.117340
69     opls_234    33.047560   14.479950    3.447380
70     opls_700    33.442580   15.878550    3.480820
71     opls_145    32.983430   10.103690    0.495340
72     opls_145    32.998440   11.500930    0.511660
73     opls_716    30.669260    2.514410    3.333630
74     opls_145     0.980040    5.799760    0.782400
75     opls_145     1.041790    7.192900    0.704220
76     opls_507     1.259420   31.299310    3.478770
77     opls_234     1.105920   19.644530    3.350060
78     opls_700     0.711580   18.247640    3.434620
79     opls_145     1.157090   24.036480    0.289220
80     opls_145     1.150600   22.639240    0.327120
81     opls_716     3.438170   31.621330    3.422590
82     opls_145    33.127720   28.318580    0.572720
83     opls_145    33.074850   26.925100    0.490150
84     opls_145    17.048940    1.419070    0.002620
85     opls_145    17.048250   32.651170    0.004080
86     opls_145    32.693130   17.063260    3.484550
87     opls_145     1.461030   17.063950    3.483020
88     opls_542    20.456060   34.091390    3.426320
89     opls_542    13.641130   34.092410    0.066120
90     opls_542     0.019790   20.471070    3.420980
91     opls_542     0.021150   13.656140    0.060850
92     opls_542     1.464100   32.648100    3.487070
93     opls_542    32.632750    1.479450    0.000000
94     opls_542     1.458300    1.473650    0.173730
95     opls_542    32.638550   32.653900    3.313340
96     opls_236    14.081180   31.870350    0.331760
97     opls_236    20.024540    2.200580    0.221400
98     opls_236     2.243220   14.096870    0.323390
99     opls_236    31.910600   20.038530    0.217770
100    opls_236    20.015330   31.868980    3.163710
101    opls_236    14.073670    2.201600    3.269400
102    opls_236    31.911620   14.087660    3.265840
103    opls_236     2.241850   20.031020    3.155300
104    opls_146     9.543230   32.068880    2.876260
105    opls_146    11.986690   32.089690    2.777680
106    opls_547     2.750470   29.642820    0.209160
107    opls_146     5.322870    1.681050    2.242480
108    opls_146     7.716520    1.830460    2.485010
109    opls_146    24.530770    2.018080    2.662510
110    opls_146    22.085940    1.982260    2.601130
111    opls_547    31.334440    4.460510    0.379050
112    opls_146    28.791380   32.425690    2.051880
113    opls_146    26.397040   32.269120    2.276480
114    opls_146     2.042640    9.556870    2.870620
115    opls_146     2.023190   12.000670    2.772840
116    opls_547     4.446530    2.767180    0.359970
117    opls_146    32.415460    5.345380    2.241300
118    opls_146    32.276960    7.736990    2.482400
119    opls_146    32.093780   24.547140    2.660100
120    opls_146    32.128230   22.101640    2.599140
121    opls_547    29.657490   31.383910    0.237890
122    opls_146     1.691280   28.802640    2.040130
123    opls_146     1.844110   26.406250    2.266820
124    opls_146    24.555330   32.069560    0.616550
125    opls_146    22.111530   32.089010    0.714330
126    opls_547    31.345020   29.665670    3.127060
127    opls_146    28.766820    1.696740    1.245800
128    opls_146    26.375550    1.835240    1.004740
129    opls_146     9.565060    2.018420    0.826970
130    opls_146    12.010560    1.983970    0.887990
131    opls_547     2.728290    4.454710    3.249240
132    opls_146     5.309560   32.420920    1.446900
133    opls_146     7.705950   32.268090    1.220240
134    opls_146    32.094120    9.581430    0.824590
135    opls_146    32.129940   12.026260    0.886000
136    opls_547    29.651690    2.777760    3.108090
137    opls_146     1.686510    5.320820    1.435260
138    opls_146     1.843080    7.715160    1.210650
139    opls_146     2.043320   24.568970    0.610800
140    opls_146     2.022170   22.125510    0.709380
141    opls_547     4.469380   31.362070    3.277840
142    opls_146    32.431150   28.789330    1.244550
143    opls_146    32.281740   26.396020    1.002050
144    opls_545    33.360710   33.377080    3.171900
145    opls_545     0.735120    0.751490    0.315130
146    opls_146    17.048250   31.566070    0.004460
147    opls_146    17.049280    2.504180    0.001880
148    opls_146     2.546130   17.063950    3.482640
149    opls_146    31.608020   17.062920    3.485290
