0      opls_700   -14.228000   26.120030    1.760000
1      opls_522   -12.960960   25.527310    1.760000
2      opls_521   -11.819470   26.329260    1.760000
3      opls_521   -13.148830   28.283250    1.760000
4      opls_522   -14.313480   27.516250    1.760000
5      opls_521   -10.724570   28.503270    1.760000
6      opls_522    -9.450710   27.909010    1.760000
7      opls_523    -8.296750   28.694510    1.760000
8      opls_700    -8.395580   30.090220    1.760000
9      opls_523    -9.654900   30.692200    1.760000
10     opls_522   -10.809460   29.906690    1.760000
11     opls_142    -7.201850   30.938440    1.760000
12     opls_145    -4.821520   31.221180    1.760000
13     opls_145    -3.580890   30.579610    1.760000
14     opls_145    -2.400820   31.326050    1.760000
15     opls_700    -2.442370   32.728440    1.760000
16     opls_145    -3.691300   33.368970    1.760000
17     opls_145    -4.870490   32.623050    1.760000
18     opls_700    -1.191650   33.519080    1.760000
19     opls_145     0.055500   32.879570    1.760000
20     opls_700    14.173390   26.025440    1.760000
21     opls_522    14.053180   27.419090    1.760000
22     opls_521    12.787920   28.006680    1.760000
23     opls_521    11.760400   25.878420    1.760000
24     opls_522    13.006960   25.253310    1.760000
25     opls_521    10.357730   27.867880    1.760000
26     opls_522    10.235440   29.268210    1.760000
27     opls_523     8.978200   29.874820    1.760000
28     opls_700     7.818900   29.091370    1.760000
29     opls_523     7.927230   27.699780    1.760000
30     opls_522     9.184770   27.092660    1.760000
31     opls_142     6.487450   29.701060    1.760000
32     opls_145     5.052430   31.621120    1.760000
33     opls_145     4.987720   33.016320    1.760000
34     opls_145     3.751260   33.665080    1.760000
35     opls_700     2.557530   32.927900    1.760000
36     opls_145     2.627270   31.526020    1.760000
37     opls_145     3.862850   30.877780    1.760000
38     opls_700     1.247450   33.615730    1.760000
39     opls_145     1.177700   35.015550    1.760000
40     opls_700     0.054610   50.669060    1.760000
41     opls_522    -1.092220   49.868130    1.760000
42     opls_521    -0.968460   48.478600    1.760000
43     opls_521     1.388430   48.652870    1.760000
44     opls_522     1.306510   50.044980    1.760000
45     opls_521     0.366840   46.443380    1.760000
46     opls_522    -0.784740   45.637320    1.760000
47     opls_523    -0.681450   44.245210    1.760000
48     opls_700     0.576680   43.632950    1.760000
49     opls_523     1.727670   44.422560    1.760000
50     opls_522     1.624680   45.815190    1.760000
51     opls_142     0.714400   42.175040    1.760000
52     opls_145    -0.230910   39.972240    1.760000
53     opls_145    -1.406830   39.218600    1.760000
54     opls_145    -1.350440   37.823410    1.760000
55     opls_700    -0.115160   37.158200    1.760000
56     opls_145     1.064030   37.919540    1.760000
57     opls_145     1.007640   39.313710    1.760000
58     opls_700    -0.055800   35.679730    1.760000
59     opls_145    -1.233200   34.919410    1.760000
60     opls_700    43.908000   25.287240    1.760000
61     opls_522    42.640960   25.879960    1.760000
62     opls_521    41.499470   25.078010    1.760000
63     opls_521    42.828830   23.124020    1.760000
64     opls_522    43.993480   23.891010    1.760000
65     opls_521    40.404570   22.903990    1.760000
66     opls_522    39.130710   23.498260    1.760000
67     opls_523    37.976750   22.712760    1.760000
68     opls_700    38.075580   21.317050    1.760000
69     opls_523    39.334900   20.715070    1.760000
70     opls_522    40.489460   21.500580    1.760000
71     opls_142    36.881850   20.468830    1.760000
72     opls_145    34.501520   20.186090    1.760000
73     opls_145    33.260890   20.827650    1.760000
74     opls_145    32.080820   20.081220    1.760000
75     opls_700    32.122370   18.678830    1.760000
76     opls_145    33.371300   18.038300    1.760000
77     opls_145    34.550490   18.784220    1.760000
78     opls_700    30.871650   17.888190    1.760000
79     opls_145    29.624500   18.527690    1.760000
80     opls_700    15.506610   25.381820    1.760000
81     opls_522    15.626820   23.988170    1.760000
82     opls_521    16.892080   23.400590    1.760000
83     opls_521    17.919600   25.528850    1.760000
84     opls_522    16.673040   26.153960    1.760000
85     opls_521    19.322270   23.539390    1.760000
86     opls_522    19.444560   22.139050    1.760000
87     opls_523    20.701800   21.532450    1.760000
88     opls_700    21.861100   22.315900    1.760000
89     opls_523    21.752770   23.707490    1.760000
90     opls_522    20.495230   24.314610    1.760000
91     opls_142    23.192550   21.706200    1.760000
92     opls_145    24.627570   19.786140    1.760000
93     opls_145    24.692280   18.390950    1.760000
94     opls_145    25.928740   17.742190    1.760000
95     opls_700    27.122470   18.479370    1.760000
96     opls_145    27.052730   19.881250    1.760000
97     opls_145    25.817150   20.529490    1.760000
98     opls_700    28.432550   17.791540    1.760000
99     opls_145    28.502300   16.391720    1.760000
100    opls_700    29.625390    0.738210    1.760000
101    opls_522    30.772220    1.539130    1.760000
102    opls_521    30.648460    2.928670    1.760000
103    opls_521    28.291570    2.754400    1.760000
104    opls_522    28.373490    1.362290    1.760000
105    opls_521    29.313160    4.963890    1.760000
106    opls_522    30.464740    5.769950    1.760000
107    opls_523    30.361450    7.162060    1.760000
108    opls_700    29.103320    7.774320    1.760000
109    opls_523    27.952330    6.984710    1.760000
110    opls_522    28.055320    5.592080    1.760000
111    opls_142    28.965600    9.232230    1.760000
112    opls_145    29.910910   11.435030    1.760000
113    opls_145    31.086830   12.188660    1.760000
114    opls_145    31.030440   13.583860    1.760000
115    opls_700    29.795160   14.249070    1.760000
116    opls_145    28.615970   13.487720    1.760000
117    opls_145    28.672360   12.093560    1.760000
118    opls_700    29.735800   15.727540    1.760000
119    opls_145    30.913200   16.487850    1.760000
120    opls_239   -11.918300   27.691040    1.760000
121    opls_750    -6.011680   30.427450    1.760000
122    opls_239    11.658010   27.240200    1.760000
123    opls_750     6.334900   30.987270    1.760000
124    opls_239     0.260290   47.883300    1.760000
125    opls_750    -0.323220   41.399820    1.760000
126    opls_239    41.598300   23.716230    1.760000
127    opls_750    35.691680   20.979820    1.760000
128    opls_239    18.021990   24.167070    1.760000
129    opls_750    23.345100   20.419990    1.760000
130    opls_239    29.419710    3.523970    1.760000
131    opls_750    30.003220   10.007450    1.760000
132    opls_525   -12.862420   24.392230    1.760000
133    opls_524   -10.786310   25.849630    1.760000
134    opls_524   -13.234310   29.419350    1.760000
135    opls_525   -15.332090   28.027240    1.760000
136    opls_525    -9.351570   26.773930    1.760000
137    opls_526    -7.270120   28.199460    1.760000
138    opls_526    -9.743940   31.828300    1.760000
139    opls_525   -11.835790   30.402260    1.760000
140    opls_144    -7.308700   32.072480    1.760000
141    opls_146    -3.528060   29.441460    1.760000
142    opls_146    -1.391990   30.797070    1.760000
143    opls_146    -3.747400   34.506610    1.760000
144    opls_146    -5.879310   33.153060    1.760000
145    opls_146     0.112190   31.741930    1.760000
146    opls_525    14.986920   28.071970    1.760000
147    opls_524    12.686720   29.141240    1.760000
148    opls_524    10.819250   25.236340    1.760000
149    opls_525    13.073740   24.115660    1.760000
150    opls_525    11.168880   29.921600    1.760000
151    opls_526     8.893610   31.011430    1.760000
152    opls_526     6.987860   27.054620    1.760000
153    opls_525     9.268770   25.956040    1.760000
154    opls_144     5.558770   29.041510    1.760000
155    opls_146     5.946980   33.631150    1.760000
156    opls_146     3.704950   34.803230    1.760000
157    opls_146     1.670090   30.908620    1.760000
158    opls_146     3.908260   29.739100    1.760000
159    opls_146     2.134590   35.633460    1.760000
160    opls_525    -2.124490   50.350330    1.760000
161    opls_524    -1.900410   47.823670    1.760000
162    opls_524     2.415060   48.158840    1.760000
163    opls_525     2.258350   50.671630    1.760000
164    opls_525    -1.817310   46.119000    1.760000
165    opls_526    -1.623500   43.603640    1.760000
166    opls_526     2.756080   43.931620    1.760000
167    opls_525     2.567020   46.456230    1.760000
168    opls_144     1.749930   41.700550    1.760000
169    opls_146    -2.418920   39.741930    1.760000
170    opls_146    -2.312960   37.214240    1.760000
171    opls_146     2.077300   37.399300    1.760000
172    opls_146     1.971050   39.922370    1.760000
173    opls_146    -2.246780   35.439140    1.760000
174    opls_525    42.542420   27.015030    1.760000
175    opls_524    40.466310   25.557640    1.760000
176    opls_524    42.914310   21.987920    1.760000
177    opls_525    45.012090   23.380030    1.760000
178    opls_525    39.031570   24.633330    1.760000
179    opls_526    36.950120   23.207810    1.760000
180    opls_526    39.423940   19.578970    1.760000
181    opls_525    41.515790   21.005010    1.760000
182    opls_144    36.988700   19.334790    1.760000
183    opls_146    33.208060   21.965810    1.760000
184    opls_146    31.071990   20.610200    1.760000
185    opls_146    33.427400   16.900650    1.760000
186    opls_146    35.559310   18.254210    1.760000
187    opls_146    29.567810   19.665340    1.760000
188    opls_525    14.693080   23.335300    1.760000
189    opls_524    16.993280   22.266030    1.760000
190    opls_524    18.860750   26.170930    1.760000
191    opls_525    16.606260   27.291600    1.760000
192    opls_525    18.511120   21.485670    1.760000
193    opls_526    20.786390   20.395830    1.760000
194    opls_526    22.692140   24.352650    1.760000
195    opls_525    20.411230   25.451220    1.760000
196    opls_144    24.121230   22.365760    1.760000
197    opls_146    23.733020   17.776120    1.760000
198    opls_146    25.975050   16.604030    1.760000
199    opls_146    28.009910   20.498650    1.760000
200    opls_146    25.771740   21.668160    1.760000
201    opls_146    27.545410   15.773810    1.760000
202    opls_525    31.804490    1.056930    1.760000
203    opls_524    31.580410    3.583600    1.760000
204    opls_524    27.264940    3.248430    1.760000
205    opls_525    27.421650    0.735640    1.760000
206    opls_525    31.497310    5.288270    1.760000
207    opls_526    31.303500    7.803620    1.760000
208    opls_526    26.923920    7.475640    1.760000
209    opls_525    27.112980    4.951030    1.760000
210    opls_144    27.930070    9.706720    1.760000
211    opls_146    32.098920   11.665340    1.760000
212    opls_146    31.992960   14.193030    1.760000
213    opls_146    27.602700   14.007970    1.760000
214    opls_146    27.708950   11.484900    1.760000
215    opls_146    31.926780   15.968130    1.760000
