0      opls_144     3.513610   12.695000    6.083710
1      opls_144     9.063400   14.961020    1.158930
2      opls_144    13.555290    2.356720   -0.168220
3      opls_910     7.708900   12.237110    0.697060
4      opls_910    16.616510    2.605670   -0.053590
5      opls_146     9.171020   10.340230    0.770260
6      opls_526    11.363260    9.335830    0.581500
7      opls_526    -5.528010   13.208950   -0.102460
8      opls_146    10.737720   14.197310    0.051800
9      opls_146    -0.935480    4.767210    6.912780
10     opls_526    -1.174280    7.193410    6.905410
11     opls_526    13.189360    6.830260    0.553310
12     opls_146    13.444390    4.430300    0.611200
13     opls_526     0.155600   10.145380    7.267110
14     opls_146     2.054800   11.551150    7.013030
15     opls_146    -0.680070   14.797260    5.937670
16     opls_526    -2.591630   13.392460    6.238690
17     opls_910     1.691070   15.096910    5.902250
18     opls_144     3.513610   12.695000    2.506110
19     opls_144     9.063400   14.961020    4.736530
20     opls_144    13.555290    2.356720    3.409450
21     opls_910     7.708900   12.237110    4.274660
22     opls_910    16.616510    2.605670    3.524010
23     opls_146     9.171020   10.340230    4.347860
24     opls_526    11.363260    9.335830    4.159100
25     opls_526    -5.528010   13.208950    3.475140
26     opls_146    10.737720   14.197310    3.629400
27     opls_146    -0.935480    4.767210    3.335180
28     opls_526    -1.174280    7.193410    3.327810
29     opls_526    13.189360    6.830260    4.130910
30     opls_146    13.444390    4.430300    4.188800
31     opls_526     0.155600   10.145380    3.689510
32     opls_146     2.054800   11.551150    3.435430
33     opls_146    -0.680070   14.797260    2.360070
34     opls_526    -2.591630   13.392460    2.661090
35     opls_910     1.691070   15.096910    2.324650
36     opls_280     5.789350   14.053150    6.796220
37     opls_700     6.984140   14.852170    0.354470
38     opls_231    16.137840    0.105610    0.679390
39     opls_145    14.784170    0.705880    0.291570
40     opls_280     4.247470   15.990030    0.117560
41     opls_700     4.392050   14.565960    6.794430
42     opls_142     3.322880   13.729370    6.373710
43     opls_142     8.224460   14.313280    0.698850
44     opls_142    14.586340    2.020130    0.101750
45     opls_916    15.496880    4.394670    0.144250
46     opls_916     9.784370   12.347730    0.453780
47     opls_145     9.987740   10.972420    0.580070
48     opls_523    11.243090   10.400160    0.471960
49     opls_522    -6.130970   11.193670    0.233620
50     opls_523    -6.335740   12.571090    0.098170
51     opls_145    10.863090   13.141570    0.197480
52     opls_145    -1.883990    5.210530    7.091090
53     opls_523    -2.022210    6.599290    7.088160
54     opls_522    -3.247370    7.206530    0.134880
55     opls_523    14.139940    6.394230    0.371780
56     opls_145    14.283690    5.006440    0.389740
57     opls_531    -4.801970   10.584000    0.111050
58     opls_531    -3.415620    8.673520    0.077710
59     opls_531    -2.522150   10.803310    6.964440
60     opls_700    -1.370030   11.654160    6.769110
61     opls_523    -0.043530   11.155930    6.966660
62     opls_145     1.050010   11.966290    6.813540
63     opls_916     0.836260   13.287340    6.425870
64     opls_145    -0.489850   13.782660    6.228890
65     opls_523    -1.581420   12.978780    6.402470
66     opls_280     5.789350   14.053150    3.218620
67     opls_700     6.984140   14.852170    3.932000
68     opls_231    16.137840    0.105610    4.256990
69     opls_145    14.784170    0.705880    3.869170
70     opls_280     4.247470   15.990030    3.695160
71     opls_700     4.392050   14.565960    3.216830
72     opls_142     3.322880   13.729370    2.796180
73     opls_142     8.224460   14.313280    4.276450
74     opls_142    14.586340    2.020130    3.679350
75     opls_916    15.496880    4.394670    3.721850
76     opls_916     9.784370   12.347730    4.031380
77     opls_145     9.987740   10.972420    4.157670
78     opls_523    11.243090   10.400160    4.049560
79     opls_522    -6.130970   11.193670    3.811220
80     opls_523    -6.335740   12.571090    3.675770
81     opls_145    10.863090   13.141570    3.775080
82     opls_145    -1.883990    5.210530    3.513490
83     opls_523    -2.022210    6.599290    3.510560
84     opls_522    -3.247370    7.206530    3.712480
85     opls_523    14.139940    6.394230    3.949380
86     opls_145    14.283690    5.006440    3.967340
87     opls_531    -4.801970   10.584000    3.688650
88     opls_531    -3.415620    8.673520    3.655310
89     opls_531    -2.522150   10.803310    3.386840
90     opls_700    -1.370030   11.654160    3.191510
91     opls_523    -0.043530   11.155930    3.389060
92     opls_145     1.050010   11.966290    3.235940
93     opls_916     0.836260   13.287340    2.848270
94     opls_145    -0.489850   13.782660    2.651290
95     opls_523    -1.581420   12.978780    2.824940
96     opls_238     8.474170   12.900550    0.563900
97     opls_238    15.673530    2.963950    0.114200
98     opls_520    -4.629500    9.243350    0.186890
99     opls_520    -2.365650    9.461530    7.047940
100    opls_520    -3.743770   11.357100    7.072990
101    opls_238     1.936240   14.150180    6.246490
102    opls_238     8.474170   12.900550    4.141500
103    opls_238    15.673530    2.963950    3.691800
104    opls_520    -4.629500    9.243350    3.764490
105    opls_520    -2.365650    9.461530    3.470340
106    opls_520    -3.743770   11.357100    3.495390
107    opls_238     1.936240   14.150180    2.668890
108    opls_281     5.953230   12.994330    6.169500
109    opls_281    12.529610    0.210730    0.409130
110    opls_272    17.065440    0.781680    1.331370
111    opls_281     5.953230   12.994330    2.591900
112    opls_281    12.529610    0.210730    3.986730
113    opls_272    17.065440    0.781680    4.908970
