0      opls_523    27.348290    8.940980    0.484670
1      opls_700    26.842170   10.150980    0.977690
2      opls_521    27.347730   11.364040    0.486620
3      opls_523    25.856960   10.191920    1.967630
4      opls_522    25.456690   11.421980    2.496870
5      opls_521    26.021860   12.607740    2.006350
6      opls_700     1.989360   13.840020   25.092640
7      opls_523     2.037830   15.021600   25.826320
8      opls_145     1.975990   16.244690   25.170630
9      opls_700     1.880170   16.292870   23.770110
10     opls_145     1.937550   15.105440   23.039210
11     opls_523     1.994380   13.884300   23.696300
12     opls_145    17.929600   21.972660   11.737840
13     opls_145    18.231820   21.900520   10.374650
14     opls_145    18.248530   20.686350    9.726480
15     opls_700    17.992270   19.508660   10.432310
16     opls_145    17.688380   19.574680   11.803860
17     opls_145    17.632670   20.812810   12.448410
18     opls_142    15.932160    9.133460   24.218290
19     opls_701     4.126630    4.126630    4.126630
20     opls_523     0.506110   18.913420    0.484670
21     opls_700     1.012230   17.703420    0.977690
22     opls_521     0.506670   16.490360    0.486620
23     opls_523     1.997440   17.662480    1.967630
24     opls_522     2.397710   16.432420    2.496870
25     opls_521     1.832540   15.246660    2.006350
26     opls_700    25.865040   14.014380   25.092640
27     opls_523    25.816570   12.832800   25.826320
28     opls_145    25.878410   11.609710   25.170630
29     opls_700    25.974230   11.561530   23.770110
30     opls_145    25.916850   12.748960   23.039210
31     opls_523    25.860020   13.970100   23.696300
32     opls_145     9.924800    5.881740   11.737840
33     opls_145     9.622580    5.953880   10.374650
34     opls_145     9.605870    7.168050    9.726480
35     opls_700     9.862130    8.345740   10.432310
36     opls_145    10.166020    8.279720   11.803860
37     opls_145    10.221730    7.041590   12.448410
38     opls_142    11.922240   18.720940   24.218290
39     opls_701    23.727770   23.727770    4.126630
40     opls_523     0.506110    8.940980   27.369730
41     opls_700     1.012230   10.150980   26.876710
42     opls_521     0.506670   11.364040   27.367780
43     opls_523     1.997440   10.191920   25.886770
44     opls_522     2.397710   11.421980   25.357530
45     opls_521     1.832540   12.607740   25.848050
46     opls_700    25.865040   13.840020    2.761760
47     opls_523    25.816570   15.021600    2.028080
48     opls_145    25.878410   16.244690    2.683770
49     opls_700    25.974230   16.292870    4.084290
50     opls_145    25.916850   15.105440    4.815190
51     opls_523    25.860020   13.884300    4.158100
52     opls_145     9.924800   21.972660   16.116560
53     opls_145     9.622580   21.900520   17.479750
54     opls_145     9.605870   20.686350   18.127920
55     opls_700     9.862130   19.508660   17.422090
56     opls_145    10.166020   19.574680   16.050540
57     opls_145    10.221730   20.812810   15.405990
58     opls_142    11.922240    9.133460    3.636110
59     opls_701    23.727770    4.126630   23.727770
60     opls_523    27.348290   18.913420   27.369730
61     opls_700    26.842170   17.703420   26.876710
62     opls_521    27.347730   16.490360   27.367780
63     opls_523    25.856960   17.662480   25.886770
64     opls_522    25.456690   16.432420   25.357530
65     opls_521    26.021860   15.246660   25.848050
66     opls_700     1.989360   14.014380    2.761760
67     opls_523     2.037830   12.832800    2.028080
68     opls_145     1.975990   11.609710    2.683770
69     opls_700     1.880170   11.561530    4.084290
70     opls_145     1.937550   12.748960    4.815190
71     opls_523     1.994380   13.970100    4.158100
72     opls_145    17.929600    5.881740   16.116560
73     opls_145    18.231820    5.953880   17.479750
74     opls_145    18.248530    7.168050   18.127920
75     opls_700    17.992270    8.345740   17.422090
76     opls_145    17.688380    8.279720   16.050540
77     opls_145    17.632670    7.041590   15.405990
78     opls_142    15.932160   18.720940    3.636110
79     opls_701     4.126630   23.727770   23.727770
80     opls_523     0.484670   27.348290    8.940980
81     opls_700     0.977690   26.842170   10.150980
82     opls_521     0.486620   27.347730   11.364040
83     opls_523     1.967630   25.856960   10.191920
84     opls_522     2.496870   25.456690   11.421980
85     opls_521     2.006350   26.021860   12.607740
86     opls_700    25.092640    1.989360   13.840020
87     opls_523    25.826320    2.037830   15.021600
88     opls_145    25.170630    1.975990   16.244690
89     opls_700    23.770110    1.880170   16.292870
90     opls_145    23.039210    1.937550   15.105440
91     opls_523    23.696300    1.994380   13.884300
92     opls_145    11.737840   17.929600   21.972660
93     opls_145    10.374650   18.231820   21.900520
94     opls_145     9.726480   18.248530   20.686350
95     opls_700    10.432310   17.992270   19.508660
96     opls_145    11.803860   17.688380   19.574680
97     opls_145    12.448410   17.632670   20.812810
98     opls_142    24.218290   15.932160    9.133460
99     opls_523     0.484670    0.506110   18.913420
100    opls_700     0.977690    1.012230   17.703420
101    opls_521     0.486620    0.506670   16.490360
102    opls_523     1.967630    1.997440   17.662480
103    opls_522     2.496870    2.397710   16.432420
104    opls_521     2.006350    1.832540   15.246660
105    opls_700    25.092640   25.865040   14.014380
106    opls_523    25.826320   25.816570   12.832800
107    opls_145    25.170630   25.878410   11.609710
108    opls_700    23.770110   25.974230   11.561530
109    opls_145    23.039210   25.916850   12.748960
110    opls_523    23.696300   25.860020   13.970100
111    opls_145    11.737840    9.924800    5.881740
112    opls_145    10.374650    9.622580    5.953880
113    opls_145     9.726480    9.605870    7.168050
114    opls_700    10.432310    9.862130    8.345740
115    opls_145    11.803860   10.166020    8.279720
116    opls_145    12.448410   10.221730    7.041590
117    opls_142    24.218290   11.922240   18.720940
118    opls_523    27.369730    0.506110    8.940980
119    opls_700    26.876710    1.012230   10.150980
120    opls_521    27.367780    0.506670   11.364040
121    opls_523    25.886770    1.997440   10.191920
122    opls_522    25.357530    2.397710   11.421980
123    opls_521    25.848050    1.832540   12.607740
124    opls_700     2.761760   25.865040   13.840020
125    opls_523     2.028080   25.816570   15.021600
126    opls_145     2.683770   25.878410   16.244690
127    opls_700     4.084290   25.974230   16.292870
128    opls_145     4.815190   25.916850   15.105440
129    opls_523     4.158100   25.860020   13.884300
130    opls_145    16.116560    9.924800   21.972660
131    opls_145    17.479750    9.622580   21.900520
132    opls_145    18.127920    9.605870   20.686350
133    opls_700    17.422090    9.862130   19.508660
134    opls_145    16.050540   10.166020   19.574680
135    opls_145    15.405990   10.221730   20.812810
136    opls_142     3.636110   11.922240    9.133460
137    opls_523    27.369730   27.348290   18.913420
138    opls_700    26.876710   26.842170   17.703420
139    opls_521    27.367780   27.347730   16.490360
140    opls_523    25.886770   25.856960   17.662480
141    opls_522    25.357530   25.456690   16.432420
142    opls_521    25.848050   26.021860   15.246660
143    opls_700     2.761760    1.989360   14.014380
144    opls_523     2.028080    2.037830   12.832800
145    opls_145     2.683770    1.975990   11.609710
146    opls_700     4.084290    1.880170   11.561530
147    opls_145     4.815190    1.937550   12.748960
148    opls_523     4.158100    1.994380   13.970100
149    opls_145    16.116560   17.929600    5.881740
150    opls_145    17.479750   18.231820    5.953880
151    opls_145    18.127920   18.248530    7.168050
152    opls_700    17.422090   17.992270    8.345740
153    opls_145    16.050540   17.688380    8.279720
154    opls_145    15.405990   17.632670    7.041590
155    opls_142     3.636110   15.932160   18.720940
156    opls_523     8.940980   27.369730    0.506110
157    opls_700    10.150980   26.876710    1.012230
158    opls_521    11.364040   27.367780    0.506670
159    opls_523    10.191920   25.886770    1.997440
160    opls_522    11.421980   25.357530    2.397710
161    opls_521    12.607740   25.848050    1.832540
162    opls_700    13.840020    2.761760   25.865040
163    opls_523    15.021600    2.028080   25.816570
164    opls_145    16.244690    2.683770   25.878410
165    opls_700    16.292870    4.084290   25.974230
166    opls_145    15.105440    4.815190   25.916850
167    opls_523    13.884300    4.158100   25.860020
168    opls_145    21.972660   16.116560    9.924800
169    opls_145    21.900520   17.479750    9.622580
170    opls_145    20.686350   18.127920    9.605870
171    opls_700    19.508660   17.422090    9.862130
172    opls_145    19.574680   16.050540   10.166020
173    opls_145    20.812810   15.405990   10.221730
174    opls_142     9.133460    3.636110   11.922240
175    opls_523    18.913420   27.369730   27.348290
176    opls_700    17.703420   26.876710   26.842170
177    opls_521    16.490360   27.367780   27.347730
178    opls_523    17.662480   25.886770   25.856960
179    opls_522    16.432420   25.357530   25.456690
180    opls_521    15.246660   25.848050   26.021860
181    opls_700    14.014380    2.761760    1.989360
182    opls_523    12.832800    2.028080    2.037830
183    opls_145    11.609710    2.683770    1.975990
184    opls_700    11.561530    4.084290    1.880170
185    opls_145    12.748960    4.815190    1.937550
186    opls_523    13.970100    4.158100    1.994380
187    opls_145     5.881740   16.116560   17.929600
188    opls_145     5.953880   17.479750   18.231820
189    opls_145     7.168050   18.127920   18.248530
190    opls_700     8.345740   17.422090   17.992270
191    opls_145     8.279720   16.050540   17.688380
192    opls_145     7.041590   15.405990   17.632670
193    opls_142    18.720940    3.636110   15.932160
194    opls_523     8.940980    0.484670   27.348290
195    opls_700    10.150980    0.977690   26.842170
196    opls_521    11.364040    0.486620   27.347730
197    opls_523    10.191920    1.967630   25.856960
198    opls_522    11.421980    2.496870   25.456690
199    opls_521    12.607740    2.006350   26.021860
200    opls_700    13.840020   25.092640    1.989360
201    opls_523    15.021600   25.826320    2.037830
202    opls_145    16.244690   25.170630    1.975990
203    opls_700    16.292870   23.770110    1.880170
204    opls_145    15.105440   23.039210    1.937550
205    opls_523    13.884300   23.696300    1.994380
206    opls_145    21.972660   11.737840   17.929600
207    opls_145    21.900520   10.374650   18.231820
208    opls_145    20.686350    9.726480   18.248530
209    opls_700    19.508660   10.432310   17.992270
210    opls_145    19.574680   11.803860   17.688380
211    opls_145    20.812810   12.448410   17.632670
212    opls_142     9.133460   24.218290   15.932160
213    opls_523    18.913420    0.484670    0.506110
214    opls_700    17.703420    0.977690    1.012230
215    opls_521    16.490360    0.486620    0.506670
216    opls_523    17.662480    1.967630    1.997440
217    opls_522    16.432420    2.496870    2.397710
218    opls_521    15.246660    2.006350    1.832540
219    opls_700    14.014380   25.092640   25.865040
220    opls_523    12.832800   25.826320   25.816570
221    opls_145    11.609710   25.170630   25.878410
222    opls_700    11.561530   23.770110   25.974230
223    opls_145    12.748960   23.039210   25.916850
224    opls_523    13.970100   23.696300   25.860020
225    opls_145     5.881740   11.737840    9.924800
226    opls_145     5.953880   10.374650    9.622580
227    opls_145     7.168050    9.726480    9.605870
228    opls_700     8.345740   10.432310    9.862130
229    opls_145     8.279720   11.803860   10.166020
230    opls_145     7.041590   12.448410   10.221730
231    opls_142    18.720940   24.218290   11.922240
232    opls_523    22.868180   13.421090   13.442530
233    opls_700    24.078180   12.914970   12.949510
234    opls_521    25.291240   13.420530   13.440580
235    opls_523    24.119120   11.929760   11.959570
236    opls_522    25.349180   11.529490   11.430330
237    opls_521    26.534940   12.094660   11.920850
238    opls_700    27.767220   15.916560   16.688960
239    opls_523     1.094400   15.965030   15.955280
240    opls_145     2.317490   15.903190   16.610970
241    opls_700     2.365670   15.807370   18.011490
242    opls_145     1.178240   15.864750   18.742390
243    opls_523    27.811500   15.921580   18.085300
244    opls_145     8.045460    4.002400    2.189360
245    opls_145     7.973320    4.304620    3.552550
246    opls_145     6.759150    4.321330    4.200720
247    opls_700     5.581460    4.065070    3.494890
248    opls_145     5.647480    3.761180    2.123340
249    opls_145     6.885610    3.705470    1.478790
250    opls_142    23.060660    2.004960   17.563310
251    opls_701    18.053830   18.053830    9.800570
252    opls_523     4.986220   14.433310   13.442530
253    opls_700     3.776220   14.939430   12.949510
254    opls_521     2.563160   14.433870   13.440580
255    opls_523     3.735280   15.924640   11.959570
256    opls_522     2.505220   16.324910   11.430330
257    opls_521     1.319460   15.759740   11.920850
258    opls_700     0.087180   11.937840   16.688960
259    opls_523    26.760000   11.889370   15.955280
260    opls_145    25.536910   11.951210   16.610970
261    opls_700    25.488730   12.047030   18.011490
262    opls_145    26.676160   11.989650   18.742390
263    opls_523     0.042900   11.932820   18.085300
264    opls_145    19.808940   23.852000    2.189360
265    opls_145    19.881080   23.549780    3.552550
266    opls_145    21.095250   23.533070    4.200720
267    opls_700    22.272940   23.789330    3.494890
268    opls_145    22.206920   24.093220    2.123340
269    opls_145    20.968790   24.148930    1.478790
270    opls_142     4.793740   25.849440   17.563310
271    opls_701     9.800570    9.800570    9.800570
272    opls_523    22.868180   14.433310   14.411870
273    opls_700    24.078180   14.939430   14.904890
274    opls_521    25.291240   14.433870   14.413820
275    opls_523    24.119120   15.924640   15.894830
276    opls_522    25.349180   16.324910   16.424070
277    opls_521    26.534940   15.759740   15.933550
278    opls_700    27.767220   11.937840   11.165440
279    opls_523     1.094400   11.889370   11.899120
280    opls_145     2.317490   11.951210   11.243430
281    opls_700     2.365670   12.047030    9.842910
282    opls_145     1.178240   11.989650    9.112010
283    opls_523    27.811500   11.932820    9.769100
284    opls_145     8.045460   23.852000   25.665040
285    opls_145     7.973320   23.549780   24.301850
286    opls_145     6.759150   23.533070   23.653680
287    opls_700     5.581460   23.789330   24.359510
288    opls_145     5.647480   24.093220   25.731060
289    opls_145     6.885610   24.148930   26.375610
290    opls_142    23.060660   25.849440   10.291090
291    opls_701    18.053830    9.800570   18.053830
292    opls_523     4.986220   13.421090   14.411870
293    opls_700     3.776220   12.914970   14.904890
294    opls_521     2.563160   13.420530   14.413820
295    opls_523     3.735280   11.929760   15.894830
296    opls_522     2.505220   11.529490   16.424070
297    opls_521     1.319460   12.094660   15.933550
298    opls_700     0.087180   15.916560   11.165440
299    opls_523    26.760000   15.965030   11.899120
300    opls_145    25.536910   15.903190   11.243430
301    opls_700    25.488730   15.807370    9.842910
302    opls_145    26.676160   15.864750    9.112010
303    opls_523     0.042900   15.921580    9.769100
304    opls_145    19.808940    4.002400   25.665040
305    opls_145    19.881080    4.304620   24.301850
306    opls_145    21.095250    4.321330   23.653680
307    opls_700    22.272940    4.065070   24.359510
308    opls_145    22.206920    3.761180   25.731060
309    opls_145    20.968790    3.705470   26.375610
310    opls_142     4.793740    2.004960   10.291090
311    opls_701     9.800570   18.053830   18.053830
312    opls_523    13.421090   14.411870    4.986220
313    opls_700    12.914970   14.904890    3.776220
314    opls_521    13.420530   14.413820    2.563160
315    opls_523    11.929760   15.894830    3.735280
316    opls_522    11.529490   16.424070    2.505220
317    opls_521    12.094660   15.933550    1.319460
318    opls_700    15.916560   11.165440    0.087180
319    opls_523    15.965030   11.899120   26.760000
320    opls_145    15.903190   11.243430   25.536910
321    opls_700    15.807370    9.842910   25.488730
322    opls_145    15.864750    9.112010   26.676160
323    opls_523    15.921580    9.769100    0.042900
324    opls_145     4.002400   25.665040   19.808940
325    opls_145     4.304620   24.301850   19.881080
326    opls_145     4.321330   23.653680   21.095250
327    opls_700     4.065070   24.359510   22.272940
328    opls_145     3.761180   25.731060   22.206920
329    opls_145     3.705470   26.375610   20.968790
330    opls_142     2.004960   10.291090    4.793740
331    opls_523    14.433310   14.411870   22.868180
332    opls_700    14.939430   14.904890   24.078180
333    opls_521    14.433870   14.413820   25.291240
334    opls_523    15.924640   15.894830   24.119120
335    opls_522    16.324910   16.424070   25.349180
336    opls_521    15.759740   15.933550   26.534940
337    opls_700    11.937840   11.165440   27.767220
338    opls_523    11.889370   11.899120    1.094400
339    opls_145    11.951210   11.243430    2.317490
340    opls_700    12.047030    9.842910    2.365670
341    opls_145    11.989650    9.112010    1.178240
342    opls_523    11.932820    9.769100   27.811500
343    opls_145    23.852000   25.665040    8.045460
344    opls_145    23.549780   24.301850    7.973320
345    opls_145    23.533070   23.653680    6.759150
346    opls_700    23.789330   24.359510    5.581460
347    opls_145    24.093220   25.731060    5.647480
348    opls_145    24.148930   26.375610    6.885610
349    opls_142    25.849440   10.291090   23.060660
350    opls_523    14.433310   13.442530    4.986220
351    opls_700    14.939430   12.949510    3.776220
352    opls_521    14.433870   13.440580    2.563160
353    opls_523    15.924640   11.959570    3.735280
354    opls_522    16.324910   11.430330    2.505220
355    opls_521    15.759740   11.920850    1.319460
356    opls_700    11.937840   16.688960    0.087180
357    opls_523    11.889370   15.955280   26.760000
358    opls_145    11.951210   16.610970   25.536910
359    opls_700    12.047030   18.011490   25.488730
360    opls_145    11.989650   18.742390   26.676160
361    opls_523    11.932820   18.085300    0.042900
362    opls_145    23.852000    2.189360   19.808940
363    opls_145    23.549780    3.552550   19.881080
364    opls_145    23.533070    4.200720   21.095250
365    opls_700    23.789330    3.494890   22.272940
366    opls_145    24.093220    2.123340   22.206920
367    opls_145    24.148930    1.478790   20.968790
368    opls_142    25.849440   17.563310    4.793740
369    opls_523    13.421090   13.442530   22.868180
370    opls_700    12.914970   12.949510   24.078180
371    opls_521    13.420530   13.440580   25.291240
372    opls_523    11.929760   11.959570   24.119120
373    opls_522    11.529490   11.430330   25.349180
374    opls_521    12.094660   11.920850   26.534940
375    opls_700    15.916560   16.688960   27.767220
376    opls_523    15.965030   15.955280    1.094400
377    opls_145    15.903190   16.610970    2.317490
378    opls_700    15.807370   18.011490    2.365670
379    opls_145    15.864750   18.742390    1.178240
380    opls_523    15.921580   18.085300   27.811500
381    opls_145     4.002400    2.189360    8.045460
382    opls_145     4.304620    3.552550    7.973320
383    opls_145     4.321330    4.200720    6.759150
384    opls_700     4.065070    3.494890    5.581460
385    opls_145     3.761180    2.123340    5.647480
386    opls_145     3.705470    1.478790    6.885610
387    opls_142     2.004960   17.563310   23.060660
388    opls_523    13.442530   22.868180   13.421090
389    opls_700    12.949510   24.078180   12.914970
390    opls_521    13.440580   25.291240   13.420530
391    opls_523    11.959570   24.119120   11.929760
392    opls_522    11.430330   25.349180   11.529490
393    opls_521    11.920850   26.534940   12.094660
394    opls_700    16.688960   27.767220   15.916560
395    opls_523    15.955280    1.094400   15.965030
396    opls_145    16.610970    2.317490   15.903190
397    opls_700    18.011490    2.365670   15.807370
398    opls_145    18.742390    1.178240   15.864750
399    opls_523    18.085300   27.811500   15.921580
400    opls_145     2.189360    8.045460    4.002400
401    opls_145     3.552550    7.973320    4.304620
402    opls_145     4.200720    6.759150    4.321330
403    opls_700     3.494890    5.581460    4.065070
404    opls_145     2.123340    5.647480    3.761180
405    opls_145     1.478790    6.885610    3.705470
406    opls_142    17.563310   23.060660    2.004960
407    opls_523    13.442530    4.986220   14.433310
408    opls_700    12.949510    3.776220   14.939430
409    opls_521    13.440580    2.563160   14.433870
410    opls_523    11.959570    3.735280   15.924640
411    opls_522    11.430330    2.505220   16.324910
412    opls_521    11.920850    1.319460   15.759740
413    opls_700    16.688960    0.087180   11.937840
414    opls_523    15.955280   26.760000   11.889370
415    opls_145    16.610970   25.536910   11.951210
416    opls_700    18.011490   25.488730   12.047030
417    opls_145    18.742390   26.676160   11.989650
418    opls_523    18.085300    0.042900   11.932820
419    opls_145     2.189360   19.808940   23.852000
420    opls_145     3.552550   19.881080   23.549780
421    opls_145     4.200720   21.095250   23.533070
422    opls_700     3.494890   22.272940   23.789330
423    opls_145     2.123340   22.206920   24.093220
424    opls_145     1.478790   20.968790   24.148930
425    opls_142    17.563310    4.793740   25.849440
426    opls_523    14.411870   22.868180   14.433310
427    opls_700    14.904890   24.078180   14.939430
428    opls_521    14.413820   25.291240   14.433870
429    opls_523    15.894830   24.119120   15.924640
430    opls_522    16.424070   25.349180   16.324910
431    opls_521    15.933550   26.534940   15.759740
432    opls_700    11.165440   27.767220   11.937840
433    opls_523    11.899120    1.094400   11.889370
434    opls_145    11.243430    2.317490   11.951210
435    opls_700     9.842910    2.365670   12.047030
436    opls_145     9.112010    1.178240   11.989650
437    opls_523     9.769100   27.811500   11.932820
438    opls_145    25.665040    8.045460   23.852000
439    opls_145    24.301850    7.973320   23.549780
440    opls_145    23.653680    6.759150   23.533070
441    opls_700    24.359510    5.581460   23.789330
442    opls_145    25.731060    5.647480   24.093220
443    opls_145    26.375610    6.885610   24.148930
444    opls_142    10.291090   23.060660   25.849440
445    opls_523    14.411870    4.986220   13.421090
446    opls_700    14.904890    3.776220   12.914970
447    opls_521    14.413820    2.563160   13.420530
448    opls_523    15.894830    3.735280   11.929760
449    opls_522    16.424070    2.505220   11.529490
450    opls_521    15.933550    1.319460   12.094660
451    opls_700    11.165440    0.087180   15.916560
452    opls_523    11.899120   26.760000   15.965030
453    opls_145    11.243430   25.536910   15.903190
454    opls_700     9.842910   25.488730   15.807370
455    opls_145     9.112010   26.676160   15.864750
456    opls_523     9.769100    0.042900   15.921580
457    opls_145    25.665040   19.808940    4.002400
458    opls_145    24.301850   19.881080    4.304620
459    opls_145    23.653680   21.095250    4.321330
460    opls_700    24.359510   22.272940    4.065070
461    opls_145    25.731060   22.206920    3.761180
462    opls_145    26.375610   20.968790    3.705470
463    opls_142    10.291090    4.793740    2.004960
464    opls_239    26.889800   12.548690    0.971560
465    opls_750    17.728490   23.115810   12.204960
466    opls_239     0.964600   15.305710    0.971560
467    opls_750    10.125910    4.738590   12.204960
468    opls_239     0.964600   12.548690   26.882840
469    opls_750    10.125910   23.115810   15.649440
470    opls_239    26.889800   15.305710   26.882840
471    opls_750    17.728490    4.738590   15.649440
472    opls_239     0.971560   26.889800   12.548690
473    opls_750    12.204960   17.728490   23.115810
474    opls_239     0.971560    0.964600   15.305710
475    opls_750    12.204960   10.125910    4.738590
476    opls_239    26.882840    0.964600   12.548690
477    opls_750    15.649440   10.125910   23.115810
478    opls_239    26.882840   26.889800   15.305710
479    opls_750    15.649440   17.728490    4.738590
480    opls_239    12.548690   26.882840    0.964600
481    opls_750    23.115810   15.649440   10.125910
482    opls_239    15.305710   26.882840   26.889800
483    opls_750     4.738590   15.649440   17.728490
484    opls_239    12.548690    0.971560   26.889800
485    opls_750    23.115810   12.204960   17.728490
486    opls_239    15.305710    0.971560    0.964600
487    opls_750     4.738590   12.204960   10.125910
488    opls_239    26.475890   12.962600   12.955640
489    opls_750     9.188610    3.801290    1.722240
490    opls_239     1.378510   14.891800   12.955640
491    opls_750    18.665790   24.053110    1.722240
492    opls_239    26.475890   14.891800   14.898760
493    opls_750     9.188610   24.053110   26.132160
494    opls_239     1.378510   12.962600   14.898760
495    opls_750    18.665790    3.801290   26.132160
496    opls_239    12.962600   14.898760    1.378510
497    opls_750     3.801290   26.132160   18.665790
498    opls_239    14.891800   14.898760   26.475890
499    opls_750    24.053110   26.132160    9.188610
500    opls_239    14.891800   12.955640    1.378510
501    opls_750    24.053110    1.722240   18.665790
502    opls_239    12.962600   12.955640   26.475890
503    opls_750     3.801290    1.722240    9.188610
504    opls_239    12.955640   26.475890   12.962600
505    opls_750     1.722240    9.188610    3.801290
506    opls_239    12.955640    1.378510   14.891800
507    opls_750     1.722240   18.665790   24.053110
508    opls_239    14.898760   26.475890   14.891800
509    opls_750    26.132160    9.188610   24.053110
510    opls_239    14.898760    1.378510   12.962600
511    opls_750    26.132160   18.665790    3.801290
512    opls_526     0.917800    7.951040   26.982560
513    opls_526    25.383710    9.226210    2.339490
514    opls_525    24.675100   11.458740    3.323030
515    opls_526     2.127800   14.984000   26.960000
516    opls_146     2.002730   17.212630   25.768110
517    opls_146     1.937830   15.136920   21.901910
518    opls_526     2.045350   12.918590   23.096870
519    opls_146    18.465800   22.849800    9.792770
520    opls_146    18.471920   20.639830    8.611740
521    opls_146    17.488110   18.619550   12.389080
522    opls_146    17.346610   20.876870   13.547820
523    opls_144     5.901510    2.274030   10.280780
524    opls_702    17.395630   10.458770   17.395630
525    opls_526    26.936600   19.903360   26.982560
526    opls_526     2.470690   18.628190    2.339490
527    opls_525     3.179300   16.395660    3.323030
528    opls_526    25.726600   12.870400   26.960000
529    opls_146    25.851670   10.641770   25.768110
530    opls_146    25.916570   12.717480   21.901910
531    opls_526    25.809050   14.935810   23.096870
532    opls_146     9.388600    5.004600    9.792770
533    opls_146     9.382480    7.214570    8.611740
534    opls_146    10.366290    9.234850   12.389080
535    opls_146    10.507790    6.977530   13.547820
536    opls_144    21.952890   25.580370   10.280780
537    opls_702    10.458770   17.395630   17.395630
538    opls_526    26.936600    7.951040    0.871840
539    opls_526     2.470690    9.226210   25.514910
540    opls_525     3.179300   11.458740   24.531370
541    opls_526    25.726600   14.984000    0.894400
542    opls_146    25.851670   17.212630    2.086290
543    opls_146    25.916570   15.136920    5.952490
544    opls_526    25.809050   12.918590    4.757530
545    opls_146     9.388600   22.849800   18.061630
546    opls_146     9.382480   20.639830   19.242660
547    opls_146    10.366290   18.619550   15.465320
548    opls_146    10.507790   20.876870   14.306580
549    opls_144    21.952890    2.274030   17.573620
550    opls_702    10.458770   10.458770   10.458770
551    opls_526     0.917800   19.903360    0.871840
552    opls_526    25.383710   18.628190   25.514910
553    opls_525    24.675100   16.395660   24.531370
554    opls_526     2.127800   12.870400    0.894400
555    opls_146     2.002730   10.641770    2.086290
556    opls_146     1.937830   12.717480    5.952490
557    opls_526     2.045350   14.935810    4.757530
558    opls_146    18.465800    5.004600   18.061630
559    opls_146    18.471920    7.214570   19.242660
560    opls_146    17.488110    9.234850   15.465320
561    opls_146    17.346610    6.977530   14.306580
562    opls_144     5.901510   25.580370   17.573620
563    opls_702    17.395630   17.395630   10.458770
564    opls_526    26.982560    0.917800    7.951040
565    opls_526     2.339490   25.383710    9.226210
566    opls_525     3.323030   24.675100   11.458740
567    opls_526    26.960000    2.127800   14.984000
568    opls_146    25.768110    2.002730   17.212630
569    opls_146    21.901910    1.937830   15.136920
570    opls_526    23.096870    2.045350   12.918590
571    opls_146     9.792770   18.465800   22.849800
572    opls_146     8.611740   18.471920   20.639830
573    opls_146    12.389080   17.488110   18.619550
574    opls_146    13.547820   17.346610   20.876870
575    opls_144    10.280780    5.901510    2.274030
576    opls_526    26.982560   26.936600   19.903360
577    opls_526     2.339490    2.470690   18.628190
578    opls_525     3.323030    3.179300   16.395660
579    opls_526    26.960000   25.726600   12.870400
580    opls_146    25.768110   25.851670   10.641770
581    opls_146    21.901910   25.916570   12.717480
582    opls_526    23.096870   25.809050   14.935810
583    opls_146     9.792770    9.388600    5.004600
584    opls_146     8.611740    9.382480    7.214570
585    opls_146    12.389080   10.366290    9.234850
586    opls_146    13.547820   10.507790    6.977530
587    opls_144    10.280780   21.952890   25.580370
588    opls_526     0.871840   26.936600    7.951040
589    opls_526    25.514910    2.470690    9.226210
590    opls_525    24.531370    3.179300   11.458740
591    opls_526     0.894400   25.726600   14.984000
592    opls_146     2.086290   25.851670   17.212630
593    opls_146     5.952490   25.916570   15.136920
594    opls_526     4.757530   25.809050   12.918590
595    opls_146    18.061630    9.388600   22.849800
596    opls_146    19.242660    9.382480   20.639830
597    opls_146    15.465320   10.366290   18.619550
598    opls_146    14.306580   10.507790   20.876870
599    opls_144    17.573620   21.952890    2.274030
600    opls_526     0.871840    0.917800   19.903360
601    opls_526    25.514910   25.383710   18.628190
602    opls_525    24.531370   24.675100   16.395660
603    opls_526     0.894400    2.127800   12.870400
604    opls_146     2.086290    2.002730   10.641770
605    opls_146     5.952490    1.937830   12.717480
606    opls_526     4.757530    2.045350   14.935810
607    opls_146    18.061630   18.465800    5.004600
608    opls_146    19.242660   18.471920    7.214570
609    opls_146    15.465320   17.488110    9.234850
610    opls_146    14.306580   17.346610    6.977530
611    opls_144    17.573620    5.901510   25.580370
612    opls_526     7.951040    0.871840   26.936600
613    opls_526     9.226210   25.514910    2.470690
614    opls_525    11.458740   24.531370    3.179300
615    opls_526    14.984000    0.894400   25.726600
616    opls_146    17.212630    2.086290   25.851670
617    opls_146    15.136920    5.952490   25.916570
618    opls_526    12.918590    4.757530   25.809050
619    opls_146    22.849800   18.061630    9.388600
620    opls_146    20.639830   19.242660    9.382480
621    opls_146    18.619550   15.465320   10.366290
622    opls_146    20.876870   14.306580   10.507790
623    opls_144     2.274030   17.573620   21.952890
624    opls_526    19.903360    0.871840    0.917800
625    opls_526    18.628190   25.514910   25.383710
626    opls_525    16.395660   24.531370   24.675100
627    opls_526    12.870400    0.894400    2.127800
628    opls_146    10.641770    2.086290    2.002730
629    opls_146    12.717480    5.952490    1.937830
630    opls_526    14.935810    4.757530    2.045350
631    opls_146     5.004600   18.061630   18.465800
632    opls_146     7.214570   19.242660   18.471920
633    opls_146     9.234850   15.465320   17.488110
634    opls_146     6.977530   14.306580   17.346610
635    opls_144    25.580370   17.573620    5.901510
636    opls_526     7.951040   26.982560    0.917800
637    opls_526     9.226210    2.339490   25.383710
638    opls_525    11.458740    3.323030   24.675100
639    opls_526    14.984000   26.960000    2.127800
640    opls_146    17.212630   25.768110    2.002730
641    opls_146    15.136920   21.901910    1.937830
642    opls_526    12.918590   23.096870    2.045350
643    opls_146    22.849800    9.792770   18.465800
644    opls_146    20.639830    8.611740   18.471920
645    opls_146    18.619550   12.389080   17.488110
646    opls_146    20.876870   13.547820   17.346610
647    opls_144     2.274030   10.280780    5.901510
648    opls_526    19.903360   26.982560   26.936600
649    opls_526    18.628190    2.339490    2.470690
650    opls_525    16.395660    3.323030    3.179300
651    opls_526    12.870400   26.960000   25.726600
652    opls_146    10.641770   25.768110   25.851670
653    opls_146    12.717480   21.901910   25.916570
654    opls_526    14.935810   23.096870   25.809050
655    opls_146     5.004600    9.792770    9.388600
656    opls_146     7.214570    8.611740    9.382480
657    opls_146     9.234850   12.389080   10.366290
658    opls_146     6.977530   13.547820   10.507790
659    opls_144    25.580370   10.280780   21.952890
660    opls_526    21.878240   14.845000   14.799040
661    opls_526    23.153410   11.456510   11.587710
662    opls_525    25.385940   10.747900   10.604170
663    opls_526     1.056800   16.055000   14.821600
664    opls_146     3.285430   15.929930   16.013490
665    opls_146     1.209720   15.865030   19.879690
666    opls_526    26.845790   15.972550   18.684730
667    opls_146     8.922600    4.538600    4.134430
668    opls_146     6.712630    4.544720    5.315460
669    opls_146     4.692350    3.560910    1.538120
670    opls_146     6.949670    3.419410    0.379380
671    opls_144    16.201230   19.828710    3.646420
672    opls_702    24.385970    3.468430   24.385970
673    opls_526     5.976160   13.009400   14.799040
674    opls_526     4.700990   16.397890   11.587710
675    opls_525     2.468460   17.106500   10.604170
676    opls_526    26.797600   11.799400   14.821600
677    opls_146    24.568970   11.924470   16.013490
678    opls_146    26.644680   11.989370   19.879690
679    opls_526     1.008610   11.881850   18.684730
680    opls_146    18.931800   23.315800    4.134430
681    opls_146    21.141770   23.309680    5.315460
682    opls_146    23.162050   24.293490    1.538120
683    opls_146    20.904730   24.434990    0.379380
684    opls_144    11.653170    8.025690    3.646420
685    opls_702     3.468430   24.385970   24.385970
686    opls_526    21.878240   13.009400   13.055360
687    opls_526    23.153410   16.397890   16.266690
688    opls_525    25.385940   17.106500   17.250230
689    opls_526     1.056800   11.799400   13.032800
690    opls_146     3.285430   11.924470   11.840910
691    opls_146     1.209720   11.989370    7.974710
692    opls_526    26.845790   11.881850    9.169670
693    opls_146     8.922600   23.315800   23.719970
694    opls_146     6.712630   23.309680   22.538940
695    opls_146     4.692350   24.293490   26.316280
696    opls_146     6.949670   24.434990   27.475020
697    opls_144    16.201230    8.025690   24.207980
698    opls_702    24.385970   24.385970    3.468430
699    opls_526     5.976160   14.845000   13.055360
700    opls_526     4.700990   11.456510   16.266690
701    opls_525     2.468460   10.747900   17.250230
702    opls_526    26.797600   16.055000   13.032800
703    opls_146    24.568970   15.929930   11.840910
704    opls_146    26.644680   15.865030    7.974710
705    opls_526     1.008610   15.972550    9.169670
706    opls_146    18.931800    4.538600   23.719970
707    opls_146    21.141770    4.544720   22.538940
708    opls_146    23.162050    3.560910   26.316280
709    opls_146    20.904730    3.419410   27.475020
710    opls_144    11.653170   19.828710   24.207980
711    opls_702     3.468430    3.468430    3.468430
712    opls_526    14.845000   13.055360    5.976160
713    opls_526    11.456510   16.266690    4.700990
714    opls_525    10.747900   17.250230    2.468460
715    opls_526    16.055000   13.032800   26.797600
716    opls_146    15.929930   11.840910   24.568970
717    opls_146    15.865030    7.974710   26.644680
718    opls_526    15.972550    9.169670    1.008610
719    opls_146     4.538600   23.719970   18.931800
720    opls_146     4.544720   22.538940   21.141770
721    opls_146     3.560910   26.316280   23.162050
722    opls_146     3.419410   27.475020   20.904730
723    opls_144    19.828710   24.207980   11.653170
724    opls_526    13.009400   13.055360   21.878240
725    opls_526    16.397890   16.266690   23.153410
726    opls_525    17.106500   17.250230   25.385940
727    opls_526    11.799400   13.032800    1.056800
728    opls_146    11.924470   11.840910    3.285430
729    opls_146    11.989370    7.974710    1.209720
730    opls_526    11.881850    9.169670   26.845790
731    opls_146    23.315800   23.719970    8.922600
732    opls_146    23.309680   22.538940    6.712630
733    opls_146    24.293490   26.316280    4.692350
734    opls_146    24.434990   27.475020    6.949670
735    opls_144     8.025690   24.207980   16.201230
736    opls_526    13.009400   14.799040    5.976160
737    opls_526    16.397890   11.587710    4.700990
738    opls_525    17.106500   10.604170    2.468460
739    opls_526    11.799400   14.821600   26.797600
740    opls_146    11.924470   16.013490   24.568970
741    opls_146    11.989370   19.879690   26.644680
742    opls_526    11.881850   18.684730    1.008610
743    opls_146    23.315800    4.134430   18.931800
744    opls_146    23.309680    5.315460   21.141770
745    opls_146    24.293490    1.538120   23.162050
746    opls_146    24.434990    0.379380   20.904730
747    opls_144     8.025690    3.646420   11.653170
748    opls_526    14.845000   14.799040   21.878240
749    opls_526    11.456510   11.587710   23.153410
750    opls_525    10.747900   10.604170   25.385940
751    opls_526    16.055000   14.821600    1.056800
752    opls_146    15.929930   16.013490    3.285430
753    opls_146    15.865030   19.879690    1.209720
754    opls_526    15.972550   18.684730   26.845790
755    opls_146     4.538600    4.134430    8.922600
756    opls_146     4.544720    5.315460    6.712630
757    opls_146     3.560910    1.538120    4.692350
758    opls_146     3.419410    0.379380    6.949670
759    opls_144    19.828710    3.646420   16.201230
760    opls_526    14.799040   21.878240   14.845000
761    opls_526    11.587710   23.153410   11.456510
762    opls_525    10.604170   25.385940   10.747900
763    opls_526    14.821600    1.056800   16.055000
764    opls_146    16.013490    3.285430   15.929930
765    opls_146    19.879690    1.209720   15.865030
766    opls_526    18.684730   26.845790   15.972550
767    opls_146     4.134430    8.922600    4.538600
768    opls_146     5.315460    6.712630    4.544720
769    opls_146     1.538120    4.692350    3.560910
770    opls_146     0.379380    6.949670    3.419410
771    opls_144     3.646420   16.201230   19.828710
772    opls_526    14.799040    5.976160   13.009400
773    opls_526    11.587710    4.700990   16.397890
774    opls_525    10.604170    2.468460   17.106500
775    opls_526    14.821600   26.797600   11.799400
776    opls_146    16.013490   24.568970   11.924470
777    opls_146    19.879690   26.644680   11.989370
778    opls_526    18.684730    1.008610   11.881850
779    opls_146     4.134430   18.931800   23.315800
780    opls_146     5.315460   21.141770   23.309680
781    opls_146     1.538120   23.162050   24.293490
782    opls_146     0.379380   20.904730   24.434990
783    opls_144     3.646420   11.653170    8.025690
784    opls_526    13.055360   21.878240   13.009400
785    opls_526    16.266690   23.153410   16.397890
786    opls_525    17.250230   25.385940   17.106500
787    opls_526    13.032800    1.056800   11.799400
788    opls_146    11.840910    3.285430   11.924470
789    opls_146     7.974710    1.209720   11.989370
790    opls_526     9.169670   26.845790   11.881850
791    opls_146    23.719970    8.922600   23.315800
792    opls_146    22.538940    6.712630   23.309680
793    opls_146    26.316280    4.692350   24.293490
794    opls_146    27.475020    6.949670   24.434990
795    opls_144    24.207980   16.201230    8.025690
796    opls_526    13.055360    5.976160   14.845000
797    opls_526    16.266690    4.700990   11.456510
798    opls_525    17.250230    2.468460   10.747900
799    opls_526    13.032800   26.797600   16.055000
800    opls_146    11.840910   24.568970   15.929930
801    opls_146     7.974710   26.644680   15.865030
802    opls_526     9.169670    1.008610   15.972550
803    opls_146    23.719970   18.931800    4.538600
804    opls_146    22.538940   21.141770    4.544720
805    opls_146    26.316280   23.162050    3.560910
806    opls_146    27.475020   20.904730    3.419410
807    opls_144    24.207980   11.653170   19.828710
808    MOF2_F_     27.122660   21.973500   15.253630
809    MOF2_F_     26.434660   20.466580   16.870850
810    MOF2_F_      0.731740    5.880900   15.253630
811    MOF2_F_      1.419740    7.387820   16.870850
812    MOF2_F_      0.731740   21.973500   12.600770
813    MOF2_F_      1.419740   20.466580   10.983550
814    MOF2_F_     27.122660    5.880900   12.600770
815    MOF2_F_     26.434660    7.387820   10.983550
816    MOF2_F_     15.253630   27.122660   21.973500
817    MOF2_F_     16.870850   26.434660   20.466580
818    MOF2_F_     15.253630    0.731740    5.880900
819    MOF2_F_     16.870850    1.419740    7.387820
820    MOF2_F_     12.600770    0.731740   21.973500
821    MOF2_F_     10.983550    1.419740   20.466580
822    MOF2_F_     12.600770   27.122660    5.880900
823    MOF2_F_     10.983550   26.434660    7.387820
824    MOF2_F_     21.973500   12.600770    0.731740
825    MOF2_F_     20.466580   10.983550    1.419740
826    MOF2_F_      5.880900   12.600770   27.122660
827    MOF2_F_      7.387820   10.983550   26.434660
828    MOF2_F_     21.973500   15.253630   27.122660
829    MOF2_F_     20.466580   16.870850   26.434660
830    MOF2_F_      5.880900   15.253630    0.731740
831    MOF2_F_      7.387820   16.870850    1.419740
832    MOF2_F_      8.046300   13.195460   26.527970
833    MOF2_F_      6.539380   12.507460   24.910750
834    MOF2_F_     19.808100   14.658940   26.527970
835    MOF2_F_     21.315020   15.346940   24.910750
836    MOF2_F_      8.046300   14.658940    1.326430
837    MOF2_F_      6.539380   15.346940    2.943650
838    MOF2_F_     19.808100   13.195460    1.326430
839    MOF2_F_     21.315020   12.507460    2.943650
840    MOF2_F_     13.195460    1.326430   19.808100
841    MOF2_F_     12.507460    2.943650   21.315020
842    MOF2_F_     14.658940    1.326430    8.046300
843    MOF2_F_     15.346940    2.943650    6.539380
844    MOF2_F_     14.658940   26.527970   19.808100
845    MOF2_F_     15.346940   24.910750   21.315020
846    MOF2_F_     13.195460   26.527970    8.046300
847    MOF2_F_     12.507460   24.910750    6.539380
848    MOF2_F_     26.527970    8.046300   13.195460
849    MOF2_F_     24.910750    6.539380   12.507460
850    MOF2_F_     26.527970   19.808100   14.658940
851    MOF2_F_     24.910750   21.315020   15.346940
852    MOF2_F_      1.326430    8.046300   14.658940
853    MOF2_F_      2.943650    6.539380   15.346940
854    MOF2_F_      1.326430   19.808100   13.195460
855    MOF2_F_      2.943650   21.315020   12.507460
856    MOF2_O_3    21.568500   26.873370   17.118200
857    MOF2_O_3    27.854400   13.927200   20.890800
858    MOF2_O_3     9.561020    4.366180   20.890800
859    MOF2_O_3     6.285900    0.981030   17.118200
860    MOF2_O_3    18.293380   23.488220   20.890800
861    MOF2_O_3     6.285900   26.873370   10.736200
862    MOF2_O_3     0.000000   13.927200    6.963600
863    MOF2_O_3    18.293380    4.366180    6.963600
864    MOF2_O_3    21.568500    0.981030   10.736200
865    MOF2_O_3     9.561020   23.488220    6.963600
866    MOF2_O_3    17.118200   21.568500   26.873370
867    MOF2_O_3    20.890800    0.000000   13.927200
868    MOF2_O_3    20.890800    9.561020    4.366180
869    MOF2_O_3    17.118200    6.285900    0.981030
870    MOF2_O_3    20.890800   18.293380   23.488220
871    MOF2_O_3    10.736200    6.285900   26.873370
872    MOF2_O_3     6.963600    0.000000   13.927200
873    MOF2_O_3     6.963600   18.293380    4.366180
874    MOF2_O_3    10.736200   21.568500    0.981030
875    MOF2_O_3     6.963600    9.561020   23.488220
876    MOF2_O_3    26.873370   10.736200    6.285900
877    MOF2_O_3    13.927200    6.963600    0.000000
878    MOF2_O_3     4.366180    6.963600   18.293380
879    MOF2_O_3     0.981030   10.736200   21.568500
880    MOF2_O_3    23.488220    6.963600    9.561020
881    MOF2_O_3    26.873370   17.118200   21.568500
882    MOF2_O_3    13.927200   20.890800    0.000000
883    MOF2_O_3     4.366180   20.890800    9.561020
884    MOF2_O_3     0.981030   17.118200    6.285900
885    MOF2_O_3    23.488220   20.890800   18.293380
886    MOF2_O_3    12.946170    7.641300   24.663400
887    MOF2_O_3    14.908230   20.213100   24.663400
888    MOF2_O_3    12.946170   20.213100    3.191000
889    MOF2_O_3    14.908230    7.641300    3.191000
890    MOF2_O_3     7.641300    3.191000   14.908230
891    MOF2_O_3    20.213100    3.191000   12.946170
892    MOF2_O_3    20.213100   24.663400   14.908230
893    MOF2_O_3     7.641300   24.663400   12.946170
894    MOF2_O_3    24.663400   12.946170    7.641300
895    MOF2_O_3    24.663400   14.908230   20.213100
896    MOF2_O_3     3.191000   12.946170   20.213100
897    MOF2_O_3     3.191000   14.908230    7.641300
898    Cu2+        13.927200    0.000000    0.000000
899    Cu2+         0.000000   13.927200    0.000000
900    Cu2+         0.000000    0.000000   13.927200
901    Cu2+        13.927200    0.000000   13.927200
902    Cu2+         0.000000   13.927200   13.927200
903    Cu2+        13.927200   13.927200    0.000000
904    MOF2_B_3     6.963600   12.321390   26.248590
905    MOF2_B_3    20.890800   15.533010   26.248590
906    MOF2_B_3    20.890800   12.321390    1.605810
907    MOF2_B_3     6.963600   15.533010    1.605810
908    MOF2_B_3    26.248590    6.963600   12.321390
909    MOF2_B_3    26.248590   20.890800   15.533010
910    MOF2_B_3     1.605810   20.890800   12.321390
911    MOF2_B_3     1.605810    6.963600   15.533010
912    MOF2_B_3    12.321390    1.605810   20.890800
913    MOF2_B_3    15.533010    1.605810    6.963600
914    MOF2_B_3    12.321390   26.248590    6.963600
915    MOF2_B_3    15.533010   26.248590   20.890800
