0      opls_633    10.978070    1.615840    1.893470
1      opls_633    23.638070   22.927340    1.893470
2      opls_633    13.951050    1.615840    2.619630
3      opls_633     1.291050   22.927340    2.619630
4      opls_633    13.951050   41.007160    2.619630
5      opls_633     1.291050   19.695660    2.619630
6      opls_633    10.978070   41.007160    1.893470
7      opls_633    23.638070   19.695660    1.893470
8      opls_716    11.806770    3.214630    2.092590
9      opls_700    10.957310    4.424270    1.890540
10     opls_145    11.042440    5.547380    2.728940
11     opls_145    10.253420    6.676040    2.495610
12     opls_145     9.322060    6.691810    1.452990
13     opls_145     9.169900    5.538430    0.660580
14     opls_145     9.988190    4.425970    0.871710
15     opls_700     7.046890    9.449090    0.153990
16     opls_145     5.617300    9.549260    3.729670
17     opls_181     8.948380   11.625850    2.507930
18     opls_142     7.763310    8.153780    0.252010
19     opls_166     7.388620   10.569230    0.944410
20     opls_716    24.466770   24.526130    2.092590
21     opls_700    23.617310   25.735770    1.890540
22     opls_145    23.702440   26.858880    2.728940
23     opls_145    22.913420   27.987540    2.495610
24     opls_145    21.982060   28.003310    1.452990
25     opls_145    21.829900   26.849930    0.660580
26     opls_145    22.648190   25.737470    0.871710
27     opls_700    19.706890   30.760590    0.153990
28     opls_145    18.277300   30.860760    3.729670
29     opls_181    21.608380   32.937350    2.507930
30     opls_142    20.423310   29.465280    0.252010
31     opls_166    20.048620   31.880730    0.944410
32     opls_716    13.122350    3.214630    2.420510
33     opls_700    13.971810    4.424270    2.622570
34     opls_145    13.886680    5.547380    1.784170
35     opls_145    14.675700    6.676040    2.017490
36     opls_145    15.607060    6.691810    3.060110
37     opls_145    15.759220    5.538430    3.852520
38     opls_145    14.940930    4.425970    3.641400
39     opls_700    17.882230    9.449090    4.359120
40     opls_145    19.311820    9.549260    0.783430
41     opls_181    15.980750   11.625850    2.005170
42     opls_142    17.165810    8.153780    4.261090
43     opls_166    17.540500   10.569230    3.568690
44     opls_716     0.462350   24.526130    2.420510
45     opls_700     1.311810   25.735770    2.622570
46     opls_145     1.226680   26.858880    1.784170
47     opls_145     2.015700   27.987540    2.017490
48     opls_145     2.947060   28.003310    3.060110
49     opls_145     3.099220   26.849930    3.852520
50     opls_145     2.280930   25.737470    3.641400
51     opls_700     5.222230   30.760590    4.359120
52     opls_145     6.651820   30.860760    0.783430
53     opls_181     3.320750   32.937350    2.005170
54     opls_142     4.505810   29.465280    4.261090
55     opls_166     4.880500   31.880730    3.568690
56     opls_716    13.122350   39.408370    2.420510
57     opls_700    13.971810   38.198730    2.622570
58     opls_145    13.886680   37.075620    1.784170
59     opls_145    14.675700   35.946960    2.017490
60     opls_145    15.607060   35.931190    3.060110
61     opls_145    15.759220   37.084570    3.852520
62     opls_145    14.940930   38.197030    3.641400
63     opls_700    17.882230   33.173910    4.359120
64     opls_145    19.311820   33.073740    0.783430
65     opls_181    15.980750   30.997150    2.005170
66     opls_142    17.165810   34.469220    4.261090
67     opls_166    17.540500   32.053770    3.568690
68     opls_716     0.462350   18.096870    2.420510
69     opls_700     1.311810   16.887230    2.622570
70     opls_145     1.226680   15.764120    1.784170
71     opls_145     2.015700   14.635460    2.017490
72     opls_145     2.947060   14.619690    3.060110
73     opls_145     3.099220   15.773070    3.852520
74     opls_145     2.280930   16.885530    3.641400
75     opls_700     5.222230   11.862410    4.359120
76     opls_145     6.651820   11.762240    0.783430
77     opls_181     3.320750    9.685650    2.005170
78     opls_142     4.505810   13.157720    4.261090
79     opls_166     4.880500   10.742270    3.568690
80     opls_716    11.806770   39.408370    2.092590
81     opls_700    10.957310   38.198730    1.890540
82     opls_145    11.042440   37.075620    2.728940
83     opls_145    10.253420   35.946960    2.495610
84     opls_145     9.322060   35.931190    1.452990
85     opls_145     9.169900   37.084570    0.660580
86     opls_145     9.988190   38.197030    0.871710
87     opls_700     7.046890   33.173910    0.153990
88     opls_145     5.617300   33.073740    3.729670
89     opls_181     8.948380   30.997150    2.507930
90     opls_142     7.763310   34.469220    0.252010
91     opls_166     7.388620   32.053770    0.944410
92     opls_716    24.466770   18.096870    2.092590
93     opls_700    23.617310   16.887230    1.890540
94     opls_145    23.702440   15.764120    2.728940
95     opls_145    22.913420   14.635460    2.495610
96     opls_145    21.982060   14.619690    1.452990
97     opls_145    21.829900   15.773070    0.660580
98     opls_145    22.648190   16.885530    0.871710
99     opls_700    19.706890   11.862410    0.153990
100    opls_145    18.277300   11.762240    3.729670
101    opls_181    21.608380    9.685650    2.507930
102    opls_142    20.423310   13.157720    0.252010
103    opls_166    20.048620   10.742270    0.944410
104    opls_716    12.464560    0.673440    2.256550
105    opls_716    -0.195440   21.984940    2.256550
106    opls_716    12.464560   41.949560    2.256550
107    opls_716    25.124560   20.638060    2.256550
108    opls_750     8.565870    7.896340    1.241150
109    opls_750    21.225870   29.207840    1.241150
110    opls_750    16.363250    7.896340    3.271960
111    opls_750     3.703250   29.207840    3.271960
112    opls_750    16.363250   34.726660    3.271960
113    opls_750     3.703250   13.415160    3.271960
114    opls_750     8.565870   34.726660    1.241150
115    opls_750    21.225870   13.415160    1.241150
116    opls_179     8.462750   10.452860    1.855880
117    opls_179    21.122750   31.764360    1.855880
118    opls_179    16.466370   10.452860    2.657230
119    opls_179     3.806370   31.764360    2.657230
120    opls_179    16.466370   32.170140    2.657230
121    opls_179     3.806370   10.858640    2.657230
122    opls_179     8.462750   32.170140    1.855880
123    opls_179    21.122750   10.858640    1.855880
124    opls_146    11.721770    5.557610    3.562190
125    opls_146    10.362700    7.541710    3.137060
126    opls_146     8.444430    5.485150   -0.136880
127    opls_146     9.877600    3.573510    0.213240
128    opls_146     5.386970    8.678470    3.132320
129    opls_185     8.171030   12.057190    3.171760
130    opls_185     9.816530   11.348370    3.140220
131    opls_185     9.287160   12.374310    1.759520
132    opls_144     7.594550    7.424930   -0.527040
133    opls_146    24.381770   26.869110    3.562190
134    opls_146    23.022700   28.853210    3.137060
135    opls_146    21.104430   26.796650   -0.136880
136    opls_146    22.537600   24.885010    0.213240
137    opls_146    18.046970   29.989970    3.132320
138    opls_185    20.831030   33.368690    3.171760
139    opls_185    22.476530   32.659870    3.140220
140    opls_185    21.947160   33.685810    1.759520
141    opls_144    20.254550   28.736430   -0.527040
142    opls_146    13.207350    5.557610    0.950910
143    opls_146    14.566420    7.541710    1.376050
144    opls_146    16.484690    5.485150    4.649990
145    opls_146    15.051520    3.573510    4.299860
146    opls_146    19.542150    8.678470    1.380780
147    opls_185    16.758090   12.057190    1.341340
148    opls_185    15.112590   11.348370    1.372890
149    opls_185    15.641960   12.374310    2.753580
150    opls_144    17.334570    7.424930    5.040150
151    opls_146     0.547350   26.869110    0.950910
152    opls_146     1.906420   28.853210    1.376050
153    opls_146     3.824690   26.796650    4.649990
154    opls_146     2.391520   24.885010    4.299860
155    opls_146     6.882150   29.989970    1.380780
156    opls_185     4.098090   33.368690    1.341340
157    opls_185     2.452590   32.659870    1.372890
158    opls_185     2.981960   33.685810    2.753580
159    opls_144     4.674570   28.736430    5.040150
160    opls_146    13.207350   37.065390    0.950910
161    opls_146    14.566420   35.081290    1.376050
162    opls_146    16.484690   37.137850    4.649990
163    opls_146    15.051520   39.049490    4.299860
164    opls_146    19.542150   33.944530    1.380780
165    opls_185    16.758090   30.565810    1.341340
166    opls_185    15.112590   31.274630    1.372890
167    opls_185    15.641960   30.248690    2.753580
168    opls_144    17.334570   35.198070    5.040150
169    opls_146     0.547350   15.753890    0.950910
170    opls_146     1.906420   13.769790    1.376050
171    opls_146     3.824690   15.826350    4.649990
172    opls_146     2.391520   17.737990    4.299860
173    opls_146     6.882150   12.633030    1.380780
174    opls_185     4.098090    9.254310    1.341340
175    opls_185     2.452590    9.963130    1.372890
176    opls_185     2.981960    8.937190    2.753580
177    opls_144     4.674570   13.886570    5.040150
178    opls_146    11.721770   37.065390    3.562190
179    opls_146    10.362700   35.081290    3.137060
180    opls_146     8.444430   37.137850   -0.136880
181    opls_146     9.877600   39.049490    0.213240
182    opls_146     5.386970   33.944530    3.132320
183    opls_185     8.171030   30.565810    3.171760
184    opls_185     9.816530   31.274630    3.140220
185    opls_185     9.287160   30.248690    1.759520
186    opls_144     7.594550   35.198070   -0.527040
187    opls_146    24.381770   15.753890    3.562190
188    opls_146    23.022700   13.769790    3.137060
189    opls_146    21.104430   15.826350   -0.136880
190    opls_146    22.537600   17.737990    0.213240
191    opls_146    18.046970   12.633030    3.132320
192    opls_185    20.831030    9.254310    3.171760
193    opls_185    22.476530    9.963130    3.140220
194    opls_185    21.947160    8.937190    1.759520
195    opls_144    20.254550   13.886570   -0.527040
