0      opls_142     5.915370   19.861640    1.703530
1      opls_142    20.297130    6.141060    1.703530
2      opls_142     5.915370    6.141060    1.703530
3      opls_142    20.297130   19.861640    1.703530
4      opls_700     1.238020    1.430150    2.372260
5      opls_543    10.292860   11.896500    2.565140
6      opls_700    24.974480   24.572550    2.372260
7      opls_543    15.919640   14.106200    2.565140
8      opls_700     1.238020   24.572550    2.372260
9      opls_543    10.292860   14.106200    2.565140
10     opls_700    24.974480    1.430150    2.372260
11     opls_543    15.919640   11.896500    2.565140
12     opls_716     8.975160   12.322160    2.939970
13     opls_716    17.237340   13.680800    2.939970
14     opls_716     8.975160   13.680800    2.939970
15     opls_716    17.237340   12.322160    2.939970
16     opls_543    14.210060   15.836160    2.196800
17     opls_543    12.002440   10.166800    2.196800
18     opls_543    14.210060   10.166800    2.196800
19     opls_543    12.002440   15.836160    2.196800
20     opls_716    13.786460   17.172700    1.871550
21     opls_716    12.426040    8.830000    1.871550
22     opls_716    13.786460    8.830000    1.871550
23     opls_716    12.426040   17.172700    1.871550
24     opls_700     1.225960    2.849900    2.348770
25     opls_700    10.669010   10.558400    2.380440
26     opls_700    24.986540   23.152800    2.348770
27     opls_700    15.543490   15.444300    2.380440
28     opls_700     1.225960   23.152800    2.348770
29     opls_700    10.669010   15.444300    2.380440
30     opls_700    24.986540    2.849900    2.348770
31     opls_700    15.543490   10.558400    2.380440
32     opls_700     2.444050    3.672360    2.199810
33     opls_700     9.609240    9.525830    2.401180
34     opls_700    23.768450   22.330340    2.199810
35     opls_700    16.603260   16.476870    2.401180
36     opls_700     2.444050   22.330340    2.199810
37     opls_700     9.609240   16.476870    2.401180
38     opls_700    23.768450    3.672360    2.199810
39     opls_700    16.603260    9.525830    2.401180
40     opls_145     3.429910    3.356950    1.250990
41     opls_145     2.599230   21.146700    2.941120
42     opls_145     8.453790    9.671180    1.619010
43     opls_145     9.699670   17.598890    3.242970
44     opls_145    22.782590   22.646010    1.250990
45     opls_145    23.613270    4.856000    2.941120
46     opls_145    17.758710   16.331520    1.619010
47     opls_145    16.512830    8.403810    3.242970
48     opls_145     3.429910   22.646010    1.250990
49     opls_145     2.599230    4.856000    2.941120
50     opls_145     8.453790   16.331520    1.619010
51     opls_145     9.699670    8.403810    3.242970
52     opls_145    22.782590    3.356950    1.250990
53     opls_145    23.613270   21.146700    2.941120
54     opls_145    17.758710    9.671180    1.619010
55     opls_145    16.512830   17.598890    3.242970
56     opls_145     4.532670    4.182270    1.068280
57     opls_145     3.713000   20.336450    2.780660
58     opls_145     7.414210    8.753030    1.680090
59     opls_145     8.656150   18.511060    3.326390
60     opls_145    21.679830   21.820430    1.068280
61     opls_145    22.499500    5.666250    2.780660
62     opls_145    18.798290   17.249670    1.680090
63     opls_145    17.556350    7.491900    3.326390
64     opls_145     4.532670   21.820430    1.068280
65     opls_145     3.713000    5.666250    2.780660
66     opls_145     7.414210   17.249670    1.680090
67     opls_145     8.656150    7.491900    3.326390
68     opls_145    21.679830    4.182270    1.068280
69     opls_145    22.499500   20.336450    2.780660
70     opls_145    18.798290    8.753030    1.680090
71     opls_145    17.556350   18.511060    3.326390
72     opls_700     4.707770    5.328470    1.853950
73     opls_145     7.500970    7.653630    2.546650
74     opls_700    21.504740   20.674490    1.853950
75     opls_145    18.711530   18.349070    2.546650
76     opls_700     4.707770   20.674490    1.853950
77     opls_145     7.500970   18.349070    2.546650
78     opls_700    21.504740    5.328470    1.853950
79     opls_145    18.711530    7.653630    2.546650
80     opls_145    23.763470    0.681010    2.439700
81     opls_145     2.449030   25.321690    2.439700
82     opls_145    23.763470   25.321690    2.439700
83     opls_145     2.449030    0.681010    2.439700
84     opls_145     0.000000    3.514000    2.374870
85     opls_700     0.000000    0.715850    2.379950
86     opls_145     0.000000   22.488700    2.374870
87     opls_700    26.212500   25.286850    2.379950
88     opls_750     6.417080   19.224320    2.712060
89     opls_750    19.795420    6.778640    2.712060
90     opls_750     6.417080    6.778640    2.712060
91     opls_750    19.795420   19.224320    2.712060
92     opls_542    13.106250   15.020200    2.348640
93     opls_542    13.106250   10.982760    2.348640
94     opls_542    11.105190   13.001350    2.387470
95     opls_542    15.107310   13.001350    2.387470
96     opls_547     8.155230   11.659610    3.192420
97     opls_547    18.057270   14.343090    3.192420
98     opls_547     8.155230   14.343090    3.192420
99     opls_547    18.057270   11.659610    3.192420
100    opls_547    14.452790   18.003230    1.667930
101    opls_547    11.759710    7.999470    1.667930
102    opls_547    14.452790    7.999470    1.667930
103    opls_547    11.759710   18.003230    1.667930
104    opls_146    22.823490    1.222390    2.526570
105    opls_146    22.371320    6.561520    3.387160
106    opls_146    24.371600    5.115510    3.681100
107    opls_146    22.917330    2.484560    0.613000
108    opls_146    20.940380    3.945910    0.301190
109    opls_146     8.384070   10.518870    0.938160
110    opls_146     6.523240    8.875240    1.065010
111    opls_146    10.578050    8.285240    3.876630
112    opls_146     8.714610    6.653830    4.021120
113    opls_144    19.836570   19.835640    0.699950
114    opls_146     3.389010   24.780310    2.526570
115    opls_146     3.841180   19.441180    3.387160
116    opls_146     1.840900   20.887190    3.681100
117    opls_146     3.295170   23.518140    0.613000
118    opls_146     5.272120   22.056790    0.301190
119    opls_146    17.828430   15.483830    0.938160
120    opls_146    19.689260   17.127460    1.065010
121    opls_146    15.634450   17.717460    3.876630
122    opls_146    17.497890   19.348870    4.021120
123    opls_144     6.375930    6.167060    0.699950
124    opls_146    22.823490   24.780310    2.526570
125    opls_146    22.371320   19.441180    3.387160
126    opls_146    24.371600   20.887190    3.681100
127    opls_146    22.917330   23.518140    0.613000
128    opls_146    20.940380   22.056790    0.301190
129    opls_146     8.384070   15.483830    0.938160
130    opls_146     6.523240   17.127460    1.065010
131    opls_146    10.578050   17.717460    3.876630
132    opls_146     8.714610   19.348870    4.021120
133    opls_144    19.836570    6.167060    0.699950
134    opls_146     3.389010    1.222390    2.526570
135    opls_146     3.841180    6.561520    3.387160
136    opls_146     1.840900    5.115510    3.681100
137    opls_146     3.295170    2.484560    0.613000
138    opls_146     5.272120    3.945910    0.301190
139    opls_146    17.828430   10.518870    0.938160
140    opls_146    19.689260    8.875240    1.065010
141    opls_146    15.634450    8.285240    3.876630
142    opls_146    17.497890    6.653830    4.021120
143    opls_144     6.375930   19.835640    0.699950
144    opls_146     0.000000    4.601440    2.311050
145    opls_146     0.000000   21.401260    2.311050
146    Cu2+        13.106250   13.001350    2.358860
