0      opls_520     1.146430   58.275150    1.683270
1      opls_750    -9.708250   51.536810    1.760470
2      opls_520    -1.196270   58.188810    1.683270
3      opls_750    10.066640   52.157550    1.760470
4      opls_520     0.049840   56.203140    1.683270
5      opls_750    -0.358380   68.972740    1.760470
6      opls_520    48.698270   28.058400    1.683270
7      opls_750    59.552950   34.796740    1.760470
8      opls_520    51.040970   28.144740    1.683270
9      opls_750    39.778060   34.176000    1.760470
10     opls_520    49.794860   30.130410    1.683270
11     opls_750    50.203080   17.360810    1.760470
12     opls_531    -1.154400   56.831650    1.683200
13     opls_700     2.511180   56.225590    1.685550
14     opls_523     2.595910   54.859790    1.371550
15     opls_145     3.831060   54.207110    1.366910
16     opls_700     5.010890   54.900370    1.695210
17     opls_145     4.920670   56.267030    2.017430
18     opls_523     3.688510   56.923160    2.003240
19     opls_700     6.326790   54.202790    1.703530
20     opls_145     6.421990   52.853400    2.088690
21     opls_145     7.656150   52.200720    2.092970
22     opls_145     8.824510   52.881030    1.736770
23     opls_145     8.736780   54.227830    1.338660
24     opls_145     7.499630   54.878790    1.321840
25     opls_145   -24.807210   44.561060    1.827870
26     opls_145   -23.772430   42.368190    1.827870
27     opls_700   -23.655300   43.764200    1.827580
28     opls_145   -12.361980   50.433470    1.762710
29     opls_145   -13.625550   49.835180    1.773770
30     opls_700   -13.741690   48.440890    1.779880
31     opls_145   -12.590770   47.645760    1.775000
32     opls_145   -11.327210   48.242330    1.763940
33     opls_700   -11.200100   49.640070    1.757870
34     opls_142    -9.855290   50.246130    1.744460
35     opls_261   -15.042130   47.827060    1.789880
36     opls_261   -16.131740   47.312510    1.797570
37     opls_700   -17.431690   46.699550    1.805890
38     opls_145   -18.581110   47.492090    1.918820
39     opls_145   -19.845670   46.895520    1.925000
40     opls_700   -19.964800   45.504690    1.818280
41     opls_145   -18.815880   44.711280    1.705810
42     opls_145   -17.551320   45.307850    1.699630
43     opls_261   -21.265240   44.890860    1.822630
44     opls_261   -22.355350   44.377170    1.825370
45     opls_531     1.204250   56.917980    1.683200
46     opls_700    -0.103680   60.395500    1.685550
47     opls_523     1.036770   61.151780    1.371550
48     opls_145     0.984430   62.547800    1.366910
49     opls_700    -0.205860   63.222920    1.695210
50     opls_145    -1.344310   62.461460    2.017430
51     opls_523    -1.296460   61.066310    2.003240
52     opls_700    -0.259690   64.711310    1.703530
53     opls_145     0.861320   65.468460    2.088690
54     opls_145     0.809480   66.863610    2.092970
55     opls_145    -0.363870   67.535290    1.736770
56     opls_145    -1.486370   66.785910    1.338660
57     opls_145    -1.431540   65.389030    1.321840
58     opls_145    23.657290   42.569350    1.827870
59     opls_145    25.038990   44.561930    1.827870
60     opls_700    23.771440   43.965360    1.827580
61     opls_145    12.349020   50.411020    1.762710
62     opls_145    13.498940   49.615890    1.773770
63     opls_700    14.764500   50.212460    1.779880
64     opls_145    14.877650   51.606740    1.775000
65     opls_145    13.729220   52.402740    1.763940
66     opls_700    12.455190   51.813950    1.757870
67     opls_142    11.257920   52.675550    1.744460
68     opls_261    15.946320   49.393150    1.789880
69     opls_261    16.936730   48.706800    1.797570
70     opls_700    18.117550   47.887500    1.805890
71     opls_145    18.005900   46.495800    1.918820
72     opls_145    19.154820   45.698940    1.925000
73     opls_700    20.418880   46.291190    1.818280
74     opls_145    20.531530   47.682880    1.705810
75     opls_145    19.382610   48.479740    1.699630
76     opls_261    21.600700   45.471880    1.822630
77     opls_261    22.590610   44.784670    1.825370
78     opls_531    -0.049840   58.917470    1.683200
79     opls_700    -2.407500   56.046020    1.685550
80     opls_523    -3.632680   56.655530    1.371550
81     opls_145    -4.815500   55.912200    1.366910
82     opls_700    -4.805030   54.543810    1.695210
83     opls_145    -3.576360   53.938610    2.017430
84     opls_523    -2.392050   54.677630    2.003240
85     opls_700    -6.067100   53.753000    1.703530
86     opls_145    -7.283310   54.345240    2.088690
87     opls_145    -8.465620   53.602780    2.092970
88     opls_145    -8.460640   52.250790    1.736770
89     opls_145    -7.250410   51.653360    1.338660
90     opls_145    -6.068090   52.399290    1.321840
91     opls_145     1.149920   85.536690    1.827870
92     opls_145    -1.266550   85.736990    1.827870
93     opls_700    -0.116140   84.937540    1.827580
94     opls_145     0.012960   71.822610    1.762710
95     opls_145     0.126610   73.216030    1.773770
96     opls_700    -1.022810   74.013750    1.779880
97     opls_145    -2.286870   73.414600    1.775000
98     opls_145    -2.402020   72.022040    1.763940
99     opls_700    -1.255090   71.213090    1.757870
100    opls_142    -1.402630   69.745420    1.744460
101    opls_261    -0.904180   75.446890    1.789880
102    opls_261    -0.804990   76.647790    1.797570
103    opls_700    -0.685860   78.080070    1.805890
104    opls_145     0.575210   78.679220    1.918820
105    opls_145     0.690850   80.072640    1.925000
106    opls_700    -0.454090   80.871230    1.818280
107    opls_145    -1.715650   80.272940    1.705810
108    opls_145    -1.831290   78.879510    1.699630
109    opls_261    -0.335450   82.304370    1.822630
110    opls_261    -0.235270   83.505270    1.825370
111    opls_531    50.999100   29.501900    1.683200
112    opls_700    47.333520   30.107960    1.685550
113    opls_523    47.248790   31.473760    1.371550
114    opls_145    46.013640   32.126440    1.366910
115    opls_700    44.833810   31.433180    1.695210
116    opls_145    44.924030   30.066520    2.017430
117    opls_523    46.156190   29.410390    2.003240
118    opls_700    43.517910   32.130760    1.703530
119    opls_145    43.422710   33.480150    2.088690
120    opls_145    42.188550   34.132830    2.092970
121    opls_145    41.020190   33.452530    1.736770
122    opls_145    41.107920   32.105720    1.338660
123    opls_145    42.345070   31.454770    1.321840
124    opls_145    74.651910   41.772490    1.827870
125    opls_145    73.617130   43.965360    1.827870
126    opls_700    73.500000   42.569350    1.827580
127    opls_145    62.206680   35.900080    1.762710
128    opls_145    63.470250   36.498370    1.773770
129    opls_700    63.586390   37.892660    1.779880
130    opls_145    62.435470   38.687790    1.775000
131    opls_145    61.171910   38.091230    1.763940
132    opls_700    61.044800   36.693490    1.757870
133    opls_142    59.699990   36.087430    1.744460
134    opls_261    64.886830   38.506490    1.789880
135    opls_261    65.976440   39.021040    1.797570
136    opls_700    67.276390   39.634010    1.805890
137    opls_145    68.425810   38.841470    1.918820
138    opls_145    69.690370   39.438030    1.925000
139    opls_700    69.809500   40.828860    1.818280
140    opls_145    68.660580   41.622270    1.705810
141    opls_145    67.396020   41.025700    1.699630
142    opls_261    71.109940   41.442700    1.822630
143    opls_261    72.200050   41.956380    1.825370
144    opls_531    48.640450   29.415570    1.683200
145    opls_700    49.948380   25.938050    1.685550
146    opls_523    48.807930   25.181770    1.371550
147    opls_145    48.860270   23.785760    1.366910
148    opls_700    50.050560   23.110630    1.695210
149    opls_145    51.189010   23.872090    2.017430
150    opls_523    51.141160   25.267240    2.003240
151    opls_700    50.104390   21.622240    1.703530
152    opls_145    48.983380   20.865090    2.088690
153    opls_145    49.035220   19.469940    2.092970
154    opls_145    50.208570   18.798270    1.736770
155    opls_145    51.331070   19.547640    1.338660
156    opls_145    51.276240   20.944520    1.321840
157    opls_145    26.187410   43.764200    1.827870
158    opls_145    24.805710   41.771630    1.827870
159    opls_700    26.073260   42.368190    1.827580
160    opls_145    37.495680   35.922530    1.762710
161    opls_145    36.345760   36.717660    1.773770
162    opls_700    35.080200   36.121100    1.779880
163    opls_145    34.967050   34.726810    1.775000
164    opls_145    36.115480   33.930810    1.763940
165    opls_700    37.389510   34.519610    1.757870
166    opls_142    38.586780   33.658000    1.744460
167    opls_261    33.898380   36.940400    1.789880
168    opls_261    32.907970   37.626750    1.797570
169    opls_700    31.727150   38.446060    1.805890
170    opls_145    31.838800   39.837750    1.918820
171    opls_145    30.689880   40.634610    1.925000
172    opls_700    29.425820   40.042370    1.818280
173    opls_145    29.313170   38.650670    1.705810
174    opls_145    30.462090   37.853810    1.699630
175    opls_261    28.244000   40.861670    1.822630
176    opls_261    27.254090   41.548890    1.825370
177    opls_531    49.894540   27.416080    1.683200
178    opls_700    52.252200   30.287540    1.685550
179    opls_523    53.477380   29.678020    1.371550
180    opls_145    54.660200   30.421350    1.366910
181    opls_700    54.649730   31.789740    1.695210
182    opls_145    53.421060   32.394940    2.017430
183    opls_523    52.236750   31.655920    2.003240
184    opls_700    55.911800   32.580560    1.703530
185    opls_145    57.128010   31.988310    2.088690
186    opls_145    58.310320   32.730780    2.092970
187    opls_145    58.305340   34.082760    1.736770
188    opls_145    57.095110   34.680190    1.338660
189    opls_145    55.912790   33.934270    1.321840
190    opls_145    48.694780    0.796860    1.827870
191    opls_145    51.111250    0.596560    1.827870
192    opls_700    49.960840    1.396010    1.827580
193    opls_145    49.831740   14.510940    1.762710
194    opls_145    49.718090   13.117520    1.773770
195    opls_700    50.867510   12.319800    1.779880
196    opls_145    52.131570   12.918950    1.775000
197    opls_145    52.246720   14.311510    1.763940
198    opls_700    51.099790   15.120460    1.757870
199    opls_142    51.247330   16.588130    1.744460
200    opls_261    50.748880   10.886660    1.789880
201    opls_261    50.649690    9.685760    1.797570
202    opls_700    50.530560    8.253490    1.805890
203    opls_145    49.269490    7.654330    1.918820
204    opls_145    49.153850    6.260910    1.925000
205    opls_700    50.298790    5.462320    1.818280
206    opls_145    51.560350    6.060620    1.705810
207    opls_145    51.675990    7.454040    1.699630
208    opls_261    50.180150    4.029190    1.822630
209    opls_261    50.079970    2.828290    1.825370
210    opls_526     1.709670   54.296900    1.107040
211    opls_146     3.861970   53.164200    1.081980
212    opls_146     5.799930   56.828200    2.305980
213    opls_526     3.655110   57.973840    2.264660
214    opls_146     5.547720   52.304320    2.413190
215    opls_146     7.706990   51.162990    2.397500
216    opls_146     9.605570   54.776050    1.005240
217    opls_146     7.461750   55.904430    0.978100
218    opls_146   -24.727460   45.641960    1.827510
219    opls_146   -22.888190   41.743140    1.827480
220    opls_146   -12.296190   51.514370    1.757380
221    opls_146   -14.510790   50.460230    1.777140
222    opls_146   -12.671020   46.565730    1.779390
223    opls_146   -10.447450   47.611230    1.759830
224    opls_144    -8.995470   49.589130    1.751200
225    opls_146   -18.498860   48.568670    2.002540
226    opls_146   -20.727920   47.517120    2.013430
227    opls_146   -18.898120   43.634700    1.621450
228    opls_146   -16.669060   44.686250    1.610570
229    opls_526     1.967370   60.665720    1.107040
230    opls_146     1.872170   63.096010    1.081980
231    opls_146    -2.269930   62.942340    2.305980
232    opls_526    -2.189680   60.512050    2.264660
233    opls_146     1.773970   64.985860    2.413190
234    opls_146     1.682760   67.426500    2.397500
235    opls_146    -2.395540   67.264200    1.005240
236    opls_146    -2.300830   64.843400    0.978100
237    opls_146    22.681330   42.097970    1.827510
238    opls_146    25.138180   45.640230    1.827480
239    opls_146    11.380040   49.927560    1.757380
240    opls_146    13.400250   48.536720    1.777140
241    opls_146    15.853110   52.077260    1.779390
242    opls_146    13.835890   53.480180    1.759830
243    opls_144    11.396990   53.748680    1.751200
244    opls_146    17.032430   46.028730    2.002540
245    opls_146    19.057620   44.624090    2.013430
246    opls_146    21.505000   48.149950    1.621450
247    opls_146    19.479810   49.554600    1.610570
248    opls_526    -3.677040   57.704480    1.107040
249    opls_146    -5.734130   56.406890    1.081980
250    opls_146    -3.530000   52.896570    2.305980
251    opls_526    -1.465430   54.181210    2.264660
252    opls_146    -7.321690   55.376930    2.413190
253    opls_146    -9.389740   54.077610    2.397500
254    opls_146    -7.210040   50.626860    1.005240
255    opls_146    -5.160920   51.919270    0.978100
256    opls_146     2.046120   84.927180    1.827510
257    opls_146    -2.249990   85.283740    1.827480
258    opls_146     0.916150   71.225180    1.757380
259    opls_146     1.110540   73.670150    1.777140
260    opls_146    -3.182090   74.024110    1.779390
261    opls_146    -3.388440   71.575700    1.759830
262    opls_144    -2.401520   69.329300    1.751200
263    opls_146     1.466430   78.069710    2.002540
264    opls_146     1.670300   80.525890    2.013430
265    opls_146    -2.606880   80.882450    1.621450
266    opls_146    -2.810740   78.426260    1.610570
267    opls_526    48.135030   32.036650    1.107040
268    opls_146    45.982730   33.169350    1.081980
269    opls_146    44.044770   29.505360    2.305980
270    opls_526    46.189590   28.359710    2.264660
271    opls_146    44.296980   34.029230    2.413190
272    opls_146    42.137710   35.170560    2.397500
273    opls_146    40.239130   31.557500    1.005240
274    opls_146    42.382950   30.429120    0.978100
275    opls_146    74.572160   40.691590    1.827510
276    opls_146    72.732890   44.590420    1.827480
277    opls_146    62.140890   34.819190    1.757380
278    opls_146    64.355490   35.873320    1.777140
279    opls_146    62.515720   39.767820    1.779390
280    opls_146    60.292150   38.722330    1.759830
281    opls_144    58.840170   36.744420    1.751200
282    opls_146    68.343560   37.764890    2.002540
283    opls_146    70.572620   38.816430    2.013430
284    opls_146    68.742820   42.698850    1.621450
285    opls_146    66.513760   41.647310    1.610570
286    opls_526    47.877330   25.667830    1.107040
287    opls_146    47.972530   23.237540    1.081980
288    opls_146    52.114630   23.391210    2.305980
289    opls_526    52.034380   25.821500    2.264660
290    opls_146    48.070730   21.347700    2.413190
291    opls_146    48.161940   18.907050    2.397500
292    opls_146    52.240240   19.069360    1.005240
293    opls_146    52.145530   21.490150    0.978100
294    opls_146    27.163370   44.235590    1.827510
295    opls_146    24.706520   40.693320    1.827480
296    opls_146    38.464660   36.406000    1.757380
297    opls_146    36.444450   37.796830    1.777140
298    opls_146    33.991590   34.256290    1.779390
299    opls_146    36.008810   32.853370    1.759830
300    opls_144    38.447710   32.584870    1.751200
301    opls_146    32.812270   40.304820    2.002540
302    opls_146    30.787080   41.709470    2.013430
303    opls_146    28.339700   38.183600    1.621450
304    opls_146    30.364890   36.778960    1.610570
305    opls_526    53.521740   28.629070    1.107040
306    opls_146    55.578830   29.926660    1.081980
307    opls_146    53.374700   33.436990    2.305980
308    opls_526    51.310130   32.152340    2.264660
309    opls_146    57.166390   30.956620    2.413190
310    opls_146    59.234440   32.255940    2.397500
311    opls_146    57.054740   35.706690    1.005240
312    opls_146    55.005620   34.414280    0.978100
313    opls_146    47.798580    1.406370    1.827510
314    opls_146    52.094690    1.049820    1.827480
315    opls_146    48.928550   15.108370    1.757380
316    opls_146    48.734160   12.663410    1.777140
317    opls_146    53.026790   12.309440    1.779390
318    opls_146    53.233140   14.757860    1.759830
319    opls_144    52.246220   17.004260    1.751200
320    opls_146    48.378270    8.263850    2.002540
321    opls_146    48.174400    5.807660    2.013430
322    opls_146    52.451580    5.451100    1.621450
323    opls_146    52.655440    7.907290    1.610570
