0      opls_281     0.258180   15.239960    0.000000
1      opls_281     1.922720   19.017390    0.000000
2      opls_281    -2.180900   18.570200    0.000000
3      opls_281    14.991820   11.173820    0.000000
4      opls_281    13.327280    7.396390    0.000000
5      opls_281    17.430900    7.843570    0.000000
6      opls_238     2.742710   15.453380    0.000000
7      opls_238     0.495620   21.062340    0.000000
8      opls_238    -3.238340   16.311830    0.000000
9      opls_238    12.507290   10.960400    0.000000
10     opls_238    14.754370    5.351430    0.000000
11     opls_238    18.488340   10.101950    0.000000
12     opls_280     0.153570   16.312350    0.000000
13     opls_142     2.369700   16.678980    0.000000
14     opls_145     3.956760   15.053210    0.000000
15     opls_145     4.932310   15.834270    0.000000
16     opls_145     6.091610   15.393160    0.000000
17     opls_145     6.301910   14.174690    0.000000
18     opls_145     5.338260   13.392050    0.000000
19     opls_145     4.178800   13.828670    0.000000
20     opls_145     1.226560   17.083110    0.000000
21     opls_142     7.498880   13.756560    0.000000
22     opls_280     1.046300   18.390590    0.000000
23     opls_142    -0.379270   20.126500    0.000000
24     opls_145     0.235160   22.313830    0.000000
25     opls_145    -0.929030   22.768150    0.000000
26     opls_145    -1.126670   23.992690    0.000000
27     opls_145    -0.176600   24.784040    0.000000
28     opls_145     0.983010   24.340820    0.000000
29     opls_145     1.184620   23.118390    0.000000
30     opls_145    -0.157680   18.934450    0.000000
31     opls_142    -0.412970   26.029720    0.000000
32     opls_280    -1.199870   18.124600    0.000000
33     opls_142    -1.990430   16.022070    0.000000
34     opls_145    -4.191920   15.460510    0.000000
35     opls_145    -4.003280   14.225140    0.000000
36     opls_145    -4.964940   13.441710    0.000000
37     opls_145    -6.125310   13.868820    0.000000
38     opls_145    -6.321280   15.094680    0.000000
39     opls_145    -5.363430   15.880490    0.000000
40     opls_145    -1.068870   16.809990    0.000000
41     opls_142    -7.085910   13.041270    0.000000
42     opls_280    15.096430   10.101420    0.000000
43     opls_142    12.880300    9.734800    0.000000
44     opls_145    11.293230   11.360560    0.000000
45     opls_145    10.317690   10.579510    0.000000
46     opls_145     9.158390   11.020620    0.000000
47     opls_145     8.948090   12.239090    0.000000
48     opls_145     9.911740   13.021730    0.000000
49     opls_145    11.071190   12.585110    0.000000
50     opls_145    14.023440    9.330670    0.000000
51     opls_142     7.751120   12.657220    0.000000
52     opls_280    14.203700    8.023180    0.000000
53     opls_142    15.629270    6.287270    0.000000
54     opls_145    15.014840    4.099950    0.000000
55     opls_145    16.179030    3.645630    0.000000
56     opls_145    16.376670    2.421090    0.000000
57     opls_145    15.426600    1.629730    0.000000
58     opls_145    14.266990    2.072950    0.000000
59     opls_145    14.065380    3.295380    0.000000
60     opls_145    15.407690    7.479320    0.000000
61     opls_142    15.662970    0.384060    0.000000
62     opls_280    16.449870    8.289170    0.000000
63     opls_142    17.240430   10.391710    0.000000
64     opls_145    19.441920   10.953260    0.000000
65     opls_145    19.253280   12.188640    0.000000
66     opls_145    20.214940   12.972070    0.000000
67     opls_145    21.375320   12.544960    0.000000
68     opls_145    21.571280   11.319090    0.000000
69     opls_145    20.613420   10.533290    0.000000
70     opls_145    16.318870    9.603780    0.000000
71     opls_142    22.335910   13.372500    0.000000
72     opls_144     3.056400   17.342230    0.000000
73     opls_146     4.826170   16.780940    0.000000
74     opls_910     2.119440   14.777450    0.000000
75     opls_146     3.447870   13.208740    0.000000
76     opls_146     6.833980   15.999090    0.000000
77     opls_146     5.489390   12.446170    0.000000
78     opls_144     8.092720   14.550030    0.000000
79     opls_144    -1.297010   20.389590    0.000000
80     opls_146    -1.695800   22.202890    0.000000
81     opls_910     1.392630   20.860540    0.000000
82     opls_146     2.086960   22.795350    0.000000
83     opls_146    -2.022610   24.332630    0.000000
84     opls_146     1.726600   24.944640    0.000000
85     opls_144    -1.397210   26.147520    0.000000
86     opls_144    -1.759390   15.095740    0.000000
87     opls_146    -3.130370   13.843720    0.000000
88     opls_910    -3.512070   17.189560    0.000000
89     opls_146    -5.534840   16.823460    0.000000
90     opls_146    -4.811370   12.495830    0.000000
91     opls_146    -7.216000   15.436740    0.000000
92     opls_144    -6.695970   12.130260    0.000000
93     opls_144    12.193600    9.071550    0.000000
94     opls_146    10.423830    9.632840    0.000000
95     opls_910    13.130550   11.636320    0.000000
96     opls_146    11.802130   13.205040    0.000000
97     opls_146     8.416020   10.414690    0.000000
98     opls_146     9.760610   13.967600    0.000000
99     opls_144     7.157280   11.863750    0.000000
100    opls_144    16.547010    6.024190    0.000000
101    opls_146    16.945800    4.210880    0.000000
102    opls_910    13.857370    5.553230    0.000000
103    opls_146    13.163040    3.618420    0.000000
104    opls_146    17.272610    2.081140    0.000000
105    opls_146    13.523400    1.469130    0.000000
106    opls_144    16.647200    0.266250    0.000000
107    opls_144    17.009390   11.318040    0.000000
108    opls_146    18.380370   12.570050    0.000000
109    opls_910    18.762070    9.224220    0.000000
110    opls_146    20.784840    9.590310    0.000000
111    opls_146    20.061380   13.917950    0.000000
112    opls_146    22.465990   10.977040    0.000000
113    opls_144    21.945970   14.283510    0.000000
