0      opls_145    16.293430   28.775630    3.062030
1      opls_145    12.531590    1.266720    2.217160
2      opls_145    11.496240    0.332540    2.285540
3      opls_145    11.575860   29.215030    3.211920
4      opls_145    12.680350   29.107870    4.055080
5      opls_700    13.729760    0.112840    4.001220
6      opls_142     9.435130   29.509560    1.331240
7      opls_166     7.337210   28.635250    0.265420
8      opls_145     8.276770    0.821630    6.100220
9      opls_700     8.318370   29.645750    0.386670
10     opls_145     1.237680   13.825840    6.325440
11     opls_145    27.636720   16.228180    5.431240
12     opls_145    26.563960   15.342790    5.485560
13     opls_145    26.551690   14.324810    6.450430
14     opls_145    27.617860   14.200590    0.778400
15     opls_700    28.707090   15.091960    0.730710
16     opls_142    24.479210   14.732780    4.442530
17     opls_145    22.274420   14.244590    3.497830
18     opls_166    23.727320   15.731010    2.237790
19     opls_700    23.488160   14.915960    3.369820
20     opls_145     1.243370    1.202070    4.708870
21     opls_145    28.520010   27.682220    3.808110
22     opls_145    29.391030   26.595390    3.818030
23     opls_145     0.500160   26.552890    4.757610
24     opls_145     0.668980   27.605290    5.660670
25     opls_700    29.732550   28.714570    5.648390
26     opls_142     0.122120   24.604320    2.653880
27     opls_145     0.928490   22.639590    1.445990
28     opls_166    28.749290   23.592320    0.725650
29     opls_700    29.862760   23.601600    1.595880
30     opls_145    16.122820   16.215310    1.385040
31     opls_145    13.680970   12.639940    0.506610
32     opls_145    14.555280   11.556410    0.590150
33     opls_145    15.557400   11.554310    1.572620
34     opls_145    15.685510   12.632760    2.447770
35     opls_700    14.816290   13.736050    2.367770
36     opls_142    15.195830    9.447110    6.235390
37     opls_166    15.849240    7.194130    5.334430
38     opls_145    14.355940    8.632960    4.055270
39     opls_700    15.141050    8.413560    5.192750
40     opls_182     4.745700   27.476290    0.249660
41     opls_182     7.688310   27.592120    2.287970
42     opls_182    17.750810    5.021080    4.660990
43     opls_182    17.485620    7.831680    0.380170
44     opls_182     4.706790   26.159280    0.349430
45     opls_182     7.781700   26.359830    2.754510
46     opls_182    18.162080    4.062060    5.756830
47     opls_182    18.827760    7.167790    0.617210
48     opls_182     4.535280   26.184430    2.553390
49     opls_182     5.837320   25.416970    2.719040
50     opls_182    19.597910    4.088400    0.868970
51     opls_182    19.872690    5.433840    1.523890
52     opls_145    13.638470    1.156270    3.062030
53     opls_145    17.400310   28.665180    2.217160
54     opls_145    18.435660   29.599360    2.285540
55     opls_145    18.356040    0.716870    3.211920
56     opls_145    17.251550    0.824030    4.055080
57     opls_700    16.202140   29.819060    4.001220
58     opls_142    20.496770    0.422340    1.331240
59     opls_166    22.594690    1.296650    0.265420
60     opls_145    21.655130   29.110270    6.100220
61     opls_700    21.613530    0.286150    0.386670
62     opls_145    28.694220   16.106060    6.325440
63     opls_145     2.295180   13.703720    5.431240
64     opls_145     3.367940   14.589110    5.485560
65     opls_145     3.380210   15.607090    6.450430
66     opls_145     2.314040   15.731310    0.778400
67     opls_700     1.224810   14.839940    0.730710
68     opls_142     5.452690   15.199120    4.442530
69     opls_145     7.657480   15.687310    3.497830
70     opls_166     6.204580   14.200890    2.237790
71     opls_700     6.443740   15.015940    3.369820
72     opls_145    28.688530   28.729830    4.708870
73     opls_145     1.411890    2.249680    3.808110
74     opls_145     0.540870    3.336510    3.818030
75     opls_145    29.431740    3.379010    4.757610
76     opls_145    29.262920    2.326610    5.660670
77     opls_700     0.199350    1.217330    5.648390
78     opls_142    29.809780    5.327580    2.653880
79     opls_145    29.003410    7.292310    1.445990
80     opls_166     1.182610    6.339580    0.725650
81     opls_700     0.069140    6.330300    1.595880
82     opls_145    13.809080   13.716590    1.385040
83     opls_145    16.250930   17.291960    0.506610
84     opls_145    15.376620   18.375490    0.590150
85     opls_145    14.374500   18.377590    1.572620
86     opls_145    14.246390   17.299140    2.447770
87     opls_700    15.115610   16.195850    2.367770
88     opls_142    14.736070   20.484790    6.235390
89     opls_166    14.082660   22.737770    5.334430
90     opls_145    15.575960   21.298940    4.055270
91     opls_700    14.790850   21.518340    5.192750
92     opls_182    25.186200    2.455610    0.249660
93     opls_182    22.243590    2.339780    2.287970
94     opls_182    12.181090   24.910820    4.660990
95     opls_182    12.446280   22.100220    0.380170
96     opls_182    25.225110    3.772620    0.349430
97     opls_182    22.150200    3.572070    2.754510
98     opls_182    11.769820   25.869840    5.756830
99     opls_182    11.104140   22.764110    0.617210
100    opls_182    25.396620    3.747470    2.553390
101    opls_182    24.094580    4.514930    2.719040
102    opls_182    10.333990   25.843500    0.868970
103    opls_182    10.059210   24.498060    1.523890
104    opls_145    28.775630   13.638470    3.506170
105    opls_145     1.266720   17.400310    4.351040
106    opls_145     0.332540   18.435660    4.282660
107    opls_145    29.215030   18.356040    3.356280
108    opls_145    29.107870   17.251550    2.513120
109    opls_700     0.112840   16.202140    2.566980
110    opls_142    29.509560   20.496770    5.236960
111    opls_166    28.635250   22.594690    6.302780
112    opls_145     0.821630   21.655130    0.467980
113    opls_700    29.645750   21.613530    6.181530
114    opls_145    13.825840   28.694220    0.242760
115    opls_145    16.228180    2.295180    1.136960
116    opls_145    15.342790    3.367940    1.082640
117    opls_145    14.324810    3.380210    0.117770
118    opls_145    14.200590    2.314040    5.789800
119    opls_700    15.091960    1.224810    5.837490
120    opls_142    14.732780    5.452690    2.125670
121    opls_145    14.244590    7.657480    3.070370
122    opls_166    15.731010    6.204580    4.330410
123    opls_700    14.915960    6.443740    3.198380
124    opls_145     1.202070   28.688530    1.859330
125    opls_145    27.682220    1.411890    2.760090
126    opls_145    26.595390    0.540870    2.750170
127    opls_145    26.552890   29.431740    1.810590
128    opls_145    27.605290   29.262920    0.907530
129    opls_700    28.714570    0.199350    0.919810
130    opls_142    24.604320   29.809780    3.914320
131    opls_145    22.639590   29.003410    5.122210
132    opls_166    23.592320    1.182610    5.842550
133    opls_700    23.601600    0.069140    4.972320
134    opls_145    16.215310   13.809080    5.183160
135    opls_145    12.639940   16.250930    6.061590
136    opls_145    11.556410   15.376620    5.978050
137    opls_145    11.554310   14.374500    4.995580
138    opls_145    12.632760   14.246390    4.120430
139    opls_700    13.736050   15.115610    4.200430
140    opls_142     9.447110   14.736070    0.332810
141    opls_166     7.194130   14.082660    1.233770
142    opls_145     8.632960   15.575960    2.512930
143    opls_700     8.413560   14.790850    1.375450
144    opls_182    27.476290   25.186200    6.318540
145    opls_182    27.592120   22.243590    4.280230
146    opls_182     5.021080   12.181090    1.907210
147    opls_182     7.831680   12.446280    6.188030
148    opls_182    26.159280   25.225110    6.218770
149    opls_182    26.359830   22.150200    3.813690
150    opls_182     4.062060   11.769820    0.811370
151    opls_182     7.167790   11.104140    5.950990
152    opls_182    26.184430   25.396620    4.014810
153    opls_182    25.416970   24.094580    3.849160
154    opls_182     4.088400   10.333990    5.699230
155    opls_182     5.433840   10.059210    5.044310
156    opls_145     1.156270   16.293430    3.506170
157    opls_145    28.665180   12.531590    4.351040
158    opls_145    29.599360   11.496240    4.282660
159    opls_145     0.716870   11.575860    3.356280
160    opls_145     0.824030   12.680350    2.513120
161    opls_700    29.819060   13.729760    2.566980
162    opls_142     0.422340    9.435130    5.236960
163    opls_166     1.296650    7.337210    6.302780
164    opls_145    29.110270    8.276770    0.467980
165    opls_700     0.286150    8.318370    6.181530
166    opls_145    16.106060    1.237680    0.242760
167    opls_145    13.703720   27.636720    1.136960
168    opls_145    14.589110   26.563960    1.082640
169    opls_145    15.607090   26.551690    0.117770
170    opls_145    15.731310   27.617860    5.789800
171    opls_700    14.839940   28.707090    5.837490
172    opls_142    15.199120   24.479210    2.125670
173    opls_145    15.687310   22.274420    3.070370
174    opls_166    14.200890   23.727320    4.330410
175    opls_700    15.015940   23.488160    3.198380
176    opls_145    28.729830    1.243370    1.859330
177    opls_145     2.249680   28.520010    2.760090
178    opls_145     3.336510   29.391030    2.750170
179    opls_145     3.379010    0.500160    1.810590
180    opls_145     2.326610    0.668980    0.907530
181    opls_700     1.217330   29.732550    0.919810
182    opls_142     5.327580    0.122120    3.914320
183    opls_145     7.292310    0.928490    5.122210
184    opls_166     6.339580   28.749290    5.842550
185    opls_700     6.330300   29.862760    4.972320
186    opls_145    13.716590   16.122820    5.183160
187    opls_145    17.291960   13.680970    6.061590
188    opls_145    18.375490   14.555280    5.978050
189    opls_145    18.377590   15.557400    4.995580
190    opls_145    17.299140   15.685510    4.120430
191    opls_700    16.195850   14.816290    4.200430
192    opls_142    20.484790   15.195830    0.332810
193    opls_166    22.737770   15.849240    1.233770
194    opls_145    21.298940   14.355940    2.512930
195    opls_700    21.518340   15.141050    1.375450
196    opls_182     2.455610    4.745700    6.318540
197    opls_182     2.339780    7.688310    4.280230
198    opls_182    24.910820   17.750810    1.907210
199    opls_182    22.100220   17.485620    6.188030
200    opls_182     3.772620    4.706790    6.218770
201    opls_182     3.572070    7.781700    3.813690
202    opls_182    25.869840   18.162080    0.811370
203    opls_182    22.764110   18.827760    5.950990
204    opls_182     3.747470    4.535280    4.014810
205    opls_182     4.514930    5.837320    3.849160
206    opls_182    25.843500   19.597910    5.699230
207    opls_182    24.498060   19.872690    5.044310
208    opls_701    14.965950   14.965950    3.284100
209    opls_701     0.000000    0.000000    0.000000
210    opls_701    14.965950    0.000000    4.912160
211    opls_701    29.931900   14.965950    1.656040
212    opls_750    10.392060    0.450480    1.384310
213    opls_750    25.535200   15.476590    4.507820
214    opls_750    29.227600   25.585190    2.822090
215    opls_750    14.460400   10.512080    6.185600
216    opls_750    19.539840   29.481420    1.384310
217    opls_750     4.396700   14.455310    4.507820
218    opls_750     0.704300    4.346710    2.822090
219    opls_750    15.471500   19.419820    6.185600
220    opls_750     0.450480   19.539840    5.183890
221    opls_750    15.476590    4.396700    2.060380
222    opls_750    25.585190    0.704300    3.746110
223    opls_750    10.512080   15.471500    0.382600
224    opls_750    29.481420   10.392060    5.183890
225    opls_750    14.455310   25.535200    2.060380
226    opls_750     4.346710   29.227600    3.746110
227    opls_750    19.419820   14.460400    0.382600
228    opls_179     5.417670   27.710350    5.681690
229    opls_179     7.407250   27.432590    0.985560
230    opls_179    16.343720    4.951630    4.478720
231    opls_179    16.532880    6.865480    6.517100
232    opls_180     3.870790   25.890790    1.343530
233    opls_180     6.707140   26.185020    3.500260
234    opls_180    19.512610    4.241350    6.051740
235    opls_180    18.695170    6.180640    1.596600
236    opls_179    24.514230    2.221550    5.681690
237    opls_179    22.524650    2.499310    0.985560
238    opls_179    13.588180   24.980270    4.478720
239    opls_179    13.399020   23.066420    6.517100
240    opls_180    26.061110    4.041110    1.343530
241    opls_180    23.224760    3.746880    3.500260
242    opls_180    10.419290   25.690550    6.051740
243    opls_180    11.236730   23.751260    1.596600
244    opls_179    27.710350   24.514230    0.886510
245    opls_179    27.432590   22.524650    5.582640
246    opls_179     4.951630   13.588180    2.089480
247    opls_179     6.865480   13.399020    0.051100
248    opls_180    25.890790   26.061110    5.224670
249    opls_180    26.185020   23.224760    3.067940
250    opls_180     4.241350   10.419290    0.516460
251    opls_180     6.180640   11.236730    4.971600
252    opls_179     2.221550    5.417670    0.886510
253    opls_179     2.499310    7.407250    5.582640
254    opls_179    24.980270   16.343720    2.089480
255    opls_179    23.066420   16.532880    0.051100
256    opls_180     4.041110    3.870790    5.224670
257    opls_180     3.746880    6.707140    3.067940
258    opls_180    25.690550   19.512610    0.516460
259    opls_180    23.751260   18.695170    4.971600
260    opls_146    20.877200   28.283250    6.201040
261    opls_146    22.654860   28.089890    4.440370
262    opls_146    25.659720   28.723550    1.783920
263    opls_146    27.573570   28.413750    0.147520
264    opls_146    29.609230    1.968020    1.891770
265    opls_146    13.597760    7.857120    2.152990
266    opls_146    13.799200    9.619510    3.928640
267    opls_144     9.475240   28.619090    2.041990
268    opls_146    15.456830   28.005180    2.982820
269    opls_146    12.476210    2.125160    1.469040
270    opls_146    10.734480   28.448480    3.274510
271    opls_146    12.744700   28.250920    4.804310
272    opls_146     0.371750   13.087120    6.260350
273    opls_146    27.651090   17.058790    4.650610
274    opls_146    25.673190   13.600160    6.503240
275    opls_146    27.598410   13.365490    1.554170
276    opls_144    24.305000   13.920430    5.223230
277    opls_146    27.661860   27.717840    3.058610
278    opls_144     1.018580   24.530090    3.354310
279    opls_146    16.850460   15.342190    1.297290
280    opls_146    12.857550   12.648320   -0.281710
281    opls_146    16.270380   10.668930    1.657550
282    opls_146    16.503250   12.628270    3.242060
283    opls_144    15.913290    9.290260    7.107320
284    opls_185     3.689110   27.898030    0.177210
285    opls_185     5.301240   27.951310    1.124540
286    opls_185     6.842130   28.149750    2.810070
287    opls_185     8.667380   28.165620    2.397920
288    opls_185    18.044450    6.082760    4.954720
289    opls_185    18.274320    4.736720    3.688960
290    opls_185    17.124940    8.312090    1.349110
291    opls_185    17.601150    8.635050   -0.420430
292    opls_185     5.744830   25.755200    0.592450
293    opls_185     4.334740   25.714790   -0.632250
294    opls_185     8.722160   26.250870    3.389720
295    opls_185     7.809230   25.625000    1.883430
296    opls_185    17.988470    2.990500    5.408450
297    opls_185    17.540090    4.262900    6.690960
298    opls_185    19.581450    7.949010    0.965260
299    opls_185    19.193230    6.693070   -0.352650
300    opls_185     3.844750   25.930900    3.424270
301    opls_185     4.782520   27.296700    2.590890
302    opls_185     5.632880   24.422930    3.238120
303    opls_185     6.309940   25.226900    1.699130
304    opls_185    20.443790    3.366140    1.118700
305    opls_185    18.614350    3.671150    1.266550
306    opls_185    20.279760    5.266520    2.575590
307    opls_185    20.644630    6.000450    0.905300
308    opls_146     9.054700    1.648650    6.201040
309    opls_146     7.277040    1.842010    4.440370
310    opls_146     4.272180    1.208350    1.783920
311    opls_146     2.358330    1.518150    0.147520
312    opls_146     0.322670   27.963880    1.891770
313    opls_146    16.334140   22.074780    2.152990
314    opls_146    16.132700   20.312390    3.928640
315    opls_144    20.456660    1.312810    2.041990
316    opls_146    14.475070    1.926720    2.982820
317    opls_146    17.455690   27.806740    1.469040
318    opls_146    19.197420    1.483420    3.274510
319    opls_146    17.187200    1.680980    4.804310
320    opls_146    29.560150   16.844780    6.260350
321    opls_146     2.280810   12.873110    4.650610
322    opls_146     4.258710   16.331740    6.503240
323    opls_146     2.333490   16.566410    1.554170
324    opls_144     5.626900   16.011470    5.223230
325    opls_146     2.270040    2.214060    3.058610
326    opls_144    28.913320    5.401810    3.354310
327    opls_146    13.081440   14.589710    1.297290
328    opls_146    17.074350   17.283580   -0.281710
329    opls_146    13.661520   19.262970    1.657550
330    opls_146    13.428650   17.303630    3.242060
331    opls_144    14.018610   20.641640    7.107320
332    opls_185    26.242790    2.033870    0.177210
333    opls_185    24.630660    1.980590    1.124540
334    opls_185    23.089770    1.782150    2.810070
335    opls_185    21.264520    1.766280    2.397920
336    opls_185    11.887450   23.849140    4.954720
337    opls_185    11.657580   25.195180    3.688960
338    opls_185    12.806960   21.619810    1.349110
339    opls_185    12.330750   21.296850   -0.420430
340    opls_185    24.187070    4.176700    0.592450
341    opls_185    25.597160    4.217110   -0.632250
342    opls_185    21.209740    3.681030    3.389720
343    opls_185    22.122670    4.306900    1.883430
344    opls_185    11.943430   26.941400    5.408450
345    opls_185    12.391810   25.669000    6.690960
346    opls_185    10.350450   21.982890    0.965260
347    opls_185    10.738670   23.238830   -0.352650
348    opls_185    26.087150    4.001000    3.424270
349    opls_185    25.149380    2.635200    2.590890
350    opls_185    24.299020    5.508970    3.238120
351    opls_185    23.621960    4.705000    1.699130
352    opls_185     9.488110   26.565760    1.118700
353    opls_185    11.317550   26.260750    1.266550
354    opls_185     9.652140   24.665380    2.575590
355    opls_185     9.287270   23.931450    0.905300
356    opls_146    28.283250    9.054700    0.367160
357    opls_146    28.089890    7.277040    2.127830
358    opls_146    28.723550    4.272180    4.784280
359    opls_146    28.413750    2.358330    6.420680
360    opls_146     1.968020    0.322670    4.676430
361    opls_146     7.857120   16.334140    4.415210
362    opls_146     9.619510   16.132700    2.639560
363    opls_144    28.619090   20.456660    4.526210
364    opls_146    28.005180   14.475070    3.585380
365    opls_146     2.125160   17.455690    5.099160
366    opls_146    28.448480   19.197420    3.293690
367    opls_146    28.250920   17.187200    1.763890
368    opls_146    13.087120   29.560150    0.307850
369    opls_146    17.058790    2.280810    1.917590
370    opls_146    13.600160    4.258710    0.064960
371    opls_146    13.365490    2.333490    5.014030
372    opls_144    13.920430    5.626900    1.344970
373    opls_146    27.717840    2.270040    3.509590
374    opls_144    24.530090   28.913320    3.213890
375    opls_146    15.342190   13.081440    5.270910
376    opls_146    12.648320   17.074350    6.849910
377    opls_146    10.668930   13.661520    4.910650
378    opls_146    12.628270   13.428650    3.326140
379    opls_144     9.290260   14.018610   -0.539120
380    opls_185    27.898030   26.242790    6.390990
381    opls_185    27.951310   24.630660    5.443660
382    opls_185    28.149750   23.089770    3.758130
383    opls_185    28.165620   21.264520    4.170280
384    opls_185     6.082760   11.887450    1.613480
385    opls_185     4.736720   11.657580    2.879240
386    opls_185     8.312090   12.806960    5.219090
387    opls_185     8.635050   12.330750    6.988630
388    opls_185    25.755200   24.187070    5.975750
389    opls_185    25.714790   25.597160    7.200450
390    opls_185    26.250870   21.209740    3.178480
391    opls_185    25.625000   22.122670    4.684770
392    opls_185     2.990500   11.943430    1.159750
393    opls_185     4.262900   12.391810   -0.122760
394    opls_185     7.949010   10.350450    5.602940
395    opls_185     6.693070   10.738670    6.920850
396    opls_185    25.930900   26.087150    3.143930
397    opls_185    27.296700   25.149380    3.977310
398    opls_185    24.422930   24.299020    3.330080
399    opls_185    25.226900   23.621960    4.869070
400    opls_185     3.366140    9.488110    5.449500
401    opls_185     3.671150   11.317550    5.301650
402    opls_185     5.266520    9.652140    3.992610
403    opls_185     6.000450    9.287270    5.662900
404    opls_146     1.648650   20.877200    0.367160
405    opls_146     1.842010   22.654860    2.127830
406    opls_146     1.208350   25.659720    4.784280
407    opls_146     1.518150   27.573570    6.420680
408    opls_146    27.963880   29.609230    4.676430
409    opls_146    22.074780   13.597760    4.415210
410    opls_146    20.312390   13.799200    2.639560
411    opls_144     1.312810    9.475240    4.526210
412    opls_146     1.926720   15.456830    3.585380
413    opls_146    27.806740   12.476210    5.099160
414    opls_146     1.483420   10.734480    3.293690
415    opls_146     1.680980   12.744700    1.763890
416    opls_146    16.844780    0.371750    0.307850
417    opls_146    12.873110   27.651090    1.917590
418    opls_146    16.331740   25.673190    0.064960
419    opls_146    16.566410   27.598410    5.014030
420    opls_144    16.011470   24.305000    1.344970
421    opls_146     2.214060   27.661860    3.509590
422    opls_144     5.401810    1.018580    3.213890
423    opls_146    14.589710   16.850460    5.270910
424    opls_146    17.283580   12.857550    6.849910
425    opls_146    19.262970   16.270380    4.910650
426    opls_146    17.303630   16.503250    3.326140
427    opls_144    20.641640   15.913290   -0.539120
428    opls_185     2.033870    3.689110    6.390990
429    opls_185     1.980590    5.301240    5.443660
430    opls_185     1.782150    6.842130    3.758130
431    opls_185     1.766280    8.667380    4.170280
432    opls_185    23.849140   18.044450    1.613480
433    opls_185    25.195180   18.274320    2.879240
434    opls_185    21.619810   17.124940    5.219090
435    opls_185    21.296850   17.601150    6.988630
436    opls_185     4.176700    5.744830    5.975750
437    opls_185     4.217110    4.334740    7.200450
438    opls_185     3.681030    8.722160    3.178480
439    opls_185     4.306900    7.809230    4.684770
440    opls_185    26.941400   17.988470    1.159750
441    opls_185    25.669000   17.540090   -0.122760
442    opls_185    21.982890   19.581450    5.602940
443    opls_185    23.238830   19.193230    6.920850
444    opls_185     4.001000    3.844750    3.143930
445    opls_185     2.635200    4.782520    3.977310
446    opls_185     5.508970    5.632880    3.330080
447    opls_185     4.705000    6.309940    4.869070
448    opls_185    26.565760   20.443790    5.449500
449    opls_185    26.260750   18.614350    5.301650
450    opls_185    24.665380   20.279760    3.992610
451    opls_185    23.931450   20.644630    5.662900
