0      opls_507     8.583900    6.926400    1.992550
1      opls_700     9.851400    6.275100    1.995350
2      opls_543    11.083800    6.992700    2.013550
3      opls_543    12.577500    8.564400    2.026850
4      opls_716    13.263900    7.367100    2.060800
5      opls_716    12.316200    6.368700    2.052050
6      opls_700    13.228800    9.835800    2.022300
7      opls_507    12.511200   11.064300    2.000600
8      opls_716     7.312500    6.208800    1.961050
9      opls_716     6.357000    7.117500    1.973650
10     opls_507     7.012200    8.424000    2.011800
11     opls_716    13.162500   12.370800    1.956850
12     opls_716    12.207000   13.279500    1.946350
13     opls_507    10.935600   12.561900    1.984500
14     opls_700     9.668100   13.213200    1.989050
15     opls_543     8.435700   12.495600    2.013550
16     opls_543     6.942000   10.923900    2.034900
17     opls_716     6.259500   12.121200    2.070600
18     opls_716     7.207200   13.119600    2.056250
19     opls_700     6.294600    9.652500    2.035600
20     opls_145    14.745900    9.886500    2.048550
21     opls_145     9.890400    4.754100    1.974000
22     opls_145     4.795830    9.777300    2.184840
23     opls_145     9.625200   14.730300    1.961050
24     opls_145    15.389400   10.654800    2.395400
25     opls_145    16.793400   10.713300    2.424800
26     opls_916    17.608500   10.007400    2.109450
27     opls_145     9.176700    3.954600    2.296000
28     opls_145     9.219600    2.542800    2.272550
29     opls_916     9.980100    1.891500    1.926050
30     opls_916     9.516000   17.592900    1.899100
31     opls_145    10.288200   16.961100    2.246650
32     opls_145    10.342800   15.549300    2.276750
33     opls_145     2.753400   10.299510    1.330310
34     opls_145     4.155450   10.382970    1.508750
35     opls_145    16.894800    8.697780    1.481100
36     opls_145    15.490800    8.639280    1.451690
37     opls_145     8.228220   15.447120    1.285200
38     opls_145     8.173620   16.858920    1.255100
39     opls_145     4.050540    8.632260    3.105760
40     opls_145     2.648880    8.548800    2.927330
41     opls_916     2.001090    9.353760    2.067240
42     opls_145    11.296740    2.635230    1.278450
43     opls_145    11.253840    4.047030    1.301900
44     opls_507    30.416100   32.073600    1.992550
45     opls_700    29.148600   32.724900    1.995350
46     opls_543    27.916200   32.007300    2.013550
47     opls_543    26.422500   30.435600    2.026850
48     opls_716    25.736100   31.632900    2.060800
49     opls_716    26.683800   32.631300    2.052050
50     opls_700    25.771200   29.164200    2.022300
51     opls_507    26.488800   27.935700    2.000600
52     opls_716    31.687500   32.791200    1.961050
53     opls_716    32.643000   31.882500    1.973650
54     opls_507    31.987800   30.576000    2.011800
55     opls_716    25.837500   26.629200    1.956850
56     opls_716    26.793000   25.720500    1.946350
57     opls_507    28.064400   26.438100    1.984500
58     opls_700    29.331900   25.786800    1.989050
59     opls_543    30.564300   26.504400    2.013550
60     opls_543    32.058000   28.076100    2.034900
61     opls_716    32.740500   26.878800    2.070600
62     opls_716    31.792800   25.880400    2.056250
63     opls_700    32.705400   29.347500    2.035600
64     opls_145    24.254100   29.113500    2.048550
65     opls_145    29.109600   34.245900    1.974000
66     opls_145    34.204170   29.222700    2.184840
67     opls_145    29.374800   24.269700    1.961050
68     opls_145    23.610600   28.345200    2.395400
69     opls_145    22.206600   28.286700    2.424800
70     opls_916    21.391500   28.992600    2.109450
71     opls_145    29.823300   35.045400    2.296000
72     opls_145    29.780400   36.457200    2.272550
73     opls_916    29.019900   37.108500    1.926050
74     opls_916    29.484000   21.407100    1.899100
75     opls_145    28.711800   22.038900    2.246650
76     opls_145    28.657200   23.450700    2.276750
77     opls_145    36.246600   28.700490    1.330310
78     opls_145    34.844550   28.617030    1.508750
79     opls_145    22.105200   30.302220    1.481100
80     opls_145    23.509200   30.360720    1.451690
81     opls_145    30.771780   23.552880    1.285200
82     opls_145    30.826380   22.141080    1.255100
83     opls_145    34.949460   30.367740    3.105760
84     opls_145    36.351120   30.451200    2.927330
85     opls_916    36.998910   29.646240    2.067240
86     opls_145    27.703260   36.364770    1.278450
87     opls_145    27.746160   34.952970    1.301900
88     opls_507    32.073600    8.583900    1.992550
89     opls_700    32.724900    9.851400    1.995350
90     opls_543    32.007300   11.083800    2.013550
91     opls_543    30.435600   12.577500    2.026850
92     opls_716    31.632900   13.263900    2.060800
93     opls_716    32.631300   12.316200    2.052050
94     opls_700    29.164200   13.228800    2.022300
95     opls_507    27.935700   12.511200    2.000600
96     opls_716    32.791200    7.312500    1.961050
97     opls_716    31.882500    6.357000    1.973650
98     opls_507    30.576000    7.012200    2.011800
99     opls_716    26.629200   13.162500    1.956850
100    opls_716    25.720500   12.207000    1.946350
101    opls_507    26.438100   10.935600    1.984500
102    opls_700    25.786800    9.668100    1.989050
103    opls_543    26.504400    8.435700    2.013550
104    opls_543    28.076100    6.942000    2.034900
105    opls_716    26.878800    6.259500    2.070600
106    opls_716    25.880400    7.207200    2.056250
107    opls_700    29.347500    6.294600    2.035600
108    opls_145    29.113500   14.745900    2.048550
109    opls_145    34.245900    9.890400    1.974000
110    opls_145    29.222700    4.795830    2.184840
111    opls_145    24.269700    9.625200    1.961050
112    opls_145    28.345200   15.389400    2.395400
113    opls_145    28.286700   16.793400    2.424800
114    opls_916    28.992600   17.608500    2.109450
115    opls_145    35.045400    9.176700    2.296000
116    opls_145    36.457200    9.219600    2.272550
117    opls_916    37.108500    9.980100    1.926050
118    opls_916    21.407100    9.516000    1.899100
119    opls_145    22.038900   10.288200    2.246650
120    opls_145    23.450700   10.342800    2.276750
121    opls_145    28.700490    2.753400    1.330310
122    opls_145    28.617030    4.155450    1.508750
123    opls_145    30.302220   16.894800    1.481100
124    opls_145    30.360720   15.490800    1.451690
125    opls_145    23.552880    8.228220    1.285200
126    opls_145    22.141080    8.173620    1.255100
127    opls_145    30.367740    4.050540    3.105760
128    opls_145    30.451200    2.648880    2.927330
129    opls_916    29.646240    2.001090    2.067240
130    opls_145    36.364770   11.296740    1.278450
131    opls_145    34.952970   11.253840    1.301900
132    opls_507     6.926400   30.416100    1.992550
133    opls_700     6.275100   29.148600    1.995350
134    opls_543     6.992700   27.916200    2.013550
135    opls_543     8.564400   26.422500    2.026850
136    opls_716     7.367100   25.736100    2.060800
137    opls_716     6.368700   26.683800    2.052050
138    opls_700     9.835800   25.771200    2.022300
139    opls_507    11.064300   26.488800    2.000600
140    opls_716     6.208800   31.687500    1.961050
141    opls_716     7.117500   32.643000    1.973650
142    opls_507     8.424000   31.987800    2.011800
143    opls_716    12.370800   25.837500    1.956850
144    opls_716    13.279500   26.793000    1.946350
145    opls_507    12.561900   28.064400    1.984500
146    opls_700    13.213200   29.331900    1.989050
147    opls_543    12.495600   30.564300    2.013550
148    opls_543    10.923900   32.058000    2.034900
149    opls_716    12.121200   32.740500    2.070600
150    opls_716    13.119600   31.792800    2.056250
151    opls_700     9.652500   32.705400    2.035600
152    opls_145     9.886500   24.254100    2.048550
153    opls_145     4.754100   29.109600    1.974000
154    opls_145     9.777300   34.204170    2.184840
155    opls_145    14.730300   29.374800    1.961050
156    opls_145    10.654800   23.610600    2.395400
157    opls_145    10.713300   22.206600    2.424800
158    opls_916    10.007400   21.391500    2.109450
159    opls_145     3.954600   29.823300    2.296000
160    opls_145     2.542800   29.780400    2.272550
161    opls_916     1.891500   29.019900    1.926050
162    opls_916    17.592900   29.484000    1.899100
163    opls_145    16.961100   28.711800    2.246650
164    opls_145    15.549300   28.657200    2.276750
165    opls_145    10.299510   36.246600    1.330310
166    opls_145    10.382970   34.844550    1.508750
167    opls_145     8.697780   22.105200    1.481100
168    opls_145     8.639280   23.509200    1.451690
169    opls_145    15.447120   30.771780    1.285200
170    opls_145    16.858920   30.826380    1.255100
171    opls_145     8.632260   34.949460    3.105760
172    opls_145     8.548800   36.351120    2.927330
173    opls_916     9.353760   36.998910    2.067240
174    opls_145     2.635230   27.703260    1.278450
175    opls_145     4.047030   27.746160    1.301900
176    opls_542    11.235900    8.342100    2.000600
177    opls_542     8.361600    8.268000    2.019500
178    opls_542    11.157900   11.220300    2.013200
179    opls_542     8.283600   11.146200    2.002700
180    opls_239    19.051500   10.097100    2.152850
181    opls_239     9.430200   19.035900    1.855700
182    opls_239     0.455910    9.231300    1.927000
183    opls_239    38.555400   10.050300    1.891400
184    opls_542    27.764100   30.657900    2.000600
185    opls_542    30.638400   30.732000    2.019500
186    opls_542    27.842100   27.779700    2.013200
187    opls_542    30.716400   27.853800    2.002700
188    opls_239    19.948500   28.902900    2.152850
189    opls_239    29.569800   19.964100    1.855700
190    opls_239    38.544090   29.768700    1.927000
191    opls_239     0.444600   28.949700    1.891400
192    opls_542    30.657900   11.235900    2.000600
193    opls_542    30.732000    8.361600    2.019500
194    opls_542    27.779700   11.157900    2.013200
195    opls_542    27.853800    8.283600    2.002700
196    opls_239    28.902900   19.051500    2.152850
197    opls_239    19.964100    9.430200    1.855700
198    opls_239    29.768700    0.455910    1.927000
199    opls_239    28.949700   38.555400    1.891400
200    opls_542     8.342100   27.764100    2.000600
201    opls_542     8.268000   30.638400    2.019500
202    opls_542    11.220300   27.842100    2.013200
203    opls_542    11.146200   30.716400    2.002700
204    opls_239    10.097100   19.948500    2.152850
205    opls_239    19.035900   29.569800    1.855700
206    opls_239     9.231300   38.544090    1.927000
207    opls_239    10.050300    0.444600    1.891400
208    opls_272    19.184100   11.571300    2.154950
209    opls_272    19.644300    7.987200    1.872500
210    opls_272     0.226200    7.901400    2.202200
211    opls_272    38.754300   11.512800    1.916600
212    opls_272    19.815900   27.428700    2.154950
213    opls_272    19.355700   31.012800    1.872500
214    opls_272    38.773800   31.098600    2.202200
215    opls_272     0.245700   27.487200    1.916600
216    opls_272    27.428700   19.184100    2.154950
217    opls_272    31.012800   19.644300    1.872500
218    opls_272    31.098600    0.226200    2.202200
219    opls_272    27.487200   38.754300    1.916600
220    opls_272    11.571300   19.815900    2.154950
221    opls_272     7.987200   19.355700    1.872500
222    opls_272     7.901400   38.773800    2.202200
223    opls_272    11.512800    0.245700    1.916600
224    opls_547    14.270100    7.159620    2.381260
225    opls_547    12.582180    5.371860    2.364560
226    opls_547     7.111260    5.219760    1.578040
227    opls_547     5.383560    6.853080    1.588510
228    opls_547    14.145300   12.627810    1.589420
229    opls_547    12.408240   14.269320    1.566180
230    opls_547     5.250180   12.325950    2.382060
231    opls_547     6.937710   14.114490    2.371490
232    opls_146    14.950650   11.614590    2.826040
233    opls_146    17.316780   11.636820    2.840810
234    opls_146     8.171670    4.238130    2.753380
235    opls_146     8.338200    1.939080    2.670290
236    opls_146    11.244870   17.411550    2.672320
237    opls_146    11.354070   15.278250    2.727580
238    opls_146     2.230410   10.994100    0.593150
239    opls_146     4.622670   11.187540    0.850220
240    opls_545    10.501530    9.040200    1.912440
241    opls_545     9.017190   10.448490    1.902320
242    opls_146    17.510220    7.822230    1.088920
243    opls_146    14.967420    7.716150    1.035790
244    opls_146     7.348770   14.834430    0.896730
245    opls_146     7.249710   17.385030    0.843180
246    opls_146     4.573530    7.937670    3.842930
247    opls_146     2.042820    7.787130    3.520820
248    opls_146    12.212460    2.099760    0.861770
249    opls_146    12.135240    4.650750    0.904580
250    opls_547    24.729900   31.840380    2.381260
251    opls_547    26.417820   33.628140    2.364560
252    opls_547    31.888740   33.780240    1.578040
253    opls_547    33.616440   32.146920    1.588510
254    opls_547    24.854700   26.372190    1.589420
255    opls_547    26.591760   24.730680    1.566180
256    opls_547    33.749820   26.674050    2.382060
257    opls_547    32.062290   24.885510    2.371490
258    opls_146    24.049350   27.385410    2.826040
259    opls_146    21.683220   27.363180    2.840810
260    opls_146    30.828330   34.761870    2.753380
261    opls_146    30.661800   37.060920    2.670290
262    opls_146    27.755130   21.588450    2.672320
263    opls_146    27.645930   23.721750    2.727580
264    opls_146    36.769590   28.005900    0.593150
265    opls_146    34.377330   27.812460    0.850220
266    opls_545    28.498470   29.959800    1.912440
267    opls_545    29.982810   28.551510    1.902320
268    opls_146    21.489780   31.177770    1.088920
269    opls_146    24.032580   31.283850    1.035790
270    opls_146    31.651230   24.165570    0.896730
271    opls_146    31.750290   21.614970    0.843180
272    opls_146    34.426470   31.062330    3.842930
273    opls_146    36.957180   31.212870    3.520820
274    opls_146    26.787540   36.900240    0.861770
275    opls_146    26.864760   34.349250    0.904580
276    opls_547    31.840380   14.270100    2.381260
277    opls_547    33.628140   12.582180    2.364560
278    opls_547    33.780240    7.111260    1.578040
279    opls_547    32.146920    5.383560    1.588510
280    opls_547    26.372190   14.145300    1.589420
281    opls_547    24.730680   12.408240    1.566180
282    opls_547    26.674050    5.250180    2.382060
283    opls_547    24.885510    6.937710    2.371490
284    opls_146    27.385410   14.950650    2.826040
285    opls_146    27.363180   17.316780    2.840810
286    opls_146    34.761870    8.171670    2.753380
287    opls_146    37.060920    8.338200    2.670290
288    opls_146    21.588450   11.244870    2.672320
289    opls_146    23.721750   11.354070    2.727580
290    opls_146    28.005900    2.230410    0.593150
291    opls_146    27.812460    4.622670    0.850220
292    opls_545    29.959800   10.501530    1.912440
293    opls_545    28.551510    9.017190    1.902320
294    opls_146    31.177770   17.510220    1.088920
295    opls_146    31.283850   14.967420    1.035790
296    opls_146    24.165570    7.348770    0.896730
297    opls_146    21.614970    7.249710    0.843180
298    opls_146    31.062330    4.573530    3.842930
299    opls_146    31.212870    2.042820    3.520820
300    opls_146    36.900240   12.212460    0.861770
301    opls_146    34.349250   12.135240    0.904580
302    opls_547     7.159620   24.729900    2.381260
303    opls_547     5.371860   26.417820    2.364560
304    opls_547     5.219760   31.888740    1.578040
305    opls_547     6.853080   33.616440    1.588510
306    opls_547    12.627810   24.854700    1.589420
307    opls_547    14.269320   26.591760    1.566180
308    opls_547    12.325950   33.749820    2.382060
309    opls_547    14.114490   32.062290    2.371490
310    opls_146    11.614590   24.049350    2.826040
311    opls_146    11.636820   21.683220    2.840810
312    opls_146     4.238130   30.828330    2.753380
313    opls_146     1.939080   30.661800    2.670290
314    opls_146    17.411550   27.755130    2.672320
315    opls_146    15.278250   27.645930    2.727580
316    opls_146    10.994100   36.769590    0.593150
317    opls_146    11.187540   34.377330    0.850220
318    opls_545     9.040200   28.498470    1.912440
319    opls_545    10.448490   29.982810    1.902320
320    opls_146     7.822230   21.489780    1.088920
321    opls_146     7.716150   24.032580    1.035790
322    opls_146    14.834430   31.651230    0.896730
323    opls_146    17.385030   31.750290    0.843180
324    opls_146     7.937670   34.426470    3.842930
325    opls_146     7.787130   36.957180    3.520820
326    opls_146     2.099760   26.787540    0.861770
327    opls_146     4.650750   26.864760    0.904580
