0      opls_145   -11.287130   21.889440    1.267450
1      opls_145   -11.927260   23.129910    1.224330
2      opls_916   -13.329980   23.219050    1.203370
3      opls_916    38.616120   18.179430    0.958870
4      opls_916    35.301620   24.582470    0.771710
5      opls_145    34.468050   25.378130    1.562380
6      opls_145    33.110970   25.497130    1.251460
7      opls_145    32.572750   24.813440    0.156550
8      opls_145    33.424830   24.068280    5.035650
9      opls_145    34.784700   23.964650    5.337720
10     opls_145    37.828940   17.708270    2.016370
11     opls_145    37.101850   16.522680    1.880390
12     opls_145    37.163200   15.785860    0.696660
13     opls_145    37.989170   16.248680    5.346010
14     opls_145    38.706110   17.424610    5.496380
15     opls_145    23.998270   25.121700    3.936000
16     opls_145    22.604680   25.183610    4.028810
17     opls_700    21.944770   24.545590    5.084030
18     opls_145    22.679970   23.821940    0.319320
19     opls_145    24.066970   23.736320    0.212800
20     opls_700    24.735240   24.392340    4.881390
21     opls_142    30.460690   23.968160    5.047190
22     opls_142    20.488310   24.636480    5.207730
23     opls_700    26.201850   24.313740    4.800120
24     opls_145    26.826260   23.068880    4.648880
25     opls_145    28.218330   22.970080    4.684240
26     opls_700    29.002970   24.110440    4.902870
27     opls_145    28.379060   25.361450    5.028690
28     opls_145    26.985220   25.464200    4.965800
29     opls_145    12.038560   23.190950    1.267450
30     opls_145    11.284340   22.016340    1.224330
31     opls_916    11.908500   20.756980    1.203370
32     opls_916    15.651690   24.352820    0.958870
33     opls_916    11.763740   18.280860    0.771710
34     opls_145    11.491460   17.161140    1.562380
35     opls_145    12.066950   15.926380    1.251460
36     opls_145    12.928150   15.802110    0.156550
37     opls_145    13.147440   16.912610    5.035650
38     opls_145    12.557250   18.142110    5.337720
39     opls_145    16.453320   23.906690    2.016370
40     opls_145    17.843610   23.869810    1.880390
41     opls_145    18.451040   24.291350    0.696660
42     opls_145    17.637250   24.775240    5.346010
43     opls_145    16.260390   24.808170    5.496380
44     opls_145    16.948440    8.222260    3.936000
45     opls_145    17.591610    6.984420    4.028810
46     opls_700    18.474110    6.731930    5.084030
47     opls_145    18.733210    7.730460    0.319320
48     opls_145    18.113860    8.974450    0.212800
49     opls_700    17.211590    9.225180    4.881390
50     opls_142    14.716210   14.395650    5.047190
51     opls_142    19.123620    5.425160    5.207730
52     opls_700    16.546360   10.534590    4.800120
53     opls_145    17.312240   11.697790    4.648880
54     opls_145    16.701770   12.952750    4.684240
55     opls_700    15.321870   13.062090    4.902870
56     opls_145    14.550410   11.896260    5.028690
57     opls_145    15.158350   10.637780    4.965800
58     opls_145    -0.751430   42.740830    1.267450
59     opls_145     0.642920   42.674960    1.224330
60     opls_916     1.421480   43.845180    1.203370
61     opls_916    21.787590    1.378350    0.958870
62     opls_916    28.990040    1.047270    0.771710
63     opls_145    30.095880    1.371330    1.562380
64     opls_145    30.877480    2.487100    1.251460
65     opls_145    30.554500    3.295050    0.156550
66     opls_145    29.483130    2.929720    5.035650
67     opls_145    28.713450    1.803850    5.337720
68     opls_145    21.773140    2.295650    2.016370
69     opls_145    21.109940    3.518120    1.880390
70     opls_145    20.441160    3.833400    0.696660
71     opls_145    20.428990    2.886680    5.346010
72     opls_145    21.088890    1.677820    5.496380
73     opls_145    35.108690   10.566650    3.936000
74     opls_145    35.859110   11.742570    4.028810
75     opls_700    35.636520   12.633080    5.084030
76     opls_145    34.642220   12.358200    0.319320
77     opls_145    33.874570   11.199840    0.212800
78     opls_700    34.108570   10.293090    4.881390
79     opls_142    30.878490    5.546790    5.047190
80     opls_142    36.443470   13.848970    5.207730
81     opls_700    33.307190    9.062270    4.800120
82     opls_145    31.916900    9.143940    4.648880
83     opls_145    31.135310    7.987780    4.684240
84     opls_700    31.730570    6.738080    4.902870
85     opls_145    33.125930    6.652900    5.028690
86     opls_145    33.911840    7.808620    4.965800
87     opls_145    36.638930   22.021170    1.267450
88     opls_145    37.279060   20.780690    1.224330
89     opls_916    38.681780   20.691560    1.203370
90     opls_916   -13.264320   25.731180    0.958870
91     opls_916    -9.949820   19.328130    0.771710
92     opls_145    -9.116250   18.532470    1.562380
93     opls_145    -7.759170   18.413470    1.251460
94     opls_145    -7.220950   19.097160    0.156550
95     opls_145    -8.073030   19.842320    5.035650
96     opls_145    -9.432900   19.945950    5.337720
97     opls_145   -12.477140   26.202340    2.016370
98     opls_145   -11.750050   27.387920    1.880390
99     opls_145   -11.811400   28.124740    0.696660
100    opls_145   -12.637370   27.661930    5.346010
101    opls_145   -13.354310   26.486000    5.496380
102    opls_145     1.353530   18.788910    3.936000
103    opls_145     2.747120   18.727000    4.028810
104    opls_700     3.407030   19.365020    5.084030
105    opls_145     2.671830   20.088660    0.319320
106    opls_145     1.284830   20.174290    0.212800
107    opls_700     0.616560   19.518260    4.881390
108    opls_142    -5.108890   19.942440    5.047190
109    opls_142     4.863490   19.274120    5.207730
110    opls_700    -0.850050   19.596860    4.800120
111    opls_145    -1.474460   20.841730    4.648880
112    opls_145    -2.866530   20.940530    4.684240
113    opls_700    -3.651170   19.800170    4.902870
114    opls_145    -3.027260   18.549160    5.028690
115    opls_145    -1.633420   18.446410    4.965800
116    opls_145    13.313240   20.719660    1.267450
117    opls_145    14.067460   21.894270    1.224330
118    opls_916    13.443300   23.153620    1.203370
119    opls_916     9.700110   19.557780    0.958870
120    opls_916    13.588060   25.629740    0.771710
121    opls_145    13.860340   26.749460    1.562380
122    opls_145    13.284850   27.984230    1.251460
123    opls_145    12.423650   28.108500    0.156550
124    opls_145    12.204360   26.998000    5.035650
125    opls_145    12.794550   25.768500    5.337720
126    opls_145     8.898480   20.003920    2.016370
127    opls_145     7.508190   20.040800    1.880390
128    opls_145     6.900760   19.619260    0.696660
129    opls_145     7.714550   19.135360    5.346010
130    opls_145     9.091410   19.102430    5.496380
131    opls_145     8.403360   35.688340    3.936000
132    opls_145     7.760190   36.926180    4.028810
133    opls_700     6.877690   37.178670    5.084030
134    opls_145     6.618590   36.180140    0.319320
135    opls_145     7.237940   34.936160    0.212800
136    opls_700     8.140210   34.685430    4.881390
137    opls_142    10.635590   29.514950    5.047190
138    opls_142     6.228180   38.485450    5.207730
139    opls_700     8.805440   33.376010    4.800120
140    opls_145     8.039560   32.212820    4.648880
141    opls_145     8.650030   30.957860    4.684240
142    opls_700    10.029930   30.848520    4.902870
143    opls_145    10.801390   32.014340    5.028690
144    opls_145    10.193450   33.272820    4.965800
145    opls_145    26.103230    1.169780    1.267450
146    opls_145    24.708880    1.235640    1.224330
147    opls_916    23.930320    0.065430    1.203370
148    opls_916     3.564210   42.532250    0.958870
149    opls_916    -3.638240   42.863340    0.771710
150    opls_145    -4.744080   42.539280    1.562380
151    opls_145    -5.525680   41.423510    1.251460
152    opls_145    -5.202700   40.615550    0.156550
153    opls_145    -4.131330   40.980890    5.035650
154    opls_145    -3.361650   42.106760    5.337720
155    opls_145     3.578660   41.614960    2.016370
156    opls_145     4.241860   40.392490    1.880390
157    opls_145     4.910640   40.077210    0.696660
158    opls_145     4.922810   41.023920    5.346010
159    opls_145     4.262910   42.232780    5.496380
160    opls_145    -9.756890   33.343960    3.936000
161    opls_145   -10.507310   32.168030    4.028810
162    opls_700   -10.284720   31.277520    5.084030
163    opls_145    -9.290420   31.552400    0.319320
164    opls_145    -8.522770   32.710770    0.212800
165    opls_700    -8.756770   33.617520    4.881390
166    opls_142    -5.526690   38.363820    5.047190
167    opls_142   -11.091670   30.061640    5.207730
168    opls_700    -7.955390   34.848330    4.800120
169    opls_145    -6.565100   34.766660    4.648880
170    opls_145    -5.783510   35.922830    4.684240
171    opls_700    -6.378770   37.172520    4.902870
172    opls_145    -7.774130   37.257710    5.028690
173    opls_145    -8.560040   36.101980    4.965800
174    opls_239    39.354360   19.411560    1.072700
175    opls_750    36.381860   14.577440    0.571360
176    opls_750    31.160660   24.895120    5.627520
177    opls_239    14.215510   24.376090    1.072700
178    opls_750    19.888230   24.218890    0.571360
179    opls_750    13.563470   14.538360    5.627520
180    opls_239    22.485530    0.122950    1.072700
181    opls_750    19.785310    5.114270    0.571360
182    opls_750    31.331280    4.477130    5.627520
183    opls_239   -14.002560   24.499040    1.072700
184    opls_750   -11.030060   29.333160    0.571360
185    opls_750    -5.808860   19.015490    5.627520
186    opls_239    11.136290   19.534510    1.072700
187    opls_750     5.463570   19.691710    0.571360
188    opls_750    11.788330   29.372240    5.627520
189    opls_239     2.866270   43.787660    1.072700
190    opls_750     5.566490   38.796340    0.571360
191    opls_750    -5.979480   39.433480    5.627520
192    opls_146   -10.210180   21.875390    1.307830
193    opls_146   -11.314760   24.016910    1.180640
194    opls_146    34.887880   25.912970    2.406860
195    opls_146    32.471600   26.108370    1.869590
196    opls_146    33.052410   23.591850    4.141950
197    opls_146    35.449170   23.419720    4.679380
198    opls_146    37.784830   18.250130    2.946630
199    opls_146    36.517750   16.162620    2.711610
200    opls_146    38.129110   15.745460    4.389190
201    opls_146    39.331040   17.742080    4.680750
202    opls_146    24.498710   25.631060    3.123740
203    opls_146    22.166090   23.325310    1.132950
204    opls_144    30.919060   23.030230    4.759970
205    opls_144    19.807610   25.061100    4.405240
206    opls_146    22.041620   25.740840    3.289480
207    opls_146    24.619390   23.173820    0.952590
208    opls_146    26.232520   22.172220    4.520270
209    opls_146    28.682770   21.997020    4.583720
210    opls_146    28.976600   26.250640    5.192890
211    opls_146    26.514430   26.431550    5.093570
212    opls_146    11.512250   24.130630    1.307830
213    opls_146    10.209930   22.103280    1.180640
214    opls_146    10.818370   17.257310    2.406860
215    opls_146    11.857290   15.067050    1.869590
216    opls_146    13.746250   16.828300    4.141950
217    opls_146    12.696940   18.990020    4.679380
218    opls_146    16.006110   23.597560    2.946630
219    opls_146    18.447490   23.543990    2.711610
220    opls_146    18.003070   25.148040    4.389190
221    opls_146    15.672990   25.190640    4.680750
222    opls_146    16.257100    8.400980    3.123740
223    opls_146    19.420240    7.533740    1.132950
224    opls_144    15.299300   15.261570    4.759970
225    opls_144    19.096240    4.623350    4.405240
226    opls_146    17.390570    6.218180    3.289480
227    opls_146    18.324790    9.734100    0.952590
228    opls_146    18.385630   11.631920    4.520270
229    opls_146    17.312240   13.841500    4.583720
230    opls_146    13.481580   11.969150    5.192890
231    opls_146    14.555990    9.746400    5.093570
232    opls_146    -1.302070   41.815190    1.307830
233    opls_146     1.104830   41.701020    1.180640
234    opls_146    30.349150    0.740330    2.406860
235    opls_146    31.726510    2.735190    1.869590
236    opls_146    29.256740    3.490450    4.141950
237    opls_146    27.909290    1.500860    4.679380
238    opls_146    22.264460    2.062920    2.946630
239    opls_146    21.090160    4.204000    2.711610
240    opls_146    19.923220    3.017100    4.389190
241    opls_146    21.051370    0.977890    4.680750
242    opls_146    35.299590    9.878570    3.123740
243    opls_146    34.469070   13.051550    1.132950
244    opls_144    29.837040    5.618800    4.759970
245    opls_144    37.151540   14.226160    4.405240
246    opls_146    36.623210   11.951590    3.289480
247    opls_146    33.111230   11.002680    0.952590
248    opls_146    31.437250   10.106470    4.520270
249    opls_146    30.060390    8.072090    4.583720
250    opls_146    33.597220    5.690810    5.192890
251    opls_146    34.984980    7.732660    5.093570
252    opls_146    35.561980   22.035220    1.307830
253    opls_146    36.666560   19.893700    1.180640
254    opls_146    -9.536080   17.997640    2.406860
255    opls_146    -7.119800   17.802240    1.869590
256    opls_146    -7.700610   20.318750    4.141950
257    opls_146   -10.097370   20.490880    4.679380
258    opls_146   -12.433030   25.660480    2.946630
259    opls_146   -11.165950   27.747990    2.711610
260    opls_146   -12.777310   28.165140    4.389190
261    opls_146   -13.979240   26.168530    4.680750
262    opls_146     0.853090   18.279550    3.123740
263    opls_146     3.185710   20.585290    1.132950
264    opls_144    -5.567260   20.880370    4.759970
265    opls_144     5.544190   18.849510    4.405240
266    opls_146     3.310180   18.169770    3.289480
267    opls_146     0.732410   20.736780    0.952590
268    opls_146    -0.880720   21.738380    4.520270
269    opls_146    -3.330970   21.913590    4.583720
270    opls_146    -3.624800   17.659970    5.192890
271    opls_146    -1.162630   17.479060    5.093570
272    opls_146    13.839550   19.779970    1.307830
273    opls_146    15.141870   21.807320    1.180640
274    opls_146    14.533430   26.653300    2.406860
275    opls_146    13.494510   28.843560    1.869590
276    opls_146    11.605550   27.082310    4.141950
277    opls_146    12.654860   24.920590    4.679380
278    opls_146     9.345690   20.313050    2.946630
279    opls_146     6.904310   20.366620    2.711610
280    opls_146     7.348730   18.762560    4.389190
281    opls_146     9.678810   18.719970    4.680750
282    opls_146     9.094700   35.509630    3.123740
283    opls_146     5.931560   36.376860    1.132950
284    opls_144    10.052500   28.649040    4.759970
285    opls_144     6.255560   39.287260    4.405240
286    opls_146     7.961230   37.692420    3.289480
287    opls_146     7.027010   34.176500    0.952590
288    opls_146     6.966170   32.278690    4.520270
289    opls_146     8.039560   30.069100    4.583720
290    opls_146    11.870220   31.941450    5.192890
291    opls_146    10.795810   34.164210    5.093570
292    opls_146    26.653870    2.095410    1.307830
293    opls_146    24.246970    2.209580    1.180640
294    opls_146    -4.997350   43.170270    2.406860
295    opls_146    -6.374710   41.175410    1.869590
296    opls_146    -3.904940   40.420150    4.141950
297    opls_146    -2.557490   42.409740    4.679380
298    opls_146     3.087340   41.847690    2.946630
299    opls_146     4.261640   39.706600    2.711610
300    opls_146     5.428580   40.893510    4.389190
301    opls_146     4.300430   42.932720    4.680750
302    opls_146    -9.947790   34.032040    3.123740
303    opls_146    -9.117270   30.859060    1.132950
304    opls_144    -4.485240   38.291800    4.759970
305    opls_144   -11.799740   29.684450    4.405240
306    opls_146   -11.271410   31.959020    3.289480
307    opls_146    -7.759430   32.907930    0.952590
308    opls_146    -6.085450   33.804140    4.520270
309    opls_146    -4.708590   35.838520    4.583720
310    opls_146    -8.245420   38.219790    5.192890
311    opls_146    -9.633180   36.177950    5.093570
