0      opls_520     1.205180   58.038120    1.535760
1      opls_750    -9.712690   51.461160    0.632230
2      opls_520    50.949920   27.858090    1.466430
3      opls_750    39.653100   33.825600    1.316310
4      opls_520    -1.134490   57.959150    1.634520
5      opls_750    10.059370   51.920400    0.548050
6      opls_520    49.685300   29.809210    1.185370
7      opls_750    50.212720   17.186630    3.093170
8      opls_520     0.084430   56.018340    1.144620
9      opls_750    -0.206040   68.581690    3.460390
10     opls_520    48.616220   27.777410    1.659060
11     opls_750    59.376300   34.507160    0.257500
12     opls_520     1.277730   58.039840    5.068520
13     opls_750    -9.608900   51.412230    4.183530
14     opls_520    51.027440   27.854660    4.999050
15     opls_750    39.747050   33.848780    4.862870
16     opls_520    -1.061950   57.952290    5.163670
17     opls_750    10.152330   51.945290    4.072460
18     opls_520    49.767300   29.811780    4.717710
19     opls_750    50.166010   17.184910    6.627560
20     opls_520     0.163940   56.014910    4.678310
21     opls_750    -0.229910   68.574830    6.998250
22     opls_520    48.692260   27.783410    5.187440
23     opls_750    59.475140   34.478830    3.781990
24     opls_531    -1.110710   56.633800    1.338030
25     opls_700     2.547230   56.028640    1.058670
26     opls_523     2.598810   54.686120    0.645880
27     opls_145     3.824700   54.031170    0.508220
28     opls_700     5.029800   54.698140    0.793380
29     opls_145     4.976750   56.044950    1.194140
30     opls_523     3.751850   56.703330    1.319290
31     opls_700     6.333140   53.988250    0.694480
32     opls_145     6.436860   52.629430    1.042040
33     opls_145     7.666230   51.970190    0.973990
34     opls_145     8.820670   52.650890    0.574860
35     opls_145     8.721410   54.007140    0.208900
36     opls_145     7.491540   54.665520    0.269810
37     opls_145   -24.729680   44.275600    0.647720
38     opls_166   -23.664670   42.100450    0.404650
39     opls_700   -23.569060   43.506490    0.514730
40     opls_145   -12.373450   50.373590    0.537080
41     opls_145   -13.639060   49.782160    0.483950
42     opls_700   -13.761480   48.393290    0.369420
43     opls_145   -12.612340   47.595850    0.303840
44     opls_145   -11.346730   48.185560    0.357250
45     opls_700   -11.214360   49.577860    0.477020
46     opls_142    -9.866750   50.173580    0.548190
47     opls_261   -15.062410   47.782120    0.336740
48     opls_261   -16.149010   47.261070    0.319330
49     opls_700   -17.439530   46.628440    0.310560
50     opls_145   -18.598180   47.388970    0.511610
51     opls_145   -19.850910   46.766640    0.528520
52     opls_700   -19.947490   45.381210    0.344940
53     opls_145   -18.789840   44.622390    0.137170
54     opls_145   -17.538090   45.244720    0.119980
55     opls_261   -21.229590   44.733980    0.392130
56     opls_261   -22.297360   44.178610    0.442710
57     opls_531    48.541270   29.110480    1.406580
58     opls_700    47.227970   29.796330    1.377510
59     opls_523    47.136160   31.150010    1.011980
60     opls_145    45.898820   31.797230    0.985240
61     opls_700    44.722510   31.109660    1.332870
62     opls_145    44.816300   29.755990    1.701370
63     opls_523    46.052150   29.106190    1.718770
64     opls_700    43.405230   31.800670    1.314120
65     opls_145    43.298510   33.152630    1.687220
66     opls_145    42.060180   33.798130    1.673210
67     opls_145    41.000530   31.760320    0.917470
68     opls_145    42.240350   31.115670    0.921920
69     opls_145    24.740860   41.546790    1.580610
70     opls_700    26.015860   42.108180    1.470890
71     opls_166    26.162150   43.500480    1.346590
72     opls_145    37.364970   35.564690    1.319920
73     opls_145    36.212330   36.356130    1.329760
74     opls_700    34.948700   35.756110    1.295230
75     opls_145    34.840180   34.362090    1.249890
76     opls_145    35.990820   33.568940    1.240270
77     opls_700    37.263390   34.162090    1.275990
78     opls_142    38.463630   33.303700    1.267860
79     opls_261    33.763800   36.572440    1.309590
80     opls_261    32.775980   37.260870    1.323810
81     opls_700    31.600550   38.090070    1.344190
82     opls_145    31.720970   39.468640    1.555780
83     opls_145    30.580280   40.275520    1.582310
84     opls_700    29.314710   39.706410    1.397460
85     opls_145    29.192300   38.327840    1.183040
86     opls_145    30.333980   37.520960    1.156790
87     opls_261    28.142760   40.539900    1.427660
88     opls_261    27.169390   41.248070    1.451080
89     opls_145    40.899770   33.108850    1.306980
90     opls_181    -3.100950   84.318500    6.219800
91     opls_181    28.087120   44.371740    2.394160
92     opls_531     1.246840   56.712770    1.243660
93     opls_700    -0.014520   60.118000    2.032020
94     opls_523     1.137100   60.905140    1.866200
95     opls_145     1.096510   62.280270    2.103120
96     opls_700    -0.091170   62.903460    2.529130
97     opls_145    -1.236350   62.106880    2.718020
98     opls_523    -1.200720   60.733460    2.463270
99     opls_700    -0.136580   64.374740    2.768810
100    opls_145     0.998990   65.065740    3.232530
101    opls_145     0.956910   66.445170    3.442430
102    opls_145    -0.219190   67.165350    3.217460
103    opls_145    -1.355730   66.486370    2.740230
104    opls_145    -1.311170   65.107800    2.516260
105    opls_145    23.609130   42.360540    1.531230
106    opls_166    25.026960   44.327110    1.312490
107    opls_700    23.740990   43.745120    1.378710
108    opls_145    12.316630   50.145260    0.569910
109    opls_145    13.457320   49.338370    0.607190
110    opls_700    14.728360   49.911770    0.483390
111    opls_145    14.853760   51.295490    0.314030
112    opls_145    13.715070   52.104090    0.276680
113    opls_700    12.437070   51.537560    0.409320
114    opls_142    11.251280   52.415690    0.395450
115    opls_261    15.901810   49.086010    0.552080
116    opls_261    16.889140   48.400150    0.621690
117    opls_700    18.073550   47.589840    0.719240
118    opls_145    17.983910   46.195820    0.615110
119    opls_145    19.134570   45.409530    0.733890
120    opls_700    20.376350   46.016410    0.958500
121    opls_145    20.467470   47.409580    1.056410
122    opls_145    19.316820   48.195860    0.936920
123    opls_261    21.557780   45.209530    1.101890
124    opls_261    22.551090   44.540850    1.227600
125    opls_531    49.816800   27.143920    1.688210
126    opls_700    49.891060   25.686370    1.941330
127    opls_523    48.755950   24.973910    2.364300
128    opls_145    48.822870   23.594490    2.577380
129    opls_700    50.020860   22.889750    2.356380
130    opls_145    51.156470   23.608220    1.938920
131    opls_523    51.093530   24.989360    1.741270
132    opls_700    50.085150   21.415040    2.554320
133    opls_145    48.971260   20.602150    2.275520
134    opls_145    49.034200   19.219290    2.460440
135    opls_145    51.329820   19.417570    3.192490
136    opls_145    51.264900   20.802150    3.017540
137    opls_145    50.899920    0.588000    5.402500
138    opls_700    49.761710    1.388870    5.256910
139    opls_166    48.484160    0.788860    5.181150
140    opls_145    49.838610   14.369400    3.518830
141    opls_145    49.724650   12.989970    3.715420
142    opls_700    50.871330   12.203690    3.860300
143    opls_145    52.136450   12.799410    3.807880
144    opls_145    52.253390   14.178840    3.611780
145    opls_700    51.107720   14.975420    3.464000
146    opls_142    51.256090   16.429530    3.258280
147    opls_261    50.750350   10.784780    4.060860
148    opls_261    50.640170    9.596770    4.226820
149    opls_700    50.497320    8.179570    4.421720
150    opls_145    49.223780    7.596730    4.402900
151    opls_145    49.082490    6.218160    4.583650
152    opls_700    50.213740    5.417280    4.784770
153    opls_145    51.487780    5.999270    4.804860
154    opls_145    51.629570    7.378700    4.624400
155    opls_261    50.065920    3.998370    4.961630
156    opls_261    49.929900    2.810360    5.102200
157    opls_145    50.212960   18.611550    2.904780
158    opls_181   -21.521620   41.330480    1.189400
159    opls_181    47.007510    2.528810    5.944820
160    opls_531     0.019500   58.668180    1.733060
161    opls_700    -2.374110   55.866410    1.229300
162    opls_523    -3.606050   56.469850    1.533140
163    opls_145    -4.794350   55.742800    1.441180
164    opls_700    -4.783530   54.396850    1.033270
165    opls_145    -3.550590   53.796830    0.722780
166    opls_523    -2.360310   54.520450    0.824930
167    opls_700    -6.051410   53.623440    0.930130
168    opls_145    -7.243070   54.248350    0.517700
169    opls_145    -8.432860   53.522150    0.431600
170    opls_145    -8.459340   52.156460    0.731840
171    opls_145    -7.274150   51.527260    1.155660
172    opls_145    -6.084860   52.254310    1.254060
173    opls_145     1.226440   85.037830    5.431080
174    opls_166    -1.181380   85.226680    5.194590
175    opls_700    -0.027760   84.433530    5.307560
176    opls_145     0.170050   71.398920    3.890090
177    opls_145     0.286500   72.775770    4.098640
178    opls_700    -0.860680   73.559480    4.268990
179    opls_145    -2.124810   72.960320    4.232620
180    opls_145    -2.243240   71.583470    4.024290
181    opls_700    -1.097570   70.790320    3.848280
182    opls_142    -1.248910   69.341370    3.617730
183    opls_261    -0.741690   74.978390    4.466780
184    opls_261    -0.644920   76.168980    4.622840
185    opls_700    -0.534370   77.592180    4.795950
186    opls_145     0.722790   78.181040    4.987170
187    opls_145     0.830800   79.569050    5.123770
188    opls_700    -0.315860   80.370780    5.070930
189    opls_145    -1.572020   79.780210    4.888200
190    opls_145    -1.682020   78.393920    4.751030
191    opls_261    -0.203310   81.799140    5.175770
192    opls_261    -0.117460   82.998300    5.246090
193    opls_531    50.892870   29.191170    1.215650
194    opls_700    52.137890   29.964580    1.003140
195    opls_523    53.391730   29.380010    1.245220
196    opls_145    54.563160   30.124240    1.096300
197    opls_700    54.513570   31.468470    0.687130
198    opls_145    53.257740   32.044450    0.419440
199    opls_523    52.084820   31.304520    0.583350
200    opls_700    55.760630   32.271060    0.558590
201    opls_145    56.961770   31.672770    0.135610
202    opls_145    58.135690   32.423000    0.043650
203    opls_145    56.940670   34.391280    0.781500
204    opls_145    55.767240   33.640190    0.884710
205    opls_145    73.403510   43.667010    0.637820
206    opls_700    73.292020   42.281570    0.495060
207    opls_166    74.456080   41.487560    0.396020
208    opls_145    62.014780   35.641950    0.195960
209    opls_145    63.269990   36.256550    0.177420
210    opls_700    63.369060   37.649710    0.098260
211    opls_145    62.207960   38.428270    0.029920
212    opls_145    60.952260   37.816240    0.048530
213    opls_700    60.843730   36.418790    0.136250
214    opls_142    59.506020   35.797320    0.183720
215    opls_261    64.661070   38.279770    0.107880
216    opls_261    65.746180   38.801670    0.126560
217    opls_700    67.045620   39.415420    0.159950
218    opls_145    68.194290   38.632570    7.065100
219    opls_145    69.459400   39.224860    0.041740
220    opls_700    69.580810   40.601710    0.262460
221    opls_145    68.432140   41.386270    0.427780
222    opls_145    67.167030   40.793990    0.376560
223    opls_261    70.882220   41.205150    0.334540
224    opls_261    71.979710   41.698730    0.403240
225    opls_145    58.135830   33.787830    0.349890
226    opls_181    24.674670   46.576080    2.084800
227    opls_181    73.745590   39.333870    1.196970
228    opls_531    -1.034200   56.626940    4.868890
229    opls_700     2.626740   56.030360    4.596030
230    opls_523     2.679310   54.687840    4.186150
231    opls_145     3.906200   54.034610    4.047840
232    opls_700     5.110810   54.704150    4.327700
233    opls_145     5.055770   56.050960    4.727470
234    opls_523     3.829870   56.707620    4.854950
235    opls_700     6.416630   53.996840    4.221730
236    opls_145     6.526820   52.638870    4.568580
237    opls_145     7.758680   51.983920    4.497560
238    opls_145     8.910640   52.668910    4.097360
239    opls_145     8.803930   54.024310    3.729500
240    opls_145     7.570080   54.677540    3.791610
241    opls_166   -24.731830   44.485910    3.956160
242    opls_145   -23.668820   42.307320    4.179500
243    opls_700   -23.562800   43.697050    4.057890
244    opls_145   -12.254810   50.295470    4.073740
245    opls_145   -13.513980   49.691170    4.018340
246    opls_700   -13.621000   48.301440    3.902180
247    opls_145   -12.464870   47.516020    3.836680
248    opls_145   -11.204710   48.118600    3.892140
249    opls_700   -11.088250   49.512620    4.014100
250    opls_142    -9.747570   50.123800    4.088870
251    opls_261   -14.917460   47.680830    3.867450
252    opls_261   -16.007530   47.167510    3.848840
253    opls_700   -17.312410   46.564920    3.840430
254    opls_145   -18.448650   47.357210    4.044170
255    opls_145   -19.717230   46.770940    4.064750
256    opls_700   -19.853560   45.388930    3.880750
257    opls_145   -18.718320   44.596640    3.668590
258    opls_145   -17.449240   45.183780    3.648920
259    opls_261   -21.156950   44.785490    3.930830
260    opls_261   -22.251970   44.287620    3.984390
261    opls_531    48.621780   29.115630    4.936160
262    opls_700    47.309970   29.802340    4.906520
263    opls_523    47.219150   31.156020    4.539150
264    opls_145    45.981820   31.803240    4.514040
265    opls_700    44.806500   31.117390    4.867470
266    opls_145    44.899300   29.763710    5.236040
267    opls_523    46.134650   29.113060    5.249840
268    opls_700    43.489730   31.810970    4.856860
269    opls_145    43.388970   33.162930    5.231440
270    opls_145    42.152630   33.811870    5.221050
271    opls_145    41.085530   31.776630    4.467560
272    opls_145    42.322370   31.128550    4.470040
273    opls_166    24.699280   41.333050    4.890250
274    opls_700    25.971370   41.935640    5.015680
275    opls_145    26.077890   43.324510    5.126460
276    opls_145    37.469870   35.599890    4.860110
277    opls_145    36.321720   36.397330    4.869740
278    opls_700    35.055110   35.804180    4.834930
279    opls_145    34.938150   34.411020    4.788590
280    opls_145    36.085310   33.611860    4.779110
281    opls_700    37.359850   34.198140    4.815970
282    opls_142    38.555110   33.332890    4.809600
283    opls_261    33.873700   36.624800    4.850350
284    opls_261    32.882400   37.307220    4.865070
285    opls_700    31.693520   38.116680    4.883880
286    opls_145    31.787110   39.498680    5.090670
287    opls_145    30.629490   40.283250    5.111040
288    opls_700    29.376300   39.687530    4.924420
289    opls_145    29.283700   38.305520    4.717500
290    opls_145    30.440320   37.520960    4.697340
291    opls_261    28.184420   40.490120    4.950950
292    opls_261    27.179180   41.151930    4.977480
293    opls_145    40.988750   33.126870    4.855590
294    opls_531     1.323870   56.713630    4.778340
295    opls_700     0.045610   60.115420    5.561600
296    opls_523     1.189790   60.912000    5.398820
297    opls_145     1.138270   62.287140    5.637510
298    opls_700    -0.055890   62.899170    6.061760
299    opls_145    -1.194620   62.093140    6.246750
300    opls_523    -1.147070   60.721440    5.990380
301    opls_700    -0.116710   64.369590    6.303770
302    opls_145     1.010920   65.070890    6.771940
303    opls_145     0.954930   66.450320    6.982550
304    opls_145    -0.228640   67.159350    6.754400
305    opls_145    -1.356250   66.470060    6.273280
306    opls_145    -1.297780   65.091490    6.048600
307    opls_166    23.549650   42.139940    4.842080
308    opls_145    24.938190   44.124530    5.072910
309    opls_700    23.676580   43.545120    4.913310
310    opls_145    12.420050   50.181310    4.101400
311    opls_145    13.565210   49.380430    4.141370
312    opls_700    14.832790   49.959840    4.019900
313    opls_145    14.952230   51.343560    3.849270
314    opls_145    13.808560   52.147010    3.809090
315    opls_700    12.534030   51.574470    3.939960
316    opls_142    11.341770   52.446590    3.923690
317    opls_261    16.009730   49.136650    4.091920
318    opls_261    16.991570   48.441360    4.163790
319    opls_700    18.156560   47.604430    4.261910
320    opls_145    18.029160   46.213840    4.159050
321    opls_145    19.157900   45.396660    4.276410
322    opls_700    20.417520   45.967490    4.497420
323    opls_145    20.546400   47.358930    4.594120
324    opls_145    19.417660   48.176120    4.477180
325    opls_261    21.572550   45.123690    4.639260
326    opls_261    22.532500   44.407800    4.763130
327    opls_531    49.889850   27.144770    5.218150
328    opls_700    49.952180   25.687230    5.471760
329    opls_523    48.809140   24.986790    5.892180
330    opls_145    48.861160   23.607360    6.107100
331    opls_700    50.051180   22.890610    5.890060
332    opls_145    51.196210   23.596200    5.475510
333    opls_523    51.148670   24.978210    5.275660
334    opls_700    50.097570   21.414180    6.088570
335    opls_145    48.973760   20.616740    5.805810
336    opls_145    49.018320   19.233020    5.990590
337    opls_145    51.313400   19.401260    6.730350
338    opls_145    51.266860   20.786700    6.555970
339    opls_166    51.072760    0.533060    1.643710
340    opls_700    49.923150    1.353680    1.719620
341    opls_145    48.659550    0.770830    1.865000
342    opls_145    49.751650   14.371970    7.054210
343    opls_145    49.617820   12.994260    0.175940
344    opls_700    50.755030   12.193390    0.323010
345    opls_145    52.027580   12.772800    0.273140
346    opls_145    52.163400   14.150510    0.077180
347    opls_700    51.028190   14.961690    7.001720
348    opls_142    51.197920   16.413220    6.796350
349    opls_261    50.619150   10.776190    0.523070
350    opls_261    50.514430    9.587330    0.688680
351    opls_700    50.403380    8.166690    0.883930
352    opls_145    49.145690    7.549510    0.862780
353    opls_145    49.041660    6.166650    1.043950
354    opls_700    50.193830    5.398400    1.248610
355    opls_145    51.450540    6.015580    1.271110
356    opls_145    51.555060    7.397580    1.089300
357    opls_261    50.090740    3.976050    1.424830
358    opls_261    50.012840    2.782030    1.565120
359    opls_145    50.186620   18.608970    6.438740
360    opls_531     0.089060   58.666460    5.263070
361    opls_700    -2.294620   55.857820    4.759450
362    opls_523    -3.528550   56.459550    5.064560
363    opls_145    -4.715360   55.729920    4.976490
364    opls_700    -4.702060   54.383110    4.570490
365    opls_145    -3.468610   53.787390    4.254200
366    opls_523    -2.279320   54.512730    4.353880
367    opls_700    -5.966470   53.603700    4.478880
368    opls_145    -7.163600   54.220880    4.072250
369    opls_145    -8.348440   53.486100    3.988770
370    opls_145    -8.363490   52.119550    4.287800
371    opls_145    -7.172820   51.499790    4.712400
372    opls_145    -5.989970   52.236290    4.806560
373    opls_166     1.365980   84.975170    1.657580
374    opls_145    -1.036780   85.222380    1.893860
375    opls_700     0.086490   84.402620    1.770270
376    opls_145     0.115390   71.395490    0.354210
377    opls_145     0.217420   72.773200    0.562480
378    opls_700    -0.937230   73.545740    0.730420
379    opls_145    -2.195420   72.934570    0.692640
380    opls_145    -2.298940   71.556000    0.484940
381    opls_700    -1.146290   70.774870    0.310700
382    opls_142    -1.281240   69.323340    0.079730
383    opls_261    -0.829670   74.965520    0.927020
384    opls_261    -0.731900   76.156100    1.082160
385    opls_700    -0.606940   77.578450    1.254840
386    opls_145     0.657640   78.149270    1.450590
387    opls_145     0.785030   79.534710    1.588600
388    opls_700    -0.349180   80.352750    1.531520
389    opls_145    -1.613760   79.781930    1.343200
390    opls_145    -1.741650   78.395630    1.205740
391    opls_261    -0.209800   81.779390    1.636850
392    opls_261    -0.080720   82.974270    1.708020
393    opls_531    50.974360   29.189450    4.749610
394    opls_700    52.219880   29.962000    4.540140
395    opls_523    53.473710   29.375720    4.781020
396    opls_145    54.646130   30.118230    4.629780
397    opls_700    54.597050   31.463320    4.220880
398    opls_145    53.342710   32.041870    3.958570
399    opls_523    52.168300   31.302800    4.123260
400    opls_700    55.846090   32.262480    4.083780
401    opls_145    57.042750   31.659890    3.654940
402    opls_145    58.221130   32.404110    3.561630
403    opls_145    57.037550   34.378400    4.302090
404    opls_145    55.860650   33.631610    4.408280
405    opls_166    73.397840   43.857570    3.931470
406    opls_700    73.307200   42.458400    4.024850
407    opls_145    74.466830   41.691000    4.162870
408    opls_145    62.124530   35.596450    3.732900
409    opls_145    63.384690   36.202470    3.714710
410    opls_700    63.493210   37.594780    3.636190
411    opls_145    62.336590   38.381060    3.569200
412    opls_145    61.075930   37.777610    3.587520
413    opls_700    60.957970   36.381020    3.673470
414    opls_142    59.615800   35.768990    3.718320
415    opls_261    64.788190   38.219680    3.644400
416    opls_261    65.870330   38.748450    3.662150
417    opls_700    67.159370   39.385370    3.696460
418    opls_145    68.324970   38.626560    3.526330
419    opls_145    69.577700   39.245460    3.582850
420    opls_700    69.668810   40.624880    3.810640
421    opls_145    68.503200   41.383700    3.974340
422    opls_145    67.250970   40.765660    3.917540
423    opls_261    70.954360   41.260950    3.885980
424    opls_261    72.028570   41.801730    3.951210
425    opls_145    58.229720   33.768090    3.870210
426    opls_181    21.297940   41.741650    5.590390
427    opls_181    25.049620   39.104680    5.731390
428    opls_181   -24.038740   46.638740    4.776070
429    opls_181    71.619670   45.030130    4.943380
430    opls_181    52.840110    1.980300    2.401160
431    opls_181     3.092870   83.741670    2.686110
432    opls_179    -2.433090   84.630100    4.999970
433    opls_179    27.430700   44.066160    1.166910
434    opls_179   -22.535420   41.292710    0.181950
435    opls_179    47.320040    1.543380    4.956540
436    opls_179    25.208990   45.702240    1.087390
437    opls_179    74.389810   40.101270    0.176290
438    opls_179    22.311820   41.517610    4.606780
439    opls_179    24.548540   39.950190    4.692310
440    opls_179   -24.676990   45.874780    3.749800
441    opls_179    72.246170   44.628400    3.728090
442    opls_179    52.353180    1.064400    1.416630
443    opls_179     2.489760   84.161420    1.465020
444    opls_526     1.690560   54.140190    0.422120
445    opls_146     3.827570   53.005400    0.164830
446    opls_146     5.881010   56.584020    1.446770
447    opls_526     3.750480   57.735110    1.648240
448    opls_146     5.576320   52.080060    1.399160
449    opls_146     7.724730   50.927250    1.258160
450    opls_146     9.576000   54.563370   -0.146300
451    opls_146     7.443960   55.701590   -0.039470
452    opls_146   -24.666380   45.352020    0.746130
453    opls_146   -12.303690   51.449150    0.631380
454    opls_146   -14.522620   50.407060    0.538070
455    opls_146   -12.695510   46.519430    0.215770
456    opls_146   -10.468650   47.552930    0.308790
457    opls_144    -9.009590   49.515200    0.501500
458    opls_146   -18.533400   48.459380    0.663780
459    opls_146   -20.740980   47.361510    0.693850
460    opls_146   -18.853630   43.550270   -0.006370
461    opls_146   -16.647530   44.647290   -0.036500
462    opls_526    48.019580   31.709680    0.731690
463    opls_146    45.862170   32.831590    0.668100
464    opls_146    43.936870   29.201470    2.002310
465    opls_526    46.087300   28.065820    2.016250
466    opls_146    44.167020   33.707140    2.016670
467    opls_146    41.999690   34.837640    1.970970
468    opls_146    40.139470   31.203230    0.578110
469    opls_146    42.290930   30.086470    0.589570
470    opls_146    24.618440   40.476380    1.691750
471    opls_146    38.331260   36.051400    1.348080
472    opls_146    36.306440   37.434260    1.365480
473    opls_146    33.866450   33.888260    1.222650
474    opls_146    35.888260   32.491670    1.205320
475    opls_144    38.327290   32.231580    1.251020
476    opls_146    32.695650   39.918430    1.703630
477    opls_146    30.683820   41.340780    1.750110
478    opls_146    28.217620   37.879760    1.035390
479    opls_146    30.230450   36.455700    0.990050
480    opls_185    -2.511730   83.588870    6.814670
481    opls_185    -4.083590   83.861840    5.984860
482    opls_185    -3.276410   85.242130    6.814390
483    opls_185    29.072750   44.828410    2.170110
484    opls_185    28.259110   43.448980    2.987970
485    opls_185    27.488960   45.099660    2.985500
486    opls_526     2.064180   60.464780    1.523450
487    opls_146     1.992880   62.857110    1.919470
488    opls_146    -2.158470   62.538650    3.081280
489    opls_526    -2.100570   60.152330    2.617420
490    opls_146     1.916490   64.540410    3.458980
491    opls_146     1.840750   66.954190    3.805900
492    opls_146    -2.267770   67.014280    2.502390
493    opls_146    -2.190990   64.624530    2.112530
494    opls_146    22.628480   41.905600    1.599070
495    opls_146    11.344900   49.680010    0.675810
496    opls_146    13.350300   48.268820    0.741530
497    opls_146    15.833420   51.748720    0.217180
498    opls_146    13.831520   53.172790    0.150470
499    opls_144    11.405000   53.480090    0.293160
500    opls_146    17.026080   45.718550    0.446180
501    opls_146    19.055860   44.332260    0.654870
502    opls_146    21.422320   47.888560    1.232480
503    opls_146    19.396020   49.272280    1.022090
504    opls_526    47.818050   25.482940    2.543350
505    opls_146    47.937050   23.085460    2.934070
506    opls_146    52.089420   23.102630    1.733200
507    opls_526    51.983340   25.505250    1.404460
508    opls_146    48.055090   21.028770    1.889400
509    opls_146    48.164620   18.613260    2.238800
510    opls_146    52.245010   18.997820    3.585180
511    opls_146    52.131470   21.394440    3.277590
512    opls_146    51.882550    1.037790    5.474230
513    opls_146    48.936610   14.957390    3.409530
514    opls_146    48.740520   12.537600    3.754400
515    opls_146    53.030480   12.199400    3.919660
516    opls_146    53.239990   14.623480    3.574500
517    opls_144    52.254070   16.842410    3.223330
518    opls_146    48.343170    8.206180    4.244860
519    opls_146    48.093900    5.776940    4.563560
520    opls_146    52.368380    5.388100    4.958940
521    opls_146    52.617660    7.820760    4.640600
522    opls_185   -20.574410   41.693580    0.740110
523    opls_185   -21.358250   40.302130    1.572620
524    opls_185   -21.782990   41.981140    2.050270
525    opls_185    47.007590    3.532260    5.472320
526    opls_185    47.718130    2.533960    6.798610
527    opls_185    45.992970    2.327090    6.344520
528    opls_526    -3.652650   57.500770    1.858840
529    opls_146    -5.720860   56.232080    1.715230
530    opls_146    -3.504980   52.772780    0.375860
531    opls_526    -1.430330   54.026880    0.571670
532    opls_146    -7.253860   55.293000    0.238550
533    opls_146    -9.337480   54.021730    0.109090
534    opls_146    -7.263350   50.487750    1.448750
535    opls_146    -5.198130   51.749580    1.615770
536    opls_146     2.118980   84.433530    5.532100
537    opls_146     1.070570   70.813500    3.757230
538    opls_146     1.269140   73.230720    4.123260
539    opls_146    -3.018850   73.558620    4.362860
540    opls_146    -3.229850   71.137110    3.996700
541    opls_144    -2.245910   68.921610    3.612070
542    opls_146     1.616310   77.569860    5.022190
543    opls_146     1.807960   80.016270    5.262780
544    opls_146    -2.465540   80.393100    4.842360
545    opls_146    -2.656700   77.947550    4.600350
546    opls_526    53.468640   28.353380    1.580330
547    opls_146    55.506590   29.652120    1.337470
548    opls_146    53.179820   33.065930    0.069190
549    opls_526    51.135440   31.781780    0.372600
550    opls_146    56.993430   30.628110   -0.143540
551    opls_146    59.048800   31.943160   -0.283890
552    opls_146    56.910480   35.429930    1.080170
553    opls_146    54.875010   34.125180    1.257320
554    opls_146    72.516450   44.282470    0.730210
555    opls_146    61.962900   34.562950    0.265710
556    opls_146    64.162510   35.645380    0.232820
557    opls_146    62.274740   39.507260   -0.030990
558    opls_146    60.063720   38.434280    0.001410
559    opls_144    58.636900   36.440250    0.138090
560    opls_146    68.111620   37.565590    6.896810
561    opls_146    70.341490   38.609390   -0.087860
562    opls_146    68.516300   42.452390    0.602590
563    opls_146    66.284940   41.407730    0.512320
564    opls_185    24.213170   46.036160    2.939230
565    opls_185    23.910920   47.234460    1.621430
566    opls_185    25.492610   47.211290    2.481590
567    opls_185    74.454510   38.567330    1.571270
568    opls_185    72.864720   38.817980    0.763810
569    opls_185    73.413600   39.946760    2.061880
570    opls_526     1.772550   54.139330    3.964650
571    opls_146     3.910070   53.007120    3.706010
572    opls_146     5.959040   56.593460    4.975710
573    opls_526     3.826510   57.739410    5.182000
574    opls_146     5.668260   52.086070    4.928380
575    opls_146     7.822150   50.940980    4.782300
576    opls_146     9.656040   54.583120    3.371820
577    opls_146     7.518020   55.712750    3.480480
578    opls_146   -22.780770   41.695290    4.275850
579    opls_146   -12.196970   51.372750    4.169520
580    opls_146   -14.403510   50.307490    4.072180
581    opls_146   -12.537620   46.438740    3.747190
582    opls_146   -10.320160   47.495410    3.843960
583    opls_144    -8.882430   49.475710    4.036450
584    opls_146   -18.353060   48.425910    4.196900
585    opls_146   -20.587380   47.391550    4.233470
586    opls_146   -18.814900   43.527950    3.524270
587    opls_146   -16.576610   44.562310    3.489890
588    opls_526    48.102570   31.713970    4.256320
589    opls_146    45.945660   32.836740    4.195700
590    opls_146    44.019870   29.210910    5.541020
591    opls_526    46.168800   28.072690    5.548370
592    opls_146    44.259960   33.714870    5.557920
593    opls_146    42.096110   34.851370    5.518520
594    opls_146    40.221990   31.222110    4.130330
595    opls_146    42.367970   30.099340    4.138390
596    opls_146    27.047140   43.794050    5.238520
597    opls_146    38.438640   36.080580    4.888910
598    opls_146    36.421790   37.475460    4.906100
599    opls_146    33.962440   33.942340    4.761000
600    opls_146    35.976780   32.534590    4.743880
601    opls_144    38.413300   32.261620    4.790360
602    opls_146    32.752380   39.968220    5.238380
603    opls_146    30.711660   41.351080    5.274670
604    opls_146    28.318920   37.835130    4.570630
605    opls_146    30.358150   36.453120    4.535120
606    opls_526     2.122350   60.479380    5.057980
607    opls_146     2.030170   62.871700    5.457680
608    opls_146    -2.121730   62.516330    6.608670
609    opls_526    -2.043460   60.132590    6.142120
610    opls_146     1.932420   64.554140    7.000870
611    opls_146     1.831830   66.967920    7.349140
612    opls_146    -2.272780   66.988530    6.032820
613    opls_146    -2.172150   64.600490    5.641330
614    opls_146    25.044720   45.200090    5.140820
615    opls_146    11.450800   49.711770    4.205810
616    opls_146    13.461180   48.310880    4.276340
617    opls_146    15.928910   51.801940    3.753910
618    opls_146    13.920540   53.216560    3.682170
619    opls_144    11.490020   53.511850    3.823090
620    opls_146    17.059440   45.762330    3.992380
621    opls_146    19.047900   44.321960    4.198880
622    opls_146    21.515620   47.809580    4.767090
623    opls_146    19.525680   49.250820    4.561080
624    opls_526    47.876220   25.504400    6.068620
625    opls_146    47.969880   23.107780    6.462160
626    opls_146    52.125160   23.080310    5.274460
627    opls_526    52.044440   25.485510    4.941120
628    opls_146    48.065070   21.054520    5.416010
629    opls_146    48.140810   18.639020    5.765910
630    opls_146    52.221110   18.968640    7.125940
631    opls_146    52.140870   21.367830    6.819480
632    opls_146    47.773000    1.390590    1.936240
633    opls_146    48.858120   14.972850    6.943280
634    opls_146    48.629240   12.554770    0.212940
635    opls_146    52.914140   12.161630    0.386540
636    opls_146    53.156450   14.582280    0.041810
637    opls_144    52.201350   16.813230    6.764590
638    opls_146    48.248650    8.135790    0.701910
639    opls_146    48.065450    5.697110    1.020960
640    opls_146    52.348070    5.430160    1.428230
641    opls_146    52.532260    7.865400    1.107550
642    opls_526    -3.576140   57.490470    5.390330
643    opls_146    -5.641870   56.215770    5.254290
644    opls_146    -3.421020   52.763340    3.907210
645    opls_526    -1.348840   54.021730    4.098350
646    opls_146    -7.183340   55.265530    3.793310
647    opls_146    -9.258040   53.978810    3.667460
648    opls_146    -7.154070   50.460280    5.006550
649    opls_146    -5.098760   51.737560    5.166360
650    opls_146    -2.023870   84.788900    1.995020
651    opls_146     1.022870   70.818650    0.222840
652    opls_146     1.195600   73.237580    0.588300
653    opls_146    -3.094940   73.523430    0.821180
654    opls_146    -3.281090   71.100200    0.456010
655    opls_144    -2.273780   68.894150    0.072230
656    opls_146     1.542200   77.526090    1.489140
657    opls_146     1.768630   79.967340    1.732280
658    opls_146    -2.496820   80.407690    1.292690
659    opls_146    -2.723760   77.963860    1.050890
660    opls_526    53.550130   28.348230    5.114510
661    opls_146    55.589560   29.644400    4.866760
662    opls_146    53.264790   33.063350    3.609520
663    opls_526    51.219920   31.781780    3.914560
664    opls_146    57.069440   30.615230    3.374020
665    opls_146    59.132240   31.919120    3.232320
666    opls_146    57.012830   35.416190    4.600910
667    opls_146    54.971410   34.121740    4.783220
668    opls_146    74.406510   40.612870    4.249390
669    opls_146    62.065200   34.518320    3.801590
670    opls_146    64.273730   35.585290    3.769330
671    opls_146    62.410330   39.460050    3.508920
672    opls_146    60.192870   38.401660    3.540900
673    opls_144    58.752160   36.419650    3.678490
674    opls_146    68.264170   37.559580    3.353850
675    opls_146    70.473730   38.650590    3.452120
676    opls_146    68.564000   42.450670    4.153110
677    opls_146    66.355930   41.360520    4.053500
678    opls_185    20.959990   40.762230    5.987260
679    opls_185    20.432080   42.246380    5.113800
680    opls_185    21.645760   42.357970    6.446240
681    opls_185    25.466430   39.668640    6.592400
682    opls_185    25.841690   38.447160    5.316690
683    opls_185    24.222730   38.467760    6.105970
684    opls_185   -23.165800   47.170090    4.344890
685    opls_185   -23.696320   46.021560    5.633760
686    opls_185   -24.755620   47.393270    5.160210
687    opls_185    71.285840   44.143410    5.524040
688    opls_185    70.727640   45.643870    4.702070
689    opls_185    72.314340   45.646450    5.555240
690    opls_185    53.025510    2.964010    1.923430
691    opls_185    53.799580    1.597460    2.804610
692    opls_185    52.140660    2.121070    3.252690
693    opls_185     3.975430   83.113330    2.453080
694    opls_185     2.381320   83.133930    3.285940
695    opls_185     3.432660   84.621510    3.275120
