0      opls_642    -0.738110   20.085780    4.593230
1      opls_166     3.610180   20.151130    4.593230
2      opls_145    -3.313290   22.784720    4.593230
3      opls_145    -4.677980   23.080180    4.593230
4      opls_700    -5.626040   22.046060    4.593230
5      opls_145    -5.181530   20.719320    4.593230
6      opls_145    -3.815210   20.421020    4.593230
7      opls_142     0.605250   11.116780    4.593230
8      opls_642   -15.670900   27.262120    4.593230
9      opls_166    12.795550   27.213820    4.593230
10     opls_145   -13.103920   24.560340    4.593230
11     opls_145   -11.739230   24.264880    4.593230
12     opls_700   -10.791170   25.299000    4.593230
13     opls_145   -11.234040   26.628580    4.593230
14     opls_145   -12.600360   26.926880    4.593230
15     opls_142    -0.592130    7.809880    4.593230
16     opls_642    -0.623290   17.727760    4.593230
17     opls_166    -2.854030   21.460820    4.593230
18     opls_145    -1.673050   14.148120    4.593230
19     opls_145    -1.246590   12.818540    4.593230
20     opls_700     0.123020   12.514550    4.593230
21     opls_145     1.049760   13.562880    4.593230
22     opls_145     0.624930   14.895300    4.593230
23     opls_142     6.472410   23.375650    4.593230
24     opls_642     0.628210    1.207420    4.593230
25     opls_166   -13.563190   25.884240    4.593230
26     opls_145     1.684530    4.781380    4.593230
27     opls_145     1.258070    6.110960    4.593230
28     opls_700    -0.111540    6.414950    4.593230
29     opls_145    -1.041560    5.366630    4.593230
30     opls_145    -0.616730    4.034200    4.593230
31     opls_142     9.934960   23.992140    4.593230
32     opls_642     1.361400   19.006210    4.593230
33     opls_166    -0.756150   15.207810    4.593230
34     opls_145     4.986340   19.886910    4.593230
35     opls_145     5.924560   20.921030    4.593230
36     opls_700     5.503020   22.259140    4.593230
37     opls_145     4.131780   22.537560    4.593230
38     opls_145     3.190280   21.503440    4.593230
39     opls_142    -7.077660   22.327320    4.593230
40     opls_642    15.042690   28.350220    4.593230
41     opls_166     0.767630    3.721690    4.593230
42     opls_145    11.419390   27.478030    4.593230
43     opls_145    10.481170   26.443910    4.593230
44     opls_700    10.902710   25.105810    4.593230
45     opls_145    12.275590   24.824550    4.593230
46     opls_145    13.217090   25.858670    4.593230
47     opls_142    -9.342840   25.017740    4.593230
48     opls_642    17.140560    8.324090    1.531070
49     opls_166    12.792270    8.258750    1.531070
50     opls_145    19.715740    5.625160    1.531070
51     opls_145    21.080430    5.329690    1.531070
52     opls_700    22.028490    6.363810    1.531070
53     opls_145    21.583980    7.690550    1.531070
54     opls_145    20.217660    7.988860    1.531070
55     opls_142    15.797200   17.293090    1.531070
56     opls_642    32.073350    1.147760    1.531070
57     opls_166     3.606900    1.196060    1.531070
58     opls_145    29.506370    3.849540    1.531070
59     opls_145    28.141680    4.145000    1.531070
60     opls_700    27.193620    3.110880    1.531070
61     opls_145    27.636490    1.781300    1.531070
62     opls_145    29.002810    1.483000    1.531070
63     opls_142    16.994580   20.600000    1.531070
64     opls_642    17.025740   10.682110    1.531070
65     opls_166    19.256480    6.949060    1.531070
66     opls_145    18.075500   14.261760    1.531070
67     opls_145    17.649040   15.591340    1.531070
68     opls_700    16.279430   15.895330    1.531070
69     opls_145    15.352690   14.847000    1.531070
70     opls_145    15.777520   13.514580    1.531070
71     opls_142     9.930040    5.034230    1.531070
72     opls_642    15.774240   27.202460    1.531070
73     opls_166    29.965640    2.525640    1.531070
74     opls_145    14.717920   23.628490    1.531070
75     opls_145    15.144380   22.298910    1.531070
76     opls_700    16.513990   21.994930    1.531070
77     opls_145    17.444010   23.043250    1.531070
78     opls_145    17.019180   24.375670    1.531070
79     opls_142     6.467490    4.417740    1.531070
80     opls_642    15.041050    9.403670    1.531070
81     opls_166    17.158600   13.202070    1.531070
82     opls_145    11.416110    8.522960    1.531070
83     opls_145    10.477890    7.488840    1.531070
84     opls_700    10.899430    6.150740    1.531070
85     opls_145    12.270670    5.872320    1.531070
86     opls_145    13.212170    6.906440    1.531070
87     opls_142    23.480110    6.082550    1.531070
88     opls_642     1.359760    0.059660    1.531070
89     opls_166    15.634820   24.688180    1.531070
90     opls_145     4.983060    0.931840    1.531070
91     opls_145     5.921280    1.965960    1.531070
92     opls_700     5.499740    3.304070    1.531070
93     opls_145     4.126860    3.585330    1.531070
94     opls_145     3.185360    2.551210    1.531070
95     opls_142    25.745290    3.392140    1.531070
96     opls_146    -2.599790   23.600080    4.593230
97     opls_146    -4.987990   24.117140    4.593230
98     opls_146    -5.898320   19.903960    4.593230
99     opls_146    -3.570810   19.378380    4.593230
100    opls_144     1.671410   10.923600    4.593230
101    opls_146   -13.822340   23.747820    4.593230
102    opls_146   -11.432510   23.227920    4.593230
103    opls_146   -10.518890   27.441100    4.593230
104    opls_146   -12.841480   27.969520    4.593230
105    opls_144    -1.658290    8.003060    4.593230
106    opls_146    -2.735930   14.358350    4.593230
107    opls_146    -1.989620   12.031580    4.593230
108    opls_146     2.114280   13.349800    4.593230
109    opls_146     1.405690   15.628270    4.593230
110    opls_144     6.106630   24.395560    4.593230
111    opls_146     2.747410    4.565470    4.593230
112    opls_146     2.002740    6.895080    4.593230
113    opls_146    -2.102790    5.579700    4.593230
114    opls_146    -1.399130    3.304070    4.593230
115    opls_144    10.300740   22.972230    4.593230
116    opls_146     5.335720   18.861320    4.593230
117    opls_146     6.977600   20.671030    4.593230
118    opls_146     3.784050   23.565990    4.593230
119    opls_146     2.165120   21.813100    4.593230
120    opls_144    -7.778040   21.500590    4.593230
121    opls_146    11.074930   28.506470    4.593230
122    opls_146     9.429770   26.696760    4.593230
123    opls_146    12.621690   23.798950    4.593230
124    opls_146    14.240610   25.546160    4.593230
125    opls_144    -8.642450   25.844460    4.593230
126    opls_146    19.002240    4.809790    1.531070
127    opls_146    21.390440    4.292730    1.531070
128    opls_146    22.300770    8.505920    1.531070
129    opls_146    19.973260    9.031500    1.531070
130    opls_144    14.731040   17.486280    1.531070
131    opls_146    30.224790    4.662060    1.531070
132    opls_146    27.834960    5.181960    1.531070
133    opls_146    26.921340    0.968780    1.531070
134    opls_146    29.243930    0.440350    1.531070
135    opls_144    18.060740   20.406810    1.531070
136    opls_146    19.138380   14.051530    1.531070
137    opls_146    18.392070   16.378290    1.531070
138    opls_146    14.288170   15.060080    1.531070
139    opls_146    14.996760   12.781600    1.531070
140    opls_144    10.295820    4.014320    1.531070
141    opls_146    13.655040   23.844410    1.531070
142    opls_146    14.399710   21.514800    1.531070
143    opls_146    18.505240   22.830180    1.531070
144    opls_146    17.801580   25.105810    1.531070
145    opls_144     6.101710    5.437650    1.531070
146    opls_146    11.066730    9.548560    1.531070
147    opls_146     9.424850    7.738850    1.531070
148    opls_146    12.618400    4.843880    1.531070
149    opls_146    14.237330    6.596770    1.531070
150    opls_144    24.180490    6.909280    1.531070
151    opls_146     5.327520   -0.096590    1.531070
152    opls_146     6.972680    1.713120    1.531070
153    opls_146     3.780760    4.610920    1.531070
154    opls_146     2.161840    2.863720    1.531070
155    opls_144    25.044900    2.565410    1.531070
156    opls_641    -1.346640   18.872680    4.593230
157    opls_750     7.750160   23.151210    4.593230
158    opls_641     1.346640    0.059660    4.593230
159    opls_750     8.657210   24.216580    4.593230
160    opls_641     0.731550   17.807310    4.593230
161    opls_750    -7.522160   23.546110    4.593230
162    opls_641    32.079910    1.136400    4.593230
163    opls_750    -8.898330   23.798950    4.593230
164    opls_641     0.615090   20.139760    4.593230
165    opls_750    -0.227990   10.122440    4.593230
166    opls_641    15.780800   27.213820    4.593230
167    opls_750     0.241120    8.804220    4.593230
168    opls_641    17.749090    9.537200    1.531070
169    opls_750     8.652290    5.258670    1.531070
170    opls_641    15.055810   28.350220    1.531070
171    opls_750     7.745240    4.193300    1.531070
172    opls_641    15.670900   10.602570    1.531070
173    opls_750    23.924610    4.863770    1.531070
174    opls_641   -15.677460   27.273480    1.531070
175    opls_750    25.300780    4.610920    1.531070
176    opls_641    15.787360    8.270120    1.531070
177    opls_750    16.630440   18.287440    1.531070
178    opls_641     0.621650    1.196060    1.531070
179    opls_750    16.161330   19.605660    1.531070
180    opls_180    -1.325320   16.506140    4.593230
181    opls_180     1.335160    2.426200    4.593230
182    opls_180     2.770370   19.009050    4.593230
183    opls_180    13.633720   28.353060    4.593230
184    opls_180    -1.445060   21.304570    4.593230
185    opls_180   -14.968880   26.040490    4.593230
186    opls_180    17.727770   11.903740    1.531070
187    opls_180    15.067290   25.983670    1.531070
188    opls_180    13.632080    9.400830    1.531070
189    opls_180     2.768730    0.056820    1.531070
190    opls_180    17.847510    7.105310    1.531070
191    opls_180    31.371330    2.369380    1.531070
