0      opls_700    19.746000    8.706800   53.332740
1      opls_145    19.746000   11.163200   52.961880
2      opls_145    19.746000   10.029780   53.832810
3      opls_142    19.746000    7.445430   54.225480
4      opls_145    19.746000    6.313590   56.509340
5      opls_145    19.746000    6.601880   57.885370
6      opls_145    19.746000    5.591280   58.880470
7      opls_700    19.746000    4.198000   58.577580
8      opls_145    19.746000    3.906550   57.177220
9      opls_145    19.746000    4.936110   56.168690
10     opls_700    19.746000    3.102890   59.712800
11     opls_145    19.746000    1.679200   59.472830
12     opls_700    19.746000    0.744030   60.566940
13     opls_700    19.746000    1.172520   61.904370
14     opls_145    19.746000    2.544070   62.163630
15     opls_145    19.746000    3.480430   61.097210
16     opls_700     0.000000   28.452800   11.380740
17     opls_145    39.492000   30.909200   11.009880
18     opls_145     0.000000   29.775780   11.880810
19     opls_142    39.492000   27.191430   12.273480
20     opls_145     0.000000   26.059590   14.557340
21     opls_145     0.000000   26.347880   15.933370
22     opls_145     0.000000   25.337280   16.928470
23     opls_700    39.492000   23.944000   16.625580
24     opls_145     0.000000   23.652550   15.225220
25     opls_145     0.000000   24.682110   14.216690
26     opls_700     0.000000   22.848890   17.760800
27     opls_145     0.000000   21.425200   17.520830
28     opls_700     0.000000   20.490030   18.614940
29     opls_700     0.000000   20.918520   19.952370
30     opls_145    39.492000   22.290070   20.211630
31     opls_145    39.492000   23.226430   19.145210
32     opls_700    39.492000   11.039200   11.380740
33     opls_145    39.492000    8.582800   11.009880
34     opls_145    39.492000    9.716220   11.880810
35     opls_142    39.492000   12.300570   12.273480
36     opls_145    39.492000   13.432410   14.557340
37     opls_145     0.000000   13.144120   15.933370
38     opls_145    39.492000   14.154720   16.928470
39     opls_700     0.000000   15.548000   16.625580
40     opls_145     0.000000   15.839450   15.225220
41     opls_145    39.492000   14.809890   14.216690
42     opls_700    39.492000   16.643110   17.760800
43     opls_145    39.492000   18.066800   17.520830
44     opls_700    39.492000   19.001970   18.614940
45     opls_700     0.000000   18.573480   19.952370
46     opls_145     0.000000   17.201930   20.211630
47     opls_145    39.492000   16.265570   19.145210
48     opls_700    19.746000   30.785200   53.332740
49     opls_145    19.746000   28.328800   52.961880
50     opls_145    19.746000   29.462220   53.832810
51     opls_142    19.746000   32.046570   54.225480
52     opls_145    19.746000   33.178410   56.509340
53     opls_145    19.746000   32.890120   57.885370
54     opls_145    19.746000   33.900720   58.880470
55     opls_700    19.746000   35.294000   58.577580
56     opls_145    19.746000   35.585450   57.177220
57     opls_145    19.746000   34.555890   56.168690
58     opls_700    19.746000   36.389110   59.712800
59     opls_145    19.746000   37.812800   59.472830
60     opls_700    19.746000   38.747970   60.566940
61     opls_700    19.746000   38.319480   61.904370
62     opls_145    19.746000   36.947930   62.163630
63     opls_145    19.746000   36.011570   61.097210
64     opls_700    30.785200    0.000000   74.308740
65     opls_145    28.328800    0.000000   73.937880
66     opls_145    29.462220    0.000000   74.808810
67     opls_142    32.046570    0.000000   75.201480
68     opls_145    33.178410    0.000000   77.485340
69     opls_145    32.890120    0.000000   78.861370
70     opls_145    33.900720    0.000000   79.856470
71     opls_700    35.294000    0.000000   79.553580
72     opls_145    35.585450    0.000000   78.153220
73     opls_145    34.555890    0.000000   77.144690
74     opls_700    36.389110    0.000000   80.688800
75     opls_145    37.812800   39.492000   80.448830
76     opls_700    38.747970    0.000000   81.542940
77     opls_700    38.319480    0.000000   82.880370
78     opls_145    36.947930   39.492000   83.139630
79     opls_145    36.011570    0.000000   82.073210
80     opls_700    11.039200   19.746000   32.356740
81     opls_145     8.582800   19.746000   31.985880
82     opls_145     9.716220   19.746000   32.856810
83     opls_142    12.300570   19.746000   33.249480
84     opls_145    13.432410   19.746000   35.533340
85     opls_145    13.144120   19.746000   36.909370
86     opls_145    14.154720   19.746000   37.904470
87     opls_700    15.548000   19.746000   37.601580
88     opls_145    15.839450   19.746000   36.201220
89     opls_145    14.809890   19.746000   35.192690
90     opls_700    16.643110   19.746000   38.736800
91     opls_145    18.066800   19.746000   38.496830
92     opls_700    19.001970   19.746000   39.590940
93     opls_700    18.573480   19.746000   40.928370
94     opls_145    17.201930   19.746000   41.187630
95     opls_145    16.265570   19.746000   40.121210
96     opls_700    28.452800   19.746000   32.356740
97     opls_145    30.909200   19.746000   31.985880
98     opls_145    29.775780   19.746000   32.856810
99     opls_142    27.191430   19.746000   33.249480
100    opls_145    26.059590   19.746000   35.533340
101    opls_145    26.347880   19.746000   36.909370
102    opls_145    25.337280   19.746000   37.904470
103    opls_700    23.944000   19.746000   37.601580
104    opls_145    23.652550   19.746000   36.201220
105    opls_145    24.682110   19.746000   35.192690
106    opls_700    22.848890   19.746000   38.736800
107    opls_145    21.425200   19.746000   38.496830
108    opls_700    20.490030   19.746000   39.590940
109    opls_700    20.918520   19.746000   40.928370
110    opls_145    22.290070   19.746000   41.187630
111    opls_145    23.226430   19.746000   40.121210
112    opls_700    39.492000    8.706800    9.595260
113    opls_145     0.000000   11.163200    9.966120
114    opls_145     0.000000   10.029780    9.095190
115    opls_142     0.000000    7.445430    8.702520
116    opls_145     0.000000    6.313590    6.418660
117    opls_145     0.000000    6.601880    5.042630
118    opls_145     0.000000    5.591280    4.047530
119    opls_700    39.492000    4.198000    4.350420
120    opls_145    39.492000    3.906550    5.750780
121    opls_145     0.000000    4.936110    6.759310
122    opls_700     0.000000    3.102890    3.215200
123    opls_145    39.492000    1.679200    3.455170
124    opls_700     0.000000    0.744030    2.361060
125    opls_700     0.000000    1.172520    1.023630
126    opls_145     0.000000    2.544070    0.764370
127    opls_145    39.492000    3.480430    1.830790
128    opls_700    19.746000   28.452800   51.547260
129    opls_145    19.746000   30.909200   51.918120
130    opls_145    19.746000   29.775780   51.047190
131    opls_142    19.746000   27.191430   50.654520
132    opls_145    19.746000   26.059590   48.370660
133    opls_145    19.746000   26.347880   46.994630
134    opls_145    19.746000   25.337280   45.999530
135    opls_700    19.746000   23.944000   46.302420
136    opls_145    19.746000   23.652550   47.702780
137    opls_145    19.746000   24.682110   48.711310
138    opls_700    19.746000   22.848890   45.167200
139    opls_145    19.746000   21.425200   45.407170
140    opls_700    19.746000   20.490030   44.313060
141    opls_700    19.746000   20.918520   42.975630
142    opls_145    19.746000   22.290070   42.716370
143    opls_145    19.746000   23.226430   43.782790
144    opls_700    19.746000   11.039200   51.547260
145    opls_145    19.746000    8.582800   51.918120
146    opls_145    19.746000    9.716220   51.047190
147    opls_142    19.746000   12.300570   50.654520
148    opls_145    19.746000   13.432410   48.370660
149    opls_145    19.746000   13.144120   46.994630
150    opls_145    19.746000   14.154720   45.999530
151    opls_700    19.746000   15.548000   46.302420
152    opls_145    19.746000   15.839450   47.702780
153    opls_145    19.746000   14.809890   48.711310
154    opls_700    19.746000   16.643110   45.167200
155    opls_145    19.746000   18.066800   45.407170
156    opls_700    19.746000   19.001970   44.313060
157    opls_700    19.746000   18.573480   42.975630
158    opls_145    19.746000   17.201930   42.716370
159    opls_145    19.746000   16.265570   43.782790
160    opls_700    39.492000   30.785200    9.595260
161    opls_145     0.000000   28.328800    9.966120
162    opls_145    39.492000   29.462220    9.095190
163    opls_142    39.492000   32.046570    8.702520
164    opls_145    39.492000   33.178410    6.418660
165    opls_145    39.492000   32.890120    5.042630
166    opls_145    39.492000   33.900720    4.047530
167    opls_700    39.492000   35.294000    4.350420
168    opls_145    39.492000   35.585450    5.750780
169    opls_145     0.000000   34.555890    6.759310
170    opls_700    39.492000   36.389110    3.215200
171    opls_145     0.000000   37.812800    3.455170
172    opls_700     0.000000   38.747970    2.361060
173    opls_700    39.492000   38.319480    1.023630
174    opls_145    39.492000   36.947930    0.764370
175    opls_145    39.492000   36.011570    1.830790
176    opls_700    28.452800    0.000000   72.523260
177    opls_145    30.909200    0.000000   72.894120
178    opls_145    29.775780    0.000000   72.023190
179    opls_142    27.191430    0.000000   71.630520
180    opls_145    26.059590    0.000000   69.346660
181    opls_145    26.347880    0.000000   67.970630
182    opls_145    25.337280    0.000000   66.975530
183    opls_700    23.944000    0.000000   67.278420
184    opls_145    23.652550    0.000000   68.678780
185    opls_145    24.682110   39.492000   69.687310
186    opls_700    22.848890    0.000000   66.143200
187    opls_145    21.425200    0.000000   66.383170
188    opls_700    20.490030    0.000000   65.289060
189    opls_700    20.918520    0.000000   63.951630
190    opls_145    22.290070   39.492000   63.692370
191    opls_145    23.226430    0.000000   64.758790
192    opls_700    30.785200   19.746000   30.571260
193    opls_145    28.328800   19.746000   30.942120
194    opls_145    29.462220   19.746000   30.071190
195    opls_142    32.046570   19.746000   29.678520
196    opls_145    33.178410   19.746000   27.394660
197    opls_145    32.890120   19.746000   26.018630
198    opls_145    33.900720   19.746000   25.023530
199    opls_700    35.294000   19.746000   25.326420
200    opls_145    35.585450   19.746000   26.726780
201    opls_145    34.555890   19.746000   27.735310
202    opls_700    36.389110   19.746000   24.191200
203    opls_145    37.812800   19.746000   24.431170
204    opls_700    38.747970   19.746000   23.337060
205    opls_700    38.319480   19.746000   21.999630
206    opls_145    36.947930   19.746000   21.740370
207    opls_145    36.011570   19.746000   22.806790
208    opls_700     8.706800   19.746000   30.571260
209    opls_145    11.163200   19.746000   30.942120
210    opls_145    10.029780   19.746000   30.071190
211    opls_142     7.445430   19.746000   29.678520
212    opls_145     6.313590   19.746000   27.394660
213    opls_145     6.601880   19.746000   26.018630
214    opls_145     5.591280   19.746000   25.023530
215    opls_700     4.198000   19.746000   25.326420
216    opls_145     3.906550   19.746000   26.726780
217    opls_145     4.936110   19.746000   27.735310
218    opls_700     3.102890   19.746000   24.191200
219    opls_145     1.679200   19.746000   24.431170
220    opls_700     0.744030   19.746000   23.337060
221    opls_700     1.172520   19.746000   21.999630
222    opls_145     2.544070   19.746000   21.740370
223    opls_145     3.480430   19.746000   22.806790
224    opls_700    11.039200    0.000000   72.523260
225    opls_145     8.582800    0.000000   72.894120
226    opls_145     9.716220    0.000000   72.023190
227    opls_142    12.300570    0.000000   71.630520
228    opls_145    13.432410    0.000000   69.346660
229    opls_145    13.144120    0.000000   67.970630
230    opls_145    14.154720    0.000000   66.975530
231    opls_700    15.548000    0.000000   67.278420
232    opls_145    15.839450    0.000000   68.678780
233    opls_145    14.809890   39.492000   69.687310
234    opls_700    16.643110    0.000000   66.143200
235    opls_145    18.066800    0.000000   66.383170
236    opls_700    19.001970    0.000000   65.289060
237    opls_700    18.573480    0.000000   63.951630
238    opls_145    17.201930   39.492000   63.692370
239    opls_145    16.265570    0.000000   64.758790
240    opls_700     8.706800    0.000000   74.308740
241    opls_145    11.163200    0.000000   73.937880
242    opls_145    10.029780    0.000000   74.808810
243    opls_142     7.445430    0.000000   75.201480
244    opls_145     6.313590    0.000000   77.485340
245    opls_145     6.601880    0.000000   78.861370
246    opls_145     5.591280    0.000000   79.856470
247    opls_700     4.198000    0.000000   79.553580
248    opls_145     3.906550    0.000000   78.153220
249    opls_145     4.936110    0.000000   77.144690
250    opls_700     3.102890    0.000000   80.688800
251    opls_145     1.679200   39.492000   80.448830
252    opls_700     0.744030    0.000000   81.542940
253    opls_700     1.172520    0.000000   82.880370
254    opls_145     2.544070   39.492000   83.139630
255    opls_145     3.480430    0.000000   82.073210
256    opls_701    19.746000    0.000000   62.928000
257    opls_701     0.000000   19.746000   20.976000
258    opls_701     0.000000    0.000000    0.000000
259    opls_701    19.746000   19.746000   41.952000
260    opls_146    19.746000   12.216850   53.397340
261    opls_146    19.746000   10.179460   54.962990
262    opls_146    19.746000    2.823680   56.820630
263    opls_146    19.746000    7.685140   58.241120
264    opls_146    19.746000    4.619770   55.073750
265    opls_146    19.746000    5.877990   59.983810
266    opls_146    19.746000    1.281120   58.404740
267    opls_146    19.746000    4.598450   61.320400
268    opls_146    19.746000    2.920830   63.239280
269    opls_146    39.492000   31.962850   11.445340
270    opls_146     0.000000   29.925460   13.010990
271    opls_146     0.000000   22.569680   14.868630
272    opls_146     0.000000   27.431140   16.289120
273    opls_146     0.000000   24.365770   13.121750
274    opls_146     0.000000   25.623990   18.031810
275    opls_146     0.000000   21.027120   16.452740
276    opls_146    39.492000   24.344450   19.368400
277    opls_146    39.492000   22.666830   21.287280
278    opls_146    39.492000    7.529150   11.445340
279    opls_146    39.492000    9.566540   13.010990
280    opls_146     0.000000   16.922320   14.868630
281    opls_146     0.000000   12.060860   16.289120
282    opls_146    39.492000   15.126230   13.121750
283    opls_146    39.492000   13.868010   18.031810
284    opls_146    39.492000   18.464880   16.452740
285    opls_146    39.492000   15.147550   19.368400
286    opls_146     0.000000   16.825170   21.287280
287    opls_146    19.746000   27.275150   53.397340
288    opls_146    19.746000   29.312540   54.962990
289    opls_146    19.746000   36.668320   56.820630
290    opls_146    19.746000   31.806860   58.241120
291    opls_146    19.746000   34.872230   55.073750
292    opls_146    19.746000   33.614010   59.983810
293    opls_146    19.746000   38.210880   58.404740
294    opls_146    19.746000   34.893550   61.320400
295    opls_146    19.746000   36.571170   63.239280
296    opls_146    27.275150    0.000000   74.373340
297    opls_146    29.312540    0.000000   75.938990
298    opls_146    36.668320    0.000000   77.796630
299    opls_146    31.806860    0.000000   79.217120
300    opls_146    34.872230    0.000000   76.049750
301    opls_146    33.614010    0.000000   80.959810
302    opls_146    38.210880   39.492000   79.380740
303    opls_146    34.893550    0.000000   82.296400
304    opls_146    36.571170   39.492000   84.215280
305    opls_146     7.529150   19.746000   32.421340
306    opls_146     9.566540   19.746000   33.986990
307    opls_146    16.922320   19.746000   35.844630
308    opls_146    12.060860   19.746000   37.265120
309    opls_146    15.126230   19.746000   34.097750
310    opls_146    13.868010   19.746000   39.007810
311    opls_146    18.464880   19.746000   37.428740
312    opls_146    15.147550   19.746000   40.344400
313    opls_146    16.825170   19.746000   42.263280
314    opls_146    31.962850   19.746000   32.421340
315    opls_146    29.925460   19.746000   33.986990
316    opls_146    22.569680   19.746000   35.844630
317    opls_146    27.431140   19.746000   37.265120
318    opls_146    24.365770   19.746000   34.097750
319    opls_146    25.623990   19.746000   39.007810
320    opls_146    21.027120   19.746000   37.428740
321    opls_146    24.344450   19.746000   40.344400
322    opls_146    22.666830   19.746000   42.263280
323    opls_146     0.000000   12.216850    9.530660
324    opls_146     0.000000   10.179460    7.965010
325    opls_146    39.492000    2.823680    6.107370
326    opls_146     0.000000    7.685140    4.686880
327    opls_146     0.000000    4.619770    7.854250
328    opls_146     0.000000    5.877990    2.944190
329    opls_146    39.492000    1.281120    4.523260
330    opls_146    39.492000    4.598450    1.607600
331    opls_146     0.000000    2.920830   -0.311280
332    opls_146    19.746000   31.962850   51.482660
333    opls_146    19.746000   29.925460   49.917010
334    opls_146    19.746000   22.569680   48.059370
335    opls_146    19.746000   27.431140   46.638880
336    opls_146    19.746000   24.365770   49.806250
337    opls_146    19.746000   25.623990   44.896190
338    opls_146    19.746000   21.027120   46.475260
339    opls_146    19.746000   24.344450   43.559600
340    opls_146    19.746000   22.666830   41.640720
341    opls_146    19.746000    7.529150   51.482660
342    opls_146    19.746000    9.566540   49.917010
343    opls_146    19.746000   16.922320   48.059370
344    opls_146    19.746000   12.060860   46.638880
345    opls_146    19.746000   15.126230   49.806250
346    opls_146    19.746000   13.868010   44.896190
347    opls_146    19.746000   18.464880   46.475260
348    opls_146    19.746000   15.147550   43.559600
349    opls_146    19.746000   16.825170   41.640720
350    opls_146     0.000000   27.275150    9.530660
351    opls_146    39.492000   29.312540    7.965010
352    opls_146    39.492000   36.668320    6.107370
353    opls_146    39.492000   31.806860    4.686880
354    opls_146     0.000000   34.872230    7.854250
355    opls_146    39.492000   33.614010    2.944190
356    opls_146     0.000000   38.210880    4.523260
357    opls_146    39.492000   34.893550    1.607600
358    opls_146    39.492000   36.571170   -0.311280
359    opls_146    31.962850    0.000000   72.458660
360    opls_146    29.925460    0.000000   70.893010
361    opls_146    22.569680    0.000000   69.035370
362    opls_146    27.431140    0.000000   67.614880
363    opls_146    24.365770   39.492000   70.782250
364    opls_146    25.623990    0.000000   65.872190
365    opls_146    21.027120    0.000000   67.451260
366    opls_146    24.344450    0.000000   64.535600
367    opls_146    22.666830   39.492000   62.616720
368    opls_146    27.275150   19.746000   30.506660
369    opls_146    29.312540   19.746000   28.941010
370    opls_146    36.668320   19.746000   27.083370
371    opls_146    31.806860   19.746000   25.662880
372    opls_146    34.872230   19.746000   28.830250
373    opls_146    33.614010   19.746000   23.920190
374    opls_146    38.210880   19.746000   25.499260
375    opls_146    34.893550   19.746000   22.583600
376    opls_146    36.571170   19.746000   20.664720
377    opls_146    12.216850   19.746000   30.506660
378    opls_146    10.179460   19.746000   28.941010
379    opls_146     2.823680   19.746000   27.083370
380    opls_146     7.685140   19.746000   25.662880
381    opls_146     4.619770   19.746000   28.830250
382    opls_146     5.877990   19.746000   23.920190
383    opls_146     1.281120   19.746000   25.499260
384    opls_146     4.598450   19.746000   22.583600
385    opls_146     2.920830   19.746000   20.664720
386    opls_146     7.529150    0.000000   72.458660
387    opls_146     9.566540    0.000000   70.893010
388    opls_146    16.922320    0.000000   69.035370
389    opls_146    12.060860    0.000000   67.614880
390    opls_146    15.126230   39.492000   70.782250
391    opls_146    13.868010    0.000000   65.872190
392    opls_146    18.464880    0.000000   67.451260
393    opls_146    15.147550    0.000000   64.535600
394    opls_146    16.825170   39.492000   62.616720
395    opls_146    12.216850    0.000000   74.373340
396    opls_146    10.179460    0.000000   75.938990
397    opls_146     2.823680    0.000000   77.796630
398    opls_146     7.685140    0.000000   79.217120
399    opls_146     4.619770    0.000000   76.049750
400    opls_146     5.877990    0.000000   80.959810
401    opls_146     1.281120   39.492000   79.380740
402    opls_146     4.598450    0.000000   82.296400
403    opls_146     2.920830   39.492000   84.215280
404    opls_144    19.746000    6.409950   53.748900
405    opls_144    39.492000   26.155950   11.796900
406    opls_144    39.492000   13.336050   11.796900
407    opls_144    19.746000   33.082050   53.748900
408    opls_144    33.082050    0.000000   74.724900
409    opls_144    13.336050   19.746000   32.772900
410    opls_144    26.155950   19.746000   32.772900
411    opls_144     0.000000    6.409950    9.179100
412    opls_144    19.746000   26.155950   51.131100
413    opls_144    19.746000   13.336050   51.131100
414    opls_144    39.492000   33.082050    9.179100
415    opls_144    26.155950    0.000000   72.107100
416    opls_144    33.082050   19.746000   30.155100
417    opls_144     6.409950   19.746000   30.155100
418    opls_144    13.336050    0.000000   72.107100
419    opls_144     6.409950    0.000000   74.724900
420    opls_750    19.746000    7.443450   55.547800
421    opls_750    39.492000   27.189450   13.595800
422    opls_750    39.492000   12.302550   13.595800
423    opls_750    19.746000   32.048550   55.547800
424    opls_750    32.048550    0.000000   76.523800
425    opls_750    12.302550   19.746000   34.571800
426    opls_750    27.189450   19.746000   34.571800
427    opls_750     0.000000    7.443450    7.380200
428    opls_750    19.746000   27.189450   49.332200
429    opls_750    19.746000   12.302550   49.332200
430    opls_750     0.000000   32.048550    7.380200
431    opls_750    27.189450    0.000000   70.308200
432    opls_750    32.048550   19.746000   28.356200
433    opls_750     7.443450   19.746000   28.356200
434    opls_750    12.302550    0.000000   70.308200
435    opls_750     7.443450    0.000000   76.523800
