0      opls_234    20.809710   11.215470    2.016450
1      opls_234    10.379160   12.414000    2.016450
2      opls_234    14.556480    2.781620    2.016450
3      opls_234    -5.561260   15.195620    2.016450
4      opls_234     4.869290   13.997090    2.016450
5      opls_234     0.691970   23.629470    2.016450
6      opls_700    21.810470   12.226220    2.016450
7      opls_700     9.003450   12.775310    2.016450
8      opls_700    14.931430    1.409560    2.016450
9      opls_700    -6.562020   14.184870    2.016450
10     opls_700     6.245000   13.635780    2.016450
11     opls_700     0.317020   25.001530    2.016450
12     opls_166    -1.034760   25.437050    2.016450
13     opls_166    -6.263300   12.796440    2.016450
14     opls_166     7.298060   14.588690    2.016450
15     opls_166    16.283210    0.974040    2.016450
16     opls_166    21.511750   13.614650    2.016450
17     opls_166     7.950390   11.822400    2.016450
18     opls_145    23.183130   11.856470    2.016450
19     opls_145     8.637330   14.148950    2.016450
20     opls_145    13.924730    0.405940    2.016450
21     opls_145    -7.934380   14.554620    2.016450
22     opls_145     6.611120   12.262140    2.016450
23     opls_145     1.323570   26.005420    2.016450
24     opls_142    17.229220   10.834360    2.016450
25     opls_142    12.499460    9.503770    2.016450
26     opls_142    16.016510    6.073230    2.016450
27     opls_142    -1.980470   15.576730    2.016450
28     opls_142     2.748990   16.907320    2.016450
29     opls_142    -0.768220   20.338120    2.016450
30     opls_700    -1.004570   16.594620    2.016450
31     opls_700     1.379370   17.243800    2.016450
32     opls_700    -0.374810   18.983760    2.016450
33     opls_700    16.253020    9.816470    2.016450
34     opls_700    13.869080    9.167290    2.016450
35     opls_700    15.623260    7.427330    2.016450
36     opls_145     0.367490   16.254970    2.016450
37     opls_145     0.987490   18.601860    2.016450
38     opls_145    -1.354980   17.965350    2.016450
39     opls_145    14.880960   10.156120    2.016450
40     opls_145    14.260960    7.809230    2.016450
41     opls_145    16.603430    8.445740    2.016450
42     opls_181     7.354780    9.332890    2.016450
43     opls_181    18.737140    1.702720    2.016450
44     opls_181    19.653730   15.375480    2.016450
45     opls_181     7.893670   17.078200    2.016450
46     opls_181    -3.488690   24.708370    2.016450
47     opls_181    -4.405430   11.035870    2.016450
48     opls_236    21.155850   10.007950    2.016450
49     opls_236    11.251830   13.317530    2.016450
50     opls_236    13.337510    3.085870    2.016450
51     opls_236    -5.907100   16.403140    2.016450
52     opls_236     3.996620   13.093560    2.016450
53     opls_236     1.910780   23.325480    2.016450
54     opls_179     8.217850   10.481240    2.016450
55     opls_179    17.310960    1.876240    2.016450
56     opls_179    20.216550   14.053610    2.016450
57     opls_179     7.030600   15.929850    2.016450
58     opls_179    -2.062510   24.534850    2.016450
59     opls_179    -4.968100   12.357480    2.016450
60     opls_750    15.119750    5.067230    2.016450
61     opls_750    18.548670   10.560470    2.016450
62     opls_750    12.076920   10.783380    2.016450
63     opls_750     0.128700   21.343860    2.016450
64     opls_750    -3.300220   15.850620    2.016450
65     opls_750     3.171530   15.627710    2.016450
66     opls_238    19.482490   11.464790    2.016450
67     opls_238    10.827160   11.139930    2.016450
68     opls_238    15.436010    3.806370    2.016450
69     opls_238    -4.234190   14.946560    2.016450
70     opls_238     4.421590   15.271160    2.016450
71     opls_238    -0.187560   22.604720    2.016450
72     opls_146    23.435190   10.867900    2.016450
73     opls_146     9.367430   14.861520    2.016450
74     opls_146    12.942730    0.681670    2.016450
75     opls_146    -8.186740   15.543190    2.016450
76     opls_146     5.881020   11.549570    2.016450
77     opls_146     2.305720   25.729420    2.016450
78     opls_146    -2.346740   18.225240    2.016450
79     opls_146     0.638450   15.265870    2.016450
80     opls_146     1.708740   19.330810    2.016450
81     opls_146    17.595190    8.185850    2.016450
82     opls_146    14.610000   11.145220    2.016450
83     opls_146    13.539710    7.080290    2.016450
84     opls_185     6.718160    9.325760    2.897440
85     opls_185    19.061480    1.155220    2.897440
86     opls_185    19.965710   15.930110    2.897440
87     opls_185     8.530290   17.085330    2.897440
88     opls_185    -3.813030   25.255870    2.897440
89     opls_185    -4.717260   10.480980    2.897440
90     opls_185     8.530290   17.085330    1.135420
91     opls_185    -3.813030   25.255870    1.135420
92     opls_185    -4.717260   10.480980    1.135420
93     opls_185     6.718160    9.325760    1.135420
94     opls_185    19.061480    1.155220    1.135420
95     opls_185    19.965710   15.930110    1.135420
96     opls_144    16.937980   11.816320    2.016450
97     opls_144    11.794680    8.760560    2.016450
98     opls_144    17.012700    5.834210    2.016450
99     opls_144    -1.689530   14.594770    2.016450
100    opls_144     3.453770   17.650530    2.016450
101    opls_144    -1.764250   20.576880    2.016450
102    opls_910    19.242930   12.396840    2.016450
103    opls_910    10.139460   10.466450    2.016450
104    opls_910    16.362960    3.547800    2.016450
105    opls_910    -3.994480   14.014250    2.016450
106    opls_910     5.108990   15.944640    2.016450
107    opls_910    -1.114510   22.863290    2.016450
108    opls_185     7.961670    8.425930    2.016450
109    opls_185    19.218990    2.682050    2.016450
110    opls_185    18.564680   15.303110    2.016450
111    opls_185     7.286780   17.985160    2.016450
112    opls_185    -3.970540   23.729040    2.016450
113    opls_185    -3.316230   11.107980    2.016450
