0      opls_142     5.953080    2.659150    1.581180
1      opls_145     3.601760    2.319970    1.897810
2      opls_145     2.418000    2.858220    2.403920
3      opls_145     1.246920    2.099130    2.408230
4      opls_916     1.226020    0.788780    1.900070
5      opls_145     2.425050    0.263130    1.389380
6      opls_145     3.600470    1.013880    1.388830
7      opls_700     7.135310    3.522150    1.578170
8      opls_145     8.395260    2.953180    1.372120
9      opls_523     9.536640    3.759250    1.367260
10     opls_700     9.427580    5.143820    1.560430
11     opls_523     8.161520    5.711160    1.761410
12     opls_145     7.021550    4.905100    1.773460
13     opls_531    10.629650    5.993200    1.555230
14     opls_142     5.927010   16.244650    5.249100
15     opls_145     3.595190   15.859920    5.679470
16     opls_145     2.455920   16.321520    6.345050
17     opls_145     1.280030   15.566290    6.341150
18     opls_916     1.219680   14.337680    5.662690
19     opls_145     2.365050   13.880960    4.989780
20     opls_145     3.543650   14.632330    4.999430
21     opls_700     7.115350   17.104400    5.273060
22     opls_145     8.356170   16.562480    4.923700
23     opls_523     9.502590   17.361830    4.939520
24     opls_700     9.417830   18.714890    5.296550
25     opls_523     8.172200   19.257420    5.641330
26     opls_145     7.027180   18.456440    5.633450
27     opls_531    10.625070   19.556940    5.307640
28     opls_142    18.200870    3.825940    1.581180
29     opls_145    19.670270    1.959230    1.897810
30     opls_145    19.796010    0.664940    2.403920
31     opls_145    21.038940    0.030300    2.408230
32     opls_916    22.184190    0.667380    1.900070
33     opls_145    22.039900    1.968590    1.389380
34     opls_145    20.802020    2.611160    1.388830
35     opls_700    16.862380    4.418290    1.578170
36     opls_145    16.725140    5.793920    1.372120
37     opls_523    15.456380    6.379350    1.367260
38     opls_700    14.311830    5.592610    1.560430
39     opls_523    14.453530    4.212500    1.761410
40     opls_145    15.721590    3.628290    1.773460
41     opls_531    12.975210    6.208950    1.555230
42     opls_142    -5.291640   17.345160    5.249100
43     opls_145    -3.792540   15.518100    5.679470
44     opls_145    -3.622660   14.300670    6.345050
45     opls_145    -2.380670   13.659930    6.341150
46     opls_916    -1.286490   14.221970    5.662690
47     opls_145    -1.463640   15.442250    4.989780
48     opls_145    -2.703640   16.087260    4.999430
49     opls_700    -6.630370   17.944410    5.273060
50     opls_145    -6.781460   19.289950    4.923700
51     opls_523    -8.046930   19.883110    4.939520
52     opls_700    -9.176340   19.133170    5.296550
53     opls_523    -9.023360   17.783160    5.641330
54     opls_145    -7.757190   17.192040    5.633450
55     opls_531   -10.509200   19.757650    5.307640
56     opls_142    11.066500   13.849450    1.581180
57     opls_145    11.948420   16.055340    1.897810
58     opls_145    13.006440   16.811370    2.403920
59     opls_145    12.934590   18.205100    2.408230
60     opls_916    11.810240   18.878380    1.900070
61     opls_145    10.755500   18.102820    1.389380
62     opls_145    10.817960   16.709500    1.388830
63     opls_700    11.222760   12.394100    1.578170
64     opls_145    10.100050   11.587430    1.372120
65     opls_523    10.227430   10.195940    1.367260
66     opls_700    11.481040    9.598100    1.560430
67     opls_523    12.605400   10.410880    1.761410
68     opls_145    12.477310   11.801150    1.773460
69     opls_531    11.615590    8.132390    1.555230
70     opls_142    -0.635380    7.079270    5.249100
71     opls_145     0.197350    9.291050    5.679470
72     opls_145     1.166740   10.046890    6.345050
73     opls_145     1.100640   11.442850    6.341150
74     opls_916     0.066800   12.109420    5.662690
75     opls_145    -0.901410   11.345860    4.989780
76     opls_145    -0.840010    9.949490    4.999430
77     opls_700    -0.484990    5.620260    5.273060
78     opls_145    -1.574710    4.816640    4.923700
79     opls_523    -1.455660    3.424130    4.939520
80     opls_700    -0.241490    2.821010    5.296550
81     opls_523     0.851160    3.628490    5.641330
82     opls_145     0.730000    5.020600    5.633450
83     opls_531    -0.115880    1.354480    5.307640
84     opls_750     4.785990    3.122160    1.900890
85     opls_520    11.864010    5.430740    1.555430
86     opls_750     4.784460   16.659070    5.701170
87     opls_520    11.855670   18.986360    5.308190
88     opls_750    18.383430    2.583710    1.900890
89     opls_520    12.845130    7.559160    1.555430
90     opls_750    -5.079260   16.148470    5.701170
91     opls_520     1.109800    0.774140    5.308190
92     opls_750    12.051030   14.628670    1.900890
93     opls_520    10.511310    7.344630    1.555430
94     opls_750     0.294800    7.861540    5.701170
95     opls_520    22.254980    0.574040    5.308190
96     opls_239    23.480300    0.000000    1.901650
97     opls_239    -0.000120   13.556430    5.658860
98     opls_144     6.072360    1.561900    1.295570
99     opls_146     2.405320    3.921310    2.815600
100    opls_146     0.283640    2.539780    2.829150
101    opls_146     2.448640   -0.794880    0.965440
102    opls_146     4.563040    0.565500    0.973870
103    opls_146     8.493180    1.829500    1.207570
104    opls_526    10.563790    3.291750    1.205520
105    opls_526     8.059030    6.835860    1.916100
106    opls_146     5.995110    5.371770    1.942390
107    opls_144     6.023170   15.192340    4.821400
108    opls_146     2.482450   17.319530    6.895330
109    opls_146     0.357140   15.945530    6.892380
110    opls_146     2.339110   12.888840    4.428890
111    opls_146     4.468300   14.249220    4.453680
112    opls_146     8.435060   15.465230    4.624730
113    opls_526    10.513300   16.914270    4.661020
114    opls_526     8.089670   20.357310    5.929880
115    opls_146     6.017650   18.901970    5.920570
116    opls_144    19.091480    4.477870    1.295570
117    opls_146    18.881680    0.122410    2.815600
118    opls_146    21.138960   -1.024250    2.829150
119    opls_146    22.944360    2.518030    0.965440
120    opls_146    20.709040    3.668960    0.973870
121    opls_146    17.649320    6.440560    1.207570
122    opls_526    15.347660    7.502630    1.205520
123    opls_526    13.530760    3.561390    1.916100
124    opls_146    15.830650    2.506030    1.942390
125    opls_144    -4.428380   17.954580    4.821400
126    opls_146    -4.500230   13.824640    6.895330
127    opls_146    -2.247650   12.671060    6.892380
128    opls_146    -0.591470   15.915840    4.428890
129    opls_146    -2.834190   17.079590    4.453680
130    opls_146    -5.870660   19.906900    4.624730
131    opls_526    -8.164690   20.982190    4.661020
132    opls_526    -9.934630   17.161740    5.929880
133    opls_146    -7.638260   16.094990    5.920570
134    opls_144    10.056610   14.294770    1.295570
135    opls_146    13.933440   16.290810    2.815600
136    opls_146    13.797850   18.819000    2.829150
137    opls_146     9.827440   18.611390    0.965440
138    opls_146     9.948370   16.100070    0.973870
139    opls_146     9.077950   12.064480    1.207570
140    opls_526     9.309000    9.540150    1.205520
141    opls_526    13.630670    9.937280    1.916100
142    opls_146    13.394690   12.456730    1.942390
143    opls_144    -1.594780    7.522150    4.821400
144    opls_146     2.017780    9.524900    6.895330
145    opls_146     1.890520   12.052480    6.892380
146    opls_146    -1.747640   11.864390    4.428890
147    opls_146    -1.634110    9.340260    4.453680
148    opls_146    -2.564400    5.296940    4.624730
149    opls_526    -2.348620    2.772610    4.661020
150    opls_526     1.844960    3.150020    5.929880
151    opls_146     1.620610    5.672120    5.920570
