0      opls_146     9.396740    8.000320    1.880350
1      opls_146    24.521280   26.242190    2.004990
2      opls_146    31.570130    5.378550    1.364890
3      opls_146    24.086950   24.499290    3.635910
4      opls_146    32.890670    4.370310    2.970430
5      opls_146    10.965860    8.791770    3.466070
6      opls_526    23.917590    9.327670    0.642860
7      opls_146    25.947040    8.110010    1.105130
8      opls_146    28.169220   11.779960    1.302510
9      opls_526    26.162100   13.000060    0.866920
10     opls_144    16.532800    7.676350    2.493030
11     opls_146    29.614360    6.831980    1.304320
12     opls_146    33.829690    8.723420    2.972280
13     opls_146    31.882160   10.178340    2.868610
14     opls_146    34.863240    2.901390    2.863090
15     opls_146    37.516300    6.051620    1.300460
16     opls_146    35.545420    7.514030    1.364690
17     opls_144    37.325840    2.460700    2.338680
18     opls_146    38.959700    1.101630    1.294390
19     opls_526    41.073040   -0.173620    0.856760
20     opls_526    43.374110    3.468870    0.622410
21     opls_146    41.231870    4.745800    1.086960
22     opls_526    24.332980   15.908030    4.139160
23     opls_146    24.419220   18.323810    3.894370
24     opls_146    20.210880   18.286390    3.176090
25     opls_526    20.121620   15.901660    3.386830
26     opls_144    29.547690   10.552650    2.346880
27     opls_146    23.776230   22.091090    3.636460
28     opls_146    20.221240   24.870950    2.001370
29     opls_146    19.903180   22.467670    2.037980
30     opls_146    24.831200   28.649810    2.043690
31     opls_146    20.563460   29.227670    3.636110
32     opls_146    20.252430   26.818890    3.633630
33     opls_144    23.931350   30.921130    2.427380
34     opls_146    24.242900   32.974040    3.184680
35     opls_526    24.280720   35.385010    3.392420
36     opls_526    19.884100   35.474860    4.125490
37     opls_146    19.857450   33.028180    3.883650
38     opls_526    18.481070   13.329650    3.415320
39     opls_146    16.342280   12.152810    3.129510
40     opls_146    18.275390    8.436990    3.630160
41     opls_526    20.413760    9.590430    3.901740
42     opls_144    20.711040   20.243930    2.419070
43     opls_146    13.259400    9.687450    3.502210
44     opls_146    12.682020    4.947910    1.882640
45     opls_146    14.973850    5.841130    1.970790
46     opls_146     7.083870    7.118870    1.961610
47     opls_146     8.416780    3.461920    3.491880
48     opls_146    10.719050    4.352340    3.462490
49     opls_144     5.395520    5.349260    2.479320
50     opls_146     3.371020    4.731620    3.610020
51     opls_526     1.165790    3.613060    3.882390
52     opls_526     3.216020   -0.187620    3.407040
53     opls_146     5.425830    0.952180    3.120530
54     opls_531    22.152840   14.256780    3.916480
55     opls_700    19.619110   11.550600    3.673110
56     opls_523    24.836880    9.874320    0.800840
57     opls_145    25.987380    9.178260    1.064540
58     opls_145    27.194130    9.846280    1.272210
59     opls_145    27.244130   11.233710    1.193440
60     opls_523    26.095920   11.933080    0.927760
61     opls_142    15.678820    8.348620    2.798980
62     opls_700    30.602610    8.614780    2.079590
63     opls_145    30.528560    7.249540    1.678950
64     opls_145    31.644070    6.418470    1.724110
65     opls_700    32.857960    6.935230    2.171990
66     opls_145    32.921950    8.300450    2.590480
67     opls_145    31.806060    9.130980    2.542920
68     opls_700    34.059670    6.058560    2.171320
69     opls_145    33.892730    4.745380    2.588550
70     opls_145    35.019900    3.908360    2.538860
71     opls_700    36.337130    4.366010    2.074700
72     opls_145    36.510150    5.681480    1.675720
73     opls_145    35.383280    6.519110    1.723050
74     opls_142    37.509060    3.452070    1.978590
75     opls_145    39.943270    3.031210    1.259360
76     opls_145    39.911510    1.634010    1.182440
77     opls_523    41.124740    0.900480    0.915510
78     opls_700    42.392080    1.545450    0.707210
79     opls_523    42.415460    2.942580    0.782910
80     opls_145    41.200870    3.672550    1.047870
81     opls_531    43.679200    0.766460    0.390470
82     opls_531    20.906900   12.262260    3.865010
83     opls_700    24.879190   11.261780    0.722500
84     opls_523    23.431980   16.418100    3.914820
85     opls_145    23.485310   17.790300    3.775490
86     opls_145    22.344230   18.483760    3.482620
87     opls_145    21.126860   17.785450    3.357630
88     opls_523    21.070350   16.414580    3.493740
89     opls_142    29.453270    9.516470    1.986470
90     opls_145    21.816240   22.100130    2.837990
91     opls_145    22.999400   22.692390    3.273100
92     opls_145    23.179000   24.066940    3.262580
93     opls_145    22.178140   24.876800    2.818400
94     opls_145    20.996510   24.278590    2.379620
95     opls_145    20.818590   22.904370    2.389280
96     opls_700    22.362810   26.339000    2.818640
97     opls_145    23.652720   26.881920    2.382030
98     opls_145    23.828570   28.257430    2.392900
99     opls_700    22.720740   29.117880    2.840510
100    opls_145    21.429770   28.580440    3.273300
101    opls_145    21.252440   27.204500    3.261640
102    opls_142    22.935140   30.567140    2.859420
103    opls_145    22.034030   32.815270    3.481600
104    opls_145    23.282210   33.497820    3.361410
105    opls_523    23.305480   34.885660    3.495780
106    opls_700    22.085650   35.622910    3.767250
107    opls_523    20.840720   34.935820    3.906350
108    opls_145    20.820550   33.546250    3.768630
109    opls_531    22.119810   37.097410    3.908790
110    opls_531    23.670080   12.000210    0.404580
111    opls_700    22.221980   15.712930    3.771620
112    opls_523    18.452270   12.259710    3.453350
113    opls_145    17.234480   11.595610    3.289810
114    opls_145    17.156780   10.215830    3.320470
115    opls_145    18.315310    9.498880    3.548900
116    opls_523    19.535940   10.161560    3.720280
117    opls_142    21.598240   20.653170    2.855600
118    opls_700    14.288780    7.830670    2.739670
119    opls_145    13.141150    8.653080    3.140230
120    opls_145    11.830380    8.142210    3.108630
121    opls_700    11.639380    6.797500    2.670440
122    opls_145    12.792830    5.979280    2.257500
123    opls_145    14.103170    6.490600    2.296280
124    opls_145    10.243490    6.248010    2.667830
125    opls_145     9.193590    7.015080    2.253050
126    opls_145     7.873280    6.509150    2.288040
127    opls_145     7.577790    5.224180    2.729390
128    opls_145     8.625650    4.450970    3.131280
129    opls_145     9.943950    4.957730    3.103460
130    opls_142     6.173060    4.714270    2.785970
131    opls_145     4.565290    2.913140    3.306010
132    opls_145     3.350980    3.659320    3.531330
133    opls_523     2.087490    3.019310    3.703180
134    opls_700     2.015270    1.624190    3.659520
135    opls_523     3.235800    0.886920    3.442390
136    opls_145     4.494300    1.529710    3.278350
137    opls_531     0.680160    0.937440    3.852520
138    opls_520    20.986790   13.591140    3.746640
139    opls_750    15.869500    9.593610    3.179950
140    opls_750    38.729840    3.832860    1.475030
141    opls_520    21.434130   37.566960    0.264840
142    opls_520    22.495900   11.348720    0.223110
143    opls_750    28.355550    9.071890    1.485200
144    opls_750    21.949330   31.390490    3.366380
145    opls_520   -21.583780   37.740920    3.738010
146    opls_520    23.733570   13.331080    0.275370
147    opls_750    22.457040   19.894470    3.367360
148    opls_750     5.887410    3.517050    3.166630
149    opls_520    -0.013160    1.394740    0.207940
