0      opls_166     9.955690    3.372150   11.467710
1      opls_145    20.089550    3.372150   24.552010
2      opls_166    11.166910    3.372150   14.006720
3      opls_145     1.033050    3.372150    0.922420
4      opls_145     9.770910    3.372150   13.890310
5      opls_166    -3.319640    3.372150   25.037550
6      opls_145    11.351740    3.372150   11.583870
7      opls_166    24.442290    3.372150    0.436630
8      opls_142    13.438640    3.372150   12.978590
9      opls_142    -0.441190    3.372150    2.880620
10     opls_142     7.684010    3.372150   12.495590
11     opls_142    21.563840    3.372150   22.593560
12     opls_700     9.156190    3.372150   12.625510
13     opls_700    -4.375400    3.372150   24.077180
14     opls_700    11.966160    3.372150   12.848920
15     opls_700    25.498040    3.372150    1.397000
16     opls_543    21.860730    3.372150   15.545870
17     opls_543     0.707150    3.372150   11.645780
18     opls_543    -0.738080    3.372150    9.928310
19     opls_543    20.415500    3.372150   13.828400
20     opls_716    20.576190    3.372150   16.078280
21     opls_716     1.451200    3.372150   10.471160
22     opls_716     0.546460    3.372150    9.395900
23     opls_716    19.671450    3.372150   15.003020
24     opls_543    -1.292760    3.372150   15.801120
25     opls_543     0.508360    3.372150   14.285670
26     opls_543    22.415410    3.372150    9.673060
27     opls_543    20.614240    3.372150   11.188770
28     opls_716    -0.015080    3.372150   16.539620
29     opls_716     1.017810    3.372150   15.670440
30     opls_716    21.137730    3.372150    8.934560
31     opls_716    20.104830    3.372150    9.803740
32     opls_700    -2.586790    3.372150   16.312140
33     opls_700     1.232910    3.372150   13.097800
34     opls_700    23.709390    3.372150    9.162300
35     opls_700    19.889740    3.372150   12.376380
36     opls_700    -2.712750    3.372150   17.779960
37     opls_700     2.700890    3.372150   13.223900
38     opls_700    23.835400    3.372150    7.694220
39     opls_700    18.421760    3.372150   12.250280
40     opls_145    -2.774570    2.159390   18.480750
41     opls_145     3.402100    4.584780   13.278670
42     opls_145    23.897220    2.159390    6.993430
43     opls_145    17.720550    4.584780   12.195510
44     opls_145    23.897220    4.584910    6.993430
45     opls_145    17.720550    2.159520   12.195510
46     opls_145    -2.774570    4.584910   18.480750
47     opls_145     3.402100    2.159520   13.278670
48     opls_145    -2.895610    2.161950   19.875210
49     opls_145     4.797290    4.582550   13.388210
50     opls_145    24.018210    2.161950    5.599220
51     opls_145    16.325350    4.582550   12.085970
52     opls_145    24.018210    4.582350    5.599220
53     opls_145    16.325350    2.161750   12.085970
54     opls_145    -2.895610    4.582350   19.875210
55     opls_145     4.797290    2.161750   13.388210
56     opls_145    -2.962040    3.372150   20.571670
57     opls_145     5.495660    3.372150   13.437380
58     opls_145    24.084430    3.372150    4.902510
59     opls_145    15.626990    3.372150   12.036800
60     opls_750     6.918730    3.372150   13.545390
61     opls_750    -3.076750    3.372150   21.994920
62     opls_750    14.203920    3.372150   11.928790
63     opls_750    24.199350    3.372150    3.479520
64     opls_542    21.697240    3.372150   14.216630
65     opls_542    -0.574600    3.372150   11.257550
66     opls_542    -0.897890    3.372150   14.442080
67     opls_542    22.020540    3.372150   11.032100
68     opls_545    22.431060    3.372150   13.599140
69     opls_545    -1.308410    3.372150   11.875040
70     opls_547    20.317600    3.372150   17.128330
71     opls_547     2.530060    3.372150   10.395760
72     opls_547     0.804790    3.372150    8.345850
73     opls_547    18.592590    3.372150   15.078420
74     opls_547     0.090200    3.372150   17.616410
75     opls_547     2.060530    3.372150   15.958550
76     opls_547    21.032440    3.372150    7.857770
77     opls_547    19.061810    3.372150    9.515880
78     opls_146    -2.725540    1.219770   17.945540
79     opls_146     2.865970    5.524320   13.236380
80     opls_146    23.848190    1.219770    7.528640
81     opls_146    18.256680    5.524320   12.237800
82     opls_146    23.848190    5.524530    7.528640
83     opls_146    18.256680    1.220040   12.237800
84     opls_146    -2.725540    5.524530   17.945540
85     opls_146     2.865970    1.220040   13.236380
86     opls_146    -2.937070    1.230970   20.422650
87     opls_146     5.342500    5.514810   13.433040
88     opls_146    24.059720    1.230970    5.051530
89     opls_146    15.780150    5.514810   12.041140
90     opls_146    24.059720    5.513330    5.051530
91     opls_146    15.780150    1.229490   12.041140
92     opls_146    -2.937070    5.513330   20.422650
93     opls_146     5.342500    1.229490   13.433040
94     opls_146     9.166430    3.372150   14.787250
95     opls_144    13.877380    3.372150   13.973610
96     opls_146    19.257790    3.372150   23.858350
97     opls_144     0.461290    3.372150    3.486650
98     opls_545    -1.518210    3.372150   13.704850
99     opls_168    10.006660    3.372150    9.433600
100    opls_168    -1.700940    3.372150   23.773270
101    opls_146    11.956210    3.372150   10.686930
102    opls_144     7.245220    3.372150   11.500830
103    opls_146     1.864860    3.372150    1.615830
104    opls_144    20.661350    3.372150   21.987530
105    opls_545    22.640850    3.372150   11.769330
106    opls_168    11.115990    3.372150   16.040580
107    opls_168    22.823590    3.372150    1.700910
108    opls_167     9.350400    3.372150   10.207760
109    opls_167    -1.952660    3.372150   24.746380
110    opls_167    11.772250    3.372150   15.266420
111    opls_167    23.075310    3.372150    0.727800
