0      opls_531    -1.221630   19.707430    0.688140
1      opls_700    -2.470690   19.084390    0.855130
2      opls_523     2.215280   17.397750    1.144630
3      opls_145     3.359870   16.669900    1.503670
4      opls_145     4.598910   17.330410    1.567330
5      opls_145     4.719220   18.675220    1.185420
6      opls_523     3.574290   19.400630    0.834410
7      opls_142     6.043220   15.637380    2.627010
8      opls_700     7.399760   15.456400    2.943840
9      opls_727     7.898970   14.147550    3.079340
10     opls_727     9.295790   13.918140    3.098630
11     opls_531     1.133680   19.555100    0.688140
12     opls_700     2.297780   18.784900    0.855130
13     opls_523     1.415470   23.686390    1.144630
14     opls_145     1.473510   25.041560    1.503670
15     opls_145     0.281970   25.784340    1.567330
16     opls_145    -0.942820   25.216130    1.185420
17     opls_523    -0.998580   23.861880    0.834410
18     opls_142     1.025670   27.881670    2.627010
19     opls_700     0.504480   29.146950    2.943840
20     opls_727     1.388380   30.233700    3.079340
21     opls_727    18.478650    1.091320    3.098630
22     opls_531     0.088300   21.671020    0.688140
23     opls_700     0.172910   23.064260    0.855130
24     opls_523    -3.630750   19.849410    1.144630
25     opls_145    -4.833380   19.222100    1.503670
26     opls_145    -4.880870   17.818800    1.567330
27     opls_145    -3.776400   17.042200    1.185420
28     opls_523    -2.575700   17.671030    0.834410
29     opls_142    -7.069250   17.414500    2.627010
30     opls_700    -7.904240   16.330190    2.943840
31     opls_727    -9.287340   16.552290    3.079340
32     opls_727    24.995570   15.457320    3.098630
33     opls_531    18.811630   10.759340    0.688140
34     opls_700    20.060690   11.382390    0.855130
35     opls_523    15.374720   13.069030    1.144630
36     opls_145    14.230130   13.796880    1.503670
37     opls_145    12.991090   13.136360    1.567330
38     opls_145    12.870780   11.791560    1.185420
39     opls_523    14.015710   11.066140    0.834410
40     opls_142    11.546960   14.829090    2.627010
41     opls_700    10.190240   15.010370    2.943840
42     opls_727     9.691030   16.319220    3.079340
43     opls_727     8.294210   16.548640    3.098630
44     opls_531    16.456320   10.911680    0.688140
45     opls_700    15.292220   11.681880    0.855130
46     opls_523    16.174530    6.780380    1.144630
47     opls_145    16.116490    5.425220    1.503670
48     opls_145    17.308030    4.682440    1.567330
49     opls_145    18.532820    5.250640    1.185420
50     opls_523    18.588580    6.604890    0.834410
51     opls_142    16.563980    2.585110    2.627010
52     opls_700    17.085520    1.319820    2.943840
53     opls_727    16.201620    0.233070    3.079340
54     opls_727    -0.888650   29.375450    3.098630
55     opls_531    17.502050    8.795760    0.688140
56     opls_700    17.417090    7.402510    0.855130
57     opls_523    21.220750   10.617370    1.144630
58     opls_145    22.423380   11.244680    1.503670
59     opls_145    22.470870   12.647980    1.567330
60     opls_145    21.366400   13.424570    1.185420
61     opls_523    20.165700   12.795740    0.834410
62     opls_142    24.659250   13.052270    2.627010
63     opls_700    25.494240   14.136580    2.943840
64     opls_727    26.877340   13.914480    3.079340
65     opls_727    -7.405570   15.009460    3.098630
66     opls_520    -0.085490   18.978970    0.677900
67     opls_750     5.731700   16.783230    2.009760
68     opls_520     1.196650   20.902950    0.677900
69     opls_750     0.189440   27.038960    2.009760
70     opls_520    -1.110630   21.051320    0.677900
71     opls_750    -5.921500   17.111360    2.009760
72     opls_520    17.675490   11.487800    0.677900
73     opls_750    11.858300   13.683540    2.009760
74     opls_520    16.393350    9.563820    0.677900
75     opls_750    17.400730    3.427510    2.009760
76     opls_520    18.700630    9.415450    0.677900
77     opls_750    23.511500   13.355410    2.009760
78     opls_526     1.314680   16.909670    1.131240
79     opls_146     3.280360   15.678510    1.737240
80     opls_146     5.640590   19.131000    1.185550
81     opls_526     3.682990   20.388360    0.586940
82     opls_144     5.332760   14.921710    2.821290
83     opls_526     2.288460   23.150480    1.131240
84     opls_146     2.371840   25.468390    1.737240
85     opls_146    -1.798230   25.786160    1.185550
86     opls_526    -1.908510   23.462460    0.586940
87     opls_144     2.001210   27.623920    2.821290
88     opls_526    -3.603140   20.873400    1.131240
89     opls_146    -5.652190   19.786650    1.737240
90     opls_146    -3.842360   16.016380    1.185550
91     opls_526    -1.775010   17.083020    0.586940
92     opls_144    -7.333450   18.387610    2.821290
93     opls_526    16.275320   13.557100    1.131240
94     opls_146    14.309640   14.788270    1.737240
95     opls_146    11.949410   11.335770    1.185550
96     opls_526    13.907010   10.078410    0.586940
97     opls_144    12.257240   15.545060    2.821290
98     opls_526    15.301540    7.316290    1.131240
99     opls_146    15.218160    4.998380    1.737240
100    opls_146    19.388230    4.680610    1.185550
101    opls_526    19.498520    7.004310    0.586940
102    opls_144    15.588790    2.842850    2.821290
103    opls_526    21.193140    9.593380    1.131240
104    opls_146    23.242190   10.680130    1.737240
105    opls_146    21.432360   14.450390    1.185550
106    opls_526    19.365010   13.383750    0.586940
107    opls_144    24.923450   12.079160    2.821290
108    opls_719    10.562270   17.286540    3.177960
109    opls_719     9.764380   12.709210    3.278060
110    opls_719    14.928280    0.503920    3.177960
111    opls_719    19.291130    2.101900    3.278060
112    opls_719    27.279450   12.676310    3.177960
113    opls_719    23.714310   15.655960    3.278060
114    opls_719     7.027730   13.180230    3.177960
115    opls_719     7.825620   17.757560    3.278060
116    opls_719     2.661720   29.962850    3.177960
117    opls_719    -1.701300   28.365180    3.278060
118    opls_719    -9.689450   17.790460    3.177960
119    opls_719    -6.123960   14.810810    3.278060
