0      opls_526    -8.564070   19.506820    2.902510
1      opls_146    -6.576580   20.819230    3.249540
2      opls_146     4.097540    2.132930    2.927280
3      opls_526     2.064460    0.909320    2.539210
4      opls_526    13.957110   16.643530    2.765530
5      opls_146    15.592020   14.986630    2.120850
6      opls_146    -7.833210   18.058400    0.231200
7      opls_526    -9.519780   19.773020    0.798110
8      opls_526     8.021250   15.497990    1.735860
9      opls_146     8.382740   13.163740    2.090710
10     opls_146    12.113500   13.295950   -0.093480
11     opls_526    11.853770   15.651670   -0.460630
12     opls_526     6.567790   19.579970    1.259680
13     opls_146     4.238700   19.097240    0.728610
14     opls_146     5.378450   15.264230    3.169140
15     opls_526     7.612360   15.622370    3.659950
16     opls_526    21.452070    3.821590    0.593230
17     opls_146    19.300690    4.514600    1.199370
18     opls_146    18.255740    0.623880    2.752900
19     opls_526    20.423650   -0.211840    2.227570
20     opls_526    -0.009300    2.782310   -0.465550
21     opls_146     0.161180    5.195530   -0.651740
22     opls_146    -3.038250    5.678030    2.237820
23     opls_526    22.735950    3.168180    2.529990
24     opls_144    16.199160    1.358940    2.383040
25     opls_144    -0.045850    7.326660    3.144040
26     opls_144     5.539630    2.646080    0.445010
27     opls_144    -6.477390   16.529670   -0.095450
28     opls_144    12.255820   11.299250    0.450880
29     opls_144     2.196450   17.591550    1.060630
30     opls_146     9.120310    1.716180    3.426660
31     opls_146    11.064540    3.007350   -0.056170
32     opls_146     8.552310    5.639780    2.295100
33     opls_146     6.633790    4.394920    1.625980
34     opls_146     0.354000    9.426260    2.049260
35     opls_146    -0.142060   11.765880    1.611870
36     opls_146    -3.340210   11.625620    4.513530
37     opls_146    -2.923180    9.272130    0.769320
38     opls_146    12.794240    6.626950   -0.040550
39     opls_146    12.883490    9.043070   -0.279870
40     opls_146     9.684830    9.420440    2.618260
41     opls_146     9.720470    7.031380    2.971310
42     opls_146    11.658240    2.465340    1.950860
43     opls_146    13.757450    1.373260    2.250000
44     opls_146    15.761340    5.198430    2.325520
45     opls_146    13.680990    6.312880    2.047090
46     opls_146     0.601580   12.708970    3.634810
47     opls_146     2.340710   14.219800    4.226850
48     opls_146    -0.295370   17.593790    3.640060
49     opls_146    -2.072600   16.106440    3.053800
50     opls_146    -2.195420   15.361320    1.134630
51     opls_146    -4.169220   16.323870    0.142640
52     opls_146    -6.578770   13.332860    2.125360
53     opls_146    -4.608590   12.356880    3.083980
54     opls_521    11.087910   19.091200    4.039610
55     opls_521    12.252850   19.636560    3.579750
56     opls_521    12.474730   20.972020    3.642360
57     opls_521    11.495640   21.785590    0.055840
58     opls_521    10.310820   21.249620    0.462770
59     opls_521    10.092170   19.892920    0.391760
60     opls_521    23.685340    1.498300    0.731480
61     opls_521    22.439430    1.008640    0.971620
62     opls_521     8.728600   18.042960    0.561330
63     opls_521     9.802360   17.235870    0.361050
64     opls_521    14.291090   19.343970    2.565620
65     opls_521   -11.219650   20.640500    2.805470
66     opls_700    21.231610    1.659140    1.342220
67     opls_700    24.136590    2.813630    0.954270
68     opls_700     7.366200   17.664700    0.495980
69     opls_700     9.910970   15.838900    0.570270
70     opls_700    -9.948170   21.274230    2.683740
71     opls_700    15.048690   18.366430    1.901130
72     opls_523    -8.664540   20.606950    2.819610
73     opls_145    -7.525960   21.348720    3.070240
74     opls_145     5.372380    0.381620    3.156260
75     opls_145     4.155140    1.036380    2.906530
76     opls_523     3.003120    0.339790    2.653640
77     opls_523    14.814150   16.967890    2.153650
78     opls_145    15.751780   16.030160    1.806620
79     opls_145    -8.896500   16.395680    1.150620
80     opls_145    -8.742030   17.745450    0.758660
81     opls_523    -9.681470   18.711360    1.065920
82     opls_523     8.962240   15.073870    1.331390
83     opls_145     9.147180   13.725890    1.533240
84     opls_145    10.257610   13.034220    1.035950
85     opls_145    11.219910   13.776660    0.325540
86     opls_523    11.067380   15.124420    0.104300
87     opls_523     6.316600   18.602650    0.809010
88     opls_145     5.004430   18.347190    0.480110
89     opls_145     4.647720   17.145500    3.941860
90     opls_145     5.649410   16.218510    3.648390
91     opls_523     6.958340   16.434380    3.984300
92     opls_523    20.839000    3.034410    1.080680
93     opls_145    19.578620    3.473530    1.433480
94     opls_145    18.613740    2.638030    2.014940
95     opls_145    18.970200    1.314200    2.285830
96     opls_523    20.216110    0.841090    1.976120
97     opls_523    -0.639550    3.410000    0.184710
98     opls_145    -0.578720    4.781910    0.048750
99     opls_145    -1.484060    5.626140    0.720210
100    opls_145    -2.365770    5.038490    1.649350
101    opls_523    23.426000    3.669030    1.829950
102    opls_142    16.235320    2.463100    2.380540
103    opls_142    -0.875120    7.729980    3.738540
104    opls_142     6.478940    2.204730    0.088110
105    opls_142    -6.715280   15.651000    0.519960
106    opls_142    11.343890   10.888770    0.914710
107    opls_142     2.261800   16.952680    0.174130
108    opls_700    -1.228350    9.120690    3.507430
109    opls_700     7.689070    2.922790    0.428980
110    opls_145     8.972830    2.577850    4.091880
111    opls_145    10.094230    3.315370    0.351740
112    opls_916    10.018170    4.438540    1.197530
113    opls_145     8.724210    4.798920    1.614910
114    opls_145     7.606940    4.058710    1.243330
115    opls_145    -0.478630    9.882820    2.602390
116    opls_145    -0.749460   11.223420    2.353600
117    opls_916    -1.776200   11.905240    3.029450
118    opls_145    -2.551620   11.143330    3.918990
119    opls_145    -2.289830    9.792440    0.036330
120    opls_916    -3.197620   13.799030    2.231020
121    opls_916    -0.909860   14.239710    3.191640
122    opls_916    11.203760    6.608380    1.434180
123    opls_916    12.452380    4.503860    1.852300
124    opls_145    12.102780    7.241210    0.555020
125    opls_145    12.147720    8.621850    0.421440
126    opls_700    11.262910    9.451980    1.121920
127    opls_145    10.374100    8.825640    2.002480
128    opls_145    10.353050    7.443430    2.172630
129    opls_145    12.548600    3.107340    1.992190
130    opls_145    13.768680    2.470030    2.189930
131    opls_700    14.976230    3.173780    2.265740
132    opls_145    14.867230    4.569180    2.234990
133    opls_145    13.653480    5.213870    2.042740
134    opls_145     0.362010   13.780690    3.583690
135    opls_145     1.370540   14.657800    3.951660
136    opls_700     1.184310   16.044250    3.972450
137    opls_145    -0.084850   16.512000    3.635470
138    opls_145    -1.092350   15.642950    3.241910
139    opls_145    -3.160690   14.900510    1.362840
140    opls_145    -4.300440   15.455490    0.801630
141    opls_700    -5.569460   14.947700    1.071410
142    opls_145    -5.615960   13.802390    1.881200
143    opls_145    -4.468330   13.229280    2.432530
144    opls_520    24.664810    0.712240    0.167200
145    opls_520     9.323210   22.008620    0.903390
146    opls_520     8.895460   19.411080    0.697740
147    opls_520    10.992470   17.772070    4.035300
148    opls_520    13.124610   18.806660    3.040930
149    opls_520   -12.194730   21.501280    3.275860
150    opls_750    17.331540    3.145370    2.269310
151    opls_750    -1.564780    7.013270    0.473840
152    opls_750     6.530730    1.097670    3.512840
153    opls_750    -7.890030   15.423730    1.003470
154    opls_750    10.350470   11.643960    1.256690
155    opls_750     3.345500   16.776180    3.602180
156    opls_239    -1.973020   13.317200    2.828060
157    opls_239    11.204410    5.176960    1.565170
