0      opls_145     6.656420   16.260710    5.425740
1      opls_145     7.811790   17.024480    5.342980
2      opls_145     8.998970   15.396160    1.095110
3      opls_145     7.841530   14.639880    1.202920
4      opls_145     6.661900   15.045850    0.541870
5      opls_700     9.004930    3.631230    0.370900
6      opls_700     1.230490   11.636620    5.560560
7      opls_145     1.418630   12.479310    4.449370
8      opls_145     2.536220   13.299950    4.364080
9      opls_145     2.153030   11.693290    1.017170
10     opls_700     3.479850    6.912150    5.407530
11     opls_145     3.263290    7.711740    0.940510
12     opls_142     4.680580    6.088890    5.290920
13     opls_700    12.654840   17.384710    5.375480
14     opls_700    12.649590   18.811660    5.308790
15     opls_145    13.792940   19.550740    4.882020
16     opls_145    16.242560   16.260710    0.177860
17     opls_145    15.087190   17.024480    0.260620
18     opls_145    13.900010   15.396160    4.508490
19     opls_145    15.057450   14.639880    4.400670
20     opls_145    16.237090   15.045850    5.061730
21     opls_700    13.894050    3.631230    5.232700
22     opls_700    21.668490   11.636620    0.043040
23     opls_145    21.480350   12.479310    1.154230
24     opls_145    20.362760   13.299950    1.239520
25     opls_145    20.745950   11.693290    4.586430
26     opls_700    19.419130    6.912150    0.196070
27     opls_145    19.635690    7.711740    4.663090
28     opls_142    18.218400    6.088890    0.312680
29     opls_700    10.244140   17.384710    0.228120
30     opls_700    10.249390   18.811660    0.294810
31     opls_145     9.106040   19.550740    0.721580
32     opls_145    16.242560    3.976890    0.177860
33     opls_145    15.087190    3.213120    0.260620
34     opls_145    13.900010    4.841440    4.508490
35     opls_145    15.057450    5.597720    4.400670
36     opls_145    16.237090    5.191750    5.061730
37     opls_700    13.894050   16.606370    5.232700
38     opls_700    21.668490    8.600980    0.043040
39     opls_145    21.480350    7.758290    1.154230
40     opls_145    20.362760    6.937650    1.239520
41     opls_145    20.745950    8.544310    4.586430
42     opls_700    19.419130   13.325450    0.196070
43     opls_145    19.635690   12.525860    4.663090
44     opls_142    18.218400   14.148710    0.312680
45     opls_700    10.244140    2.852890    0.228120
46     opls_700    10.249390    1.425940    0.294810
47     opls_145     9.106040    0.686860    0.721580
48     opls_145     6.656420    3.976890    5.425740
49     opls_145     7.811790    3.213120    5.342980
50     opls_145     8.998970    4.841440    1.095110
51     opls_145     7.841530    5.597720    1.202920
52     opls_145     6.661900    5.191750    0.541870
53     opls_700     9.004930   16.606370    0.370900
54     opls_700     1.230490    8.600980    5.560560
55     opls_145     1.418630    7.758290    4.449370
56     opls_145     2.536220    6.937650    4.364080
57     opls_145     2.153030    8.544310    1.017170
58     opls_700     3.479850   13.325450    5.407530
59     opls_145     3.263290   12.525860    0.940510
60     opls_142     4.680580   14.148710    5.290920
61     opls_700    12.654840    2.852890    5.375480
62     opls_700    12.649590    1.425940    5.308790
63     opls_145    13.792940    0.686860    4.882020
64     opls_141     0.000000   10.799190    0.000000
65     opls_141    22.900800    9.438410    0.000000
66     opls_700    11.450400    0.714990    0.000000
67     opls_145    11.450400    3.529640    0.000000
68     opls_700    11.450400   19.522610    0.000000
69     opls_145    11.450400   16.707960    0.000000
70     opls_750     5.526210    5.994170    0.658700
71     opls_750    17.372770    5.994170    4.944900
72     opls_750    17.372770   14.243430    4.944900
73     opls_750     5.526210   14.243430    0.658700
74     opls_146     5.701850   16.613650    4.912120
75     opls_146     7.807170   18.003770    4.759250
76     opls_146     9.960190   15.041600    1.595060
77     opls_146     7.839950   13.686080    1.827280
78     opls_146     0.649900   12.493080    3.607770
79     opls_146     2.692240   13.956860    3.445600
80     opls_146     1.991510   11.053980    1.947140
81     opls_146     4.000410    7.680570    1.809570
82     opls_144     4.865250    5.523650    4.318300
83     opls_146    14.728780   19.001490    4.532700
84     opls_146    17.197130   16.613650    0.691480
85     opls_146    15.091810   18.003770    0.844350
86     opls_146    12.938800   15.041600    4.008540
87     opls_146    15.059030   13.686080    3.776320
88     opls_146    22.249080   12.493080    1.995830
89     opls_146    20.206740   13.956860    2.158000
90     opls_146    20.907470   11.053980    3.656460
91     opls_146    18.898570    7.680570    3.794030
92     opls_144    18.033730    5.523650    1.285300
93     opls_146     8.170200   19.001490    1.070900
94     opls_146    17.197130    3.623950    0.691480
95     opls_146    15.091810    2.233830    0.844350
96     opls_146    12.938800    5.196000    4.008540
97     opls_146    15.059030    6.551520    3.776320
98     opls_146    22.249080    7.744520    1.995830
99     opls_146    20.206740    6.280740    2.158000
100    opls_146    20.907470    9.183620    3.656460
101    opls_146    18.898570   12.557030    3.794030
102    opls_144    18.033730   14.713950    1.285300
103    opls_146     8.170200    1.236110    1.070900
104    opls_146     5.701850    3.623950    4.912120
105    opls_146     7.807170    2.233830    4.759250
106    opls_146     9.960190    5.196000    1.595060
107    opls_146     7.839950    6.551520    1.827280
108    opls_146     0.649900    7.744520    3.607770
109    opls_146     2.692240    6.280740    3.445600
110    opls_146     1.991510    9.183620    1.947140
111    opls_146     4.000410   12.557030    1.809570
112    opls_144     4.865250   14.713950    4.318300
113    opls_146    14.728780    1.236110    4.532700
114    opls_146    11.450400    4.628740    0.000000
115    opls_146    11.450400   15.608860    0.000000
