0      opls_916    13.494570   14.810460    1.662360
1      opls_145    12.175890   15.072390    1.252020
2      opls_145    11.681830   16.379410    1.259500
3      opls_916    12.494590   17.451550    1.656390
4      opls_145    13.811870   17.185510    2.070900
5      opls_145    14.309810   15.880520    2.054390
6      opls_141    12.602720   20.033200    1.463920
7      opls_142    13.240970   12.313530    1.949540
8      opls_916    13.279700   25.279360    1.686620
9      opls_145    14.105180   24.239310    2.140800
10     opls_145    13.657370   22.916470    2.134130
11     opls_916    12.374870   22.601170    1.654000
12     opls_145    11.545120   23.639200    1.208040
13     opls_145    11.994530   24.962510    1.206490
14     opls_280    14.830860    8.396230    1.842750
15     opls_145    15.755380    9.469200    2.311010
16     opls_280    15.205120   10.843900    2.462600
17     opls_145    13.763460   11.095960    2.215120
18     opls_280    12.860250    9.931800    2.310530
19     opls_145    13.355800    8.590370    1.906410
20     opls_142    12.536600    7.559140    1.593090
21     opls_142    17.063430    9.246190    2.580530
22     opls_916    10.220890    6.564120    1.398630
23     opls_145     8.914920    6.721260    1.881200
24     opls_145     8.023360    5.645920    1.886390
25     opls_916     8.411310    4.396490    1.370540
26     opls_145     9.717630    4.241600    0.884180
27     opls_145    10.612610    5.314620    0.887090
28     opls_141     6.101930    3.231250    1.226580
29     opls_916     1.218980    1.210430    1.553430
30     opls_145     2.103240    0.285740    0.965170
31     opls_145     3.474550    0.551120    0.916910
32     opls_916     3.990120    1.753340    1.420270
33     opls_145     3.108140    2.676500    2.007160
34     opls_145     1.738450    2.410050    2.063460
35     opls_916    19.077790    7.725190    2.509450
36     opls_145    19.939960    8.703360    1.981760
37     opls_145    21.315310    8.468760    1.910210
38     opls_916    21.856700    7.246950    2.335490
39     opls_145    20.994430    6.270910    2.865240
40     opls_145    19.619130    6.504250    2.937640
41     opls_141    24.004340    5.835430    2.031380
42     opls_916    28.197980    2.600620    1.953450
43     opls_145    26.925230    2.417060    2.516050
44     opls_145    26.010480    3.470760    2.573750
45     opls_916    26.343170    4.731910    2.051110
46     opls_145    27.616010    4.919990    1.495510
47     opls_145    28.529700    3.865210    1.429520
48     opls_142    16.846210   30.718930    1.317340
49     opls_280    12.597600   30.171880    1.026730
50     opls_145    13.498860   29.000290    1.137960
51     opls_280    14.950410   29.226150    0.915220
52     opls_145    15.522420   30.584210    1.077980
53     opls_280    32.711740    0.734300    0.969220
54     opls_145    31.259280    0.540050    1.192660
55     opls_142    30.495970    1.601410    1.536400
56     opls_142    12.976020   27.789560    1.435500
57     opls_238    14.036780   13.480180    1.671690
58     opls_238    11.926590   18.778300    1.702690
59     opls_238    13.779940   26.630030    1.714270
60     opls_238    11.859520   21.253570    1.677770
61     opls_238    11.113480    7.690110    1.421010
62     opls_238     7.537090    3.248150    1.399660
63     opls_238    -0.199650    0.971690    1.636480
64     opls_238     5.416090    1.970310    1.390480
65     opls_238    17.657950    7.937980    2.603050
66     opls_238    23.287070    7.063000    2.290580
67     opls_238    29.114200    1.489430    1.919500
68     opls_238    25.444840    5.857880    2.140030
69     opls_146    11.532360   14.280690    0.896410
70     opls_146    10.663320   16.560900    0.939580
71     opls_146    14.452860   17.972360    2.436870
72     opls_146    15.325610   15.697350    2.381420
73     opls_910    10.897540   18.832110    1.875740
74     opls_910    15.056690   13.390530    1.476160
75     opls_144    12.164670   12.401400    1.893320
76     opls_146    15.095230   24.456020    2.521990
77     opls_146    14.305460   22.152430    2.535040
78     opls_146    10.551680   23.417930    0.838760
79     opls_146    11.334920   25.720850    0.811260
80     opls_910    10.827930   21.154610    1.812770
81     opls_910    14.745750   26.769420    2.084730
82     opls_144    12.980400    6.587080    1.430810
83     opls_144    17.691480   10.083710    2.856690
84     opls_146     8.597250    7.673870    2.286570
85     opls_146     7.047120    5.792150    2.321920
86     opls_146    10.038300    3.287310    0.485550
87     opls_146    11.594080    5.166050    0.460150
88     opls_910     8.003020    2.318030    1.497800
89     opls_910    10.679520    8.630520    1.303110
90     opls_146     1.749370   -0.633640    0.523600
91     opls_146     4.137770   -0.175520    0.464830
92     opls_146     3.473170    3.589290    2.453200
93     opls_146     1.080950    3.134920    2.527300
94     opls_910     6.015320    1.115510    1.440320
95     opls_910    -0.779820    1.717400    2.080190
96     opls_146    19.557030    9.642110    1.605700
97     opls_146    21.962350    9.235990    1.504140
98     opls_146    21.378030    5.339680    3.253690
99     opls_146    18.975940    5.739610    3.354440
100    opls_910    23.866420    7.926360    2.396170
101    opls_910    17.068040    7.120290    2.872830
102    opls_146    26.647560    1.456790    2.932440
103    opls_146    25.060670    3.300770    3.057270
104    opls_146    27.893490    5.885610    1.091580
105    opls_146    29.480550    4.047800    0.951530
106    opls_910    25.890920    6.798030    2.234700
107    opls_910    28.779220    0.587350    2.324170
108    opls_144    11.904640   27.709100    1.559690
109    opls_144    17.454350   29.825190    1.359960
110    opls_144    30.969580    2.570690    1.615140
111    opls_474    13.871010   20.063710    0.779520
112    opls_474     5.419740    4.361960    0.649310
113    opls_474    23.335350    4.711090    1.425730
114    opls_281    15.919020   11.740450    2.881200
115    opls_281    11.744670   10.074870    2.782700
116    opls_281    15.279670    7.378460    1.341190
117    opls_281    15.666220   28.312720    0.537240
118    opls_281    33.128230    1.831620    0.635260
119    opls_281    11.424090   30.003680    0.737160
