0      opls_700    25.189960   21.783820    3.205250
1      opls_700     2.239960    1.233820    3.205250
2      opls_700    21.663210   21.783820    0.617710
3      opls_700    44.613210    1.233820    0.617710
4      opls_700    21.663210   19.316180    0.617710
5      opls_700    44.613210   39.866180    0.617710
6      opls_700    25.189960   19.316180    3.205250
7      opls_700     2.239960   39.866180    3.205250
8      opls_145    22.308510   22.979830    0.265850
9      opls_145    45.258510    2.429830    0.265850
10     opls_145    24.544670   22.979830    3.557120
11     opls_145     1.594670    2.429830    3.557120
12     opls_145    24.544670   18.120170    3.557120
13     opls_145     1.594670   38.670170    3.557120
14     opls_145    22.308510   18.120170    0.265850
15     opls_145    45.258510   38.670170    0.265850
16     opls_700    20.385060   21.776830    1.240590
17     opls_700    43.335060    1.226830    1.240590
18     opls_700    26.468120   21.776830    2.582370
19     opls_700     3.518120    1.226830    2.582370
20     opls_700    26.468120   19.323160    2.582370
21     opls_700     3.518120   39.873170    2.582370
22     opls_700    20.385060   19.323160    1.240590
23     opls_700    43.335060   39.873170    1.240590
24     opls_700    19.478460   22.967500    1.337880
25     opls_700    42.428460    2.417500    1.337880
26     opls_700    27.374710   22.967500    2.485080
27     opls_700     4.424710    2.417500    2.485080
28     opls_700    27.374710   18.132910    2.485080
29     opls_700     4.424710   38.682910    2.485080
30     opls_700    19.478460   18.132910    1.337880
31     opls_700    42.428460   38.682910    1.337880
32     opls_145    18.155060   22.837630    0.875380
33     opls_145    41.105060    2.287630    0.875380
34     opls_145    28.698100   22.837630    2.947540
35     opls_145     5.748100    2.287630    2.947540
36     opls_145    28.698100   18.262370    2.947540
37     opls_145     5.748100   38.812370    2.947540
38     opls_145    18.155060   18.262370    0.875380
39     opls_145    41.105060   38.812370    0.875380
40     opls_145    17.258080   23.900880    0.950500
41     opls_145    40.208080    3.350880    0.950500
42     opls_145    29.595090   23.900880    2.872460
43     opls_145     6.645090    3.350880    2.872460
44     opls_145    29.595090   17.199120    2.872460
45     opls_145     6.645090   37.749120    2.872460
46     opls_145    17.258080   17.199120    0.950500
47     opls_145    40.208080   37.749120    0.950500
48     opls_145    17.663290   25.138820    1.469280
49     opls_145    40.613290    4.588820    1.469280
50     opls_145    29.189880   25.138820    2.353680
51     opls_145     6.239880    4.588820    2.353680
52     opls_145    29.189880   15.961190    2.353680
53     opls_145     6.239880   36.511180    2.353680
54     opls_145    17.663290   15.961190    1.469280
55     opls_145    40.613290   36.511180    1.469280
56     opls_145    18.974910   25.281430    1.937900
57     opls_145    41.924910    4.731430    1.937900
58     opls_145    27.878260   25.281430    1.885030
59     opls_145     4.928260    4.731430    1.885030
60     opls_145    27.878260   15.818570    1.885030
61     opls_145     4.928260   36.368570    1.885030
62     opls_145    18.974910   15.818570    1.937900
63     opls_145    41.924910   36.368570    1.937900
64     opls_145    19.864700   24.191870    1.916830
65     opls_145    42.814700    3.641870    1.916830
66     opls_145    26.988470   24.191870    1.906130
67     opls_145     4.038470    3.641870    1.906130
68     opls_145    26.988470   16.908540    1.906130
69     opls_145     4.038470   37.458540    1.906130
70     opls_145    19.864700   16.908540    1.916830
71     opls_145    42.814700   37.458540    1.916830
72     opls_700     9.305990   34.316860    2.528510
73     opls_700    32.255990   13.766860    2.528510
74     opls_700    37.547190   34.316860    1.294460
75     opls_700    14.597190   13.766860    1.294460
76     opls_700    37.547190    6.783140    1.294460
77     opls_700    14.597190   27.333140    1.294460
78     opls_700     9.305990    6.783140    2.528510
79     opls_700    32.255990   27.333140    2.528510
80     opls_145     8.833380   33.128240    3.110900
81     opls_145    31.783380   12.578240    3.110900
82     opls_145    38.019790   33.128240    0.712070
83     opls_145    15.069790   12.578240    0.712070
84     opls_145    38.019790    7.971760    0.712070
85     opls_145    15.069790   28.521760    0.712070
86     opls_145     8.833380    7.971760    3.110900
87     opls_145    31.783380   28.521760    3.110900
88     opls_145     9.728690   32.108140    3.463570
89     opls_145    32.678690   11.558140    3.463570
90     opls_145    37.124480   32.108140    0.359400
91     opls_145    14.174480   11.558140    0.359400
92     opls_145    37.124480    8.991860    0.359400
93     opls_145    14.174480   29.541860    0.359400
94     opls_145     9.728690    8.991860    3.463570
95     opls_145    32.678690   29.541860    3.463570
96     opls_700    11.102070   32.267610    3.237330
97     opls_700    34.052070   11.717610    3.237330
98     opls_700    35.751110   32.267610    0.585640
99     opls_700    12.801110   11.717610    0.585640
100    opls_700    35.751110    8.832390    0.585640
101    opls_700    12.801110   29.382390    0.585640
102    opls_700    11.102070    8.832390    3.237330
103    opls_700    34.052070   29.382390    3.237330
104    opls_145    11.573740   33.438140    2.634630
105    opls_145    34.523740   12.888140    2.634630
106    opls_145    35.279430   33.438140    1.188330
107    opls_145    12.329430   12.888140    1.188330
108    opls_145    35.279430    7.661860    1.188330
109    opls_145    12.329430   28.211860    1.188330
110    opls_145    11.573740    7.661860    2.634630
111    opls_145    34.523740   28.211860    2.634630
112    opls_145    10.682230   34.457420    2.284300
113    opls_145    33.632230   13.907420    2.284300
114    opls_145    36.170940   34.457420    1.538630
115    opls_145    13.220940   13.907420    1.538630
116    opls_145    36.170940    6.642580    1.538630
117    opls_145    13.220940   27.192580    1.538630
118    opls_145    10.682230    6.642580    2.284300
119    opls_145    33.632230   27.192580    2.284300
120    opls_261    12.034580   31.247920    3.648980
121    opls_261    34.984580   10.697920    3.648980
122    opls_261    34.818600   31.247920    0.173980
123    opls_261    11.868600   10.697920    0.173980
124    opls_261    34.818600    9.852080    0.173980
125    opls_261    11.868600   30.402080    0.173980
126    opls_261    12.034580    9.852080    3.648980
127    opls_261    34.984580   30.402080    3.648980
128    opls_142     8.409120   35.461080    2.263500
129    opls_142    31.359120   14.910670    2.263500
130    opls_142    38.444050   35.461080    1.559460
131    opls_142    15.494050   14.910670    1.559460
132    opls_142    38.444050    5.639330    1.559460
133    opls_142    15.494050   26.189330    1.559460
134    opls_142     8.409120    5.639330    2.263500
135    opls_142    31.359120   26.189330    2.263500
136    opls_145    19.830220   20.550000    1.618380
137    opls_145    42.780220    0.000000    1.618380
138    opls_145    27.022950   20.550000    2.204590
139    opls_145     4.072950   41.100000    2.204590
140    opls_700    24.540700   20.550000    3.498850
141    opls_700     1.590700   41.100000    3.498850
142    opls_700    22.312470   20.550000    0.324110
143    opls_700    45.262470    0.000000    0.324110
144    opls_146    21.846920   23.940750    0.404580
145    opls_146    44.796920    3.390750    0.404580
146    opls_146    25.006260   23.940750    3.418380
147    opls_146     2.056260    3.390750    3.418380
148    opls_146    25.006260   17.159250    3.418380
149    opls_146     2.056260   37.709250    3.418380
150    opls_146    21.846920   17.159250    0.404580
151    opls_146    44.796920   37.709250    0.404580
152    opls_146    17.822990   21.917400    0.412460
153    opls_146    40.772990    1.367400    0.412460
154    opls_146    29.030180   21.917400    3.410510
155    opls_146     6.080180    1.367400    3.410510
156    opls_146    29.030180   19.182600    3.410510
157    opls_146     6.080180   39.732600    3.410510
158    opls_146    17.822990   19.182600    0.412460
159    opls_146    40.772990   39.732600    0.412460
160    opls_146    16.270760   23.780050    0.527030
161    opls_146    39.220760    3.230050    0.527030
162    opls_146    30.582410   23.780050    3.295930
163    opls_146     7.632410    3.230050    3.295930
164    opls_146    30.582410   17.319950    3.295930
165    opls_146     7.632410   37.869950    3.295930
166    opls_146    16.270760   17.319950    0.527030
167    opls_146    39.220760   37.869950    0.527030
168    opls_146    19.286170   26.228790    2.357890
169    opls_146    42.236170    5.678790    2.357890
170    opls_146    27.567000   26.228790    1.465070
171    opls_146     4.617000    5.678790    1.465070
172    opls_146    27.567000   14.871620    1.465070
173    opls_146     4.617000   35.421620    1.465070
174    opls_146    19.286170   14.871620    2.357890
175    opls_146    42.236170   35.421620    2.357890
176    opls_146    20.840930   24.297910    2.373110
177    opls_146    43.790930    3.747910    2.373110
178    opls_146    26.012250   24.297910    1.449860
179    opls_146     3.062250    3.747910    1.449860
180    opls_146    26.012250   16.802090    1.449860
181    opls_146     3.062250   37.352090    1.449860
182    opls_146    20.840930   16.802090    2.373110
183    opls_146    43.790930   37.352090    2.373110
184    opls_146     7.778620   33.010700    3.324530
185    opls_146    30.728620   12.460700    3.324530
186    opls_146    39.074560   33.010700    0.498440
187    opls_146    16.124560   12.460700    0.498440
188    opls_146    39.074560    8.089300    0.498440
189    opls_146    16.124560   28.639300    0.498440
190    opls_146     7.778620    8.089300    3.324530
191    opls_146    30.728620   28.639300    3.324530
192    opls_146     9.356560   31.208460    3.937160
193    opls_146    32.306560   10.658460    3.937160
194    opls_146    37.496610   31.208460   -0.114190
195    opls_146    14.546610   10.658460   -0.114190
196    opls_146    37.496610    9.891540   -0.114190
197    opls_146    14.546610   30.441540   -0.114190
198    opls_146     9.356560    9.891540    3.937160
199    opls_146    32.306560   30.441540    3.937160
200    opls_146    12.633560   33.567600    2.452320
201    opls_146    35.583560   13.017600    2.452320
202    opls_146    34.219610   33.567600    1.370650
203    opls_146    11.269610   13.017600    1.370650
204    opls_146    34.219610    7.532400    1.370650
205    opls_146    11.269610   28.082400    1.370650
206    opls_146    12.633560    7.532400    2.452320
207    opls_146    35.583560   28.082400    2.452320
208    opls_146    11.068630   35.364080    1.836630
209    opls_146    34.018630   14.814080    1.836630
210    opls_146    35.784550   35.364080    1.986340
211    opls_146    12.834550   14.814080    1.986340
212    opls_146    35.784550    5.735920    1.986340
213    opls_146    12.834550   26.285920    1.986340
214    opls_146    11.068630    5.735920    1.836630
215    opls_146    34.018630   26.285920    1.836630
216    opls_144    37.988680    4.692800    1.826230
217    opls_144    15.038680   25.242800    1.826230
218    opls_144     8.864490    4.692800    1.996730
219    opls_144    31.814490   25.242800    1.996730
220    opls_144     8.864490   36.407200    1.996730
221    opls_144    31.814490   15.857200    1.996730
222    opls_144    37.988680   36.407200    1.826230
223    opls_144    15.038680   15.857200    1.826230
224    opls_146    18.872070   20.550000    2.123770
225    opls_146    41.822070    0.000000    2.123770
226    opls_146    27.981100   20.550000    1.699190
227    opls_146     5.031100   41.100000    1.699190
228    opls_750     7.116820   35.372710    2.400710
229    opls_750    30.066820   14.822720    2.400710
230    opls_750    39.736350   35.372710    1.422260
231    opls_750    16.786350   14.822720    1.422260
232    opls_750    39.736350    5.727290    1.422260
233    opls_750    16.786350   26.277280    1.422260
234    opls_750     7.116820    5.727290    2.400710
235    opls_750    30.066820   26.277280    2.400710
