0      opls_700     0.054630   31.122170    2.393650
1      opls_145    -1.015250   32.017340    2.398640
2      opls_166    17.940230    0.876960    2.189050
3      opls_142    -0.247990   29.678450    2.520400
4      opls_145     0.491670   27.351600    2.543570
5      opls_145    -0.756750   26.744850    2.282080
6      opls_523    -0.886280   25.355110    2.316090
7      opls_700     0.227340   24.541550    2.583670
8      opls_523     1.472010   25.146350    2.824040
9      opls_145     1.599290   26.536090    2.807840
10     opls_531     0.098930   23.071170    2.595400
11     opls_465    12.293250   18.100760    2.784380
12     opls_275    13.351120   19.053160    2.280830
13     opls_700    12.813080   20.483870    2.169620
14     opls_145    11.504590   20.691970    1.691220
15     opls_145    11.005980   21.977010    1.495260
16     opls_145    11.819040   23.086130    1.729700
17     opls_145    13.128290   22.908590    2.174830
18     opls_145    13.624460   21.621280    2.401280
19     opls_135    14.613250   18.915610    3.145940
20     opls_700    19.318000    1.398840    2.002770
21     opls_145    20.392950    0.505300    2.007100
22     opls_166     1.427700   31.650880    2.209280
23     opls_142    19.586270    2.843540    1.839740
24     opls_145    18.719700    5.141780    1.898680
25     opls_145    19.925870    5.824940    1.646420
26     opls_523    19.940330    7.220860    1.577880
27     opls_700    18.755180    7.961250    1.758660
28     opls_523    17.554070    7.273210    2.001020
29     opls_145    17.542620    5.877940    2.074250
30     opls_531    18.775640    9.439760    1.719220
31     opls_465     6.270440   14.092170    3.208690
32     opls_275     5.197360   13.049050    2.988180
33     opls_700     5.628770   11.645000    3.425320
34     opls_145     6.998090   11.282770    3.520320
35     opls_145     7.371110    9.977250    3.857690
36     opls_145     6.391900    9.005670    4.076800
37     opls_145     5.042110    9.336680    3.951890
38     opls_145     4.661200   10.635700    3.621270
39     opls_135     3.911400   13.515980    3.691420
40     opls_700     0.299060    9.465120    5.656520
41     opls_145    -0.690670   10.394430    5.336680
42     opls_166    -0.443420   11.768890    5.390850
43     opls_142    -0.057820    8.027580    5.628300
44     opls_145     0.605440    5.678940    5.887440
45     opls_145    -0.662320    5.092030    5.699260
46     opls_523    -0.814760    3.702940    5.744340
47     opls_700     0.292860    2.866620    5.977310
48     opls_523     1.557050    3.452560    6.159410
49     opls_145     1.707420    4.843280    6.120480
50     opls_531     0.130100    1.393970    6.016020
51     opls_465    -6.541710   28.516000    5.556310
52     opls_275    -5.661250   29.444660    4.770520
53     opls_700    -5.809370   30.893260    5.238220
54     opls_145    -7.094580   31.472690    5.258160
55     opls_145    11.490700    0.268580    5.697790
56     opls_145    12.584430    1.035960    6.098930
57     opls_145    13.868140    0.492940    6.055970
58     opls_145    -4.712070   31.686970    5.640760
59     opls_135    -4.228290   28.900020    4.777920
60     opls_700     0.889850   12.263140    5.825270
61     opls_145     1.908300   11.334800    6.083390
62     opls_166     1.658050    9.954490    6.022690
63     opls_142     1.146670   13.709450    6.010380
64     opls_145     0.203500   15.981680    6.112570
65     opls_145     1.399350   16.724350    6.043360
66     opls_523     1.364060   18.123840    6.103110
67     opls_700     0.137230   18.801160    6.215490
68     opls_523    -1.049990   18.050030    6.294740
69     opls_145    -1.011880   16.657370    6.244380
70     opls_531     0.081290   20.280640    6.236900
71     opls_465   -12.649760   24.936620    7.296200
72     opls_275   -13.977590   24.218340    7.321120
73     opls_700    23.725190   22.707320    0.209510
74     opls_145   -12.695000   22.021550    7.019090
75     opls_145    24.950150   20.627910    7.100690
76     opls_145    23.921560   19.892720    0.368230
77     opls_145    22.794980   20.545970    0.880060
78     opls_145    22.692480   21.939610    0.800960
79     opls_135    22.633350   24.917770    0.987610
80     opls_700    -8.206700   17.002360    2.393650
81     opls_145    -8.447000   15.628230    2.398640
82     opls_166    27.816810   15.098220    2.189050
83     opls_142    -6.805100   17.462140    2.520400
84     opls_145    -5.159810   19.266140    2.543570
85     opls_145    -4.010140   18.488350    2.282080
86     opls_523    -2.741830   19.071040    2.316090
87     opls_700    -2.594080   20.442240    2.583670
88     opls_523    -3.740180   21.217750    2.824040
89     opls_145    -5.007380   20.633110    2.807840
90     opls_531    -1.256490   21.066230    2.595400
91     opls_465    15.724060    1.595890    2.784380
92     opls_275    14.370320    2.035840    2.280830
93     opls_700    13.400310    0.854520    2.169620
94     opls_145    -4.898870   32.133420    1.691220
95     opls_145    -5.762430   31.059090    1.495260
96     opls_145    -7.129500   31.208660    1.729700
97     opls_145    -7.630370   32.431270    2.174830
98     opls_145    12.009590    0.988490    2.401280
99     opls_135    13.858380    3.197640    3.145940
100    opls_700    26.675970   16.030460    2.002770
101    opls_145    26.912320   17.408160    2.007100
102    opls_166    -9.351120   17.927120    2.209280
103    opls_142    25.290690   15.540440    1.839740
104    opls_145    23.733640   13.640840    1.898680
105    opls_145    22.538920   14.343840    1.646420
106    opls_523    21.322790   13.658400    1.577880
107    opls_700    21.274170   12.261830    1.758660
108    opls_523    22.470580   11.565660    2.001020
109    opls_145    23.684640   12.253380    2.074250
110    opls_531    19.983510   11.540300    1.719220
111    opls_465     3.433810   30.900410    3.208690
112    opls_275     4.873710   30.492660    2.988180
113    opls_700     5.873950   31.568290    3.425320
114    opls_145    24.276190    0.419130    3.520320
115    opls_145    25.220290    1.394940    3.857690
116    opls_145    26.551310    1.032710    4.076800
117    opls_145     8.166340   32.214390    3.951890
118    opls_145     7.231810   31.235000    3.621270
119    opls_135     5.112320   29.145510    3.691420
120    opls_700    10.426640   28.042570    5.656520
121    opls_145    10.116690   26.720790    5.336680
122    opls_166     8.802750   26.247680    5.390850
123    opls_142    11.850020   28.452270    5.628300
124    opls_145    13.552370   30.200990    5.887440
125    opls_145    14.694530   29.396540    5.699260
126    opls_523    15.973740   29.959070    5.744340
127    opls_700    16.144200   31.336450    5.977310
128    opls_523    15.004670   32.138300    6.159410
129    opls_145    13.725090   31.573170    6.120480
130    opls_531    17.500940   31.931820    6.016020
131    opls_465    -2.651530   12.592850    5.556310
132    opls_275    -3.896000   12.891020    4.770520
133    opls_700    -5.076460   12.038450    5.238220
134    opls_145    -4.935660   10.635700    5.258160
135    opls_145    31.568450    9.816950    5.697790
136    opls_145    30.357020   10.380450    6.098930
137    opls_145    30.185430   11.763690    6.055970
138    opls_145    -6.312490   12.591870    5.640760
139    opls_135    -4.140800   14.404320    4.777920
140    opls_700     7.708090   27.155200    5.825270
141    opls_145     8.002830   28.501370    6.083390
142    opls_166     9.323330   28.974800    6.022690
143    opls_142     6.327130   26.654450    6.010380
144    opls_145     4.830910   24.701530    6.112570
145    opls_145     3.589810   25.365840    6.043360
146    opls_523     2.395460   24.635530    6.103110
147    opls_700     2.422310   23.234410    6.215490
148    opls_523     3.666410   22.581810    6.294740
149    opls_145     4.853440   23.311140    6.244380
150    opls_531     1.169010   22.446210    6.236900
151    opls_465     3.502330    9.092810    7.296200
152    opls_275     4.788290    8.302020    7.321120
153    opls_700     6.018690    9.192960    0.209510
154    opls_145     6.049480   10.511170    7.019090
155    opls_145     7.207030   11.293500    7.100690
156    opls_145     8.358020   10.770320    0.368230
157    opls_145     8.355580    9.468050    0.880060
158    opls_145     7.199900    8.682460    0.800960
159    opls_135     4.650310    7.142170    0.987610
160    opls_700     8.152070   16.907740    2.393650
161    opls_145     9.462260   17.386700    2.398640
162    opls_166    10.562550   16.540960    2.189050
163    opls_142     7.053090   17.891680    2.520400
164    opls_145     4.668140   18.414540    2.543570
165    opls_145     4.766890   19.799080    2.282080
166    opls_523     3.628110   20.606130    2.316090
167    opls_700     2.366740   20.048470    2.583670
168    opls_523     2.268180   18.668160    2.824040
169    opls_145     3.408090   17.863060    2.807840
170    opls_531     1.157560   20.894870    2.595400
171    opls_465    28.302290   12.819490    2.784380
172    opls_275    28.598150   11.427150    2.280830
173    opls_700    30.106210   11.177750    2.169620
174    opls_145    -6.605730   12.206880    1.691220
175    opls_145    -5.243540   11.996180    1.495260
176    opls_145    -4.689550   10.737480    1.729700
177    opls_145    -5.497920    9.692410    2.174830
178    opls_145    30.685550    9.906370    2.401280
179    opls_135    27.847980   10.402890    3.145940
180    opls_700    10.325640   15.086840    2.002770
181    opls_145     9.014330   14.602670    2.007100
182    opls_166     7.923420   15.454270    2.209280
183    opls_142    11.442640   14.132160    1.839740
184    opls_145    13.866260   13.733520    1.898680
185    opls_145    13.854810   12.347350    1.646420
186    opls_523    15.056480   11.636870    1.577880
187    opls_700    16.290260   12.293050    1.758660
188    opls_523    16.294950   13.677260    2.001020
189    opls_145    15.092340   14.384810    2.074250
190    opls_531    17.560450   11.536070    1.719220
191    opls_465    -9.704240   20.039690    3.208690
192    opls_275   -10.071070   21.490560    2.988180
193    opls_700   -11.502720   21.818980    3.425320
194    opls_145    25.045330   20.814230    3.520320
195    opls_145    23.728200   21.143940    3.857690
196    opls_145    23.376390   22.477750    4.076800
197    opls_145   -13.208450   23.481200    3.951890
198    opls_145   -11.893010   23.161570    3.621270
199    opls_135    -9.023710   22.370780    3.691420
200    opls_700   -10.725690   27.524580    5.656520
201    opls_145    -9.426020   27.917050    5.336680
202    opls_166    -8.359330   27.015710    5.390850
203    opls_142   -11.792200   28.552420    5.628300
204    opls_145   -14.157810   29.152340    5.887440
205    opls_145   -14.032220   30.543710    5.699260
206    opls_523   -15.158980   31.370270    5.744340
207    opls_700   -16.437060   30.829200    5.977310
208    opls_523   -16.561720   29.441410    6.159410
209    opls_145   -15.432510   28.615830    6.120480
210    opls_531   -17.631040   31.706480    6.016020
211    opls_465     9.193240   23.923420    5.556310
212    opls_275     9.557250   22.696590    4.770520
213    opls_700    10.885830   22.100570    5.238220
214    opls_145    12.030240   22.923880    5.258160
215    opls_145    13.260450   22.430610    5.697790
216    opls_145    13.378160   21.099720    6.098930
217    opls_145    12.266030   20.259500    6.055970
218    opls_145    11.024560   20.753420    5.640760
219    opls_135     8.369090   21.727930    4.777920
220    opls_700    -8.597940   25.613940    5.825270
221    opls_145    -9.911120   25.196100    6.083390
222    opls_166   -10.981380   26.102980    6.022690
223    opls_142    -7.473800   24.668370    6.010380
224    opls_145    -5.034410   24.349060    6.112570
225    opls_145    -4.989170   22.942090    6.043360
226    opls_523    -3.759520   22.272900    6.103110
227    opls_700    -2.559540   22.996710    6.215490
228    opls_523    -2.616420   24.400430    6.294740
229    opls_145    -3.841560   25.063760    6.244380
230    opls_531    -1.250300   22.305420    6.236900
231    opls_465     9.147430   31.002840    7.296200
232    opls_275     9.189290   32.511910    7.321120
233    opls_700    26.575720    0.615860    0.209510
234    opls_145     6.645530   32.499550    7.019090
235    opls_145    24.162420    0.594720    7.100690
236    opls_145    24.040020    1.853090    0.368230
237    opls_145    25.169040    2.502120    0.880060
238    opls_145    26.427220    1.894060    0.800960
239    opls_135    29.035950    0.456200    0.987610
240    opls_750     0.692360   28.776780    2.496580
241    opls_520    -1.123390   22.491410    2.596280
242    opls_750    18.629960    3.711070    1.992580
243    opls_520    19.953470   10.108290    1.720100
244    opls_750     0.825080    7.103150    5.867870
245    opls_520    36.439910    0.838920    6.017270
246    opls_750     0.156380   14.551300    5.992560
247    opls_520     1.219510   21.013880    6.235800
248    opls_750    -6.494400   18.727340    2.496580
249    opls_520    -0.143240   20.297550    2.596280
250    opls_750    25.017540   14.278490    1.992580
251    opls_520    18.815630   12.226070    1.720100
252    opls_750    12.209150   29.679100    5.867870
253    opls_520    18.599920   31.138430    6.017270
254    opls_750     6.093220   25.375920    5.992560
255    opls_520    -0.035110   23.065320    6.235800
256    opls_750     5.802050   17.528150    2.496580
257    opls_520     1.266630   22.243310    2.596280
258    opls_750    12.672100   14.526580    1.992580
259    opls_520    17.550500   10.181780    1.720100
260    opls_750   -13.034230   28.250020    5.867870
261    opls_520     1.279770    0.538790    6.017270
262    opls_750    -6.249600   25.105060    5.992560
263    opls_520    -1.184400   20.953070    6.235800
264    opls_146    -2.006860   31.621940    2.524430
265    opls_144    -1.286340   29.390030    2.637400
266    opls_146    -1.630450   27.327540    2.029170
267    opls_526    -1.856110   24.918740    2.110320
268    opls_526     2.347590   24.543500    3.028650
269    opls_146     2.567240   26.980260    2.998520
270    opls_702    13.632350   18.730600    1.253350
271    opls_146    10.884140   19.858580    1.405020
272    opls_146     9.994100   22.103820    1.136050
273    opls_146    11.437950   24.083080    1.559770
274    opls_146    13.761690   23.768970    2.357810
275    opls_146    14.648160   21.529910    2.737100
276    opls_140    14.445410   19.372140    4.143510
277    opls_140    14.877950   17.843230    3.283760
278    opls_140    15.481130   19.401080    2.652650
279    opls_146    21.393560    0.871430    1.835190
280    opls_144    20.598890    3.156990    1.624730
281    opls_146    20.859650    5.301430    1.504060
282    opls_526    20.883870    7.716400    1.387720
283    opls_526    16.624040    7.811030    2.150780
284    opls_146    16.609960    5.364840    2.271960
285    opls_702     4.978460   13.006780    1.891270
286    opls_146     7.783370   12.001060    3.324370
287    opls_146     8.422410    9.706720    3.924400
288    opls_146     6.684570    7.996040    4.339830
289    opls_146     4.285730    8.578080    4.098800
290    opls_146     3.603700   10.836330    3.525160
291    opls_140     4.004320   13.377790    4.792660
292    opls_140     3.725170   14.587710    3.483670
293    opls_140     3.017600   12.976540    3.308680
294    opls_146    -1.664240   10.051710    5.011700
295    opls_144    -1.084150    7.769080    5.404340
296    opls_146    -1.547100    5.682190    5.508220
297    opls_526    -1.801480    3.282830    5.586580
298    opls_526     2.431130    2.838010    6.344730
299    opls_146     2.689450    5.276070    6.263800
300    opls_702    -6.013060   29.408890    3.720090
301    opls_146    -7.956650   30.912120    4.920730
302    opls_146    10.494220    0.691290    5.713550
303    opls_146    12.439120    2.051770    6.443190
304    opls_146    14.714250    1.088320    6.377210
305    opls_146    -3.703200   31.299380    5.645820
306    opls_140    -3.819970   28.868480    5.812370
307    opls_140    -4.215900   27.866000    4.366440
308    opls_140    -3.573290   29.522700    4.132150
309    opls_146     2.900650   11.684670    6.336670
310    opls_144     2.165680   14.044370    6.171950
311    opls_146     2.357730   16.239530    5.923580
312    opls_526     2.294090   18.675320    6.043290
313    opls_526    -2.014930   18.530620    6.389970
314    opls_146    -1.938150   16.097440    6.307710
315    opls_702   -14.447670   24.350360    6.322820
316    opls_146   -11.901460   22.564250    6.519500
317    opls_146    25.810710   20.110250    6.678070
318    opls_146    23.993090   18.816110    0.428780
319    opls_146    22.001630   19.967830    1.342490
320    opls_146    21.801500   22.405890    1.201590
321    opls_140    22.911940   24.673240    2.025940
322    opls_140    22.690420   26.021360    0.855060
323    opls_140    21.576790   24.623170    0.803090
324    opls_146    -7.608780   14.967180    2.524430
325    opls_144    -6.036150   16.707120    2.637400
326    opls_146    -4.077910   17.440350    2.029170
327    opls_526    -1.879010   18.449330    2.110320
328    opls_526    -3.655890   22.277460    3.028650
329    opls_146    -5.876010   21.249300    2.998520
330    opls_702    14.509060    2.440660    1.253350
331    opls_146    -3.866900   32.012790    1.405020
332    opls_146    -5.366320   30.119370    1.136050
333    opls_146    -7.802330   30.380150    1.559770
334    opls_146    -8.692180   32.549630    2.357810
335    opls_146    11.576870    1.920730    2.737100
336    opls_140    13.546930    2.824030    4.143510
337    opls_140    14.654740    3.963070    3.283760
338    opls_140    13.004010    3.706510    2.652650
339    opls_146    26.094940   18.091650    1.835190
340    opls_144    24.512920   16.260670    1.624730
341    opls_146    22.525400   15.414270    1.504060
342    opls_526    20.421860   14.227760    1.387720
343    opls_526    22.469830   10.491330    2.150780
344    opls_146    24.595330   11.702230    2.271960
345    opls_702     5.019770   30.324220    1.891270
346    opls_146    23.261500    0.740070    3.324370
347    opls_146    24.928930    2.440660    3.924400
348    opls_146    27.279340    1.790990    4.339830
349    opls_146     9.201500   31.938650    4.098800
350    opls_146     7.586810   30.218870    3.525160
351    opls_140     5.185530   29.295090    4.792660
352    opls_140     4.277290   28.448370    3.483670
353    opls_140     6.026380   28.641190    3.308680
354    opls_146    10.900280   26.049000    5.011700
355    opls_144    12.587060   27.692690    5.404340
356    opls_146    14.625820   28.335210    5.508220
357    opls_526    16.830920   29.314600    5.586580
358    opls_526    15.099850   33.202550    6.344730
359    opls_146    12.859270   32.207230    6.263800
360    opls_702    -3.689120   12.604230    3.720090
361    opls_146    -4.019150   10.169420    4.920730
362    opls_146    31.700610    8.742610    5.713550
363    opls_146    29.549960    9.746710    6.443190
364    opls_146    29.246770   12.198750    6.377210
365    opls_146    -6.481260   13.659380    5.645820
366    opls_140    -4.317650   14.773710    5.812370
367    opls_140    -3.251520   14.932060    4.366440
368    opls_140    -5.007560   14.660230    4.132150
369    opls_146     7.203650   29.185830    6.336670
370    opls_144     5.527580   27.369480    6.171950
371    opls_146     3.530490   26.438220    5.923580
372    opls_526     1.452860   25.165210    6.043290
373    opls_526     3.732680   21.505850    6.389970
374    opls_146     5.801480   22.788930    6.307710
375    opls_702     4.909000    7.828910    6.322820
376    opls_146     5.182720   10.927050    6.519500
377    opls_146     7.225050   12.297600    6.678070
378    opls_146     9.254620   11.370570    0.428780
379    opls_146     9.252930    9.070050    1.342490
380    opls_146     7.241570    7.677710    1.201590
381    opls_140     4.722770    7.505700    2.025940
382    opls_140     3.666030    6.639800    0.855060
383    opls_140     5.433720    6.374460    0.803090
384    opls_146     9.615630   18.443150    2.524430
385    opls_144     7.322490   18.935120    2.637400
386    opls_146     5.708370   20.264380    2.029170
387    opls_526     3.735120   21.664200    2.110320
388    opls_526     1.308300   18.211310    3.028650
389    opls_146     3.308780   16.802710    2.998520
390    opls_702    28.178200   11.344880    1.253350
391    opls_146    -7.017230   13.160910    1.405020
392    opls_146    -4.627780   12.809080    1.136050
393    opls_146    -3.635620   10.569040    1.559770
394    opls_146    -5.069510    8.713670    2.357810
395    opls_146    30.094570    9.065500    2.737100
396    opls_140    28.327260   10.319970    4.143510
397    opls_140    26.786920   10.709840    3.283760
398    opls_140    27.834460    9.408540    2.652650
399    opls_146     8.831100   13.553050    1.835190
400    opls_144    11.207790   13.098480    1.624730
401    opls_146    12.934550   11.800430    1.504060
402    opls_526    15.013870   10.571970    1.387720
403    opls_526    17.225730   14.213780    2.150780
404    opls_146    15.114300   15.449070    2.271960
405    opls_702    -9.998230   21.701270    1.891270
406    opls_146    25.274730   19.775010    3.324370
407    opls_146    22.968260   20.368760    3.924400
408    opls_146    22.355690   22.729100    4.339830
409    opls_146   -13.487230   24.515540    4.098800
410    opls_146   -11.190520   23.977070    3.525160
411    opls_140    -9.189860   22.359400    4.792660
412    opls_140    -8.002450   21.996190    3.483670
413    opls_140    -9.043990   23.414540    3.308680
414    opls_146    -9.236040   28.931560    5.011700
415    opls_144   -11.502900   29.570500    5.404340
416    opls_146   -13.078730   31.014870    5.508220
417    opls_526   -15.029450   32.434850    5.586580
418    opls_526   -17.530980   28.991710    6.344730
419    opls_146   -15.548720   27.548970    6.263800
420    opls_702     9.702180   23.019150    3.720090
421    opls_146    11.975800   23.950740    4.920730
422    opls_146    14.124770   23.082230    5.713550
423    opls_146    14.330520   20.717660    6.443190
424    opls_146    12.358590   19.229070    6.377210
425    opls_146    10.184460   20.073510    5.645820
426    opls_140     8.137620   21.390090    5.812370
427    opls_140     7.467420   22.234210    4.366440
428    opls_140     8.580850   20.849350    4.132150
429    opls_146   -10.104300   24.161770    6.336670
430    opls_144    -7.693260   23.618420    6.171950
431    opls_146    -5.888210   22.354520    5.923580
432    opls_526    -3.746940   21.191740    6.043290
433    opls_526    -1.717750   24.995800    6.389970
434    opls_146    -3.863340   26.145900    6.307710
435    opls_702     9.538660   32.853000    6.322820
436    opls_146     6.718740   31.540980    6.519500
437    opls_146    23.283840    0.108280    6.678070
438    opls_146    23.071890    2.329460    0.428780
439    opls_146    25.065040    3.478250    1.342490
440    opls_146    27.276520    2.432530    1.201590
441    opls_140    28.684890    0.337190    2.025940
442    opls_140    29.963150   -0.145020    0.855060
443    opls_140    29.309100    1.518500    0.803090
444    opls_473    11.849080   17.066740    1.945370
445    opls_466    11.848330   18.226270    3.913990
446    opls_473     6.623750   14.938890    2.140590
447    opls_466     6.745590   14.255070    4.323410
448    opls_473    -7.102460   27.406230    4.907900
449    opls_466    -6.730760   28.706220    6.750130
450    opls_473   -12.305640   25.658810    6.144460
451    opls_466   -11.911410   24.903130    0.941790
452    opls_473    16.841630    1.728230    1.945370
453    opls_466    15.837820    1.147820    3.913990
454    opls_473     2.523870   30.783030    2.140590
455    opls_466     3.055150   31.230450    4.323410
456    opls_473    -1.410060   12.662110    4.907900
457    opls_466    -2.721740   12.334020    6.750130
458    opls_473     2.704840    9.029730    6.144460
459    opls_466     3.162160    9.748990    0.941790
460    opls_473    27.628890   13.721160    1.945370
461    opls_466    28.633450   13.142050    3.913990
462    opls_473    -9.147620   19.310360    2.140590
463    opls_466    -9.800740   19.546750    4.323410
464    opls_473     8.512520   24.963940    4.907900
465    opls_466     9.452490   23.992030    6.750130
466    opls_473     9.600800   30.343730    6.144460
467    opls_466     8.749250   30.380150    0.941790
