0      opls_234     8.760100   13.777310    3.402580
1      opls_916    11.010740   14.743060    3.340770
2      opls_145    12.160820   14.640630    2.532390
3      opls_700    -7.483010   15.621940    2.566770
4      opls_916    -7.640000   16.711800    3.465010
5      opls_145    -8.766020   16.791160    4.308790
6      opls_145    10.896590   15.808100    4.256610
7      opls_234     4.593860    0.386830    3.652190
8      opls_700     5.153690    6.763240    3.192100
9      opls_700     6.166510    5.763230    3.236620
10     opls_145     7.516520    6.153200    3.171390
11     opls_700     7.892650    7.505780    3.036390
12     opls_700     6.887980    8.512780    3.083800
13     opls_145     5.537230    8.121590    3.165590
14     opls_700     5.898230    4.381280    3.283310
15     opls_700     3.769870    6.485140    3.139920
16     opls_700     7.176460    9.891580    3.040010
17     opls_700     9.265010    7.753990    2.823110
18     opls_145     2.990520    7.038540    2.099840
19     opls_145     1.610860    6.807640    2.037820
20     opls_700     0.960520    5.997980    3.000560
21     opls_145     1.752160    5.413630    4.019220
22     opls_145     3.131990    5.664290    4.093760
23     opls_145     5.078580    3.798340    2.297170
24     opls_145     4.695180    2.458340    2.394700
25     opls_700     5.140110    1.663370    3.475780
26     opls_145     6.064760    2.204710    4.394000
27     opls_145     6.430380    3.559390    4.305270
28     opls_145     7.989810   10.421040    2.016600
29     opls_145     8.459030   11.736910    2.096940
30     opls_700     8.100200   12.559850    3.189720
31     opls_145     7.144190   12.090000    4.115290
32     opls_145     6.697320   10.760840    4.048410
33     opls_145     9.899020    7.138530    1.719460
34     opls_145    11.274480    7.288330    1.513430
35     opls_700    12.051410    8.071940    2.395630
36     opls_145    11.407040    8.754000    3.453410
37     opls_145    10.028530    8.584800    3.673110
38     opls_234    13.445130    8.113200    2.245400
39     opls_916    15.391050    6.738940    1.795870
40     opls_145    15.911190    5.556440    2.349970
41     opls_145    17.291460    5.321170    2.329470
42     opls_916    -2.486940    6.266120    1.754560
43     opls_700    -3.012650    7.403520    1.080560
44     opls_145    16.251550    7.630060    1.122600
45     opls_234    -0.438960    5.828950    2.976860
46     opls_148    -2.183630    8.402480    0.351590
47     opls_148    -6.337350   15.513570    1.626280
48     opls_234     8.760100   13.777310    8.579180
49     opls_916    11.010740   14.743060    8.517370
50     opls_145    12.160820   14.640630    7.709100
51     opls_700    -7.483010   15.621940    7.743370
52     opls_916    -7.640000   16.711800    8.641610
53     opls_145    -8.766020   16.791160    9.485390
54     opls_145    10.896590   15.808100    9.433210
55     opls_234     4.593860    0.386830    8.828900
56     opls_700     5.153690    6.763240    8.368700
57     opls_700     6.166510    5.763230    8.413220
58     opls_145     7.516520    6.153200    8.347990
59     opls_700     7.892650    7.505780    8.212990
60     opls_700     6.887980    8.512780    8.260400
61     opls_145     5.537230    8.121590    8.342300
62     opls_700     5.898230    4.381280    8.459910
63     opls_700     3.769870    6.485140    8.316520
64     opls_700     7.176460    9.891580    8.216610
65     opls_700     9.265010    7.753990    7.999710
66     opls_145     2.990520    7.038540    7.276540
67     opls_145     1.610860    6.807640    7.214420
68     opls_700     0.960520    5.997980    8.177270
69     opls_145     1.752160    5.413630    9.195820
70     opls_145     3.131990    5.664290    9.270360
71     opls_145     5.078580    3.798340    7.473770
72     opls_145     4.695180    2.458340    7.571300
73     opls_700     5.140110    1.663370    8.652380
74     opls_145     6.064760    2.204710    9.570600
75     opls_145     6.430380    3.559390    9.481870
76     opls_145     7.989810   10.421040    7.193200
77     opls_145     8.459030   11.736910    7.273540
78     opls_700     8.100200   12.559850    8.366320
79     opls_145     7.144190   12.090000    9.291890
80     opls_145     6.697320   10.760840    9.225010
81     opls_145     9.899020    7.138530    6.896060
82     opls_145    11.274480    7.288330    6.690030
83     opls_700    12.051410    8.071940    7.572330
84     opls_145    11.407040    8.754000    8.630010
85     opls_145    10.028530    8.584800    8.849810
86     opls_234    13.445130    8.113200    7.422000
87     opls_916    15.391050    6.738940    6.972470
88     opls_145    15.911190    5.556440    7.526570
89     opls_145    17.291460    5.321170    7.506070
90     opls_916    -2.486940    6.266120    6.931160
91     opls_700    -3.012650    7.403520    6.257160
92     opls_145    16.251550    7.630060    6.299200
93     opls_234    -0.438960    5.828950    8.153560
94     opls_148    -2.183630    8.402480    5.528190
95     opls_148    -6.337350   15.513570    6.802880
96     opls_238    10.094580   13.768750    3.176050
97     opls_238     3.254410    0.310960    3.494620
98     opls_238    14.067770    6.948870    1.939670
99     opls_238    -1.146490    6.118410    1.854670
100    opls_238    10.094580   13.768750    8.352650
101    opls_238     3.254410    0.310960    8.671220
102    opls_238    14.067770    6.948870    7.116270
103    opls_238    -1.146490    6.118410    7.031380
104    opls_236     8.128240   14.779770    3.813080
105    opls_236    -4.784710   16.892540    3.988880
106    opls_236    14.072050    9.176310    2.471620
107    opls_236    -1.024630    5.484780    4.032050
108    opls_236     8.128240   14.779770    8.989680
109    opls_236    -4.784710   16.892540    9.165480
110    opls_236    14.072050    9.176310    7.648220
111    opls_236    -1.024630    5.484780    9.208650
112    opls_146    12.249620   13.846710    1.889980
113    opls_146    -8.876890   17.572500    4.962290
114    opls_146     8.245420    5.429190    3.190960
115    opls_146     4.810820    8.846990    3.184130
116    opls_146     3.420470    7.622020    1.375630
117    opls_146     1.093420    7.259840    1.282040
118    opls_146     1.331500    4.807260    4.728720
119    opls_146     3.665390    5.246700    4.854300
120    opls_146     4.736320    4.349990    1.511570
121    opls_146     4.070470    2.076590    1.677740
122    opls_146     6.442190    1.634350    5.155580
123    opls_146     7.065590    3.946560    5.008670
124    opls_146     8.278400    9.842110    1.225720
125    opls_146     9.090380   12.076010    1.365170
126    opls_146     6.809800   12.688150    4.876050
127    opls_146     6.052770   10.423830    4.768990
128    opls_146     9.366210    6.564320    1.058720
129    opls_146    11.702230    6.810080    0.715200
130    opls_146    11.939320    9.350580    4.092930
131    opls_146     9.591960    9.059720    4.465340
132    opls_146    15.293120    4.871590    2.794540
133    opls_146    17.649350    4.460120    2.749190
134    opls_146    15.856790    8.453700    0.660330
135    opls_702    -2.504800    8.452830   -0.691080
136    opls_702    -1.120650    8.169300    0.357080
137    opls_702    -2.310550    9.387290    0.805790
138    opls_241    10.448460   12.939690    2.817000
139    opls_241     2.794530    1.161520    3.405690
140    opls_241    13.504900    6.160190    1.883140
141    opls_241    -0.641490    6.325370    1.056850
142    opls_146    10.100170   15.880120    4.891370
143    opls_702    -6.506950   14.767190    0.847100
144    opls_702    -5.436850   15.226550    2.167550
145    opls_702    -6.170990   16.470580    1.131920
146    opls_146    12.249620   13.846710    7.066580
147    opls_146    -8.876890   17.572500   10.138890
148    opls_146     8.245420    5.429190    8.367660
149    opls_146     4.810820    8.846990    8.360830
150    opls_146     3.420470    7.622020    6.552230
151    opls_146     1.093420    7.259840    6.458640
152    opls_146     1.331500    4.807260    9.905320
153    opls_146     3.665390    5.246700   10.030900
154    opls_146     4.736320    4.349990    6.688170
155    opls_146     4.070470    2.076590    6.854340
156    opls_146     6.442190    1.634350   10.332180
157    opls_146     7.065590    3.946560   10.185270
158    opls_146     8.278400    9.842110    6.402320
159    opls_146     9.090380   12.076010    6.541770
160    opls_146     6.809800   12.688150   10.052650
161    opls_146     6.052770   10.423830    9.945590
162    opls_146     9.366210    6.564320    6.235320
163    opls_146    11.702230    6.810080    5.891800
164    opls_146    11.939320    9.350580    9.269530
165    opls_146     9.591960    9.059720    9.641940
166    opls_146    15.293120    4.871590    7.971240
167    opls_146    17.649350    4.460120    7.925790
168    opls_146    15.856790    8.453700    5.836930
169    opls_702    -2.504800    8.452830    4.485520
170    opls_702    -1.120650    8.169300    5.533680
171    opls_702    -2.310550    9.387290    5.982390
172    opls_241    10.448460   12.939690    7.993600
173    opls_241     2.794530    1.161520    8.582290
174    opls_241    13.504900    6.160190    7.059740
175    opls_241    -0.641490    6.325370    6.233450
176    opls_146    10.100170   15.880120   10.067970
177    opls_702    -6.506950   14.767190    6.023700
178    opls_702    -5.436850   15.226550    7.344250
179    opls_702    -6.170990   16.470580    6.308620
