0      opls_146     8.913810   15.086930    1.785400
1      opls_146     6.090580   10.896260    1.785400
2      opls_910     2.358170   14.366900    1.785400
3      opls_910    12.647710   11.587800    1.785400
4      opls_144    11.452920    8.844960    1.785400
5      opls_144     3.506610   17.127870    1.785400
6      opls_146    12.384530    0.176120    1.785400
7      opls_146     2.471820   25.726780    1.785400
8      opls_910     1.332360   20.759100    1.785400
9      opls_910    13.547920    5.159340    1.785400
10     opls_144    16.520680    5.496050    1.785400
11     opls_144    -1.632930   20.373180    1.785400
12     opls_146    23.562310   10.637260    1.785400
13     opls_146    -8.562400   15.177580    1.785400
14     opls_910    -3.690540   16.674620    1.785400
15     opls_910    18.665020    9.153170    1.785400
16     opls_144    16.887040   11.559310    1.785400
17     opls_144    -1.873680   14.299560    1.785400
18     opls_633     9.135120   10.300550    1.785400
19     opls_633     5.864780   15.680050    1.785400
20     opls_633    16.419000    2.760970    1.785400
21     opls_633    -1.558160   23.139340    1.785400
22     opls_633    19.306530   12.838780    1.785400
23     opls_633    -4.306620   12.981230    1.785400
24     opls_281     0.491970   14.568920    1.785400
25     opls_281    14.518400   11.341750    1.785400
26     opls_281     2.090510   19.041910    1.785400
27     opls_281    12.825660    6.902430    1.785400
28     opls_281    -2.582480   18.189790    1.785400
29     opls_281    17.516590    7.656130    1.785400
30     opls_238     3.128280   15.063620    1.785400
31     opls_238    11.868630   10.901440    1.785400
32     opls_635     4.717850   13.304990    1.785400
33     opls_635    10.286550   12.673020    1.785400
34     opls_238     0.343930   21.077670    1.785400
35     opls_238    14.531860    4.827820    1.785400
36     opls_635     1.072170   23.333590    1.785400
37     opls_635    13.788670    2.571900    1.785400
38     opls_238    -3.472210   15.659330    1.785400
39     opls_238    18.460160   10.171050    1.785400
40     opls_635    -5.790010   15.162040    1.785400
41     opls_635    20.785430   10.655390    1.785400
42     opls_280     0.272150   15.799190    1.785400
43     opls_700     1.393670   16.773040    1.785400
44     opls_142     2.724540   16.363810    1.785400
45     opls_145     6.699190   11.795000    1.785400
46     opls_637     8.091370   11.740610    1.785400
47     opls_507     8.910820   12.911300    1.785400
48     opls_145     8.306700   14.185600    1.785400
49     opls_637     6.910040   14.242580    1.785400
50     opls_507     6.095070   13.069300    1.785400
51     opls_627    10.563190   11.385780    1.785400
52     opls_627     4.435220   14.592230    1.785400
53     opls_142    12.248450    9.596060    1.785400
54     opls_700    13.571840    9.158350    1.785400
55     opls_280    14.712800   10.108890    1.785400
56     opls_280     1.134970   18.236410    1.785400
57     opls_700    -0.269160   18.720740    1.785400
58     opls_142    -0.580200   20.077920    1.785400
59     opls_145     1.389180   25.804480    1.785400
60     opls_637    15.693750    1.137020    1.785400
61     opls_507    14.270170    1.261350    1.785400
62     opls_145    13.468660    0.101010    1.785400
63     opls_637    -0.835900   24.763280    1.785400
64     opls_507     0.587670   24.644140    1.785400
65     opls_627    14.765140    3.455100    1.785400
66     opls_627     0.098690   22.445210    1.785400
67     opls_142    15.472440    5.809440    1.785400
68     opls_700    15.189820    7.174390    1.785400
69     opls_280    13.796150    7.687210    1.785400
70     opls_280    -1.407130   17.765020    1.785400
71     opls_700    -1.124510   16.306830    1.785400
72     opls_142    -2.144340   15.358880    1.785400
73     opls_145    -8.088380   14.201140    1.785400
74     opls_637    21.075530   13.022680    1.785400
75     opls_507    21.679660   11.727660    1.785400
76     opls_145    23.085290   11.613700    1.785400
77     opls_637    -6.074130   12.794750    1.785400
78     opls_507    -6.682740   14.087180    1.785400
79     opls_627    19.532330   11.059430    1.785400
80     opls_627    -4.533920   14.763180    1.785400
81     opls_142    17.139760   10.494800    1.785400
82     opls_700    16.098990    9.567570    1.785400
83     opls_280    16.351710    8.104210    1.785400
