0      opls_700    17.385240    3.008090    1.727150
1      opls_700    17.428530    1.516900    1.727150
2      opls_145    16.263060    0.702820    1.727150
3      opls_700    16.206150   34.401790    1.727150
4      opls_145    14.799780   34.768550    1.727150
5      opls_145    13.751310   33.831320    1.727150
6      opls_145    13.953200   32.392310    1.727150
7      opls_145    15.309930   31.971070    1.727150
8      opls_145    16.366810   32.906760    1.727150
9      opls_142    11.605280   31.787700    1.727150
10     opls_521    10.510150   30.785250    1.727150
11     opls_522     8.117070   29.328970    1.727150
12     opls_700     8.055490   22.189890    1.727150
13     opls_700     8.098780   20.698700    1.727150
14     opls_145     6.933310   19.884620    1.727150
15     opls_700     6.876400   15.219990    1.727150
16     opls_145     5.470030   15.586750    1.727150
17     opls_145     4.421560   14.649520    1.727150
18     opls_145     4.623450   13.210510    1.727150
19     opls_145     5.980180   12.789270    1.727150
20     opls_145     7.037060   13.724960    1.727150
21     opls_142     2.275530   12.605900    1.727150
22     opls_521     1.180400   11.603450    1.727150
23     opls_522    17.446820   10.147170    1.727150
24     opls_700     1.274260   35.355510    1.727150
25     opls_700     1.230970   36.846700    1.727150
26     opls_145     2.396440   37.660780    1.727150
27     opls_700     2.453350    3.961810    1.727150
28     opls_145     3.859720    3.595050    1.727150
29     opls_145     4.908190    4.532280    1.727150
30     opls_145     4.706300    5.971290    1.727150
31     opls_145     3.349570    6.392530    1.727150
32     opls_145     2.292690    5.456840    1.727150
33     opls_142     7.054220    6.575900    1.727150
34     opls_521     8.149350    7.578350    1.727150
35     opls_522    10.542430    9.034630    1.727150
36     opls_700    10.604010   16.173710    1.727150
37     opls_700    10.560720   17.664900    1.727150
38     opls_145    11.726190   18.478980    1.727150
39     opls_700    11.783100   23.143610    1.727150
40     opls_145    13.189470   22.776850    1.727150
41     opls_145    14.237940   23.714080    1.727150
42     opls_145    14.036050   25.153090    1.727150
43     opls_145    12.679320   25.574330    1.727150
44     opls_145    11.622440   24.638640    1.727150
45     opls_142    16.383970   25.757700    1.727150
46     opls_521    17.479100   26.760150    1.727150
47     opls_522     1.212680   28.216430    1.727150
48     opls_700     1.274260    3.008090    1.727150
49     opls_700     1.230970    1.516900    1.727150
50     opls_145     2.396440    0.702820    1.727150
51     opls_700     2.453350   34.401790    1.727150
52     opls_145     3.859720   34.768550    1.727150
53     opls_145     4.908190   33.831320    1.727150
54     opls_145     4.706300   32.392310    1.727150
55     opls_145     3.349570   31.971070    1.727150
56     opls_145     2.292690   32.906760    1.727150
57     opls_142     7.054220   31.787700    1.727150
58     opls_521     8.149350   30.785250    1.727150
59     opls_522    10.542430   29.328970    1.727150
60     opls_700    10.604010   22.189890    1.727150
61     opls_700    10.560720   20.698700    1.727150
62     opls_145    11.726190   19.884620    1.727150
63     opls_700    11.783100   15.219990    1.727150
64     opls_145    13.189470   15.586750    1.727150
65     opls_145    14.237940   14.649520    1.727150
66     opls_145    14.036050   13.210510    1.727150
67     opls_145    12.679320   12.789270    1.727150
68     opls_145    11.622440   13.724960    1.727150
69     opls_142    16.383970   12.605900    1.727150
70     opls_521    17.479100   11.603450    1.727150
71     opls_522     1.212680   10.147170    1.727150
72     opls_700    17.385240   35.355510    1.727150
73     opls_700    17.428530   36.846700    1.727150
74     opls_145    16.263060   37.660780    1.727150
75     opls_700    16.206150    3.961810    1.727150
76     opls_145    14.799780    3.595050    1.727150
77     opls_145    13.751310    4.532280    1.727150
78     opls_145    13.953200    5.971290    1.727150
79     opls_145    15.309930    6.392530    1.727150
80     opls_145    16.366810    5.456840    1.727150
81     opls_142    11.605280    6.575900    1.727150
82     opls_521    10.510150    7.578350    1.727150
83     opls_522     8.117070    9.034630    1.727150
84     opls_700     8.055490   16.173710    1.727150
85     opls_700     8.098780   17.664900    1.727150
86     opls_145     6.933310   18.478980    1.727150
87     opls_700     6.876400   23.143610    1.727150
88     opls_145     5.470030   22.776850    1.727150
89     opls_145     4.421560   23.714080    1.727150
90     opls_145     4.623450   25.153090    1.727150
91     opls_145     5.980180   25.574330    1.727150
92     opls_145     7.037060   24.638640    1.727150
93     opls_142     2.275530   25.757700    1.727150
94     opls_521     1.180400   26.760150    1.727150
95     opls_522    17.446820   28.216430    1.727150
96     opls_700    18.659500    0.747320    1.727150
97     opls_145    18.659500    3.621520    1.727150
98     opls_523    18.659500    9.412890    1.727150
99     opls_700     9.329750   19.929120    1.727150
100    opls_145     9.329750   22.803320    1.727150
101    opls_523     9.329750   28.594690    1.727150
102    opls_700    18.659500   37.616280    1.727150
103    opls_145     0.000000   34.742080    1.727150
104    opls_523    18.659500   28.950710    1.727150
105    opls_700     9.329750   18.434480    1.727150
106    opls_145     9.329750   15.560280    1.727150
107    opls_523     9.329750    9.768910    1.727150
108    opls_750    12.875430   31.419020    1.727150
109    opls_750     3.545680   12.237220    1.727150
110    opls_750     5.784070    6.944580    1.727150
111    opls_750    15.113820   26.126380    1.727150
112    opls_750     5.784070   31.419020    1.727150
113    opls_750    15.113820   12.237220    1.727150
114    opls_750    12.875430    6.944580    1.727150
115    opls_750     3.545680   26.126380    1.727150
116    opls_520    18.659500   12.290930    1.727150
117    opls_520     9.329750   31.472730    1.727150
118    opls_520    18.659500   26.072670    1.727150
119    opls_520     9.329750    6.890870    1.727150
120    opls_146    15.240710    1.082240    1.727150
121    opls_146    14.364460   35.799380    1.727150
122    opls_146    15.544670   30.855080    1.727150
123    opls_146    17.348110   32.375040    1.727150
124    opls_146     5.935590   34.272890    1.727150
125    opls_144    11.263430   32.874920    1.727150
126    opls_525     7.139680   28.786510    1.727150
127    opls_146     5.910960   20.264040    1.727150
128    opls_146     5.034710   16.617580    1.727150
129    opls_146     6.214920   11.673280    1.727150
130    opls_146     8.018360   13.193240    1.727150
131    opls_146    15.265340   15.091090    1.727150
132    opls_144     1.933680   13.693120    1.727150
133    opls_525    16.469430    9.604710    1.727150
134    opls_146     3.418790   37.281360    1.727150
135    opls_146     4.295040    2.564220    1.727150
136    opls_146     3.114830    7.508520    1.727150
137    opls_146     1.311390    5.988560    1.727150
138    opls_146    12.723910    4.090710    1.727150
139    opls_144     7.396070    5.488680    1.727150
140    opls_525    11.519820    9.577090    1.727150
141    opls_146    12.748540   18.099560    1.727150
142    opls_146    13.624790   21.746020    1.727150
143    opls_146    12.444580   26.690320    1.727150
144    opls_146    10.641140   25.170360    1.727150
145    opls_146     3.394160   23.272510    1.727150
146    opls_144    16.725820   24.670480    1.727150
147    opls_525     2.190070   28.758890    1.727150
148    opls_146     3.418790    1.082240    1.727150
149    opls_146     4.295040   35.799380    1.727150
150    opls_146     3.114830   30.855080    1.727150
151    opls_146     1.311390   32.375040    1.727150
152    opls_146    12.723910   34.272890    1.727150
153    opls_144     7.396070   32.874920    1.727150
154    opls_525    11.519820   28.786510    1.727150
155    opls_146    12.748540   20.264040    1.727150
156    opls_146    13.624790   16.617580    1.727150
157    opls_146    12.444580   11.673280    1.727150
158    opls_146    10.641140   13.193240    1.727150
159    opls_146     3.394160   15.091090    1.727150
160    opls_144    16.725820   13.693120    1.727150
161    opls_525     2.190070    9.604710    1.727150
162    opls_146    15.240710   37.281360    1.727150
163    opls_146    14.364460    2.564220    1.727150
164    opls_146    15.544670    7.508520    1.727150
165    opls_146    17.348110    5.988560    1.727150
166    opls_146     5.935590    4.090710    1.727150
167    opls_144    11.263430    5.488680    1.727150
168    opls_525     7.139680    9.577090    1.727150
169    opls_146     5.910960   18.099560    1.727150
170    opls_146     5.034710   21.746020    1.727150
171    opls_146     6.214920   26.690320    1.727150
172    opls_146     8.018360   25.170360    1.727150
173    opls_146    15.265340   23.272510    1.727150
174    opls_144     1.933680   24.670480    1.727150
175    opls_525    16.469430   28.758890    1.727150
176    opls_146    18.659500    4.738290    1.727150
177    opls_526    18.659500    8.271580    1.727150
178    opls_146     9.329750   23.920090    1.727150
179    opls_526     9.329750   27.453380    1.727150
180    opls_146     0.000000   33.625310    1.727150
181    opls_526    18.659500   30.092020    1.727150
182    opls_146     9.329750   14.443510    1.727150
183    opls_526     9.329750   10.910220    1.727150
