0      opls_910    29.352960   15.533930    2.542990
1      opls_144    27.935910   13.896450    3.026650
2      opls_146    25.077750   15.613300    1.748070
3      opls_146    22.993390   14.798910    1.743800
4      opls_146    24.320260   11.452560    3.680810
5      opls_146    26.424280   12.235780    3.539670
6      opls_146    21.285900   14.346600    2.750480
7      opls_910    -8.448530   20.745370    2.206000
8      opls_144    -7.015780   22.381760    2.636670
9      opls_146    -4.177500   20.646430    1.332550
10     opls_146    -2.090840   21.454660    1.296780
11     opls_146    -3.386110   24.814420    3.231550
12     opls_146    -5.493480   24.037730    3.121100
13     opls_146    -0.374770   21.899360    2.290870
14     opls_146    -8.595210   16.756060    1.192490
15     opls_146    29.517640   19.418140    0.986180
16     opls_185   -11.893020   21.540920    0.898370
17     opls_185   -11.594420   20.854100   -0.664350
18     opls_185    32.438170   15.230210    2.660300
19     opls_185    32.815870   14.549200    1.116300
20     opls_144    -9.685210   22.701070    2.976530
21     opls_144   -12.429960   23.453120    3.056080
22     opls_144   -11.065010   24.407410    2.526990
23     opls_144    30.621240   13.583670    2.867930
24     opls_144    31.485030   11.596080    2.303080
25     opls_144    32.769410   12.357920    1.356830
26     opls_910    13.721040   17.653450    2.542990
27     opls_144    15.847660   17.244980    3.026650
28     opls_146    15.789910   13.911310    1.748070
29     opls_146    17.537370   12.513400    1.743800
30     opls_146    19.771960   15.335680    3.680810
31     opls_146    18.041660   16.766210    3.539670
32     opls_146    18.782830   11.260830    2.750480
33     opls_910     7.183390   18.554100    2.206000
34     opls_144     5.049870   18.976690    2.636670
35     opls_146     5.133570   22.302390    1.332550
36     opls_146     3.390290   23.705370    1.296780
37     opls_146     1.128280   20.903760    3.231550
38     opls_146     2.854610   19.467070    3.121100
39     opls_146     2.147130   24.969180    2.290870
40     opls_146    10.711580   20.421720    1.192490
41     opls_146    10.274880   15.853960    0.986180
42     opls_185     8.216680   15.173310    0.898370
43     opls_185     8.662180   15.775310   -0.664350
44     opls_185    12.441470   20.477170    2.660300
45     opls_185    12.842390   21.144780    1.116300
46     opls_144     6.108050   16.505250    2.976530
47     opls_144     6.829130   13.752200    3.056080
48     opls_144     5.320220   14.457140    2.526990
49     opls_144    14.775880   19.726930    2.867930
50     opls_144    16.065280   21.468790    2.303080
51     opls_144    14.763320   22.200180    1.356830
52     opls_910    19.701450    3.056050    2.542990
53     opls_144    18.991880    5.101990    3.026650
54     opls_146    21.907800    6.718810    1.748070
55     opls_146    22.244690    8.931100    1.743800
56     opls_146    18.683230    9.455180    3.680810
57     opls_146    18.309510    7.241440    3.539670
58     opls_146    22.706720   10.635990    2.750480
59     opls_910     1.265130   33.187380    2.206000
60     opls_144     1.965920   31.128390    2.636670
61     opls_146    -0.956070   29.538030    1.332550
62     opls_146    -1.299450   27.326820    1.296780
63     opls_146     2.257820   26.768670    3.231550
64     opls_146     2.638870   28.982050    3.121100
65     opls_146    -1.772360   25.618300    2.290870
66     opls_146    -2.116370   35.309070    1.192490
67     opls_146    22.982930    0.971320    0.986180
68     opls_185     3.676340   35.772620    0.898370
69     opls_185     2.932240   35.857430   -0.664350
70     opls_185    17.895820    0.536040    2.660300
71     opls_185    17.117190    0.549450    1.116300
72     opls_144     3.577150   33.280520    2.976530
73     opls_144     5.600830   35.281520    3.056080
74     opls_144     5.744790   33.622300    2.526990
75     opls_144    17.378340    2.932820    2.867930
76     opls_144    15.225140    3.178550    2.303080
77     opls_144    15.242720    1.685320    1.356830
78     opls_145    30.187880   17.554140    1.194310
79     opls_166    31.250040   16.784330    1.217230
80     opls_145    -9.415900   17.334500    1.174430
81     opls_234    28.905170   17.049630    1.315570
82     opls_142    27.196210   14.448440    2.595170
83     opls_145    25.911820   13.981630    2.637790
84     opls_145    24.918920   14.700330    2.165400
85     opls_145    23.711120   14.234240    2.187940
86     opls_145    23.454790   13.048720    2.718670
87     opls_145    24.460040   12.344150    3.212300
88     opls_145    25.672650   12.799730    3.154770
89     opls_145    22.154500   12.551460    2.747260
90     opls_145    21.128960   13.360050    2.751250
91     opls_145    -9.270470   18.625860    1.091520
92     opls_166   -10.326980   19.386610    0.944600
93     opls_145    30.337280   18.840780    1.030000
94     opls_234    -7.995290   19.149210    1.110590
95     opls_142    -6.281520   21.818180    2.212790
96     opls_145    -4.996720   22.284990    2.224230
97     opls_145    -4.011560   21.561570    1.741870
98     opls_145    -2.802300   22.023680    1.746140
99     opls_145    -2.535710   23.210290    2.269170
100    opls_145    -3.533840   23.921380    2.768960
101    opls_145    -4.748340   23.469790    2.728790
102    opls_145    -1.232070   23.699570    2.287890
103    opls_145    -0.211760   22.884820    2.290760
104    opls_182   -11.158130   21.370570    0.154340
105    opls_182    32.035570   14.737300    1.804380
106    opls_142   -10.672040   22.594510    3.169260
107    opls_143   -11.435390   23.539020    2.904260
108    opls_142    31.455730   13.544530    2.263680
109    opls_143    31.932620   12.437290    1.952830
110    opls_145    11.554030   17.366400    1.194310
111    opls_166    11.689630   18.671160    1.217230
112    opls_145    10.620980   19.421760    1.174430
113    opls_234    12.632300   16.507790    1.315570
114    opls_142    15.739480   16.328390    2.595170
115    opls_145    16.785950   15.449480    2.637790
116    opls_145    16.659980   14.230260    2.165400
117    opls_145    17.667520   13.417320    2.187940
118    opls_145    18.822380   13.788090    2.718670
119    opls_145    18.929940   15.010940    3.212300
120    opls_145    17.929090   15.833300    3.154770
121    opls_145    19.903170   12.910630    2.747260
122    opls_145    19.715680   11.618190    2.751250
123    opls_145     9.429920   18.902030    1.091520
124    opls_166     9.299350   17.606690    0.944600
125    opls_145    10.365060   16.852470    1.030000
126    opls_234     8.339090   19.744690    1.110590
127    opls_142     5.170810   19.894380    2.212790
128    opls_145     4.124140   20.773640    2.224230
129    opls_145     4.258060   21.988520    1.741870
130    opls_145     3.253230   22.804720    1.746140
131    opls_145     2.092310   22.442290    2.269170
132    opls_145     1.975540   21.222340    2.768960
133    opls_145     2.973880   20.396350    2.728790
134    opls_145     1.016750   23.326630    2.287890
135    opls_145     1.212190   24.617620    2.290760
136    opls_182     7.996760   15.894920    0.154340
137    opls_182    13.069640   20.374970    1.804380
138    opls_142     6.693750   15.703910    3.169260
139    opls_143     6.257460   14.570580    2.904260
140    opls_142    14.392530   20.469200    2.263680
141    opls_143    15.112980   21.435810    1.952830
142    opls_145    21.033540    1.322880    1.194310
143    opls_166    19.835790    0.787930    1.217230
144    opls_145    -1.205080   35.730580    1.174430
145    opls_234    21.237980    2.686000    1.315570
146    opls_142    19.839760    5.466600    2.595170
147    opls_145    20.077680    6.812310    2.637790
148    opls_145    21.196550    7.312840    2.165400
149    opls_145    21.396800    8.591870    2.187940
150    opls_145    20.498280    9.406620    2.718670
151    opls_145    19.385480    8.888340    3.212300
152    opls_145    19.173710    7.610390    3.154770
153    opls_145    20.717780   10.781330    2.747260
154    opls_145    21.930810   11.265180    2.751250
155    opls_145    -0.159450   34.958960    1.091520
156    opls_166     1.027630   35.493550    0.944600
157    opls_145    22.073100    0.550180    1.030000
158    opls_234    -0.343800   33.592940    1.110590
159    opls_142     1.110710   30.774290    2.212790
160    opls_145     0.872580   29.428210    2.224230
161    opls_145    -0.246500   28.936750    1.741870
162    opls_145    -0.450940   27.658440    1.746140
163    opls_145     0.443400   26.834270    2.269170
164    opls_145     1.558300   27.343130    2.768960
165    opls_145     1.774450   28.620710    2.728790
166    opls_145     0.215320   25.460640    2.287890
167    opls_145    -1.000430   24.984400    2.290760
168    opls_182     3.161370   35.221360    0.154340
169    opls_182    17.670240    1.131160    1.804380
170    opls_142     3.978290   34.188420    3.169260
171    opls_143     5.177930   34.377250    2.904260
172    opls_142    16.927190    2.229700    2.263680
173    opls_143    15.729850    2.370320    1.952830
174    opls_238    28.661390   15.975010    1.992410
175    opls_750    27.448150   15.503850    2.039280
176    opls_238    -7.750680   20.268050    1.698190
177    opls_750    -6.538690   20.742840    1.705190
178    opls_238    13.684840   16.833980    1.992410
179    opls_750    14.699500   16.018870    2.039280
180    opls_238     7.247840   19.397120    1.698190
181    opls_750     6.230670   20.209330    1.705190
182    opls_238    20.429220    3.434430    1.992410
183    opls_750    20.627800    4.720710    2.039280
184    opls_238     0.502830   32.821680    1.698190
185    opls_750     0.308020   31.534680    1.705190
186    opls_236    28.044300   17.623000    0.817490
187    opls_179    31.101050   15.483920    1.184400
188    opls_236    -7.144890   18.553370    0.624490
189    opls_179   -10.152460   20.664550    0.691720
190    opls_236    12.566180   15.475580    0.817490
191    opls_179    12.890310   19.192340    1.184400
192    opls_236     8.429910   20.779080    0.624490
193    opls_179     8.105360   17.118860    0.691720
194    opls_236    22.164970    3.144840    0.817490
195    opls_179    18.784090    1.567170    1.184400
196    opls_236    -1.285010   33.154400    0.624490
197    opls_179     2.047110   34.703440    0.691720
