0      opls_145    12.354670   16.377620    2.230000
1      opls_145    12.494060   17.327280    1.378990
2      opls_145    11.728250   18.494620    1.380950
3      opls_145    10.796230   18.736200    2.240030
4      opls_145    10.654070   17.775950    3.093260
5      opls_145    11.417670   16.606190    3.081060
6      opls_700     9.959350   19.968550    2.232710
7      opls_145    10.471270   21.182450    1.817790
8      opls_145     9.670610   22.326820    1.778250
9      opls_700     8.348360   22.289630    2.166910
10     opls_145     7.837820   21.086610    2.597450
11     opls_145     8.631560   19.937400    2.623720
12     opls_142     7.510370   23.501420    2.091870
13     opls_700     2.424910   27.733320    2.320970
14     opls_507     2.852480   29.158560    2.271760
15     opls_716     4.177220   29.556750    2.265100
16     opls_716     0.679240   25.996060    2.237990
17     opls_507     1.077220   27.322430    2.264700
18     opls_145     3.484710   26.688720    2.401500
19     opls_145     4.439960   26.547830    1.548140
20     opls_145     5.411530   25.546170    1.608000
21     opls_145     5.423140   24.645490    2.513410
22     opls_145     4.456000   24.772470    3.353640
23     opls_145     3.511810   25.800740    3.312060
24     opls_145    15.301730   13.856680    2.230000
25     opls_145    15.162340   12.907020    1.378990
26     opls_145    15.928150   11.739680    1.380950
27     opls_145    16.860170   11.498100    2.240030
28     opls_145    17.002330   12.458350    3.093260
29     opls_145    16.238730   13.628110    3.081060
30     opls_700    17.697050   10.265750    2.232710
31     opls_145    17.185130    9.051850    1.817790
32     opls_145    17.985790    7.907480    1.778250
33     opls_700    19.308040    7.944670    2.166910
34     opls_145    19.818580    9.147690    2.597450
35     opls_145    19.024840   10.296900    2.623720
36     opls_142    20.146030    6.732880    2.091870
37     opls_700    25.231490    2.500980    2.320970
38     opls_507    24.803920    1.075740    2.271760
39     opls_716    23.479180    0.677550    2.265100
40     opls_716    26.977160    4.238240    2.237990
41     opls_507    26.579180    2.911870    2.264700
42     opls_145    24.171690    3.545580    2.401500
43     opls_145    23.216440    3.686470    1.548140
44     opls_145    22.244870    4.688130    1.608000
45     opls_145    22.233260    5.588810    2.513410
46     opls_145    23.200400    5.461830    3.353640
47     opls_145    24.144590    4.433560    3.312060
48     opls_145    15.301730   16.377620    2.207200
49     opls_145    15.162340   17.327280    3.058210
50     opls_145    15.928150   18.494620    3.056250
51     opls_145    16.860170   18.736200    2.197170
52     opls_145    17.002330   17.775950    1.343940
53     opls_145    16.238730   16.606190    1.356140
54     opls_700    17.697050   19.968550    2.204490
55     opls_145    17.185130   21.182450    2.619410
56     opls_145    17.985790   22.326820    2.658950
57     opls_700    19.308040   22.289630    2.270290
58     opls_145    19.818580   21.086610    1.839750
59     opls_145    19.024840   19.937400    1.813480
60     opls_142    20.146030   23.501420    2.345330
61     opls_700    25.231490   27.733320    2.116230
62     opls_507    24.803920   29.158560    2.165440
63     opls_716    23.479180   29.556750    2.172100
64     opls_716    26.977160   25.996060    2.199210
65     opls_507    26.579180   27.322430    2.172500
66     opls_145    24.171690   26.688720    2.035700
67     opls_145    23.216440   26.547830    2.889060
68     opls_145    22.244870   25.546170    2.829200
69     opls_145    22.233260   24.645490    1.923790
70     opls_145    23.200400   24.772470    1.083560
71     opls_145    24.144590   25.800740    1.125140
72     opls_145    12.354670   13.856680    2.207200
73     opls_145    12.494060   12.907020    3.058210
74     opls_145    11.728250   11.739680    3.056250
75     opls_145    10.796230   11.498100    2.197170
76     opls_145    10.654070   12.458350    1.343940
77     opls_145    11.417670   13.628110    1.356140
78     opls_700     9.959350   10.265750    2.204490
79     opls_145    10.471270    9.051850    2.619410
80     opls_145     9.670610    7.907480    2.658950
81     opls_700     8.348360    7.944670    2.270290
82     opls_145     7.837820    9.147690    1.839750
83     opls_145     8.631560   10.296900    1.813480
84     opls_142     7.510370    6.732880    2.345330
85     opls_700     2.424910    2.500980    2.116230
86     opls_507     2.852480    1.075740    2.165440
87     opls_716     4.177220    0.677550    2.172100
88     opls_716     0.679240    4.238240    2.199210
89     opls_507     1.077220    2.911870    2.172500
90     opls_145     3.484710    3.545580    2.035700
91     opls_145     4.439960    3.686470    2.889060
92     opls_145     5.411530    4.688130    2.829200
93     opls_145     5.423140    5.588810    1.923790
94     opls_145     4.456000    5.461830    1.083560
95     opls_145     3.511810    4.433560    1.125140
96     opls_141    13.144530   15.117150    2.218600
97     opls_141    14.511870   15.117150    2.218600
98     opls_750     6.345210   23.547080    2.572160
99     opls_750    21.311190    6.687220    2.572160
100    opls_750    21.311190   23.547080    1.865040
101    opls_750     6.345210    6.687220    1.865040
102    opls_542     2.028600    0.000000    2.218600
103    opls_542    25.627800    0.000000    2.218600
104    opls_542    27.656400   28.146320    2.218600
105    opls_542    27.656400    2.087980    2.218600
106    opls_146    13.281160   17.246250    0.558240
107    opls_146    11.911890   19.298250    0.593340
108    opls_146     9.869190   17.856380    3.916230
109    opls_146    11.224070   15.791070    3.854200
110    opls_146    11.563420   21.261970    1.500530
111    opls_146    10.108140   23.316390    1.419420
112    opls_146     6.752590   21.017680    2.939420
113    opls_146     8.188510   18.946630    2.972440
114    opls_144     7.911110   24.441110    1.585940
115    opls_547     5.006910   28.777610    2.331530
116    opls_547     1.460810   25.166120    2.250680
117    opls_146     4.531780   27.270130    0.670900
118    opls_146     6.240670   25.508980    0.826610
119    opls_146     4.331550   24.016620    4.197860
120    opls_146     2.712540   25.873610    4.121630
121    opls_146    14.375240   12.988050    0.558240
122    opls_146    15.744510   10.936050    0.593340
123    opls_146    17.787210   12.377920    3.916230
124    opls_146    16.432330   14.443230    3.854200
125    opls_146    16.092980    8.972330    1.500530
126    opls_146    17.548260    6.917910    1.419420
127    opls_146    20.903810    9.216620    2.939420
128    opls_146    19.467890   11.287670    2.972440
129    opls_144    19.745290    5.793190    1.585940
130    opls_547    22.649490    1.456690    2.331530
131    opls_547    26.195590    5.068180    2.250680
132    opls_146    23.124620    2.964170    0.670900
133    opls_146    21.415730    4.725320    0.826610
134    opls_146    23.324850    6.217680    4.197860
135    opls_146    24.943860    4.360690    4.121630
136    opls_146    14.375240   17.246250    3.878960
137    opls_146    15.744510   19.298250    3.843860
138    opls_146    17.787210   17.856380    0.520970
139    opls_146    16.432330   15.791070    0.583000
140    opls_146    16.092980   21.261970    2.936670
141    opls_146    17.548260   23.316390    3.017780
142    opls_146    20.903810   21.017680    1.497780
143    opls_146    19.467890   18.946630    1.464760
144    opls_144    19.745290   24.441110    2.851260
145    opls_547    22.649490   28.777610    2.105670
146    opls_547    26.195590   25.166120    2.186520
147    opls_146    23.124620   27.270130    3.766300
148    opls_146    21.415730   25.508980    3.610590
149    opls_146    23.324850   24.016620    0.239340
150    opls_146    24.943860   25.873610    0.315570
151    opls_146    13.281160   12.988050    3.878960
152    opls_146    11.911890   10.936050    3.843860
153    opls_146     9.869190   12.377920    0.520970
154    opls_146    11.224070   14.443230    0.583000
155    opls_146    11.563420    8.972330    2.936670
156    opls_146    10.108140    6.917910    3.017780
157    opls_146     6.752590    9.216620    1.497780
158    opls_146     8.188510   11.287670    1.464760
159    opls_144     7.911110    5.793190    2.851260
160    opls_547     5.006910    1.456690    2.105670
161    opls_547     1.460810    5.068180    2.186520
162    opls_146     4.531780    2.964170    3.766300
163    opls_146     6.240670    4.725320    3.610590
164    opls_146     4.331550    6.217680    0.239340
165    opls_146     2.712540    4.360690    0.315570
