0      opls_531    11.641970    8.052660    0.000000
1      opls_700    10.365910    8.769570    0.000000
2      opls_523    10.333760   10.154800    0.000000
3      opls_145     9.130460   10.826000    0.000000
4      opls_145     7.937800   10.137710    0.000000
5      opls_145     7.963170    8.750490    0.000000
6      opls_523     9.165820    8.075960    0.000000
7      opls_142     5.539150   10.443470    0.000000
8      opls_700     4.405420   11.355420    0.000000
9      opls_145     4.586950   12.726890    0.000000
10     opls_523     3.501510   13.575160    0.000000
11     opls_700     2.211230   13.068820    0.000000
12     opls_523     2.034320   11.693800    0.000000
13     opls_145     3.120780   10.846860    0.000000
14     opls_531     1.057250   13.968340    0.000000
15     opls_531    12.826310    6.055910    0.000000
16     opls_700    12.843470    4.592360    0.000000
17     opls_523    11.659910    3.871900    0.000000
18     opls_145    11.680280    2.494210    0.000000
19     opls_145    12.872680    1.805480    0.000000
20     opls_145    14.061370    2.521060    0.000000
21     opls_523    14.044210    3.899850    0.000000
22     opls_142     0.996660   21.763840    0.000000
23     opls_700     0.773760   20.326020    0.000000
24     opls_145    -0.504740   19.797490    0.000000
25     opls_523    -0.696640   18.433340    0.000000
26     opls_700     0.387010   17.569090    0.000000
27     opls_523     1.666270   18.103390    0.000000
28     opls_145     1.856500   19.467770    0.000000
29     opls_531     0.184980   16.119960    0.000000
30     opls_531    13.963370    8.079950    0.000000
31     opls_700    15.222260    8.826590    0.000000
32     opls_523    16.437990    8.161830    0.000000
33     opls_145    17.620910    8.868310    0.000000
34     opls_145    17.621170   10.245330    0.000000
35     opls_145    16.407110   10.916980    0.000000
36     opls_523    15.221620   10.212710    0.000000
37     opls_142    -6.535810   12.169740    0.000000
38     opls_700    -5.179180   12.695610    0.000000
39     opls_145    -4.082210   11.852670    0.000000
40     opls_523    -2.804870   12.368550    0.000000
41     opls_700    -2.598240   13.739130    0.000000
42     opls_523    -3.700580   14.579860    0.000000
43     opls_145    -4.977280   14.062420    0.000000
44     opls_531    -1.242240   14.288740    0.000000
45     opls_750     6.739120   10.892790    0.000000
46     opls_520    11.666180    6.717580    0.000000
47     opls_750    12.818110    0.389850    0.000000
48     opls_520    13.970420    6.744420    0.000000
49     opls_750    18.874420   10.905880    0.000000
50     opls_520    12.795050    8.726520    0.000000
51     opls_520    -0.183700   13.474650    0.000000
52     opls_520     1.233020   15.292110    0.000000
53     opls_520    -1.049310   15.610290    0.000000
54     opls_526    11.240100   10.717720    0.000000
55     opls_146     9.118810   11.891720    0.000000
56     opls_146     7.070270    8.176250    0.000000
57     opls_526     9.159290    7.008910    0.000000
58     opls_144     5.339050    9.399280    0.000000
59     opls_146     5.570920   13.138930    0.000000
60     opls_526     3.669330   14.628670    0.000000
61     opls_526     1.053280   11.274880    0.000000
62     opls_146     2.957960    9.792680    0.000000
63     opls_526    10.719230    4.375350    0.000000
64     opls_146    10.763170    1.951260    0.000000
65     opls_146    15.005130    2.034910    0.000000
66     opls_526    14.971560    4.427720    0.000000
67     opls_144     2.001010   22.112640    0.000000
68     opls_146    -1.353560   20.443620    0.000000
69     opls_526    -1.692910   18.051920    0.000000
70     opls_526     2.519580   17.463260    0.000000
71     opls_146     2.850860   19.853850    0.000000
72     opls_526    16.472320    7.095450    0.000000
73     opls_146    18.549680    8.345550    0.000000
74     opls_146    16.356250   11.977360    0.000000
75     opls_526    14.300800   10.751890    0.000000
76     opls_144    -7.340060   12.865130    0.000000
77     opls_146    -4.217360   10.794490    0.000000
78     opls_526    -1.976410   11.696460    0.000000
79     opls_526    -3.572860   15.638920    0.000000
80     opls_146    -5.808820   14.730520    0.000000
