0      opls_238    33.939980   19.591880    0.545330
1      opls_238    10.652310   13.678380    7.831510
2      opls_238    17.203780   12.760590    7.909030
3      opls_238    13.539290    7.847150    7.114390
4      opls_238    27.728100   19.838150    8.224750
5      opls_238    30.530850   25.052700    6.542940
6      opls_238    34.033110   19.502250    5.988790
7      opls_238    10.559180   13.768010    2.388050
8      opls_238    17.110650   12.850220    2.465560
9      opls_238    13.446160    7.936770    1.670930
10     opls_238    27.634970   19.927770    2.781280
11     opls_238    30.437730   25.142330    1.099470
12     opls_910    34.167850   19.595040   -0.475110
13     opls_702    41.466190   17.176830    1.497720
14     opls_702    40.336090   15.734070   -0.126720
15     opls_140    37.756390   15.845410    3.394000
16     opls_140    39.173320   14.759330    3.355570
17     opls_702    39.430840   18.733500    1.570440
18     opls_702    38.300300   17.309990   -0.070980
19     opls_140    40.000970   17.274680    3.820440
20     opls_140    37.980650   14.755310    0.987990
21     opls_146    35.321170   20.867050    2.623420
22     opls_146    35.372470   17.421960   -0.009910
23     opls_146    43.437330   15.758930    3.279800
24     opls_146     9.085980   12.393120    0.585280
25     opls_702    40.320880   11.899540   10.879750
26     opls_702    40.870820   13.169230    9.724750
27     opls_702    41.912820   11.736940   10.039820
28     opls_702    37.864550   19.858950    4.782300
29     opls_702    38.737880   20.625990    3.397480
30     opls_702    37.196360   21.342960    4.009440
31     opls_702    14.985570    0.764580    0.835900
32     opls_702    12.531670    0.324940    0.848640
33     opls_140    13.423110    2.406710    4.542250
34     opls_140    13.792230    0.656610    4.403650
35     opls_702    14.408090    3.203550    0.951410
36     opls_702    11.975310    2.768650    1.072800
37     opls_140    15.660450    2.066800    3.162330
38     opls_140    11.463050    1.173470    3.267170
39     opls_146    11.049650    7.092680    2.314780
40     opls_146    10.348030    4.751810    2.616020
41     opls_146    33.724090   28.250730    1.923070
42     opls_146    32.982810   25.954720    1.462440
43     opls_702    27.843360   27.413150    2.567570
44     opls_702    28.123710   28.000970    0.884670
45     opls_702    28.185120   26.250740    1.240240
46     opls_702    16.137510    4.844240    1.864280
47     opls_702    15.617720    6.233890    0.861700
48     opls_702    16.123920    6.466030    2.592400
49     opls_702    21.618870   14.789070    1.566960
50     opls_702    20.696640   17.108050    1.659170
51     opls_140    23.222340   16.619420    5.169550
52     opls_140    21.545550   15.992700    5.163450
53     opls_702    24.026680   15.662910    1.601690
54     opls_702    23.101370   17.980970    1.623350
55     opls_140    23.131570   14.328950    3.849950
56     opls_140    21.621500   18.339100    3.949670
57     opls_146    28.326510   17.239400    3.118130
58     opls_146    24.946200   19.968920    2.803600
59     opls_146    19.774160   12.770510    2.624290
60     opls_146    16.419200   15.516370    3.027980
61     opls_146    11.142770    7.003050    7.758250
62     opls_146    10.441160    4.662180    8.059490
63     opls_146    33.817220   28.161110    7.366530
64     opls_146    33.075940   25.865100    6.905910
65     opls_702    27.936490   27.323530    8.011040
66     opls_702    28.216830   27.911350    6.328140
67     opls_702    28.278250   26.161120    6.683700
68     opls_702    16.230640    4.754610    7.307740
69     opls_702    15.710840    6.144260    6.305170
70     opls_702    16.217050    6.376400    8.035860
71     opls_702    21.711990   14.699450    7.010420
72     opls_702    20.789770   17.018420    7.102630
73     opls_140    23.315470   16.529790   10.613020
74     opls_140    21.638680   15.903070   10.606920
75     opls_702    24.119810   15.573280    7.045150
76     opls_702    23.194500   17.891350    7.066820
77     opls_140    23.224700   14.239330    9.293410
78     opls_140    21.714630   18.249480    9.393140
79     opls_146    28.419640   17.149770    8.561590
80     opls_146    25.039330   19.879290    8.247070
81     opls_146    19.867280   12.680880    8.067760
82     opls_146    16.512330   15.426750    8.471450
83     opls_702    18.279790   18.210880    9.540110
84     opls_702    18.470550   18.229810    7.742570
85     opls_702    16.891050   17.763420    8.479290
86     opls_702    26.672570   14.269500    9.351980
87     opls_702    26.481710   14.387100    7.558140
88     opls_702    28.056420   14.810880    8.328070
89     opls_144    10.202500   11.614210    8.399270
90     opls_144    15.418390    8.439440    8.040760
91     opls_144    15.646370   14.009630    7.018370
92     opls_910    10.891740   14.189900    8.711720
93     opls_910    17.583650   12.372650    7.014890
94     opls_910    14.005320    7.717110    6.187910
95     opls_144    29.164200   18.615730    7.102420
96     opls_144    34.305340   21.649690    6.090150
97     opls_144    29.157630   24.280010    8.018990
98     opls_910    27.281260   20.442290    7.495110
99     opls_910    31.244490   24.683000    5.874040
100    opls_702    18.186670   18.300510    4.096640
101    opls_702    18.377420   18.319430    2.299100
102    opls_702    16.797920   17.853050    3.035820
103    opls_702    26.579440   14.359120    3.908520
104    opls_702    26.388580   14.476720    2.114680
105    opls_702    27.963290   14.900510    2.884600
106    opls_144    10.109380   11.703840    2.955800
107    opls_144    15.325260    8.529070    2.597300
108    opls_144    15.553240   14.099260    1.574900
109    opls_910    10.798610   14.279530    3.268260
110    opls_910    17.490520   12.462280    1.571420
111    opls_910    13.912190    7.806740    0.744450
112    opls_144    29.071070   18.705360    1.658950
113    opls_144    34.212210   21.739320    0.646680
114    opls_144    29.064500   24.369630    2.575520
115    opls_910    27.188130   20.531920    2.051640
116    opls_910    31.151360   24.772620    0.430580
117    opls_910    34.260980   19.505410    4.968360
118    opls_702    41.559320   17.087200    6.941180
119    opls_702    40.429210   15.644440    5.316740
120    opls_140    37.849520   15.755780    8.837470
121    opls_140    39.266450   14.669700    8.799040
122    opls_702    39.523970   18.643870    7.013910
123    opls_702    38.393430   17.220370    5.372480
124    opls_140    40.094100   17.185060    9.263910
125    opls_140    38.073780   14.665690    6.431450
126    opls_146    35.414300   20.777430    8.066890
127    opls_146    35.465600   17.332330    5.433560
128    opls_146    43.530460   15.669300    8.723260
129    opls_146     9.179110   12.303490    6.028750
130    opls_702    40.227750   11.989160    5.436280
131    opls_702    40.777700   13.258860    4.281290
132    opls_702    41.819700   11.826570    4.596350
133    opls_702    37.957670   19.769320   10.225770
134    opls_702    38.831000   20.536370    8.840950
135    opls_702    37.289490   21.253340    9.452900
136    opls_702    15.078700    0.674950    6.279360
137    opls_702    12.624800    0.235310    6.292100
138    opls_140    13.516240    2.317090    9.985710
139    opls_140    13.885360    0.566990    9.847120
140    opls_702    14.501220    3.113930    6.394870
141    opls_702    12.068440    2.679020    6.516260
142    opls_140    15.753580    1.977170    8.605790
143    opls_140    11.556180    1.083840    8.710630
144    opls_515    40.823690   16.385530    1.942770
145    opls_137    39.659690   16.870510    2.849870
146    opls_137    38.623550   15.574500    1.370340
147    opls_515    40.116480   15.492510    0.929740
148    opls_136    38.730200   15.661940    2.885470
149    opls_515    38.851500   17.888710    2.004720
150    opls_515    38.150760   17.004480    0.980260
151    opls_700    37.480350   18.268850    2.507910
152    opls_700    36.976540   19.519630    2.862070
153    opls_145    35.746580   19.927130    2.298120
154    opls_916    35.128700   19.163800    1.260710
155    opls_145    35.727240   17.949570    0.865180
156    opls_700    36.847100   17.481080    1.549860
157    opls_145    42.930370   15.015370    2.679710
158    opls_700    41.574360   15.164270    2.388480
159    opls_700    40.938670   14.346430    1.455910
160    opls_700    41.659160   13.382010    0.745750
161    opls_145     8.514100   13.149180    1.110030
162    opls_916     9.150220   13.936640    2.104990
163    opls_148    41.204280   12.457840   10.503170
164    opls_148    37.735340   20.390480    3.816740
165    opls_515    14.520250    0.647280    1.837060
166    opls_137    14.636810    1.873950    2.773550
167    opls_137    12.455010    1.418490    2.828750
168    opls_515    13.018140    0.353600    1.845330
169    opls_136    13.585160    1.578160    3.827850
170    opls_515    14.004110    3.049730    1.973910
171    opls_515    12.506940    2.755530    2.049680
172    opls_700    13.733800    4.332210    2.708230
173    opls_700    14.157560    5.616920    2.334480
174    opls_916    13.172590    6.653300    2.257730
175    opls_145    11.809460    6.335240    2.467630
176    opls_145    11.397630    5.015320    2.675250
177    opls_700    12.369310    4.032870    2.826140
178    opls_145    32.685050   27.977690    2.064820
179    opls_700    31.741780   28.933000    2.427570
180    opls_700    30.370240   28.647320    2.400130
181    opls_700    29.902960   27.406760    1.947560
182    opls_916    30.858090   26.381160    1.693240
183    opls_145    32.244420   26.683880    1.766400
184    opls_148    28.434140   27.251680    1.641750
185    opls_148    15.585170    5.808450    1.884750
186    opls_515    21.482170   15.216540    2.581510
187    opls_137    22.767370   15.301740    3.457690
188    opls_137    21.980040   17.385360    3.509290
189    opls_515    20.932180   16.644450    2.640520
190    opls_136    22.380710   16.320340    4.515030
191    opls_515    23.804340   16.081650    2.606000
192    opls_515    23.250440   17.510350    2.617650
193    opls_700    25.014690   16.623230    3.317470
194    opls_700    26.373680   16.352270    3.152090
195    opls_145    27.263180   17.445490    3.117040
196    opls_916    26.769400   18.780220    2.982580
197    opls_145    25.368400   18.996850    3.026350
198    opls_700    24.523460   17.924050    3.297650
199    opls_145    19.359180   13.728550    2.911930
200    opls_700    20.212880   14.774310    3.255740
201    opls_700    19.730040   16.077480    3.345450
202    opls_700    18.374410   16.369140    3.190090
203    opls_145    17.478060   15.291820    3.051820
204    opls_916    17.963350   13.963060    2.841490
205    opls_148    17.903350   17.791820    3.152530
206    opls_916    13.265720    6.563670    7.701200
207    opls_145    11.902590    6.245620    7.911100
208    opls_145    11.490750    4.925690    8.118710
209    opls_700    12.462440    3.943240    8.269600
210    opls_145    32.778180   27.888060    7.508280
211    opls_700    31.834910   28.843380    7.871030
212    opls_700    30.463370   28.557690    7.843600
213    opls_700    29.996090   27.317130    7.391030
214    opls_916    30.951220   26.291540    7.136710
215    opls_145    32.337550   26.594250    7.209870
216    opls_148    28.527270   27.162050    7.085220
217    opls_148    15.678300    5.718830    7.328210
218    opls_515    21.575300   15.126910    8.024970
219    opls_137    22.860500   15.212120    8.901160
220    opls_137    22.073170   17.295740    8.952760
221    opls_515    21.025300   16.554830    8.083980
222    opls_136    22.473840   16.230720    9.958490
223    opls_515    23.897470   15.992030    8.049470
224    opls_515    23.343560   17.420720    8.061120
225    opls_700    25.107820   16.533600    8.760930
226    opls_700    26.466810   16.262640    8.595560
227    opls_145    27.356300   17.355860    8.560500
228    opls_916    26.862530   18.690600    8.426050
229    opls_145    25.461530   18.907220    8.469810
230    opls_700    24.616590   17.834420    8.741120
231    opls_145    19.452310   13.638920    8.355390
232    opls_700    20.306000   14.684690    8.699200
233    opls_700    19.823170   15.987860    8.788910
234    opls_700    18.467540   16.279510    8.633550
235    opls_145    17.571190   15.202190    8.495290
236    opls_916    18.056480   13.873430    8.284950
237    opls_148    17.996480   17.702200    8.595990
238    opls_148    26.950880   14.851870    8.449890
239    opls_280    14.988050   10.974170    8.536120
240    opls_145    14.793000   12.328260    7.946040
241    opls_280    13.397700   12.733880    7.586560
242    opls_145    12.251930   11.833530    7.919370
243    opls_280    12.551370   10.388040    8.117080
244    opls_145    13.967350    9.937480    8.253170
245    opls_142    10.982670   12.294360    8.060250
246    opls_142    14.365760    8.686960    7.937120
247    opls_142    15.836060   13.126750    7.622810
248    opls_280    32.039520   22.526970    7.158270
249    opls_145    30.686750   22.870910    7.681380
250    opls_280    29.895030   21.771060    8.281580
251    opls_145    30.063000   20.397110    7.736140
252    opls_280    31.366800   20.052220    7.090880
253    opls_145    32.389990   21.114730    6.831660
254    opls_142    29.036700   19.514120    7.698910
255    opls_142    33.611290   20.839940    6.305060
256    opls_142    30.120630   24.097750    7.544750
257    opls_145    43.023490   14.925750    8.123180
258    opls_700    41.752290   13.292380    6.189220
259    opls_145     8.607230   13.059550    6.553500
260    opls_916     9.243350   13.847010    7.548450
261    opls_515    14.613380    0.557650    7.280530
262    opls_515    13.111270    0.263970    7.288800
263    opls_148    26.857750   14.941500    3.006430
264    opls_280    14.894920   11.063790    3.092650
265    opls_145    14.699870   12.417890    2.502580
266    opls_280    13.304570   12.823500    2.143090
267    opls_145    12.158810   11.923150    2.475910
268    opls_280    12.458240   10.477670    2.673610
269    opls_145    13.874220   10.027100    2.809700
270    opls_142    10.889540   12.383980    2.616780
271    opls_142    14.272630    8.776580    2.493650
272    opls_142    15.742930   13.216380    2.179350
273    opls_280    31.946400   22.616600    1.714800
274    opls_145    30.593620   22.960540    2.237920
275    opls_280    29.801900   21.860680    2.838110
276    opls_145    29.969870   20.486740    2.292680
277    opls_280    31.273670   20.141840    1.647410
278    opls_145    32.296860   21.204360    1.388190
279    opls_142    28.943580   19.603750    2.255450
280    opls_142    33.518170   20.929570    0.861590
281    opls_142    30.027500   24.187380    2.101290
282    opls_515    40.916810   16.295900    7.386240
283    opls_137    39.752820   16.780880    8.293340
284    opls_137    38.716680   15.484880    6.813800
285    opls_515    40.209610   15.402880    6.373210
286    opls_136    38.823330   15.572310    8.328940
287    opls_515    38.944630   17.799080    7.448190
288    opls_515    38.243890   16.914850    6.423730
289    opls_700    37.573480   18.179220    7.951380
290    opls_700    37.069670   19.430010    8.305530
291    opls_145    35.839710   19.837510    7.741590
292    opls_916    35.221820   19.074170    6.704170
293    opls_145    35.820370   17.859950    6.308650
294    opls_700    36.940230   17.391450    6.993330
295    opls_700    41.667490   15.074650    7.831950
296    opls_700    41.031790   14.256800    6.899380
297    opls_148    41.111150   12.547460    5.059700
298    opls_148    37.828470   20.300850    9.260210
299    opls_137    14.729940    1.784320    8.217020
300    opls_137    12.548140    1.328860    8.272220
301    opls_136    13.678280    1.488540    9.271310
302    opls_515    14.097230    2.960100    7.417380
303    opls_515    12.600070    2.665900    7.493150
304    opls_700    13.826930    4.242580    8.151700
305    opls_700    14.250690    5.527290    7.777950
306    opls_281    11.638440    9.577410    8.187190
307    opls_281    15.989110   10.699280    9.185630
308    opls_281    13.196090   13.798490    7.020000
309    opls_281    31.592990   18.892090    6.777770
310    opls_281    32.895020   23.395080    7.073020
311    opls_281    29.087910   22.001310    9.172570
312    opls_281    11.545320    9.667040    2.743720
313    opls_281    15.895980   10.788910    3.742160
314    opls_281    13.102960   13.888110    1.576540
315    opls_281    31.499860   18.981710    1.334300
316    opls_281    32.801900   23.484710    1.629560
317    opls_281    28.994790   22.090930    3.729100
