0      opls_716     1.507170   19.403410   13.249540
1      opls_716     1.463400   19.403410   11.938930
2      opls_543     1.630170   20.793310   11.518590
3      opls_543     1.699870   20.793790   13.656040
4      opls_716     2.185260    0.379650   16.663110
5      opls_543     1.959800   22.510320   15.355020
6      opls_700     1.816900   21.174630   14.988540
7      opls_716     2.019840   22.897610    8.498940
8      opls_543     1.832820    0.769330    9.811050
9      opls_700     1.666620   21.173200   10.180050
10     opls_700     1.775900    3.142250   16.060540
11     opls_145     1.453590   20.140260    9.114850
12     opls_145     2.622040    4.259470   16.012210
13     opls_145     2.634400    5.180900   17.061800
14     opls_145     1.820950    4.993940   18.183130
15     opls_145     0.967850    3.880780   18.230700
16     opls_145     0.937580    2.972720   17.174060
17     opls_145     0.733940    2.844740    7.792660
18     opls_145     1.077640    3.752080    6.706320
19     opls_145     1.886110    4.922540    6.897610
20     opls_145     2.422010    5.227930    8.257050
21     opls_145     2.094450    4.258990    9.043620
22     opls_145     1.110040   10.942010   24.311040
23     opls_916     1.955180   13.052290    0.000760
24     opls_145     2.809980   12.339310    0.858300
25     opls_916     2.069510   15.305590    1.170660
26     opls_916     1.694760   15.155880   23.878620
27     opls_145     2.255600   16.695490    1.064950
28     opls_145     2.233570   17.512330    2.191060
29     opls_700     2.054580   16.956940    3.455350
30     opls_145     1.910620   15.569910    3.592530
31     opls_145     1.911690   14.750200    2.454590
32     opls_145     2.509560   14.904450   22.763840
33     opls_145     2.321470   15.623870   21.577320
34     opls_700     1.315820   16.598310   21.499290
35     opls_145     0.481620   16.819890   22.595950
36     opls_145     0.663380   16.100940   23.775170
37     opls_142     1.177970   17.481770   20.340460
38     opls_142     1.899110   17.869290    4.585240
39     opls_716     1.505110    3.873610   13.250300
40     opls_716     1.460700    3.873850   11.939940
41     opls_543     1.628040    2.483960   11.519100
42     opls_543     1.698880    2.483240   13.656540
43     opls_716     2.185330   22.897140   16.663110
44     opls_543     1.959650    0.766460   15.355270
45     opls_700     1.816480    2.102160   14.988790
46     opls_716     2.019130    0.380600    8.498940
47     opls_543     1.833960   22.508410    9.811050
48     opls_700     1.664340    2.104310   10.180550
49     opls_700     1.776190   20.134290   16.060290
50     opls_145     1.450110    3.137480    9.115600
51     opls_145     2.622390   19.017080   16.011710
52     opls_145     2.634830   18.095650   17.061550
53     opls_145     1.821520   18.282850   18.182880
54     opls_145     0.968350   19.396010   18.230450
55     opls_145     0.937940   20.303820   17.173560
56     opls_145     0.737420   20.432520    7.791660
57     opls_145     1.081120   19.524710    6.705820
58     opls_145     1.889730   18.354480    6.897110
59     opls_145     2.425710   18.049570    8.256800
60     opls_145     2.098000   19.018510    9.043110
61     opls_145     1.110460   12.335250   24.311040
62     opls_916     1.954400   10.224740    0.001010
63     opls_145     2.809550   10.937240    0.858300
64     opls_916     2.067230    7.971200    1.170660
65     opls_916     1.693340    8.121390   23.878620
66     opls_145     2.251760    6.581060    1.064950
67     opls_145     2.229100    5.763980    2.191060
68     opls_700     2.051100    6.319840    3.455600
69     opls_145     1.908710    7.706880    3.592780
70     opls_145     1.910480    8.526580    2.454590
71     opls_145     2.508990    8.372100   22.764340
72     opls_145     2.320970    7.652670   21.577820
73     opls_700     1.314610    6.678960   21.499290
74     opls_145     0.479630    6.458090   22.595450
75     opls_145     0.661320    7.177040   23.774920
76     opls_142     1.176830    5.795500   20.340210
77     opls_142     1.895280    5.407490    4.585490
78     opls_716     5.057980    7.464520   13.250300
79     opls_716     5.013500    7.464280   11.939940
80     opls_543     5.180840    8.854180   11.519100
81     opls_543     5.251680    8.854900   13.656540
82     opls_716     5.738130   12.318300   16.663110
83     opls_543     5.512450   10.571670   15.355270
84     opls_700     5.369200    9.235980   14.988790
85     opls_716     5.571930   10.957530    8.498940
86     opls_543     5.386760   12.707020    9.811050
87     opls_700     5.217070    9.233830   10.180550
88     opls_700     5.329060   15.080900   16.060290
89     opls_145     5.002910    8.200660    9.115600
90     opls_145     6.175190   16.198360   16.011710
91     opls_145     6.187630   17.119790   17.061550
92     opls_145     5.374320   16.932590   18.182880
93     opls_145     4.521220   15.819430   18.230450
94     opls_145     4.490810   14.911610   17.173810
95     opls_145     4.290220   14.782910    7.791660
96     opls_145     4.633920   15.690490    6.705820
97     opls_145     5.442530   16.860960    6.897110
98     opls_145     5.978580   17.165870    8.256800
99     opls_145     5.650870   16.196930    9.043110
100    opls_145     4.663260   22.879950   24.311040
101    opls_916     5.507200    1.113400    0.001010
102    opls_145     6.362430    0.400900    0.858300
103    opls_916     5.620030    3.366940    1.170660
104    opls_916     5.246060    3.216750   23.878620
105    opls_145     5.804560    4.757070    1.064950
106    opls_145     5.781900    5.573920    2.191060
107    opls_700     5.603900    5.018290    3.455600
108    opls_145     5.461510    3.631260    3.592780
109    opls_145     5.463210    2.811550    2.454590
110    opls_145     6.061720    2.966040   22.764340
111    opls_145     5.873700    3.685460   21.577820
112    opls_700     4.867340    4.659180   21.499290
113    opls_145     4.032290    4.880040   22.595450
114    opls_145     4.214050    4.161100   23.774920
115    opls_142     4.729560    5.542640   20.340210
116    opls_142     5.448080    5.930410    4.585490
117    opls_716     5.059900   15.812030   13.249540
118    opls_716     5.016130   15.812030   11.938930
119    opls_543     5.182970   14.422130   11.518590
120    opls_543     5.252740   14.421650   13.656040
121    opls_716     5.737990   10.958490   16.663110
122    opls_543     5.512600   12.705110   15.355020
123    opls_700     5.369700   14.040810   14.988540
124    opls_716     5.572710   12.317820    8.498940
125    opls_543     5.385620   10.568810    9.811050
126    opls_700     5.219420   14.042240   10.180050
127    opls_700     5.328630    8.195880   16.060540
128    opls_145     5.006320   15.075170    9.114850
129    opls_145     6.174840    7.078660   16.012210
130    opls_145     6.187200    6.157240   17.061800
131    opls_145     5.373750    6.344200   18.183130
132    opls_145     4.520650    7.457360   18.230700
133    opls_145     4.490310    8.365170   17.174060
134    opls_145     4.286670    8.493390    7.792410
135    opls_145     4.630440    7.586060    6.706570
136    opls_145     5.438840    6.415590    6.897610
137    opls_145     5.974810    6.110200    8.257300
138    opls_145     5.647250    7.079140    9.043620
139    opls_145     4.662840    0.396120   24.311040
140    opls_916     5.508050   22.163150    0.000760
141    opls_145     6.362850   22.876120    0.858300
142    opls_916     5.622380   19.909850    1.170660
143    opls_916     5.247630   20.059560   23.878620
144    opls_145     5.808400   18.519950    1.064950
145    opls_145     5.786370   17.702870    2.191060
146    opls_700     5.607380   18.258490    3.455350
147    opls_145     5.463500   19.645530    3.592530
148    opls_145     5.464630   20.465230    2.454590
149    opls_145     6.062430   20.310990   22.763590
150    opls_145     5.874270   19.591560   21.577320
151    opls_700     4.868620   18.617130   21.499290
152    opls_145     4.034490   18.395310   22.595950
153    opls_145     4.216320   19.114490   23.775420
154    opls_142     4.730840   17.733670   20.340460
155    opls_142     5.451910   17.346140    4.585240
156    opls_542     1.751740   21.620660   12.584550
157    opls_750     2.165500   17.521160    5.863630
158    opls_239     1.951340   14.498060   25.138390
159    opls_750     1.906650   17.360230   19.276520
160    opls_542     1.750680    1.656370   12.585050
161    opls_750     2.161810    5.755620    5.863880
162    opls_239     1.949850    8.778730   25.138640
163    opls_750     1.905860    5.916790   19.276520
164    opls_542     1.859040   23.577160   14.529440
165    opls_542     1.775690   23.577400   10.639900
166    opls_542     5.303410    9.681530   12.585050
167    opls_750     5.714610    5.582270    5.863880
168    opls_239     5.502580    2.559170   25.138640
169    opls_750     5.458740    5.421340   19.276520
170    opls_542     5.304610   13.594780   12.584550
171    opls_750     5.718230   17.694270    5.863630
172    opls_239     5.504210   20.717380   25.138390
173    opls_750     5.459450   17.855440   19.276270
174    opls_542     5.411770   11.638270   14.529440
175    opls_542     5.328490   11.638030   10.639900
176    F2_Co4+2     1.780170   23.577160   12.584800
177    F2_Co4+2     5.332970   11.638270   12.582530
178    opls_547     1.400160   18.424200   13.823420
179    opls_547     1.317170   18.424440   11.373610
180    opls_547     2.353020    0.949600   17.635930
181    opls_547     2.158750   22.327660    7.521330
182    opls_146     3.304390    4.419210   15.113130
183    opls_146     3.312280    6.095870   17.008950
184    opls_146     0.295520    3.716260   19.136580
185    opls_146     0.223120    2.085440   17.219870
186    opls_146    -0.013640    2.002350    7.616720
187    opls_146     0.700750    3.545540    5.650440
188    opls_146     3.006020    6.190430    8.436510
189    opls_146     2.441130    4.264250   10.129710
190    opls_146     0.418090   10.372300   23.606530
191    opls_146     3.510590   12.900910    1.560800
192    opls_146     2.428270   17.171360    0.043540
193    opls_146     2.362260   18.639580    2.080060
194    opls_146     1.792810   15.108840    4.628530
195    opls_146     1.783150   13.624150    2.576660
196    opls_146     3.327480   14.112440   22.822740
197    opls_146     2.985920   15.417570   20.674220
198    opls_146    -0.353930   17.592560   22.529760
199    opls_146    -0.028350   16.279070   24.663680
200    opls_144     0.404240   18.318900   20.350780
201    opls_144     1.532820   18.921810    4.345620
202    opls_547     1.397810    4.852580   13.824430
203    opls_547     1.313610    4.852820   11.374870
204    opls_547     2.353090   22.327190   17.635930
205    opls_547     2.157470    0.950790    7.521330
206    opls_146     3.304530   18.857340   15.112380
207    opls_146     3.312630   17.180430   17.008700
208    opls_146     0.296230   19.560760   19.136320
209    opls_146     0.223260   21.190860   17.219120
210    opls_146     0.004970   21.303090    7.720170
211    opls_146     0.704020   19.730530    5.649930
212    opls_146     3.009930   17.087310    8.436510
213    opls_146     2.632480   18.608300    9.962830
214    opls_146     0.418800   12.905440   23.606790
215    opls_146     3.509880   10.375400    1.560800
216    opls_146     2.423720    6.104950    0.043540
217    opls_146     2.356430    4.636490    2.079810
218    opls_146     1.791530    8.168190    4.628780
219    opls_146     1.783360    9.652880    2.576910
220    opls_146     3.327480    9.163390   22.823490
221    opls_146     2.986060    7.858260   20.674970
222    opls_146    -0.356490    5.686140   22.528750
223    opls_146    -0.034820    6.994140   24.658900
224    opls_144     0.402820    4.958600   20.350280
225    opls_144     1.528630    4.354980    4.345870
226    opls_547     4.950760    6.485550   13.824430
227    opls_547     4.866410    6.485310   11.374870
228    opls_547     5.905960   12.888250   17.635930
229    opls_547     5.710200   10.387340    7.521330
230    opls_146     6.857260   16.358100   15.112380
231    opls_146     6.865430   18.035000   17.008700
232    opls_146     3.849030   15.654670   19.136320
233    opls_146     3.776130   14.024570   17.219620
234    opls_146     3.542640   13.940520    7.615470
235    opls_146     4.256960   15.484430    5.649930
236    opls_146     6.562800   18.128120    8.436510
237    opls_146     5.997340   16.202180   10.129200
238    opls_146     3.971600   22.309760   23.606790
239    opls_146     7.062820    0.962730    1.560800
240    opls_146     5.976450    5.233190    0.043540
241    opls_146     5.909230    6.701400    2.080060
242    opls_146     5.344410    3.169950    4.628780
243    opls_146     5.335950    1.685260    2.576910
244    opls_146     6.880210    2.174740   22.823490
245    opls_146     6.538790    3.479880   20.674970
246    opls_146     3.196170    5.652000   22.528750
247    opls_146     3.517910    4.344000   24.658900
248    opls_144     3.955550    6.379540   20.350280
249    opls_144     5.081360    6.982920    4.345870
250    opls_547     4.952820   16.791230   13.823420
251    opls_547     4.869820   16.790990   11.373610
252    opls_547     5.877820   10.170060   17.474590
253    opls_547     5.711770   12.887770    7.521580
254    opls_146     6.857260    6.918930   15.113130
255    opls_146     6.865080    5.242260   17.008950
256    opls_146     3.848460    7.622110   19.136580
257    opls_146     3.775630    9.252210   17.219870
258    opls_146     3.554150    9.363960    7.721180
259    opls_146     4.253630    7.792360    5.650690
260    opls_146     6.558750    5.147710    8.436770
261    opls_146     6.182090    6.668930    9.963080
262    opls_146     3.970890    0.965840   23.606530
263    opls_146     7.060120   22.306410    1.557530
264    opls_146     5.981070   18.044080    0.043540
265    opls_146     5.915060   16.575620    2.080060
266    opls_146     5.345680   20.106600    4.628530
267    opls_146     5.336160   21.591290    2.576660
268    opls_146     6.880280   21.103000   22.822230
269    opls_146     6.538720   19.797620   20.674220
270    opls_146     3.199150   17.622400   22.529500
271    opls_146     3.520750   18.931120   24.659900
272    opls_144     3.957390   16.896290   20.350780
273    opls_144     5.085690   16.293390    4.345620
