0      opls_522    16.376560    0.735380    1.168770
1      opls_142     2.155240    0.423770    1.635510
2      opls_142     0.988920    0.871180    1.161050
3      opls_700     3.262080    1.319670    1.996140
4      opls_145     3.040690    2.662520    2.356660
5      opls_523     4.088030    3.440850    2.838720
6      opls_700     5.369960    2.889620    2.981860
7      opls_523     5.588310    1.546770    2.626380
8      opls_145     4.542840    0.771690    2.133720
9      opls_700    17.593730    0.065500    1.173390
10     opls_531     6.492130    3.729280    3.419920
11     opls_142     5.041710   13.309490    1.203320
12     opls_135     4.082500   13.378700    2.392240
13     opls_142    13.882380    1.829340    2.319120
14     opls_142    13.924480    0.778180    1.493710
15     opls_700    12.615260    2.367590    2.816000
16     opls_145    11.542770    1.514180    3.110710
17     opls_523    10.321320    2.036670    3.507220
18     opls_700    10.154610    3.422620    3.617770
19     opls_523    11.261530    4.270160    3.436060
20     opls_145    12.490030    3.740710    3.046750
21     opls_521    15.174020    0.027190    1.293290
22     opls_531     8.806680    3.979710    3.754010
23     opls_522     8.673870   14.129380    1.331440
24     opls_142     6.863630   11.470100    2.829470
25     opls_142     7.566850   12.025040    1.843430
26     opls_700     7.026590   10.056660    3.172920
27     opls_145     8.281050    9.434360    3.086850
28     opls_523     8.405650    8.079930    3.345990
29     opls_700     7.277060    7.317510    3.678850
30     opls_523     6.026080    7.942740    3.792990
31     opls_145     5.906560    9.312470    3.561620
32     opls_521     7.469810   13.447290    1.500800
33     opls_531     7.405140    5.864050    3.783220
34     opls_522     9.014060   13.814830    4.596400
35     opls_142    16.394580    1.654610    5.063140
36     opls_142    16.590280    0.420840    4.588690
37     opls_700    15.065290    2.165210    5.423770
38     opls_145    14.013050    1.302060    5.784290
39     opls_523    12.815320    1.819920    6.266360
40     opls_700    12.651740    3.205710    6.409500
41     opls_523    13.705500    4.066230    6.054010
42     opls_145    14.899480    3.548370    5.561350
43     opls_700     8.985610   15.203870    4.601030
44     opls_531    11.363480    3.757710    6.847550
45     opls_142    -5.127610   13.160710    4.630950
46     opls_135    -4.707940   12.295400    5.819870
47     opls_142     9.313760   11.107820    5.746760
48     opls_142    10.203040   11.669860    4.921340
49     opls_700     9.481180    9.741340    6.243630
50     opls_145    10.756500    9.239240    6.538340
51     opls_523    10.914740    7.920190    6.934860
52     opls_700     9.797820    7.082840    7.045400
53     opls_523     8.510370    7.617690    6.863700
54     opls_145     8.354630    8.946320    6.474380
55     opls_521    10.228640   13.127490    4.720930
56     opls_531     9.989330    5.636950    7.181650
57     opls_522     1.265870    0.447100    4.759080
58     opls_142     4.473980    0.209030    6.257100
59     opls_142     3.641780    0.540570    5.271070
60     opls_700     5.616580    1.056880    6.600550
61     opls_145     5.528280    2.454410    6.514490
62     opls_523     6.638950    3.239540    6.773620
63     opls_700     7.863520    2.643360    7.106480
64     opls_523     7.947540    1.247370    7.220620
65     opls_145     6.821090    0.459000    6.989250
66     opls_521    -6.461000   15.194600    4.928440
67     opls_531     9.058210    3.481010    7.210850
68     opls_522     1.368180    0.898990    8.024130
69     opls_142     8.208980   13.370820    8.490880
70     opls_142     9.179610   14.157180    8.016420
71     opls_700     8.431430   11.964320    8.851500
72     opls_145     9.705060   11.484630    9.212030
73     opls_523     9.855440   10.188440    9.694090
74     opls_700     8.737100    9.353870    9.837230
75     opls_523     7.464990    9.836200    9.481750
76     opls_145     7.316480   11.129140    8.989090
77     opls_700     0.179460    0.179830    8.028760
78     opls_531     8.903190    7.962210   10.275290
79     opls_142     0.085900    4.428200    8.058680
80     opls_135     0.625440    5.224300    9.247600
81     opls_142     3.562670    2.512040    9.174490
82     opls_142     2.631280    3.001160    8.349080
83     opls_700     4.662360    3.340270    9.671370
84     opls_145     4.459530    4.695780    9.966080
85     opls_523     5.522750    5.492350    0.079590
86     opls_700     6.806370    4.943740    0.190130
87     opls_523     6.986900    3.561350    0.008430
88     opls_145     5.914140    2.762160    9.902120
89     opls_521     1.356140    2.294520    8.148660
90     opls_531     7.962790    5.832540    0.326380
91     opls_522    16.819070    0.872730    8.186810
92     opls_142    15.421190    3.770070    9.684840
93     opls_142    15.550160    2.883590    8.698800
94     opls_700    14.115620    4.335660   10.028290
95     opls_145    12.949480    3.560420    9.942220
96     opls_523    11.714200    4.129730   10.201350
97     opls_700    11.618220    5.488330    0.251210
98     opls_523    12.785180    6.259090    0.365350
99     opls_145    14.031160    5.677740    0.133990
100    opls_521    -1.008810    2.256510    8.356170
101    opls_531    10.295450    6.104130    0.355590
102    opls_144     0.893920    1.911070    0.875700
103    opls_144     2.289390   -0.615650    1.892480
104    opls_146     4.728280   -0.266040    1.883330
105    opls_526     3.889480    4.470690    3.107420
106    opls_526     6.567590    1.094270    2.719030
107    opls_146     2.055880    3.106680    2.317690
108    opls_144    13.003620    0.373100    1.098530
109    opls_144    14.793870    2.282460    2.683350
110    opls_146    13.325700    4.407040    2.871630
111    opls_526     9.495540    1.356900    3.678640
112    opls_526    11.166630    5.343880    3.534470
113    opls_146    11.641770    0.443860    3.025770
114    opls_144     4.541950   13.547870    0.239290
115    opls_140     3.123110   13.835990    2.077170
116    opls_140     4.516620   13.955420    3.237090
117    opls_140     3.861650   12.347620    2.736410
118    opls_144     8.339110   11.456510    1.356530
119    opls_144     6.147920   12.051610    3.389690
120    opls_146     4.932980    9.781660    3.636070
121    opls_526     9.382620    7.624950    3.243570
122    opls_526     5.140100    7.370660    4.036280
123    opls_146     9.171040    9.989300    2.821860
124    opls_525     1.293430    1.526840    4.785710
125    opls_525    16.369700    1.814820    1.107380
126    opls_144    15.737210   -0.181370    4.303330
127    opls_144    17.227670    2.290500    5.320120
128    opls_146    15.705450    4.227830    5.310960
129    opls_526    12.022730    1.133040    6.535050
130    opls_526    13.607740    5.140570    6.146660
131    opls_146    14.120800    0.227100    5.745320
132    opls_144    11.014280   11.074910    4.526170
133    opls_144     8.465590   11.670630    6.110980
134    opls_146     7.359740    9.336880    6.299260
135    opls_526    11.916320    7.544930    7.106270
136    opls_526     7.627950    6.998640    6.962110
137    opls_146    11.633920    9.860140    6.453410
138    opls_144    -5.084170   12.608710    3.666920
139    opls_140    -4.624280   11.235890    5.504800
140    opls_140    -5.424450   12.383000    6.664720
141    opls_140    -3.704580   12.619680    6.164040
142    opls_144     3.748020    1.493630    4.784170
143    opls_144     4.328240   -0.701550    6.817320
144    opls_146     6.901540   -0.618740    7.063700
145    opls_526     6.544490    4.313110    6.671200
146    opls_526     8.885970    0.766130    7.463920
147    opls_146     4.602690    2.947710    6.249490
148    opls_525    15.870200    0.356720    8.213340
149    opls_525     8.082670   13.269160    4.535010
150    opls_144    10.127670   13.719510    7.731070
151    opls_144     7.241730   13.774350    8.747850
152    opls_146     6.325070   11.487410    8.738700
153    opls_526    10.846590    9.845470    9.962790
154    opls_526     6.583470    9.214370    9.574400
155    opls_146    10.582120   12.115420    9.173050
156    opls_144     2.740900    4.001190    7.953900
157    opls_144     3.499340    1.496100    9.538720
158    opls_146     6.073360    1.705280    9.727000
159    opls_526     5.346940    6.547370    0.251010
160    opls_526     7.964220    3.106680    0.106840
161    opls_146     3.483100    5.145200    9.881140
162    opls_144     0.542220    4.741820    7.094650
163    opls_140     1.501170    5.826510    8.932530
164    opls_140     0.907840    4.559990   10.092460
165    opls_140    -0.157070    5.931100    9.591780
166    opls_144    14.671670    2.499060    8.211900
167    opls_144    16.282640    4.099140   10.245060
168    opls_146    14.924270    6.286280    0.208440
169    opls_526    10.831690    3.511140   10.098930
170    opls_526    12.732730    7.312420    0.608650
171    opls_146    12.985060    2.512190    9.677230
172    opls_525     9.595170   13.565630    1.358080
173    opls_525     2.306430    0.365220    7.962740
174    opls_520     6.333450    5.069190    3.550210
175    opls_239     6.270920   14.104040    1.380290
176    opls_520     7.731150    3.193970    3.517090
177    opls_520     8.638100    5.313600    3.875460
178    opls_520    10.282430    2.950330    6.977840
179    opls_239    -6.430320   13.827960    4.807920
180    opls_520    11.207570    5.098390    6.944730
181    opls_520     8.918440    4.824010    7.303090
182    opls_520    10.142920    7.429670    0.122570
183    opls_239     0.159390    2.966400    8.235650
184    opls_520     7.820080    7.156840    0.089460
185    opls_520     9.202260    5.311590    0.447820
186    opls_402     9.882560    0.499630    0.085760
187    opls_402    12.465230    8.308730    3.513390
188    opls_402     4.411010    6.640840    6.941130
