0      opls_700    -0.758530   26.568390    0.024010
1      opls_523    -0.796290   25.156620    0.039280
2      opls_700     0.198890   24.386770    3.175210
3      opls_523     1.284860   25.051560    2.577850
4      opls_522     1.379370   26.441740    2.627280
5      opls_521     0.372470   27.199020    3.223430
6      opls_700     0.098230   22.895080    3.145650
7      opls_145     1.253980   22.096550    3.139320
8      opls_521    -0.447260   29.358090    0.024430
9      opls_700     8.208530   17.010830    0.016590
10     opls_523     9.530780   17.491300    3.766040
11     opls_523    10.609320   16.602220    3.768830
12     opls_700     6.003460   20.070900    0.585820
13     opls_522     7.117710   19.211460    0.591440
14     opls_470     6.194530   21.439490    1.151960
15     opls_700    -4.024630   18.283710    0.024010
16     opls_523    -2.783120   18.956890    0.039280
17     opls_700    -2.614000   20.203660    3.175210
18     opls_523    -3.732720   20.811750    2.577850
19     opls_522    -4.983910   20.198510    2.627280
20     opls_521    -5.136280   18.947860    3.223430
21     opls_700    -1.271840   20.862340    3.145650
22     opls_145    -1.158160   22.262510    3.139320
23     opls_521    -6.596220   17.158420    0.024430
24     opls_700    -0.231070   30.828180    0.016590
25     opls_523    -1.308300   31.733050    3.766040
26     opls_523    17.527400    0.886830    3.768830
27     opls_700    -1.778640   27.388510    0.585820
28     opls_522    -1.591470   28.783200    0.591440
29     opls_470    -3.059410   26.869690    1.151960
30     opls_700     4.783160   19.597520    0.024010
31     opls_523     3.579420   20.336110    0.039280
32     opls_700     2.415120   19.859180    3.175210
33     opls_523     2.447860   18.586300    2.577850
34     opls_522     3.604530   17.809360    2.627280
35     opls_521     4.763810   18.302720    3.223430
36     opls_700     1.173600   20.692190    3.145650
37     opls_145    -0.095820   20.090550    3.139320
38     opls_521     7.043480   17.933100    0.024430
39     opls_700    -7.977450   16.610600    0.016590
40     opls_523    -8.222480   15.225250    3.766040
41     opls_523    27.678290   14.735760    3.768830
42     opls_700    -4.224820   16.990210    0.585820
43     opls_522    -5.526240   16.454950    0.591440
44     opls_470    -3.135130   16.140440    1.151960
45     opls_700    19.363530    5.656420    0.024010
46     opls_523    19.401290    7.068190    0.039280
47     opls_700    18.406110    7.838040    3.175210
48     opls_523    17.320140    7.173240    2.577850
49     opls_522    17.225630    5.783060    2.627280
50     opls_521    18.232530    5.025780    3.223430
51     opls_700    18.506770    9.329730    3.145650
52     opls_145    17.351020   10.128260    3.139320
53     opls_521    19.052260    2.866720    0.024430
54     opls_700    10.396470   15.213980    0.016590
55     opls_523     9.074220   14.733500    3.766040
56     opls_523     7.995680   15.622590    3.768830
57     opls_700    12.601540   12.153910    0.585820
58     opls_522    11.487290   13.013340    0.591440
59     opls_470    12.410470   10.785320    1.151960
60     opls_700    22.629630   13.941100    0.024010
61     opls_523    21.388120   13.267920    0.039280
62     opls_700    21.219000   12.021140    3.175210
63     opls_523    22.337720   11.413060    2.577850
64     opls_522    23.588910   12.026300    2.627280
65     opls_521    23.741280   13.276940    3.223430
66     opls_700    19.876840   11.362470    3.145650
67     opls_145    19.763160    9.962300    3.139320
68     opls_521    25.201220   15.066390    0.024430
69     opls_700    18.836070    1.396620    0.016590
70     opls_523    19.913300    0.491750    3.766040
71     opls_523     1.077600   31.337980    3.768830
72     opls_700    20.383640    4.836300    0.585820
73     opls_522    20.196470    3.441610    0.591440
74     opls_470    21.664410    5.355120    1.151960
75     opls_700    13.821840   12.627290    0.024010
76     opls_523    15.025580   11.888700    0.039280
77     opls_700    16.189880   12.365620    3.175210
78     opls_523    16.157140   13.638500    2.577850
79     opls_522    15.000470   14.415440    2.627280
80     opls_521    13.841190   13.922080    3.223430
81     opls_700    17.431400   11.532610    3.145650
82     opls_145    18.700820   12.134250    3.139320
83     opls_521    11.561520   14.291700    0.024430
84     opls_700    26.582450   15.614210    0.016590
85     opls_523    26.827480   16.999550    3.766040
86     opls_523    -9.073290   17.489050    3.768830
87     opls_700    22.829820   15.234600    0.585820
88     opls_522    24.131240   15.769850    0.591440
89     opls_470    21.740130   16.084370    1.151960
90     opls_520     5.871370   17.522560    3.246760
91     opls_520     0.494330   28.548280    3.246760
92     opls_520    -6.365700   18.378770    3.246760
93     opls_520    12.733630   14.702250    3.246760
94     opls_520    18.110670    3.676530    3.246760
95     opls_520    24.970700   13.846030    3.246760
96     opls_269     5.457220   22.363370    0.859480
97     opls_268     7.258180   21.687940    2.009220
98     opls_269    -3.490860   25.769210    0.859480
99     opls_268    -3.806400   27.666610    2.009220
100    opls_269    -1.966360   16.317030    0.859480
101    opls_268    -3.451790   15.095070    2.009220
102    opls_269    13.147780    9.861430    0.859480
103    opls_268    11.346820   10.536870    2.009220
104    opls_269    22.095860    6.455600    0.859480
105    opls_268    22.411400    4.558200    2.009220
106    opls_269    20.571360   15.907780    0.859480
107    opls_268    22.056790   17.129740    2.009220
108    opls_526    -1.557800   24.638120    0.594080
109    opls_526     2.054360   24.505680    2.046700
110    opls_525     2.224230   26.942190    2.171070
111    opls_146     2.223670   22.571540    3.136750
112    opls_526     9.738420   18.552140    3.724310
113    opls_526    11.617520   16.998260    3.762460
114    opls_525     8.038660   19.543380    1.051570
115    opls_270     7.231950   22.651780    2.321080
116    opls_526    -1.953340   18.556650    0.594080
117    opls_526    -3.644720   21.751100    2.046700
118    opls_525    -5.839740   20.679950    2.171070
119    opls_146    -2.054360   22.864790    3.136750
120    opls_526    -2.330830   31.382450    3.724310
121    opls_526    16.680310    1.561940    3.762460
122    opls_525    -2.339390   29.414800    1.051570
123    opls_270    -4.627990   27.161970    2.321080
124    opls_526     3.511140   21.254840    0.594080
125    opls_526     1.590360   18.192840    2.046700
126    opls_525     3.615510   16.827470    2.171070
127    opls_146    -0.169310   19.013280    3.136750
128    opls_526    -7.407580   14.515020    3.724310
129    opls_526    27.517170   13.664610    3.762460
130    opls_525    -5.699270   15.491430    1.051570
131    opls_270    -2.603960   14.635860    2.321080
132    opls_526    20.162800    7.586690    0.594080
133    opls_526    16.550640    7.719130    2.046700
134    opls_525    16.380770    5.282610    2.171070
135    opls_146    16.381330    9.653260    3.136750
136    opls_526     8.866580   13.672660    3.724310
137    opls_526     6.987480   15.226540    3.762460
138    opls_525    10.566340   12.681430    1.051570
139    opls_270    11.373050    9.573020    2.321080
140    opls_526    20.558340   13.668150    0.594080
141    opls_526    22.249720   10.473710    2.046700
142    opls_525    24.444740   11.544860    2.171070
143    opls_146    20.659360    9.360020    3.136750
144    opls_526    20.935830    0.842360    3.724310
145    opls_526     1.924690   30.662870    3.762460
146    opls_525    20.944390    2.810000    1.051570
147    opls_270    23.232990    5.062840    2.321080
148    opls_526    15.093860   10.969970    0.594080
149    opls_526    17.014640   14.031970    2.046700
150    opls_525    14.989490   15.397330    2.171070
151    opls_146    18.774310   13.211530    3.136750
152    opls_526    26.012580   17.709790    3.724310
153    opls_526    -8.912170   18.560200    3.762460
154    opls_525    24.304270   16.733370    1.051570
155    opls_270    21.208960   17.588940    2.321080
