0      opls_238    -3.096960   11.182540    3.504730
1      opls_238     3.409620   11.724070    3.504730
2      opls_238    -0.312650   17.088170    3.504730
3      opls_238    14.642460    8.814850    3.504730
4      opls_238     8.135880    8.273320    3.504730
5      opls_238    11.858150    2.909220    3.504730
6      opls_916    -4.446860   10.589820    3.587310
7      opls_145    -5.621390   11.420310    3.598670
8      opls_700    16.152270   10.848390    3.627480
9      opls_142    14.288480    7.462230    0.146820
10     opls_700    12.992840    7.109070    0.466340
11     opls_280    11.877320    8.123740    0.639790
12     opls_148    14.937910   11.800660    3.717560
13     opls_916     4.597880   10.851390    3.587310
14     opls_145     4.465910    9.418970    3.598670
15     opls_700     5.619890    8.564080    3.627480
16     opls_142     9.484280    8.643070    0.146820
17     opls_700    10.437940    7.697600    0.466340
18     opls_280    10.116980    6.224190    0.639790
19     opls_148     5.402370    7.036280    3.717560
20     opls_916    -0.151020   18.553580    3.587310
21     opls_145     1.155470   19.155500    3.598670
22     opls_700    12.864340    0.584920    3.627480
23     opls_142    10.863740    3.892090    0.146820
24     opls_700    11.205720    5.190720    0.466340
25     opls_280    12.642210    5.649460    0.639790
26     opls_148    14.296220    1.160450    3.717560
27     opls_916    15.992360    9.407570    3.587310
28     opls_145    17.166890    8.577080    3.598670
29     opls_700    -4.606770    9.149010    3.627480
30     opls_142    -2.742980   12.535170    0.146820
31     opls_700    -1.447340   12.888320    0.466340
32     opls_280    -0.331820   11.873650    0.639790
33     opls_148    -3.392410    8.196730    3.717560
34     opls_916     6.947620    9.146010    3.587310
35     opls_145     7.079590   10.578420    3.598670
36     opls_700     5.925610   11.433310    3.627480
37     opls_142     2.061220   11.354320    0.146820
38     opls_700     1.107560   12.299800    0.466340
39     opls_280     1.428520   13.773200    0.639790
40     opls_148     6.143130   12.961110    3.717560
41     opls_916    11.696520    1.443810    3.587310
42     opls_145    10.390030    0.841890    3.598670
43     opls_700    -1.318840   19.412470    3.627480
44     opls_142     0.681760   16.105300    0.146820
45     opls_700     0.339780   14.806670    0.466340
46     opls_280    -1.096710   14.347930    0.639790
47     opls_148    -2.750720   18.836940    3.717560
48     opls_146    -5.528680   12.519970    3.558030
49     opls_144    15.057290    6.661730    0.143720
50     opls_910    -2.319140   10.585620    3.068660
51     opls_702    14.120260   11.349920    4.365080
52     opls_702    14.502880   11.979040    2.695040
53     opls_702    15.228750   12.805130    4.163690
54     opls_146     3.467230    8.949430    3.558030
55     opls_144     9.793120    9.709130    0.143720
56     opls_910     3.537660   12.696140    3.068660
57     opls_702     6.201550    6.553550    4.365080
58     opls_702     5.465410    6.570340    2.695040
59     opls_702     4.387060    6.785920    4.163690
60     opls_146     2.061450   18.525380    3.558030
61     opls_144     9.786080    3.626530    0.143720
62     opls_910    -1.218510   16.713020    3.068660
63     opls_702    14.314690    2.093930    4.365080
64     opls_702    14.668210    1.448010    2.695040
65     opls_702    15.020700    0.406350    4.163690
66     opls_146    17.074180    7.477430    3.558030
67     opls_144    -3.511790   13.335660    0.143720
68     opls_910    13.864640    9.411770    3.068660
69     opls_702    -2.574760    8.647470    4.365080
70     opls_702    -2.957380    8.018350    2.695040
71     opls_702    -3.683250    7.192260    4.163690
72     opls_146     8.078270   11.047960    3.558030
73     opls_144     1.752380   10.288260    0.143720
74     opls_910     8.007840    7.301250    3.068660
75     opls_702     5.343950   13.443850    4.365080
76     opls_702     6.080090   13.427050    2.695040
77     opls_702     7.158440   13.211480    4.163690
78     opls_146     9.484050    1.472010    3.558030
79     opls_144     1.759420   16.370870    0.143720
80     opls_910    12.764010    3.284370    3.068660
81     opls_702    -2.769190   17.903470    4.365080
82     opls_702    -3.122710   18.549380    2.695040
83     opls_702    -3.475200   19.591050    4.163690
84     opls_281    12.135010    9.298790    0.982070
85     opls_281     8.970510    5.859840    0.982070
86     opls_281    13.530980    4.838770    0.982070
87     opls_281    -0.589510   10.698610    0.982070
88     opls_281     2.574990   14.137560    0.982070
89     opls_281    -1.985480   15.158620    0.982070
