0      opls_145   -11.131490   20.610540    1.705000
1      opls_145    11.131490   20.610540    1.705000
2      opls_145     0.000000   39.890850    1.705000
3      opls_145    34.546490   19.945430    1.705000
4      opls_145    12.283510   19.945430    1.705000
5      opls_145    23.415000    0.665120    1.705000
6      opls_145   -11.049540   22.058390    1.705000
7      opls_145    -9.803860   22.780290    1.705000
8      opls_700    -5.045930   25.805760    1.705000
9      opls_145    -5.764770   27.050830    1.705000
10     opls_145    -5.043590   28.291840    1.705000
11     opls_700    -3.608250   28.287790    1.705000
12     opls_145    -2.875360   27.018390    1.705000
13     opls_700    -3.608250   25.805760    1.705000
14     opls_166     4.971240   23.270610    1.705000
15     opls_145     9.836640   19.957590    1.705000
16     opls_145     8.588620   20.675430    1.705000
17     opls_700     3.589520   23.283180    1.705000
18     opls_145     2.870680   22.038110    1.705000
19     opls_145     1.435340   22.042170    1.705000
20     opls_700     0.721180   23.287240    1.705000
21     opls_145     1.454070   24.556640    1.705000
22     opls_700     2.870680   24.528250    1.705000
23     opls_166     0.776440   33.225880    1.705000
24     opls_145     1.212900   39.095950    1.705000
25     opls_145     1.215240   37.656220    1.705000
26     opls_700     1.456410   32.022990    1.705000
27     opls_145     2.894090   32.022990    1.705000
28     opls_145     3.608250   30.777930    1.705000
29     opls_700     2.887070   29.536910    1.705000
30     opls_145     1.421290   29.536910    1.705000
31     opls_700     0.737570   30.777930    1.705000
32     opls_166    -5.747680   24.615450    1.705000
33     opls_145    34.464540   18.497580    1.705000
34     opls_145    33.218860   17.775680    1.705000
35     opls_700    28.460930   14.750210    1.705000
36     opls_145    29.179770   13.505140    1.705000
37     opls_145    28.458590   12.264130    1.705000
38     opls_700    27.023250   12.268180    1.705000
39     opls_145    26.290360   13.537580    1.705000
40     opls_700    27.023250   14.750210    1.705000
41     opls_166    18.443760   17.285360    1.705000
42     opls_145    13.578360   20.598380    1.705000
43     opls_145    14.826380   19.880540    1.705000
44     opls_700    19.825480   17.272790    1.705000
45     opls_145    20.544320   18.517860    1.705000
46     opls_145    21.979660   18.513800    1.705000
47     opls_700    22.693820   17.268730    1.705000
48     opls_145    21.960930   15.999330    1.705000
49     opls_700    20.544320   16.027720    1.705000
50     opls_166    22.638560    7.330090    1.705000
51     opls_145    22.202100    1.460010    1.705000
52     opls_145    22.199760    2.899750    1.705000
53     opls_700    21.958590    8.532980    1.705000
54     opls_145    20.520910    8.532980    1.705000
55     opls_145    19.806750    9.778040    1.705000
56     opls_700    20.527930   11.019060    1.705000
57     opls_145    21.993710   11.019060    1.705000
58     opls_700    22.677430    9.778040    1.705000
59     opls_166    29.162680   15.940520    1.705000
60     opls_145    24.627900    1.460010    1.705000
61     opls_145    24.630240    2.899750    1.705000
62     opls_700    24.871410    8.532980    1.705000
63     opls_145    26.309090    8.532980    1.705000
64     opls_145    27.023250    9.778040    1.705000
65     opls_700    26.302070   11.019060    1.705000
66     opls_145    24.836290   11.019060    1.705000
67     opls_700    24.152570    9.778040    1.705000
68     opls_166    17.667320   15.940520    1.705000
69     opls_145    12.365460   18.497580    1.705000
70     opls_145    13.611140   17.775680    1.705000
71     opls_700    18.369070   14.750210    1.705000
72     opls_145    17.650230   13.505140    1.705000
73     opls_145    18.371410   12.264130    1.705000
74     opls_700    19.806750   12.268180    1.705000
75     opls_145    20.539640   13.537580    1.705000
76     opls_700    19.806750   14.750210    1.705000
77     opls_166    28.386240   17.285360    1.705000
78     opls_145    33.251640   20.598380    1.705000
79     opls_145    32.003620   19.880540    1.705000
80     opls_700    27.004520   17.272790    1.705000
81     opls_145    26.285680   18.517860    1.705000
82     opls_145    24.850340   18.513800    1.705000
83     opls_700    24.136180   17.268730    1.705000
84     opls_145    24.869070   15.999330    1.705000
85     opls_700    26.285680   16.027720    1.705000
86     opls_166    24.191440    7.330090    1.705000
87     opls_145    -1.212900   39.095950    1.705000
88     opls_145    -1.215240   37.656220    1.705000
89     opls_700    -1.456410   32.022990    1.705000
90     opls_145    -2.894090   32.022990    1.705000
91     opls_145    -3.608250   30.777930    1.705000
92     opls_700    -2.887070   29.536910    1.705000
93     opls_145    -1.421290   29.536910    1.705000
94     opls_700    -0.737570   30.777930    1.705000
95     opls_166     5.747680   24.615450    1.705000
96     opls_145    11.049540   22.058390    1.705000
97     opls_145     9.803860   22.780290    1.705000
98     opls_700     5.045930   25.805760    1.705000
99     opls_145     5.764770   27.050830    1.705000
100    opls_145     5.043590   28.291840    1.705000
101    opls_700     3.608250   28.287790    1.705000
102    opls_145     2.875360   27.018390    1.705000
103    opls_700     3.608250   25.805760    1.705000
104    opls_166    -4.971240   23.270610    1.705000
105    opls_145    -9.836640   19.957590    1.705000
106    opls_145    -8.588620   20.675430    1.705000
107    opls_700    -3.589520   23.283180    1.705000
108    opls_145    -2.870680   22.038110    1.705000
109    opls_145    -1.435340   22.042170    1.705000
110    opls_700    -0.721180   23.287240    1.705000
111    opls_145    -1.454070   24.556640    1.705000
112    opls_700    -2.870680   24.528250    1.705000
113    opls_166    -0.776440   33.225880    1.705000
114    opls_145    14.840430   18.469190    1.705000
115    opls_145    23.415000    3.617590    1.705000
116    opls_145    31.989570   18.469190    1.705000
117    opls_145     8.574570   22.086780    1.705000
118    opls_145     0.000000   36.938380    1.705000
119    opls_145    -8.574570   22.086780    1.705000
120    opls_167     6.003140   22.134640    1.705000
121    opls_167     1.244270   34.687520    1.705000
122    opls_167    -7.247410   24.289780    1.705000
123    opls_167    17.411860   18.421330    1.705000
124    opls_167    22.170730    5.868450    1.705000
125    opls_167    30.662410   16.266190    1.705000
126    opls_167    16.167590   16.266190    1.705000
127    opls_167    29.418140   18.421330    1.705000
128    opls_167    24.659270    5.868450    1.705000
129    opls_167     7.247410   24.289780    1.705000
130    opls_167    -6.003140   22.134640    1.705000
131    opls_167    -1.244270   34.687520    1.705000
132    opls_146   -11.919640   22.688630    1.705000
133    opls_146    -9.832900   23.867190    1.705000
134    opls_146    -6.849360   27.053270    1.705000
135    opls_146    -5.670180   29.159740    1.705000
136    opls_146    -1.864770   27.033800    1.705000
137    opls_146     9.725890   18.888940    1.705000
138    opls_146     7.661860   20.106840    1.705000
139    opls_146     3.410860   21.097620    1.705000
140    opls_146     0.997010   21.065580    1.705000
141    opls_146     0.935430   25.424130    1.705000
142    opls_146     2.193750   39.534360    1.705000
143    opls_146     2.171040   37.137910    1.705000
144    opls_146     3.438490   32.961050    1.705000
145    opls_146     4.673170   30.886620    1.705000
146    opls_146     0.929340   28.654010    1.705000
147    opls_146    35.334640   17.867340    1.705000
148    opls_146    33.247900   16.688780    1.705000
149    opls_146    30.264360   13.502700    1.705000
150    opls_146    29.085180   11.396230    1.705000
151    opls_146    25.279770   13.522170    1.705000
152    opls_146    13.689110   21.667030    1.705000
153    opls_146    15.753140   20.449130    1.705000
154    opls_146    20.004140   19.458350    1.705000
155    opls_146    22.417990   19.490390    1.705000
156    opls_146    22.479570   15.131840    1.705000
157    opls_146    21.221250    1.021600    1.705000
158    opls_146    21.243960    3.418060    1.705000
159    opls_146    19.976510    7.594920    1.705000
160    opls_146    18.741830    9.669350    1.705000
161    opls_146    22.485660   11.901960    1.705000
162    opls_146    25.608750    1.021600    1.705000
163    opls_146    25.586040    3.418060    1.705000
164    opls_146    26.853490    7.594920    1.705000
165    opls_146    28.088170    9.669350    1.705000
166    opls_146    24.344340   11.901960    1.705000
167    opls_146    11.495360   17.867340    1.705000
168    opls_146    13.582100   16.688780    1.705000
169    opls_146    16.565640   13.502700    1.705000
170    opls_146    17.744820   11.396230    1.705000
171    opls_146    21.550230   13.522170    1.705000
172    opls_146    33.140890   21.667030    1.705000
173    opls_146    31.076860   20.449130    1.705000
174    opls_146    26.825860   19.458350    1.705000
175    opls_146    24.412010   19.490390    1.705000
176    opls_146    24.350430   15.131840    1.705000
177    opls_146    -2.193750   39.534360    1.705000
178    opls_146    -2.171040   37.137910    1.705000
179    opls_146    -3.438490   32.961050    1.705000
180    opls_146    -4.673170   30.886620    1.705000
181    opls_146    -0.929340   28.654010    1.705000
182    opls_146    11.919640   22.688630    1.705000
183    opls_146     9.832900   23.867190    1.705000
184    opls_146     6.849360   27.053270    1.705000
185    opls_146     5.670180   29.159740    1.705000
186    opls_146     1.864770   27.033800    1.705000
187    opls_146    -9.725890   18.888940    1.705000
188    opls_146    -7.661860   20.106840    1.705000
189    opls_146    -3.410860   21.097620    1.705000
190    opls_146    -0.997010   21.065580    1.705000
191    opls_146    -0.935430   25.424130    1.705000
192    MOF2_B_2     7.403590   22.762850    1.705000
193    MOF2_B_2     0.000000   35.586240    1.705000
194    MOF2_B_2    -7.403590   22.762850    1.705000
195    MOF2_B_2    16.011410   17.793120    1.705000
196    MOF2_B_2    23.415000    4.969730    1.705000
197    MOF2_B_2    30.818590   17.793120    1.705000
