0      opls_145     9.538450    2.813800    0.108290
1      opls_145     9.736560    1.936230    1.039230
2      opls_145    10.740050    1.201800    0.982960
3      opls_145    11.565720    1.323230    0.004150
4      opls_145    11.367610    2.190570    4.123400
5      opls_145    10.359810    2.921460    4.167130
6      opls_145     8.500970    3.636070    0.195700
7      opls_145     8.611320    4.846220    4.894980
8      opls_145     7.639790    5.622590    4.971470
9      opls_145     6.534840    5.204260    0.350450
10     opls_145     6.430840    4.011640    0.741050
11     opls_145     7.399320    3.228380    0.655310
12     opls_142    20.029410    6.903260    0.289580
13     opls_145    24.279000   11.068670    0.012130
14     opls_145    23.168980    9.075890    0.015070
15     opls_145    22.973410   12.709880    0.868300
16     opls_145    21.947090   13.418020    0.796610
17     opls_145    21.106710   13.217520    4.891290
18     opls_145    21.300510   12.290920    4.020160
19     opls_145    22.321500   11.587570    4.096550
20     opls_145    15.827750   18.050800    0.108290
21     opls_145    15.629640   18.928370    1.039230
22     opls_145    14.626150   19.662800    0.982960
23     opls_145    13.800480   19.541370    0.004150
24     opls_145    13.998590   18.674030    4.123400
25     opls_145    15.006390   17.943140    4.167130
26     opls_145    16.865230   17.228530    0.195700
27     opls_145    16.754880   16.018380    4.894980
28     opls_145    17.726410   15.242010    4.971470
29     opls_145    18.831360   15.660340    0.350450
30     opls_145    18.935360   16.852960    0.741050
31     opls_145    17.966880   17.636220    0.655310
32     opls_142     5.336790   13.961340    0.289580
33     opls_145     1.087200    9.795930    0.012130
34     opls_145     2.197220   11.788710    0.015070
35     opls_145     2.392790    8.154720    0.868300
36     opls_145     3.419110    7.446580    0.796610
37     opls_145     4.259490    7.647080    4.891290
38     opls_145     4.065690    8.573680    4.020160
39     opls_145     3.044700    9.277030    4.096550
40     opls_145    15.827750    2.813800    4.947310
41     opls_145    15.629640    1.936230    4.016370
42     opls_145    14.626150    1.201800    4.072640
43     opls_145    13.800480    1.323230    5.051450
44     opls_145    13.998590    2.190570    0.932200
45     opls_145    15.006390    2.921460    0.888470
46     opls_145    16.865230    3.636070    4.859900
47     opls_145    16.754880    4.846220    0.160620
48     opls_145    17.726410    5.622590    0.084130
49     opls_145    18.831360    5.204260    4.705150
50     opls_145    18.935360    4.011640    4.314550
51     opls_145    17.966880    3.228380    4.400290
52     opls_142     5.336790    6.903260    4.766020
53     opls_145     1.087200   11.068670    5.043470
54     opls_145     2.197220    9.075890    5.040530
55     opls_145     2.392790   12.709880    4.187300
56     opls_145     3.419110   13.418020    4.258990
57     opls_145     4.259490   13.217520    0.164310
58     opls_145     4.065690   12.290920    1.035440
59     opls_145     3.044700   11.587570    0.959050
60     opls_145     9.538450   18.050800    4.947310
61     opls_145     9.736560   18.928370    4.016370
62     opls_145    10.740050   19.662800    4.072640
63     opls_145    11.565720   19.541370    5.051450
64     opls_145    11.367610   18.674030    0.932200
65     opls_145    10.359810   17.943140    0.888470
66     opls_145     8.500970   17.228530    4.859900
67     opls_145     8.611320   16.018380    0.160620
68     opls_145     7.639790   15.242010    0.084130
69     opls_145     6.534840   15.660340    4.705150
70     opls_145     6.430840   16.852960    4.314550
71     opls_145     7.399320   17.636220    4.400290
72     opls_142    20.029410   13.961340    4.766020
73     opls_145    24.279000    9.795930    5.043470
74     opls_145    23.168980   11.788710    5.040530
75     opls_145    22.973410    8.154720    4.187300
76     opls_145    21.947090    7.446580    4.258990
77     opls_145    21.106710    7.647080    0.164310
78     opls_145    21.300510    8.573680    1.035440
79     opls_145    22.321500    9.277030    0.959050
80     opls_141    12.683100    0.612580    0.000000
81     opls_141    12.683100   20.252020    0.000000
82     opls_145     0.000000   11.683130    0.000000
83     opls_145     0.000000    9.181470    0.000000
84     opls_750    19.855900    5.969360    4.632090
85     opls_750     5.510300   14.895240    4.632090
86     opls_750     5.510300    5.969360    0.423510
87     opls_750    19.855900   14.895240    0.423510
88     opls_146     9.137410    1.841930    1.833620
89     opls_146    10.893510    0.558550    1.717490
90     opls_146    11.997450    2.303870    3.361620
91     opls_146    10.223590    3.570980    3.419810
92     opls_146     9.455250    5.199880    4.577190
93     opls_146     7.762060    6.552110    4.713640
94     opls_146     5.586140    3.688030    1.089680
95     opls_146     7.280350    2.300950    0.930430
96     opls_144    19.406660    7.125260    1.034830
97     opls_146    23.613650   12.876800    1.612840
98     opls_146    21.809100   14.124500    1.484880
99     opls_146    20.667370   12.118990    3.270160
100    opls_146    22.460500   10.887770    3.415870
101    opls_146    16.228790   19.022670    1.833620
102    opls_146    14.472690   20.306050    1.717490
103    opls_146    13.368750   18.560730    3.361620
104    opls_146    15.142610   17.293620    3.419810
105    opls_146    15.910950   15.664720    4.577190
106    opls_146    17.604140   14.312490    4.713640
107    opls_146    19.780060   17.176570    1.089680
108    opls_146    18.085850   18.563650    0.930430
109    opls_144     5.959540   13.739340    1.034830
110    opls_146     1.752550    7.987800    1.612840
111    opls_146     3.557100    6.740100    1.484880
112    opls_146     4.698830    8.745610    3.270160
113    opls_146     2.905700    9.976830    3.415870
114    opls_146    16.228790    1.841930    3.221980
115    opls_146    14.472690    0.558550    3.338110
116    opls_146    13.368750    2.303870    1.693980
117    opls_146    15.142610    3.570980    1.635790
118    opls_146    15.910950    5.199880    0.478410
119    opls_146    17.604140    6.552110    0.341960
120    opls_146    19.780060    3.688030    3.965920
121    opls_146    18.085850    2.300950    4.125170
122    opls_144     5.959540    7.125260    4.020770
123    opls_146     1.752550   12.876800    3.442760
124    opls_146     3.557100   14.124500    3.570720
125    opls_146     4.698830   12.118990    1.785440
126    opls_146     2.905700   10.887770    1.639730
127    opls_146     9.137410   19.022670    3.221980
128    opls_146    10.893510   20.306050    3.338110
129    opls_146    11.997450   18.560730    1.693980
130    opls_146    10.223590   17.293620    1.635790
131    opls_146     9.455250   15.664720    0.478410
132    opls_146     7.762060   14.312490    0.341960
133    opls_146     5.586140   17.176570    3.965920
134    opls_146     7.280350   18.563650    4.125170
135    opls_144    19.406660   13.739340    4.020770
136    opls_146    23.613650    7.987800    3.442760
137    opls_146    21.809100    6.740100    3.570720
138    opls_146    20.667370    8.745610    1.785440
139    opls_146    22.460500    9.976830    1.639730
140    opls_146     0.000000   12.655630    0.000000
141    opls_146     0.000000    8.208970    0.000000
