0      opls_145     1.942660    3.158200    2.022610
1      opls_145    11.975230    2.408000   14.092790
2      opls_145    -4.836250    3.658560   25.391160
3      opls_145    10.983570    4.898520   13.285540
4      opls_145    12.368450    4.629860   13.213630
5      opls_166    -0.141900    3.793840    0.964950
6      opls_145    10.588370    2.682340   14.161880
7      opls_166     2.586850    3.009840    0.763840
8      opls_142     8.668790    4.230370   13.807950
9      opls_142    -3.001370    2.957350   23.936940
10     opls_261    14.282530    3.076500   13.562930
11     opls_142     0.056990    3.841130    3.462970
12     opls_700    12.896630    3.376940   13.611220
13     opls_700     0.595980    3.577260    2.169010
14     opls_700    10.058680    3.934040   13.765320
15     opls_700    -3.491380    3.230400   25.244770
16     opls_543     0.170170    3.472680   11.012510
17     opls_543    21.465810    3.576180   14.620080
18     opls_543    -2.987890    3.577730   16.431060
19     opls_543     1.519490    3.506620   12.824520
20     opls_716     1.491680    3.477340   10.568690
21     opls_716    20.675050    3.640750   15.772010
22     opls_716    21.496700    3.631240   16.877190
23     opls_716     2.312510    3.489010   11.672850
24     opls_507    23.518090    3.462220   10.687350
25     opls_507    21.761630    3.508840   12.114350
26     opls_507    -0.531150    3.542650   16.756730
27     opls_507     1.224330    3.527470   15.330760
28     opls_716    22.347810    3.411960    9.933790
29     opls_716    21.274500    3.441850   10.806270
30     opls_716     0.638600    3.549800   17.512870
31     opls_716     1.711910    3.541370   16.640380
32     opls_700    -0.965940    3.446100   10.151590
33     opls_700    20.951380    3.551890   13.288110
34     opls_700    -1.851040    3.566130   17.289670
35     opls_700     2.033600    3.522540   14.156740
36     opls_700    -0.746210    3.383010    8.732550
37     opls_700    19.529810    3.582590   13.149160
38     opls_700    -2.066640    3.601750   18.708710
39     opls_700     3.454840    3.524900   14.292350
40     opls_145    -0.323460    2.177590    8.114850
41     opls_145    -0.858330    4.520220    7.888570
42     opls_145    18.854170    4.789560   12.851480
43     opls_145    18.739850    2.431750   13.390590
44     opls_145    -2.111460    2.421700   19.499520
45     opls_145    -2.318600    4.824910   19.383690
46     opls_145     4.206190    4.710220   14.103830
47     opls_145     4.172490    2.327850   14.528130
48     opls_145     0.024200    2.125710    6.740760
49     opls_145    -0.527020    4.460040    6.506260
50     opls_145    17.440640    4.853050   12.850200
51     opls_145    17.326840    2.502390   13.395470
52     opls_145    -2.428040    2.462320   20.885430
53     opls_145    -2.650820    4.857570   20.762910
54     opls_145     5.619930    4.683970   14.083030
55     opls_145     5.586570    2.308620   14.516830
56     opls_145    -0.057250    3.264200    5.903200
57     opls_145    16.646720    3.723530   13.150440
58     opls_145    -2.724360    3.682240   21.550380
59     opls_145     6.341420    3.477130   14.263070
60     opls_465    23.228490    3.751740    1.560040
61     opls_465     5.049960    2.612980    0.186980
62     opls_145    15.417090    2.373260    4.959570
63     opls_145    14.081760    2.674920    4.637750
64     opls_145    13.781910    3.446370    3.503810
65     opls_145    14.820960    3.900780    2.660860
66     opls_145    16.171670    3.592170    2.952110
67     opls_145    16.446090    2.827940    4.114060
68     opls_145    19.316240    5.021320    0.395530
69     opls_145    19.473180    4.249870    1.567750
70     opls_145    15.102940    5.387950   25.312060
71     opls_145    21.728400    4.980910    0.024140
72     opls_700    21.929170    4.199940    1.195330
73     opls_145    20.775680    3.860030    1.959430
74     opls_145     8.436310    2.893860   23.731720
75     opls_145     9.558490    2.335610   24.387690
76     opls_145     9.390420    1.608480   25.580450
77     opls_145    13.441630    1.460590    0.436880
78     opls_145     6.973050    2.043260   25.513680
79     opls_145     7.152000    2.747920   24.298310
80     opls_145     8.809980    2.057230    2.143840
81     opls_145     8.784220    2.202630    0.737640
82     opls_145     7.617530    2.060600    2.885590
83     opls_145     6.384120    2.225160    2.230910
84     opls_700     6.307800    2.397210    0.822140
85     opls_145     7.533500    2.371170    0.095540
86     opls_750    15.292300    3.912250   13.198730
87     opls_750     0.346010    3.131220    4.595630
88     opls_750     7.703140    3.351840   14.197070
89     opls_750    -3.091480    3.809290   22.871570
90     opls_542     0.234510    3.494740   12.375820
91     opls_542    -3.053060    3.545280   15.068010
92     opls_542    23.117290    3.516740   11.990560
93     opls_542    -0.131010    3.525980   15.453010
94     opls_750    17.148770    4.039770    2.125350
95     opls_750    18.425740    3.845390    2.325680
96     opls_750    11.110650    1.928830    0.451010
97     opls_750     9.924250    2.240140    0.002310
98     opls_547     1.817940    3.470180    9.600660
99     opls_547    19.655620    3.688380   15.812590
100    opls_547    21.177850    3.663280   17.848040
101    opls_547     3.332470    3.481990   11.629700
102    opls_547    22.284310    3.358660    8.915420
103    opls_547    20.292090    3.413370   10.527090
104    opls_547     0.702410    3.563770   18.532260
105    opls_547     2.693740    3.546700   16.922390
106    opls_146    -0.245440    1.323900    8.675790
107    opls_146    -1.167130    5.413320    8.285650
108    opls_146    19.391720    5.638740   12.655000
109    opls_146    19.191790    1.534540   13.592470
110    opls_146    -1.925000    1.514840   19.060320
111    opls_146    -2.279550    5.707080   18.864100
112    opls_146     3.721850    5.599540   13.953580
113    opls_146     3.664030    1.455530   14.690200
114    opls_146     0.343320    1.235780    6.343680
115    opls_146    -0.612280    5.305500    5.939160
116    opls_146    16.983560    5.745070   12.644470
117    opls_146    16.793970    1.654570   13.594260
118    opls_146    -2.453040    1.587230   21.411950
119    opls_146    -2.844410    5.761130   21.202880
120    opls_146     6.119020    5.558110   13.926360
121    opls_146     6.072420    1.424560   14.682240
122    opls_146     2.495160    2.986630    2.864530
123    opls_146    12.299530    1.486700   14.412300
124    opls_146    12.985990    5.365480   12.849430
125    opls_144     8.372310    5.154840   13.475090
126    opls_144    -2.572850    2.040360   23.790800
127    opls_146    -5.392400    3.844710   24.554380
128    opls_146    10.653350    5.816720   12.972200
129    opls_146     9.957130    1.958650   14.519910
130    opls_144    -0.623720    4.600510    3.538740
131    opls_146    15.635340    1.819130    5.791990
132    opls_146    13.322260    2.332710    5.233110
133    opls_146    12.803600    3.674690    3.295510
134    opls_146    14.980630    5.949980   24.463720
135    opls_146    22.527240    5.258410   -0.558110
136    opls_146    20.876370    3.301910    2.813680
137    opls_146     8.562850    3.407240   22.848190
138    opls_146    10.494270    2.449700   23.983430
139    opls_146    10.202480    1.184910   26.041230
140    opls_146     7.648630    1.950960    3.902160
141    opls_146     5.533960    2.226110    2.801860
142    opls_146     7.526470    2.488090   -0.925140
143    opls_146     6.341290    3.161780   23.822390
144    opls_146    18.377890    5.314000    0.102990
145    opls_146    17.411630    2.598740    4.346500
146    opls_146     9.709940    1.960810    2.632350
147    opls_545    -0.648030    3.494740   13.049250
148    opls_545    -2.164530    3.545280   14.403050
149    opls_146    14.575130    4.463880    1.845650
150    opls_146    13.394090    0.935810    1.307830
151    opls_473    24.336150    4.112840    0.842690
152    opls_466    23.365900    2.953300    2.517030
153    opls_473     3.914700    2.719720    0.941570
154    opls_466    -0.332220    2.748530   24.628860
