0      opls_145    -0.105720   24.580060    3.533520
1      opls_700     1.169680   25.176160    3.531910
2      opls_700     2.400080   24.338510    3.513790
3      opls_145     3.581010   24.770970    0.128860
4      opls_145     4.741680   23.999560    0.082550
5      opls_700     4.746180   22.760620    3.449760
6      opls_145     3.576510   22.308680    2.832450
7      opls_145     2.420330   23.095680    2.846950
8      opls_142     5.960840   21.926870    3.392980
9      opls_145    10.095200   18.693160    2.630310
10     opls_166    11.134410   20.890520    2.592450
11     opls_700     9.978230   20.087940    2.664130
12     opls_234     8.624100   20.695720    2.701980
13     opls_182    12.081390   23.060610    1.993270
14     opls_136    11.606780   24.482660    1.704950
15     opls_136    12.765200   25.374860    1.253540
16     opls_136    12.281590   26.804700    0.976900
17     opls_136    13.440020   27.696890    0.515830
18     opls_135    12.965400   29.118940    0.233150
19     opls_145     1.259650   26.578730    3.533520
20     opls_700     0.105720   27.385210    3.531910
21     opls_700     0.215940   28.869600    3.513790
22     opls_145    -0.749040   29.676070    0.128860
23     opls_145    -0.661320   31.066960    0.082550
24     opls_700     0.409390   31.690320    3.449760
25     opls_145     1.385620   30.903320    2.832450
26     opls_145     1.282140   29.508540    2.846950
27     opls_142     0.524100   33.159130    3.392980
28     opls_145     1.257400   38.356430    2.630310
29     opls_166    -1.165180   38.157740    2.592450
30     opls_700     0.107970   37.557750    2.664130
31     opls_234     0.258680   36.081150    2.701980
32     opls_182    -3.518020   37.892810    1.993270
33     opls_136    -4.512250   36.770750    1.704950
34     opls_136    -5.864120   37.327880    1.253540
35     opls_136    -6.860590   36.194140    0.976900
36     opls_136    -8.212470   36.751270    0.515830
37     opls_135    -9.206690   35.629210    0.233150
38     opls_145    -1.153930   26.761840    3.533520
39     opls_700    -1.275400   25.359270    3.531910
40     opls_700    -2.616020   24.712530    3.513790
41     opls_145    -2.831960   23.473590    0.128860
42     opls_145    -4.080370   22.854120    0.082550
43     opls_700    -5.155570   23.469700    3.449760
44     opls_145    -4.962120   24.708630    2.832450
45     opls_145    -3.702470   25.316410    2.846950
46     opls_142    -6.484950   22.834640    3.392980
47     opls_145   -11.352600   20.871040    2.630310
48     opls_166    -9.969230   18.872380    2.592450
49     opls_700   -10.086200   20.274950    2.664130
50     opls_234    -8.882780   21.143760    2.701980
51     opls_182    -8.563370   16.967220    1.993270
52     opls_136    -7.094530   16.667220    1.704950
53     opls_136    -6.901080   15.217900    1.253540
54     opls_136    -5.420990   14.921800    0.976900
55     opls_136    -5.227550   13.472480    0.515830
56     opls_135    -3.758710   13.172480    0.233150
57     opls_145    22.599470   14.380250    3.533520
58     opls_700    21.324080   13.784160    3.531910
59     opls_700    20.093670   14.621810    3.513790
60     opls_145    18.912750   14.189350    0.128860
61     opls_145    17.752070   14.960760    0.082550
62     opls_700    17.747570   16.199700    3.449760
63     opls_145    18.917240   16.651640    2.832450
64     opls_145    20.073420   15.864640    2.846950
65     opls_142    16.532910   17.033450    3.392980
66     opls_145    12.398550   20.267160    2.630310
67     opls_166    11.359340   18.069800    2.592450
68     opls_700    12.515520   18.872380    2.664130
69     opls_234    13.869650   18.264600    2.701980
70     opls_182    10.412360   15.899710    1.993270
71     opls_136    10.886970   14.477650    1.704950
72     opls_136     9.728550   13.585460    1.253540
73     opls_136    10.212160   12.155620    0.976900
74     opls_136     9.053730   11.263430    0.515830
75     opls_135     9.528350    9.841380    0.233150
76     opls_145    21.234100   12.381590    3.533520
77     opls_700    22.388030   11.575110    3.531910
78     opls_700    22.277810   10.090720    3.513790
79     opls_145    23.242790    9.284240    0.128860
80     opls_145    23.155070    7.893360    0.082550
81     opls_700    22.084360    7.270000    3.449760
82     opls_145    21.108140    8.056990    2.832450
83     opls_145    21.211610    9.451770    2.846950
84     opls_142    21.969650    5.801190    3.392980
85     opls_145    21.236350    0.603880    2.630310
86     opls_166    23.658930    0.802580    2.592450
87     opls_700    22.385780    1.402570    2.664130
88     opls_234    22.235070    2.879170    2.701980
89     opls_182    26.011770    1.067510    1.993270
90     opls_136    27.006000    2.189570    1.704950
91     opls_136    28.357870    1.632440    1.253540
92     opls_136    29.354340    2.766180    0.976900
93     opls_136    30.706220    2.209050    0.515830
94     opls_135    31.700440    3.331110    0.233150
95     opls_145    23.647680   12.198480    3.533520
96     opls_700    23.769150   13.601050    3.531910
97     opls_700    25.109770   14.247790    3.513790
98     opls_145    25.325710   15.486730    0.128860
99     opls_145    26.574120   16.106200    0.082550
100    opls_700    27.649320   15.490620    3.449760
101    opls_145    27.455870   14.251680    2.832450
102    opls_145    26.196220   13.643900    2.846950
103    opls_142    28.978700   16.125680    3.392980
104    opls_145    33.846350   18.089280    2.630310
105    opls_166    32.462980   20.087940    2.592450
106    opls_700    32.579950   18.685370    2.664130
107    opls_234    31.376530   17.816550    2.701980
108    opls_182    31.057120   21.993100    1.993270
109    opls_136    29.588280   22.293090    1.704950
110    opls_136    29.394830   23.742420    1.253540
111    opls_136    27.914740   24.038520    0.976900
112    opls_136    27.721300   25.487840    0.515830
113    opls_135    26.252460   25.787830    0.233150
114    opls_179    10.967950   22.285300    2.446680
115    opls_236     7.758090   20.232090    1.982390
116    opls_179    -2.289860   37.316190    2.446680
117    opls_236     1.093200   35.562980    1.982390
118    opls_179    -8.678090   18.319140    2.446680
119    opls_236    -8.851290   22.125560    1.982390
120    opls_179    11.525800   16.675020    2.446680
121    opls_236    14.735660   18.728220    1.982390
122    opls_179    24.783610    1.644130    2.446680
123    opls_236    21.400550    3.397340    1.982390
124    opls_179    31.171840   20.641180    2.446680
125    opls_236    31.345040   16.834750    1.982390
126    opls_238     8.360930   21.759340    3.532310
127    opls_750     7.132770   22.452830    3.596340
128    opls_238    -0.530850   35.321420    3.532310
129    opls_750    -0.517360   33.911060    3.596340
130    opls_238    -7.830070   20.839870    3.532310
131    opls_750    -6.615410   21.556740    3.596340
132    opls_238    14.132820   17.200980    3.532310
133    opls_750    15.360980   16.507490    3.596340
134    opls_238    23.024600    3.638890    3.532310
135    opls_750    23.011110    5.049260    3.596340
136    opls_238    30.323820   18.120440    3.532310
137    opls_750    29.109160   17.403570    3.596340
138    opls_146    -0.186700   23.504760    3.530700
139    opls_146     3.601250   25.694330    0.689790
140    opls_146     5.632440   24.357990    0.587910
141    opls_146     3.560760   21.361940    2.306150
142    opls_146     1.554320   22.741140    2.306150
143    opls_144     5.850620   20.871040    3.188020
144    opls_146     9.190950   18.100960    2.637960
145    opls_185    12.493030   22.620360    1.060260
146    opls_185    12.870920   23.087880    2.774060
147    opls_910     9.136960   22.145040    4.115390
148    opls_140    11.143400   24.903440    2.620640
149    opls_140    10.826240   24.447600    0.914490
150    opls_140    13.215080   24.954080    0.333420
151    opls_140    13.547990   25.398230    2.040380
152    opls_140    11.833960   27.229370    1.898640
153    opls_140    11.494310   26.781320    0.194490
154    opls_140    13.887640   27.280010   -0.406300
155    opls_140    14.229550   27.731950    1.296230
156    opls_140    12.135380   29.115050   -0.509790
157    opls_140    13.804410   29.722830   -0.171940
158    opls_140    12.603250   29.598150    1.166560
159    opls_146     2.231380   27.046250    3.530700
160    opls_146    -1.558820   29.231930    0.689790
161    opls_146    -1.417110   31.659150    0.587910
162    opls_146     2.213390   31.363060    2.306150
163    opls_146     2.022190   28.935830    2.306150
164    opls_144     1.493580   33.591590    3.188020
165    opls_146     2.222380   37.869430    2.637960
166    opls_185    -3.342570   38.469420    1.060260
167    opls_185    -3.936410   38.562920    2.774060
168    opls_910    -1.252900   35.800640    4.115390
169    opls_140    -4.644960   36.159070    2.620640
170    opls_140    -4.091610   36.112320    0.914490
171    opls_140    -5.724660   37.927870    0.333420
172    opls_140    -6.275760   37.994100    2.040380
173    opls_140    -7.004550   35.594150    1.898640
174    opls_140    -6.446710   35.524020    0.194490
175    opls_140    -8.075260   37.347360   -0.406300
176    opls_140    -8.637600   37.417490    1.296230
177    opls_140    -8.788310   34.912340   -0.509790
178    opls_140   -10.149180   36.053880   -0.171940
179    opls_140    -9.440630   35.075970    1.166560
180    opls_146    -2.044680   27.369620    3.530700
181    opls_146    -2.042430   22.994380    0.689790
182    opls_146    -4.215330   21.903490    0.587910
183    opls_146    -5.774150   25.195640    2.306150
184    opls_146    -3.576510   26.243670    2.306150
185    opls_144    -7.344210   23.458010    3.188020
186    opls_146   -11.413330   21.950240    2.637960
187    opls_185    -9.150460   16.830860    1.060260
188    opls_185    -8.934520   16.269830    2.774060
189    opls_910    -7.884060   19.974950    4.115390
190    opls_140    -6.498440   16.858130    2.620640
191    opls_140    -6.734630   17.360720    0.914490
192    opls_140    -7.490420   15.038680    0.333420
193    opls_140    -7.272230   14.528300    2.040380
194    opls_140    -4.829410   15.097120    1.898640
195    opls_140    -5.047600   15.615300    0.194490
196    opls_140    -5.812380   13.293260   -0.406300
197    opls_140    -5.591950   12.771190    1.296230
198    opls_140    -3.347070   13.893250   -0.509790
199    opls_140    -3.655230   12.143930   -0.171940
200    opls_140    -3.162620   13.246510    1.166560
201    opls_146    22.680450   15.455560    3.530700
202    opls_146    18.892500   13.265990    0.689790
203    opls_146    16.861320   14.602330    0.587910
204    opls_146    18.932990   17.598380    2.306150
205    opls_146    20.939430   16.219180    2.306150
206    opls_144    16.643130   18.089280    3.188020
207    opls_146    13.302800   20.859350    2.637960
208    opls_185    10.000720   16.339960    1.060260
209    opls_185     9.622830   15.872430    2.774060
210    opls_910    13.356790   16.815270    4.115390
211    opls_140    11.350350   14.056880    2.620640
212    opls_140    11.667510   14.512720    0.914490
213    opls_140     9.278670   14.006230    0.333420
214    opls_140     8.945760   13.562090    2.040380
215    opls_140    10.659790   11.730950    1.898640
216    opls_140    10.999440   12.179000    0.194490
217    opls_140     8.606110   11.680300   -0.406300
218    opls_140     8.264200   11.228360    1.296230
219    opls_140    10.358370    9.845270   -0.509790
220    opls_140     8.689340    9.237490   -0.171940
221    opls_140     9.890500    9.362160    1.166560
222    opls_146    20.262370   11.914070    3.530700
223    opls_146    24.052570    9.728390    0.689790
224    opls_146    23.910860    7.301160    0.587910
225    opls_146    20.280360    7.597260    2.306150
226    opls_146    20.471560   10.024490    2.306150
227    opls_144    21.000160    5.368730    3.188020
228    opls_146    20.271370    1.090890    2.637960
229    opls_185    25.836320    0.490900    1.060260
230    opls_185    26.430160    0.397400    2.774060
231    opls_910    23.746650    3.159680    4.115390
232    opls_140    27.138710    2.801250    2.620640
233    opls_140    26.585360    2.848000    0.914490
234    opls_140    28.218410    1.032450    0.333420
235    opls_140    28.769510    0.966220    2.040380
236    opls_140    29.498300    3.366170    1.898640
237    opls_140    28.940460    3.436300    0.194490
238    opls_140    30.569010    1.612960   -0.406300
239    opls_140    31.131350    1.542830    1.296230
240    opls_140    31.282060    4.047980   -0.509790
241    opls_140    32.642930    2.906440   -0.171940
242    opls_140    31.934380    3.884340    1.166560
243    opls_146    24.538430   11.590690    3.530700
244    opls_146    24.536180   15.965940    0.689790
245    opls_146    26.709080   17.056830    0.587910
246    opls_146    28.267900   13.764680    2.306150
247    opls_146    26.070260   12.716650    2.306150
248    opls_144    29.837960   15.502310    3.188020
249    opls_146    33.907080   17.010070    2.637960
250    opls_185    31.644210   22.129460    1.060260
251    opls_185    31.428270   22.690490    2.774060
252    opls_910    30.377810   18.985360    4.115390
253    opls_140    28.992190   22.102190    2.620640
254    opls_140    29.228380   21.599600    0.914490
255    opls_140    29.984170   23.921640    0.333420
256    opls_140    29.765980   24.432020    2.040380
257    opls_140    27.323160   23.863190    1.898640
258    opls_140    27.541350   23.345020    0.194490
259    opls_140    28.306140   25.667060   -0.406300
260    opls_140    28.085700   26.189130    1.296230
261    opls_140    25.840820   25.067070   -0.509790
262    opls_140    26.148980   26.816390   -0.171940
263    opls_140    25.656370   25.713810    1.166560
