0      opls_145     0.142950    0.147710    6.438370
1      opls_145     0.068160    1.364220    7.061650
2      opls_145     5.050330    2.608790    9.073260
3      opls_145     1.009090    3.459820    8.944290
4      opls_145     1.129720    4.589900    9.672040
5      opls_145     0.224060    4.897450   10.541550
6      opls_145     4.249520    4.057190   10.666980
7      opls_145     4.139160    2.912070    9.944160
8      opls_142     0.395700    6.080060   11.318610
9      opls_145     4.652510    7.766650   12.658250
10     opls_141     0.088550   11.344550    0.616960
11     opls_145     0.197950   10.084050    1.321300
12     opls_145     0.185200   12.590690    1.348570
13     opls_145     1.000030   13.621320    1.026530
14     opls_145     1.086250   14.771830    1.741950
15     opls_145     0.353650   14.917290    2.784510
16     opls_145     4.622150   13.867810    3.128890
17     opls_145     4.538610   12.720000    2.415620
18     opls_145     1.236380    9.883350    2.070310
19     opls_145     1.344270    8.725660    2.769100
20     opls_145     4.430420    7.957240    1.995730
21     opls_145     4.322440    9.112680    1.291250
22     opls_142     4.666780   16.557410    4.229690
23     opls_145     4.992450   21.380780    8.347510
24     opls_145     0.001010   20.133300    6.337910
25     opls_145     4.157930   19.814070    9.948160
26     opls_145     4.266220   18.642020   10.637400
27     opls_145     0.225430   17.788730   10.465740
28     opls_145     1.122430   18.118510    9.594540
29     opls_145     1.007470   19.277320    8.908540
30     opls_145     4.917150    0.147710    8.970330
31     opls_145     4.991940    1.364220    8.347050
32     opls_145     0.009770    2.608790    6.335440
33     opls_145     4.051010    3.459820    6.464410
34     opls_145     3.930380    4.589900    5.736660
35     opls_145     4.836040    4.897450    4.867150
36     opls_145     0.810580    4.057190    4.741720
37     opls_145     0.920940    2.912070    5.464540
38     opls_142     4.664400    6.080060    4.090090
39     opls_145     0.407590    7.766650    2.750450
40     opls_141     4.971550   11.344550   14.791740
41     opls_145     4.862150   10.084050   14.087400
42     opls_145     4.874900   12.590690   14.060130
43     opls_145     4.060070   13.621320   14.382170
44     opls_145     3.973850   14.771830   13.666750
45     opls_145     4.706450   14.917290   12.624190
46     opls_145     0.437950   13.867810   12.279810
47     opls_145     0.521490   12.720000   12.993080
48     opls_145     3.823720    9.883350   13.338390
49     opls_145     3.715830    8.725660   12.639600
50     opls_145     0.629680    7.957240   13.412970
51     opls_145     0.737660    9.112680   14.117450
52     opls_142     0.393320   16.557410   11.179010
53     opls_145     0.067650   21.380780    7.061190
54     opls_145     5.059090   20.133300    9.070790
55     opls_145     0.902170   19.814070    5.460540
56     opls_145     0.793880   18.642020    4.771300
57     opls_145     4.834670   17.788730    4.942960
58     opls_145     3.937670   18.118510    5.814160
59     opls_145     4.052630   19.277320    6.500160
60     opls_750     4.531470    6.610980   11.900910
61     opls_750     0.450150   16.127070    3.480050
62     opls_750     0.528630    6.610980    3.507790
63     opls_750     4.609950   16.127070   11.928650
64     opls_146     0.198760    0.147260    5.451750
65     opls_146     1.723120    3.227930    8.294660
66     opls_146     1.932860    5.225650    9.556630
67     opls_146     3.541870    4.278540   11.337260
68     opls_146     3.347260    2.261950   10.063420
69     opls_144     1.303180    6.545200   11.344500
70     opls_146     1.545300   13.541850    0.208170
71     opls_146     1.709610   15.564720    1.478310
72     opls_146     4.081880   13.914050    3.956030
73     opls_146     3.919400   11.928670    2.696980
74     opls_146     1.961140   10.627980    2.113610
75     opls_146     2.141480    8.587380    3.353700
76     opls_146     3.710720    7.209240    1.951200
77     opls_146     3.510290    9.252090    0.726060
78     opls_144     3.799830   16.028070    4.337700
79     opls_146     3.371540   20.465990   10.091620
80     opls_146     3.563730   18.403160   11.307980
81     opls_146     1.916770   17.478710    9.444760
82     opls_146     1.711980   19.521340    8.255060
83     opls_146     4.861340    0.147260    9.956950
84     opls_146     3.336980    3.227930    7.114040
85     opls_146     3.127240    5.225650    5.852070
86     opls_146     1.518230    4.278540    4.071440
87     opls_146     1.712840    2.261950    5.345280
88     opls_144     3.756920    6.545200    4.064200
89     opls_146     3.514800   13.541850   15.200530
90     opls_146     3.350490   15.564720   13.930390
91     opls_146     0.978220   13.914050   11.452670
92     opls_146     1.140700   11.928670   12.711720
93     opls_146     3.098960   10.627980   13.295090
94     opls_146     2.918620    8.587380   12.055000
95     opls_146     1.349380    7.209240   13.457500
96     opls_146     1.549810    9.252090   14.682640
97     opls_144     1.260270   16.028070   11.071000
98     opls_146     1.688560   20.465990    5.317080
99     opls_146     1.496370   18.403160    4.100720
100    opls_146     3.143330   17.478710    5.963940
101    opls_146     3.348120   19.521340    7.153640
