0      opls_700    28.554760   15.680660    0.775780
1      opls_700    28.126150   13.372990    0.039260
2      opls_145    29.465280   13.077740    0.240730
3      opls_700    -7.401520   14.055800    0.694440
4      opls_145    -7.903840   15.325830    1.020890
5      opls_145    27.681470   14.652520    0.318660
6      opls_234     5.381480   15.426980    3.146520
7      opls_700    -5.990570   13.817500    0.621540
8      opls_145    -5.430050   12.522590    0.843110
9      opls_145    -4.092990   12.290520    0.639720
10     opls_700    -3.232180   13.310800    0.209260
11     opls_145    -3.760010   14.594250    3.619830
12     opls_145    -5.091960   14.850880    0.206030
13     opls_234    -1.782680   12.973000    0.017460
14     opls_916     0.326370   14.129120    3.070140
15     opls_145     1.117080   13.060070    2.654310
16     opls_145     2.498920   13.152370    2.647970
17     opls_916     3.145810   14.321920    3.046350
18     opls_145     2.352460   15.408650    3.410860
19     opls_145     0.970430   15.316010    3.416110
20     opls_700     9.939370   16.888820    0.775780
21     opls_700    12.152170   17.671470    0.039260
22     opls_145    11.738300   18.978810    0.240730
23     opls_700    10.426380   19.295010    0.694440
24     opls_145     9.577660   18.224980    1.020890
25     opls_145    11.266410   16.646600    0.318660
26     opls_234     2.847410   29.679830    3.146520
27     opls_700     9.927280   20.636080    0.621540
28     opls_145    10.768440   21.768960    0.843110
29     opls_145    10.300900   23.042920    0.639720
30     opls_700     8.986900   23.278270    0.209260
31     opls_145     8.139310   22.179430    3.619830
32     opls_145     8.583040   20.897610    0.206030
33     opls_234     8.554690   24.702470    0.017460
34     opls_916     6.498940   25.950900    3.070140
35     opls_145     7.029410   27.170200    2.654310
36     opls_145     6.258550   28.320760    2.647970
37     opls_916     4.922250   28.296210    3.046350
38     opls_145     4.377790   27.065780    3.410860
39     opls_145     5.149030   25.915220    3.416110
40     opls_700    18.200760    0.163340    0.775780
41     opls_700    16.416580    1.688360    0.039260
42     opls_145    15.491310    0.676260    0.240730
43     opls_700    -3.024860   32.114820    0.694440
44     opls_145    -1.673820   31.914820    1.020890
45     opls_145    17.747020    1.433700    0.318660
46     opls_234    -8.228890   20.358830    3.146520
47     opls_700    -3.936700   31.012050    0.621540
48     opls_145    -5.338390   31.174080    0.843110
49     opls_145    -6.207900   30.132190    0.639720
50     opls_700    -5.754720   28.876560    0.209260
51     opls_145    -4.379300   28.691950    3.619830
52     opls_145    -3.491080   29.717140    0.206030
53     opls_234    -6.772020   27.790160    0.017460
54     opls_916    -6.825310   25.385610    3.070140
55     opls_145    -8.146490   25.235360    2.654310
56     opls_145    -8.757470   23.992500    2.647970
57     opls_916    -8.068060   22.847510    3.046350
58     opls_145    -6.730250   22.991200    3.410860
59     opls_145    -6.119460   24.234390    3.416110
60     opls_700    -9.656460   17.052160    0.775780
61     opls_700    -9.227850   19.359820    0.039260
62     opls_145   -10.566980   19.655070    0.240730
63     opls_700    26.299820   18.677020    0.694440
64     opls_145    26.802140   17.406980    1.020890
65     opls_145    -8.783170   18.080300    0.318660
66     opls_234    13.516820   17.305840    3.146520
67     opls_700    24.888870   18.915310    0.621540
68     opls_145    24.328350   20.210220    0.843110
69     opls_145    22.991290   20.442300    0.639720
70     opls_700    22.130480   19.422020    0.209260
71     opls_145    22.658310   18.138560    3.619830
72     opls_145    23.990260   17.881940    0.206030
73     opls_234    20.680980   19.759820    0.017460
74     opls_916    18.571930   18.603700    3.070140
75     opls_145    17.781220   19.672750    2.654310
76     opls_145    16.399380   19.580440    2.647970
77     opls_916    15.752490   18.410900    3.046350
78     opls_145    16.545840   17.324170    3.410860
79     opls_145    17.927870   17.416800    3.416110
80     opls_700     8.958930   15.843990    0.775780
81     opls_700     6.746130   15.061350    0.039260
82     opls_145     7.160000   13.754000    0.240730
83     opls_700     8.471920   13.437800    0.694440
84     opls_145     9.320640   14.507840    1.020890
85     opls_145     7.631890   16.086210    0.318660
86     opls_234    16.050890    3.052990    3.146520
87     opls_700     8.971020   12.096740    0.621540
88     opls_145     8.129860   10.963860    0.843110
89     opls_145     8.597400    9.689900    0.639720
90     opls_700     9.911400    9.454550    0.209260
91     opls_145    10.758990   10.553390    3.619830
92     opls_145    10.315260   11.835200    0.206030
93     opls_234    10.343610    8.030340    0.017460
94     opls_916    12.399360    6.781910    3.070140
95     opls_145    11.868890    5.562610    2.654310
96     opls_145    12.639750    4.412060    2.647970
97     opls_916    13.976050    4.436610    3.046350
98     opls_145    14.520510    5.667030    3.410860
99     opls_145    13.749270    6.817590    3.416110
100    opls_700     0.697540   32.569480    0.775780
101    opls_700     2.481720   31.044460    0.039260
102    opls_145     3.406990   32.056560    0.240730
103    opls_700    21.923160    0.618000    0.694440
104    opls_145    20.572120    0.817990    1.020890
105    opls_145     1.151280   31.299120    0.318660
106    opls_234    27.127190   12.373990    3.146520
107    opls_700    22.835000    1.720760    0.621540
108    opls_145    24.236690    1.558740    0.843110
109    opls_145    25.106200    2.600620    0.639720
110    opls_700    24.653020    3.856250    0.209260
111    opls_145    23.277600    4.040870    3.619830
112    opls_145    22.389380    3.015670    0.206030
113    opls_234    25.670320    4.942660    0.017460
114    opls_916    25.723610    7.347210    3.070140
115    opls_145    27.044790    7.497450    2.654310
116    opls_145    27.655770    8.740320    2.647970
117    opls_916    26.966360    9.885310    3.046350
118    opls_145    25.628550    9.741610    3.410860
119    opls_145    25.017760    8.498420    3.416110
120    opls_238    -1.060760   14.044010    3.160390
121    opls_238     4.535400   14.342540    3.139090
122    opls_238     7.266210   24.792160    3.160390
123    opls_238     4.209600   29.489320    3.139090
124    opls_238    -6.205450   26.629450    3.160390
125    opls_238    -8.745000   21.633770    3.139090
126    opls_238    19.959060   18.688800    3.160390
127    opls_238    14.362900   18.390280    3.139090
128    opls_238    11.632090    7.940650    3.160390
129    opls_238    14.688700    3.243490    3.139090
130    opls_238    25.103750    6.103360    3.160390
131    opls_238    27.643300   11.099040    3.139090
132    opls_236     5.018630   16.532040    2.788340
133    opls_236    -1.258440   11.907220    0.279770
134    opls_236     2.071820   28.813060    2.788340
135    opls_236     9.215570   25.689370    0.279770
136    opls_236    -7.090450   20.120530    2.788340
137    opls_236    -7.957130   27.869050    0.279770
138    opls_236    13.879670   16.200780    2.788340
139    opls_236    20.156740   20.825600    0.279770
140    opls_236    16.826480    3.919750    2.788340
141    opls_236     9.682730    7.043450    0.279770
142    opls_236    25.988750   12.612280    2.788340
143    opls_236    26.855430    4.863770    0.279770
144    opls_146    29.900320   12.118670   -0.064570
145    opls_146    -7.205170   16.105850    1.355020
146    opls_146    26.639610   14.919290    0.091260
147    opls_146    -6.069940   11.693800    1.175390
148    opls_146    -3.704260   11.276780    0.825620
149    opls_146    -3.158850   15.446940    3.280840
150    opls_146    -5.482400   15.855780   -0.013800
151    opls_241    -1.553250   14.883940    2.939110
152    opls_146     0.657090   12.112120    2.338320
153    opls_146     3.064930   12.264330    2.338100
154    opls_146     2.804890   16.348730    3.756070
155    opls_146     0.401590   16.191940    3.753280
156    opls_241     4.914310   13.457120    3.407490
157    opls_146    12.351360   19.835100   -0.064570
158    opls_146     8.552800   18.440030    1.355020
159    opls_146    11.556310   15.610930    0.091260
160    opls_146    11.806150   21.629190    1.175390
161    opls_146    10.984450   23.886440    0.825620
162    opls_146     7.100280   22.273700    3.280840
163    opls_146     7.907990   20.057030   -0.013800
164    opls_241     6.785060   23.945690    2.939110
165    opls_146     8.080350   27.245810    2.338320
166    opls_146     6.744610   29.254950    2.338100
167    opls_146     3.337440   26.987550    3.756070
168    opls_146     4.674870   24.984630    3.753280
169    opls_241     4.786940   30.260180    3.407490
170    opls_146    14.443210    0.779040   -0.064570
171    opls_146    -1.347640   30.919750    1.355020
172    opls_146    18.498980    2.202590    0.091260
173    opls_146    -5.736200   32.142640    1.175390
174    opls_146    -7.280190   30.302400    0.825620
175    opls_146    -3.941430   27.744990    3.280840
176    opls_146    -2.425600   29.552820   -0.013800
177    opls_241    -5.231810   26.636000    2.939110
178    opls_146    -8.737440   26.107690    2.338320
179    opls_146    -9.809540   23.946350    2.338100
180    opls_146    -6.142330   22.129350    3.756070
181    opls_146    -5.076460   24.289060    3.753280
182    opls_241    -9.701250   21.748340    3.407490
183    opls_146   -11.002020   20.614150   -0.064570
184    opls_146    26.103470   16.626960    1.355020
185    opls_146    -7.741310   17.813530    0.091260
186    opls_146    24.968240   21.039020    1.175390
187    opls_146    22.602560   21.456030    0.825620
188    opls_146    22.057150   17.285870    3.280840
189    opls_146    24.380700   16.877040   -0.013800
190    opls_241    20.451550   17.848880    2.939110
191    opls_146    18.241210   20.620690    2.338320
192    opls_146    15.833370   20.468480    2.338100
193    opls_146    16.093410   16.384080    3.756070
194    opls_146    18.496710   16.540870    3.753280
195    opls_241    13.983990   19.275700    3.407490
196    opls_146     6.546940   12.897710   -0.064570
197    opls_146    10.345500   14.292780    1.355020
198    opls_146     7.341990   17.121880    0.091260
199    opls_146     7.092150   11.103630    1.175390
200    opls_146     7.913850    8.846370    0.825620
201    opls_146    11.798020   10.459120    3.280840
202    opls_146    10.990310   12.675780   -0.013800
203    opls_241    12.113240    8.787120    2.939110
204    opls_146    10.817950    5.487000    2.338320
205    opls_146    12.153690    3.477860    2.338100
206    opls_146    15.560860    5.745260    3.756070
207    opls_146    14.223430    7.748180    3.753280
208    opls_241    14.111360    2.472640    3.407490
209    opls_146     4.455090   31.953770   -0.064570
210    opls_146    20.245940    1.813070    1.355020
211    opls_146     0.399320   30.530220    0.091260
212    opls_146    24.634500    0.590170    1.175390
213    opls_146    26.178490    2.430410    0.825620
214    opls_146    22.839730    4.987830    3.280840
215    opls_146    21.323900    3.179990   -0.013800
216    opls_241    24.130110    6.096810    2.939110
217    opls_146    27.635740    6.625120    2.338320
218    opls_146    28.707840    8.786470    2.338100
219    opls_146    25.040630   10.603470    3.756070
220    opls_146    23.974760    8.443760    3.753280
221    opls_241    28.599550   10.984480    3.407490
