0      opls_280     3.281970   15.221640   10.127480
1      opls_145     3.624300   16.363200    9.241360
2      opls_280     0.033070   16.117800    7.785420
3      opls_145     3.165000   14.837070    7.227280
4      opls_280     2.975990   13.699330    8.161660
5      opls_145     3.307990   13.852870    9.591920
6      opls_142     3.606450   12.825420   10.416020
7      opls_142     2.893460   14.667360    5.919240
8      opls_142     0.271530   17.597910    9.699080
9      opls_916     0.338290   19.186730   11.652700
10     opls_166     3.453460   19.351510   12.962030
11     opls_145     3.349090   20.631070   13.502530
12     opls_700     0.085510   21.768370   12.764570
13     opls_145     0.589290   21.602070   11.469770
14     opls_145     0.728730   20.326700   10.927200
15     opls_700     3.553940   -6.758610   13.334130
16     opls_145     0.249290   -6.506310   14.669930
17     opls_145     0.083330   -5.229740   15.207830
18     opls_916     3.196580   -4.179190   14.427050
19     opls_166     2.872310   -4.428030   13.076980
20     opls_145     3.060120   -5.707450   12.542970
21     opls_142     3.079050   -2.560470   16.373930
22     opls_145     3.383290   -1.334300   16.846440
23     opls_280     3.287500   -1.079340   18.299780
24     opls_145     3.542570    0.279130   18.827830
25     opls_280     3.463490    1.403010   17.877610
26     opls_145     0.171630    1.180870   16.457480
27     opls_280     0.205210   -0.216670   15.974330
28     opls_142     0.471040    2.184460   15.605350
29     opls_142     0.160990    0.533740   20.121330
30     opls_916     0.668510    4.670560   15.164750
31     opls_166     0.181950    5.920510   15.628180
32     opls_145     0.179810    7.026300   14.774500
33     opls_700     0.620610    6.921910   13.450110
34     opls_145     1.095540    5.685410   12.993950
35     opls_145     1.131480    4.576480   13.845300
36     opls_916     0.288390   -0.326750   22.488560
37     opls_166     3.410150   -1.373910   23.303840
38     opls_145     3.300470   -1.188170   24.678310
39     opls_700     0.029000    0.027960   25.272260
40     opls_145     0.527290    1.061520   24.461900
41     opls_145     0.667930    0.881300   23.088740
42     opls_916     3.111870   15.559080    3.553310
43     opls_916     0.344430   10.341590   10.831450
44     opls_166     2.801200   16.602940    2.647990
45     opls_145     2.999980   16.420030    1.276380
46     opls_700     3.493910   15.205390    0.781290
47     opls_145     0.180830   14.177970    1.684020
48     opls_145     0.001200   14.355360    3.054330
49     opls_166     0.002470    9.052350   10.367240
50     opls_145     0.110840    7.943710   11.221710
51     opls_700     0.555240    8.093540   12.540380
52     opls_145     0.919260    9.369950   12.989020
53     opls_145     0.824450   10.480070   12.142340
54     opls_281     2.450190   12.673710    7.766740
55     opls_281     2.929480   15.401300   11.279050
56     opls_281     0.557060   16.949370    7.059400
57     opls_281     3.072070    2.491540   18.263460
58     opls_281     0.690500   -0.447230   14.882440
59     opls_281     2.912180   -1.971310   19.047600
60     opls_167     2.965200   18.289170   13.733210
61     opls_167     2.337350   -3.405700   12.281940
62     opls_167     3.261330    6.094460   16.896780
63     opls_167     2.933870   -2.582090   22.790850
64     opls_167     2.263000   17.804760    3.116610
65     opls_167     3.149910    8.890240    9.069320
66     opls_238     0.505850   17.878520   11.084700
67     opls_238     3.018870   -2.860490   14.973780
68     opls_238     0.737590    3.527530   16.037900
69     opls_238     0.459770   -0.500490   21.076210
70     opls_238     2.914580   15.743880    4.964100
71     opls_238     0.211790   11.482380    9.959080
72     opls_144     3.732260   13.051400   11.464060
73     opls_144     2.588680   13.684240    5.581140
74     opls_144     0.371870   18.400630    8.975910
75     opls_910     0.857770   17.107190   11.702260
76     opls_146     2.925590   20.725810   14.490110
77     opls_146     0.907480   22.458380   10.886720
78     opls_146     0.666040   -7.291850   15.291900
79     opls_146     2.788990   -5.884160   11.516210
80     opls_910     2.744430   -2.093410   14.308730
81     opls_144     2.806360   -3.339560   17.079450
82     opls_144     0.572320    1.947710   14.556280
83     opls_144     0.199290    1.569940   20.433740
84     opls_910     1.052190    3.680400   17.022110
85     opls_146    -0.220870    7.956620   15.148150
86     opls_146     1.472060    5.584720   11.986650
87     opls_910     0.834110   -1.416060   20.734480
88     opls_146     2.880200   -1.992930   25.267840
89     opls_146     0.838950    2.001320   24.894710
90     opls_910     2.665320   16.708630    5.290010
91     opls_910     0.261390   11.286990    8.933100
92     opls_146     2.734690   17.218350    0.597060
93     opls_146     0.598700   13.244030    1.331130
94     opls_146    -0.188390    6.971080   10.862850
95     opls_146     1.302100    9.505610   13.990610
96     opls_168     2.126540   -3.675760   11.333540
97     opls_146     0.388580   -5.061080   16.227320
98     opls_146     1.178290   20.230450    9.952070
99     opls_168     2.942780   17.396060   13.260440
100    opls_146     1.108330    1.674260   22.498420
101    opls_146     0.295990   13.558540    3.724830
102    opls_168     2.921340   -2.630930   21.781220
103    opls_168     2.066330   18.491080    2.397850
104    opls_146     1.559970    3.654660   13.483330
105    opls_146     1.159570   11.437590   12.507170
106    opls_168     3.153440    5.238980   17.431830
107    opls_168     2.902580    7.939250    8.830860
