0      opls_700     7.797420    7.741750    2.851260
1      opls_145     8.524000    6.987340    3.764110
2      opls_145     9.331300    7.622040    4.703260
3      opls_145     9.412030    9.011160    4.725800
4      opls_145     8.685460    9.762790    3.809190
5      opls_145     7.878150    9.130860    2.877560
6      opls_142    10.912500    9.492760    6.701770
7      opls_700    11.552770   10.336250    0.195340
8      opls_145    12.838890   10.113550    0.668670
9      opls_145    13.376160   10.948690    1.637880
10     opls_700    12.624530   12.006530    2.133750
11     opls_145    11.338420   12.229230    1.660420
12     opls_145    10.801140   11.394090    0.691210
13     opls_700    13.172940   12.958590    3.080410
14     opls_624    12.680210   13.275940    4.372680
15     opls_624    13.520920   14.261410    4.958710
16     opls_627    11.853420   13.765890    6.461350
17     opls_700     6.121580    6.177250    2.851260
18     opls_145     5.395000    6.931660    3.764110
19     opls_145     4.587700    6.296960    4.703260
20     opls_145     4.506970    4.907840    4.725800
21     opls_145     5.233540    4.156210    3.809190
22     opls_145     6.040850    4.788140    2.877560
23     opls_142     3.006500    4.426240    6.701770
24     opls_700     2.366230    3.582750    0.195340
25     opls_145     1.080110    3.805450    0.668670
26     opls_145     0.542840    2.970310    1.637880
27     opls_700     1.294470    1.912470    2.133750
28     opls_145     2.580580    1.689770    1.660420
29     opls_145     3.117860    2.524910    0.691210
30     opls_700     0.746060    0.960410    3.080410
31     opls_624     1.238790    0.643060    4.372680
32     opls_624     0.398080   27.495590    4.958710
33     opls_627     2.065580    0.153110    6.461350
34     opls_700    20.096250   21.716420    6.607860
35     opls_145    20.850660   22.443000    0.007510
36     opls_145    20.215960   23.250300    0.946660
37     opls_145    18.826840   23.331030    0.969200
38     opls_145    18.075210   22.604460    0.052590
39     opls_145    18.707140   21.797150    6.634160
40     opls_142    18.345240   24.831500    2.945170
41     opls_700    17.501750   25.471770    3.951940
42     opls_145    17.724450   26.757890    4.425270
43     opls_145    16.889310   27.295160    5.394480
44     opls_700    15.831470   26.543530    5.890350
45     opls_145    15.608770   25.257420    5.417020
46     opls_145    16.443910   24.720140    4.447810
47     opls_700    14.879410   27.091940    6.837010
48     opls_624    14.562060   26.599210    0.616080
49     opls_624    13.576590   27.439920    1.202110
50     opls_627    14.072110   25.772420    2.704750
51     opls_700    21.660750   20.040580    6.607860
52     opls_145    20.906340   19.314000    0.007510
53     opls_145    21.541040   18.506700    0.946660
54     opls_145    22.930160   18.425970    0.969200
55     opls_145    23.681790   19.152540    0.052590
56     opls_145    23.049860   19.959850    6.634160
57     opls_142    23.411760   16.925500    2.945170
58     opls_700    24.255250   16.285230    3.951940
59     opls_145    24.032550   14.999110    4.425270
60     opls_145    24.867690   14.461840    5.394480
61     opls_700    25.925530   15.213470    5.890350
62     opls_145    26.148230   16.499580    5.417020
63     opls_145    25.313090   17.036860    4.447810
64     opls_700    26.877590   14.665060    6.837010
65     opls_624    27.194940   15.157790    0.616080
66     opls_624     0.342410   14.317080    1.202110
67     opls_627    27.684890   15.984580    2.704750
68     opls_700    20.040580   20.096250    4.661940
69     opls_145    19.314000   20.850660    3.749090
70     opls_145    18.506700   20.215960    2.809940
71     opls_145    18.425970   18.826840    2.787400
72     opls_145    19.152540   18.075210    3.704010
73     opls_145    19.959850   18.707140    4.635640
74     opls_142    16.925500   18.345240    0.811430
75     opls_700    16.285230   17.501750    7.317860
76     opls_145    14.999110   17.724450    6.844530
77     opls_145    14.461840   16.889310    5.875320
78     opls_700    15.213470   15.831470    5.379450
79     opls_145    16.499580   15.608770    5.852780
80     opls_145    17.036860   16.443910    6.821990
81     opls_700    14.665060   14.879410    4.432790
82     opls_624    15.157790   14.562060    3.140520
83     opls_624    14.317080   13.576590    2.554490
84     opls_627    15.984580   14.072110    1.051850
85     opls_700    21.716420   21.660750    4.661940
86     opls_145    22.443000   20.906340    3.749090
87     opls_145    23.250300   21.541040    2.809940
88     opls_145    23.331030   22.930160    2.787400
89     opls_145    22.604460   23.681790    3.704010
90     opls_145    21.797150   23.049860    4.635640
91     opls_142    24.831500   23.411760    0.811430
92     opls_700    25.471770   24.255250    7.317860
93     opls_145    26.757890   24.032550    6.844530
94     opls_145    27.295160   24.867690    5.875320
95     opls_700    26.543530   25.925530    5.379450
96     opls_145    25.257420   26.148230    5.852780
97     opls_145    24.720140   25.313090    6.821990
98     opls_700    27.091940   26.877590    4.432790
99     opls_624    26.599210   27.194940    3.140520
100    opls_624    27.439920    0.342410    2.554490
101    opls_627    25.772420   27.684890    1.051850
102    opls_700     7.741750    6.121580    0.905340
103    opls_145     6.987340    5.395000    7.505690
104    opls_145     7.622040    4.587700    6.566540
105    opls_145     9.011160    4.506970    6.544000
106    opls_145     9.762790    5.233540    7.460610
107    opls_145     9.130860    6.040850    0.879040
108    opls_142     9.492760    3.006500    4.568030
109    opls_700    10.336250    2.366230    3.561260
110    opls_145    10.113550    1.080110    3.087930
111    opls_145    10.948690    0.542840    2.118720
112    opls_700    12.006530    1.294470    1.622850
113    opls_145    12.229230    2.580580    2.096180
114    opls_145    11.394090    3.117860    3.065390
115    opls_700    12.958590    0.746060    0.676190
116    opls_624    13.275940    1.238790    6.897120
117    opls_624    14.261410    0.398080    6.311090
118    opls_627    13.765890    2.065580    4.808450
119    opls_700     6.177250    7.797420    0.905340
120    opls_145     6.931660    8.524000    7.505690
121    opls_145     6.296960    9.331300    6.566540
122    opls_145     4.907840    9.412030    6.544000
123    opls_145     4.156210    8.685460    7.460610
124    opls_145     4.788140    7.878150    0.879040
125    opls_142     4.426240   10.912500    4.568030
126    opls_700     3.582750   11.552770    3.561260
127    opls_145     3.805450   12.838890    3.087930
128    opls_145     2.970310   13.376160    2.118720
129    opls_700     1.912470   12.624530    1.622850
130    opls_145     1.689770   11.338420    2.096180
131    opls_145     2.524910   10.801140    3.065390
132    opls_700     0.960410   13.172940    0.676190
133    opls_624     0.643060   12.680210    6.897120
134    opls_624    27.495590   13.520920    6.311090
135    opls_627     0.153110   11.853420    4.808450
136    opls_701     6.959500    6.959500    1.878300
137    opls_701    20.878500   20.878500    5.634900
138    opls_146     8.471100    6.060330    3.749840
139    opls_146     9.818460    7.118180    5.314840
140    opls_146     8.738350   10.692580    3.827980
141    opls_146     7.390990    9.634730    2.262980
142    opls_144    11.046120    8.582460    6.837760
143    opls_146    13.342750    9.403680    0.333590
144    opls_146    14.239140   10.798360    1.956440
145    opls_146    10.834550   12.936320    1.996260
146    opls_146     9.940950   11.541630    0.373410
147    opls_563    11.324500   13.765890    7.223940
148    opls_562    11.015500   12.401830    5.184110
149    opls_146     5.447900    7.858670    3.749840
150    opls_146     4.100540    6.800820    5.314840
151    opls_146     5.180650    3.226420    3.827980
152    opls_146     6.528010    4.284270    2.262980
153    opls_144     2.872880    5.336540    6.837760
154    opls_146     0.576250    4.515320    0.333590
155    opls_146    -0.320140    3.120640    1.956440
156    opls_146     3.084450    0.982680    1.996260
157    opls_146     3.978050    2.377370    0.373410
158    opls_563     2.594500    0.153110    7.223940
159    opls_562     2.903500    1.517170    5.184110
160    opls_146    21.777670   22.390100   -0.006760
161    opls_146    20.719820   23.737460    1.558240
162    opls_146    17.145420   22.657350    0.071380
163    opls_146    18.203270   21.309990    6.019580
164    opls_144    19.255540   24.965120    3.081160
165    opls_146    18.434320   27.261750    4.090190
166    opls_146    17.039640   28.158140    5.713040
167    opls_146    14.901680   24.753550    5.752860
168    opls_146    16.296370   23.859950    4.130010
169    opls_563    14.072110   25.243500    3.467340
170    opls_562    15.436170   24.934500    1.427510
171    opls_146    19.979330   19.366900   -0.006760
172    opls_146    21.037180   18.019540    1.558240
173    opls_146    24.611580   19.099650    0.071380
174    opls_146    23.553730   20.447010    6.019580
175    opls_144    22.501460   16.791880    3.081160
176    opls_146    23.322680   14.495250    4.090190
177    opls_146    24.717360   13.598860    5.713040
178    opls_146    26.855320   17.003450    5.752860
179    opls_146    25.460630   17.897050    4.130010
180    opls_563    27.684890   16.513500    3.467340
181    opls_562    26.320830   16.822500    1.427510
182    opls_146    19.366900   21.777670    3.763360
183    opls_146    18.019540   20.719820    2.198360
184    opls_146    19.099650   17.145420    3.685220
185    opls_146    20.447010   18.203270    5.250220
186    opls_144    16.791880   19.255540    0.675440
187    opls_146    14.495250   18.434320    7.179610
188    opls_146    13.598860   17.039640    5.556760
189    opls_146    17.003450   14.901680    5.516940
190    opls_146    17.897050   16.296370    7.139790
191    opls_563    16.513500   14.072110    0.289260
192    opls_562    16.822500   15.436170    2.329090
193    opls_146    22.390100   19.979330    3.763360
194    opls_146    23.737460   21.037180    2.198360
195    opls_146    22.657350   24.611580    3.685220
196    opls_146    21.309990   23.553730    5.250220
197    opls_144    24.965120   22.501460    0.675440
198    opls_146    27.261750   23.322680    7.179610
199    opls_146    28.158140   24.717360    5.556760
200    opls_146    24.753550   26.855320    5.516940
201    opls_146    23.859950   25.460630    7.139790
202    opls_563    25.243500   27.684890    0.289260
203    opls_562    24.934500   26.320830    2.329090
204    opls_146     6.060330    5.447900    7.519960
205    opls_146     7.118180    4.100540    5.954960
206    opls_146    10.692580    5.180650    7.441820
207    opls_146     9.634730    6.528010    1.493620
208    opls_144     8.582460    2.872880    4.432040
209    opls_146     9.403680    0.576250    3.423010
210    opls_146    10.798360   -0.320140    1.800160
211    opls_146    12.936320    3.084450    1.760340
212    opls_146    11.541630    3.978050    3.383190
213    opls_563    13.765890    2.594500    4.045860
214    opls_562    12.401830    2.903500    6.085690
215    opls_146     7.858670    8.471100    7.519960
216    opls_146     6.800820    9.818460    5.954960
217    opls_146     3.226420    8.738350    7.441820
218    opls_146     4.284270    7.390990    1.493620
219    opls_144     5.336540   11.046120    4.432040
220    opls_146     4.515320   13.342750    3.423010
221    opls_146     3.120640   14.239140    1.800160
222    opls_146     0.982680   10.834550    1.760340
223    opls_146     2.377370    9.940950    3.383190
224    opls_563     0.153110   11.324500    4.045860
225    opls_562     1.517170   11.015500    6.085690
226    opls_750    10.191490    9.765570    5.657440
227    opls_559    13.008700   14.564840    6.243470
228    opls_557    11.650200   12.969720    5.304320
229    opls_750     3.727510    4.153430    5.657440
230    opls_559     0.910300   27.192160    6.243470
231    opls_557     2.268800    0.949280    5.304320
232    opls_750    18.072430   24.110490    1.900840
233    opls_559    13.273160   26.927700    2.486870
234    opls_557    14.868280   25.569200    1.547720
235    opls_750    23.684570   17.646510    1.900840
236    opls_559     0.645840   14.829300    2.486870
237    opls_557    26.888720   16.187800    1.547720
238    opls_750    17.646510   18.072430    1.855760
239    opls_559    14.829300   13.273160    1.269730
240    opls_557    16.187800   14.868280    2.208880
241    opls_750    24.110490   23.684570    1.855760
242    opls_559    26.927700    0.645840    1.269730
243    opls_557    25.569200   26.888720    2.208880
244    opls_750     9.765570    3.727510    5.612360
245    opls_559    14.564840    0.910300    5.026330
246    opls_557    12.969720    2.268800    5.965480
247    opls_750     4.153430   10.191490    5.612360
248    opls_559    27.192160   13.008700    5.026330
249    opls_557     0.949280   11.650200    5.965480
