0      opls_700    21.386520   11.968260    1.989420
1      opls_145    22.691630   11.521340    2.049240
2      opls_166    -6.144460   12.400160    2.167180
3      opls_234    20.318970   10.975240    1.856430
4      opls_142    16.962920   10.612470    0.822890
5      opls_700    15.940510    9.593040    0.777400
6      opls_145    16.271950    8.253050    0.770880
7      opls_181    19.457270   14.972690    1.590510
8      opls_700    -6.395310   13.766310    2.121120
9      opls_145    -7.702210   14.210120    2.148670
10     opls_166    21.133120   13.331040    2.082230
11     opls_234    -5.326260   14.765540    2.093030
12     opls_142    -1.958700   15.226450    1.143530
13     opls_700    -0.963950   16.273580    1.126580
14     opls_145    -1.332310   17.603990    1.121860
15     opls_181    -4.599860   10.697920    2.909360
16     opls_700     8.841220   12.537140    1.989420
17     opls_145     8.575720   13.890860    2.049240
18     opls_166     7.283020   14.372220    2.167180
19     opls_234    10.234980   12.109120    1.856430
20     opls_142    12.227170    9.384080    0.822890
21     opls_700    13.621220    9.008370    0.777400
22     opls_145    14.615970    9.965390    0.770880
23     opls_181     7.203940    9.364140    1.590510
24     opls_700     6.225330   13.471900    2.121120
25     opls_145     6.494430   12.118180    2.148670
26     opls_166     7.787720   11.636300    2.082230
27     opls_234     4.825450   13.898110    2.093030
28     opls_142     2.742510   16.584040    1.143530
29     opls_700     1.338290   16.921950    1.126580
30     opls_145     0.370300   15.937740    1.121860
31     opls_181     7.984910   16.561000    2.909360
32     opls_700    14.621210    1.388150    1.989420
33     opls_145    13.581610    0.481360    2.049240
34     opls_166    -1.138570   25.014730    2.167180
35     opls_234    14.295000    2.809190    1.856430
36     opls_142    15.658860    5.897000    0.822890
37     opls_700    15.287210    7.292140    0.777400
38     opls_145    13.961030    7.675110    0.770880
39     opls_181    18.187740    1.556720    1.590510
40     opls_700     0.169980   24.548900    2.121120
41     opls_145     1.207780   25.458800    2.148670
42     opls_166    15.928100    0.926210    2.082230
43     opls_234     0.500810   23.123460    2.093030
44     opls_142    -0.783810   19.976620    1.143530
45     opls_700    -0.374340   18.591570    1.126580
46     opls_145     0.962010   18.245370    1.121860
47     opls_181    -3.385050   24.528190    2.909360
48     opls_238    19.137940   11.274050    1.271970
49     opls_750    18.146030   10.319880    1.200020
50     opls_238    -4.128940   14.507900    1.522570
51     opls_750    -3.154680   15.482270    1.506300
52     opls_238    10.566710   10.936920    1.271970
53     opls_750    11.889010   10.554990    1.200020
54     opls_238     4.449910   15.063830    1.522570
55     opls_750     3.118950   15.420390    1.506300
56     opls_238    15.144290    3.682580    1.271970
57     opls_750    14.813910    5.018690    1.200020
58     opls_238    -0.320970   22.215370    1.522570
59     opls_750     0.035730   20.884450    1.506300
60     opls_236    20.510320    9.857160    2.261790
61     opls_179    19.833100   13.779000    2.254080
62     opls_236    -5.536300   15.858510    2.557160
63     opls_179    -4.837710   11.951950    2.301570
64     opls_236    11.107590   12.833880    2.261790
65     opls_179     8.049790   10.286470    2.254080
66     opls_236     3.983930   13.169720    2.557160
67     opls_179     7.017810   15.728000    2.301570
68     opls_236    13.231040    3.202510    2.261790
69     opls_179    16.966060    1.828080    2.254080
70     opls_236     1.552370   22.758880    2.557160
71     opls_179    -2.180110   24.107160    2.301570
72     opls_146    22.879090   10.476270    1.981370
73     opls_910    18.980820   12.183180    0.813340
74     opls_144    16.707580   11.623360    0.592500
75     opls_146    14.362430   11.000620    0.777510
76     opls_146    -7.892520   15.252860    2.246330
77     opls_910    -3.952990   13.627260    1.013390
78     opls_144    -1.676750   14.228510    0.888420
79     opls_146     0.652250   14.909770    1.120770
80     opls_185    20.230170   15.364720    0.912570
81     opls_185    19.209850   15.746130    2.332180
82     opls_185    18.555360   14.777710    0.994810
83     opls_185    -3.686580   10.770680    3.515010
84     opls_185    -4.430930    9.928880    2.141540
85     opls_185    -5.417900   10.377880    3.567460
86     opls_146     9.387030   14.575740    1.981370
87     opls_910     9.857950   10.346290    0.813340
88     opls_144    11.479390    8.657510    0.592500
89     opls_146    13.191270    6.937920    0.777510
90     opls_146     5.686550   11.432000    2.246330
91     opls_910     5.124590   15.656540    1.013390
92     opls_144     3.465780   17.327190    0.888420
93     opls_146     1.711290   19.003540    1.120770
94     opls_185     6.477980    9.837480    0.912570
95     opls_185     6.657830    8.763160    2.332180
96     opls_185     7.823750    8.680550    0.994810
97     opls_185     7.465260   17.315540    3.515010
98     opls_185     8.566450   17.091820    2.141540
99     opls_185     8.671100   16.012570    3.567460
100    opls_146    12.582820    0.841540    1.981370
101    opls_910    16.010180    3.364090    0.813340
102    opls_144    16.661980    5.612690    0.592500
103    opls_146    17.295250    7.955020    0.777510
104    opls_146     2.205970   25.102250    2.246330
105    opls_910    -1.171600   22.503310    1.013390
106    opls_144    -1.789020   20.231410    0.888420
107    opls_146    -2.363540   17.873800    1.120770
108    opls_185    18.140800    0.691360    0.912570
109    opls_185    18.981270    1.384270    2.332180
110    opls_185    18.469840    2.435290    0.994810
111    opls_185    -3.778670   23.700890    3.515010
112    opls_185    -4.135520   24.766410    2.141540
113    opls_185    -3.253190   25.396660    3.567460
