0      opls_145    12.902670   11.760250    0.000000
1      opls_145    19.159990    5.293910    0.000000
2      opls_145    21.631340   13.946080    0.000000
3      opls_145     4.995330   19.239990    0.000000
4      opls_145    -1.261990   25.706330    0.000000
5      opls_145    -3.733340   17.054160    0.000000
6      opls_700    12.880830   13.164560    0.000000
7      opls_700    17.954920    4.572540    0.000000
8      opls_700    22.858610   13.263140    0.000000
9      opls_700     5.017530   17.835680    0.000000
10     opls_700    -0.056920   26.427710    0.000000
11     opls_700    -4.960610   17.737100    0.000000
12     opls_507     9.602990   14.294210    0.000000
13     opls_507    18.615170    1.169640    0.000000
14     opls_507    25.475300   15.536700    0.000000
15     opls_507     8.295010   16.706030    0.000000
16     opls_507    -0.717170   29.830610    0.000000
17     opls_507    -7.577300   15.463540    0.000000
18     opls_145     8.204440   14.255150    0.000000
19     opls_145     1.450450   30.977930    0.000000
20     opls_145    -9.654900   16.767410    0.000000
21     opls_145     9.693560   16.745090    0.000000
22     opls_145    16.447550    0.022320    0.000000
23     opls_145    27.552900   14.232830    0.000000
24     opls_575     7.578550   15.504150    0.000000
25     opls_575     0.681560   29.811700    0.000000
26     opls_575    -8.260640   16.684950    0.000000
27     opls_575    10.319450   15.496090    0.000000
28     opls_575    17.216440    1.188550    0.000000
29     opls_575    26.158640   14.315290    0.000000
30     opls_572     6.221700   17.132600    0.000000
31     opls_572    -0.050110   27.822100    0.000000
32     opls_572    -6.171590   17.045790    0.000000
33     opls_572    11.676300   13.867650    0.000000
34     opls_572    17.948110    3.178150    0.000000
35     opls_572    24.069410   13.954760    0.000000
36     opls_145     3.802790   17.131670    0.000000
37     opls_145     1.159970   25.728030    0.000000
38     opls_145    -4.963290   19.141100    0.000000
39     opls_145    14.095210   13.868580    0.000000
40     opls_145    16.738030    5.272210    0.000000
41     opls_145    22.861290   11.859140    0.000000
42     opls_145     2.589840   17.824520    0.000000
43     opls_145     1.166590   24.330850    0.000000
44     opls_145    -3.756610   19.845430    0.000000
45     opls_145    15.308520   13.175720    0.000000
46     opls_145    16.731410    6.669390    0.000000
47     opls_145    21.654610   11.154820    0.000000
48     opls_145    14.123850   11.079800    0.000000
49     opls_145    19.138690    6.691710    0.000000
50     opls_145    20.431460   13.228730    0.000000
51     opls_145     3.774150   19.920450    0.000000
52     opls_145    -1.240690   24.308530    0.000000
53     opls_145    -2.533460   17.771510    0.000000
54     opls_700    15.383330   11.750950    0.000000
55     opls_700    17.927890    7.446570    0.000000
56     opls_700    20.383320   11.802410    0.000000
57     opls_700     2.514670   19.249290    0.000000
58     opls_700    -0.029890   23.553680    0.000000
59     opls_700    -2.485320   19.197830    0.000000
60     opls_700    16.633860   11.046320    0.000000
61     opls_700    17.912680    8.882190    0.000000
62     opls_700    19.147460   11.071740    0.000000
63     opls_700     1.264140   19.953930    0.000000
64     opls_700    -0.014680   22.118060    0.000000
65     opls_700    -1.249460   19.928510    0.000000
66     opls_145    17.884040   11.705690    0.000000
67     opls_145    16.716550    9.635190    0.000000
68     opls_145    19.093410    9.659370    0.000000
69     opls_145     0.013960   19.294550    0.000000
70     opls_145     1.181450   21.365060    0.000000
71     opls_145    -1.195410   21.340880    0.000000
72     opls_146    12.030860   11.221160    0.000000
73     opls_146    20.062760    4.808450    0.000000
74     opls_146    21.600380   14.970640    0.000000
75     opls_146     5.867140   19.779090    0.000000
76     opls_146    -2.164760   26.191800    0.000000
77     opls_146    -3.702380   16.029610    0.000000
78     opls_146     7.674300   13.385290    0.000000
79     opls_146     2.468670   30.954050    0.000000
80     opls_146   -10.143510   17.661460    0.000000
81     opls_146    10.223700   17.614960    0.000000
82     opls_146    15.429330    0.046190    0.000000
83     opls_146    28.041510   13.338790    0.000000
84     opls_146     3.794020   16.105250    0.000000
85     opls_146     2.053440   26.233340    0.000000
86     opls_146    -5.847460   19.661910    0.000000
87     opls_146    14.103980   14.895000    0.000000
88     opls_146    15.844560    4.766910    0.000000
89     opls_146    23.745460   11.338340    0.000000
90     opls_146     1.774050   17.221880    0.000000
91     opls_146     2.096390   23.925680    0.000000
92     opls_146    -3.870440   20.852940    0.000000
93     opls_146    16.123950   13.778370    0.000000
94     opls_146    15.801610    7.074570    0.000000
95     opls_146    21.768440   10.147310    0.000000
96     opls_146    14.030420   10.069810    0.000000
97     opls_146    20.060260    7.115490    0.000000
98     opls_146    19.603860   13.814640    0.000000
99     opls_146     3.867580   20.930440    0.000000
100    opls_146    -2.162260   23.884760    0.000000
101    opls_146    -1.705860   17.185610    0.000000
102    opls_146    17.874370   12.700800    0.000000
103    opls_146    15.859420    9.129570    0.000000
104    opls_146    19.959670    9.170180    0.000000
105    opls_146     0.023630   18.299440    0.000000
106    opls_146     2.038580   21.870670    0.000000
107    opls_146    -2.061670   21.830060    0.000000
108    opls_573    10.461200   13.283920    0.000000
109    opls_573    19.061190    2.417710    0.000000
110    opls_573    24.171610   15.298620    0.000000
111    opls_573     7.436800   17.716330    0.000000
112    opls_573    -1.163190   28.582540    0.000000
113    opls_573    -6.273610   15.701620    0.000000
114    opls_180     6.274860   15.776950    0.000000
115    opls_180     1.097150   28.546270    0.000000
116    opls_180    -7.372190   17.677580    0.000000
117    opls_180    11.623140   15.223290    0.000000
118    opls_180    16.800670    2.454290    0.000000
119    opls_180    25.270540   13.322670    0.000000
