0      opls_700     1.212020    0.773570    0.037000
1      opls_700    29.868560    1.436060    0.079580
2      opls_700    28.652780    0.698090    0.067110
3      opls_700    43.645250   25.298800    0.064140
4      opls_700    14.988500   24.620050    0.102800
5      opls_700    16.189230   25.363900    0.022390
6      opls_142    17.334840   24.738300    6.763080
7      opls_142    29.738390    2.891330    0.192780
8      opls_142    42.285050   24.446920    6.780100
9      opls_145    30.205860    5.110490    6.793670
10     opls_700    31.332280    5.967230    6.881310
11     opls_145    28.920910    5.685700    6.757020
12     opls_145    31.293600    7.353580    0.062700
13     opls_145    28.744680    7.061480    6.799050
14     opls_700    30.016750    7.946250    0.006750
15     opls_145    18.931540   23.026490    6.849000
16     opls_700    19.115800   21.619960    6.845410
17     opls_145    20.075960   23.850880    6.831770
18     opls_145    20.413070   21.108290    6.842520
19     opls_145    21.353360   23.314530    6.804700
20     opls_700    21.563380   21.919680    6.817300
21     opls_145    40.202720   23.863340    0.096660
22     opls_700    38.897040   24.408440    0.015980
23     opls_145    40.353750   22.463590    0.082400
24     opls_145    37.640930   23.528340    6.815990
25     opls_145    39.082950   21.611310    6.889580
26     opls_700    37.772240   22.125180    6.819510
27     opls_700    29.680590    9.404870    6.888130
28     opls_145    30.785040   10.272320    6.775760
29     opls_145    28.576020   10.013980    0.048160
30     opls_145    30.616680   11.649300    6.717060
31     opls_700    28.204640   11.378290    6.849690
32     opls_145    29.334140   12.226480    6.752330
33     opls_700    22.922410   21.334930    6.802700
34     opls_145    24.076010   22.142270    6.868010
35     opls_145    24.405820   19.409190    6.623630
36     opls_700    25.370660   21.633840    6.789540
37     opls_145    25.544490   20.233730    6.675790
38     opls_700    36.585850   21.239430    6.817300
39     opls_145    35.446460   21.766290    0.007850
40     opls_145    36.713260   19.836560    6.803110
41     opls_145    34.344240   20.927770    0.084190
42     opls_700    35.796150   18.980810    0.000070
43     opls_145    34.492540   19.527480    0.083710
44     opls_700    28.693960   16.557240    0.109820
45     opls_700    28.633110   17.974730    0.093080
46     opls_700    29.819070   18.743540    0.017020
47     opls_142    27.319820   18.622520    0.221850
48     opls_700    30.899320   18.074630    6.837280
49     opls_142    32.092170   18.910750    6.639410
50     opls_700    31.152740   16.675740    0.024110
51     opls_700    29.959060   15.920960    0.109750
52     opls_142    30.084370   14.459820    0.259470
53     opls_148    27.187740    1.447430    6.879790
54     opls_148     2.507260    1.536980    0.089080
55     opls_148    15.007190   23.125610    0.259680
56     opls_148    29.790480   20.248260    0.109000
57     opls_148    32.311750   15.960820    6.822260
58     opls_148    27.433100   15.735490    0.107690
59     opls_145    23.127250   19.946270    6.679990
60     opls_148    38.694870   25.896910    0.023560
61     opls_148    17.934720   20.691820    6.840590
62     opls_148    35.825690   17.481720    6.881590
63     opls_148    26.819090   11.958890    6.860500
64     opls_148    32.732120    5.416010    6.878760
65     opls_148    26.561990   22.548390    6.839490
66     opls_700    43.550350   25.220460    3.551130
67     opls_700    14.912460   24.580270    3.552440
68     opls_700    16.109640   25.336580    3.482300
69     opls_700     1.082800    0.733580    3.454540
70     opls_700    29.734920    1.393430    3.518410
71     opls_700    28.548490    0.626000    3.546720
72     opls_142    27.236480    1.267320    3.654200
73     opls_142    15.045120   23.125920    3.682930
74     opls_142     2.264440    1.578240    3.280300
75     opls_145    14.414600   20.902560    3.359390
76     opls_700    13.285850   20.051250    3.462810
77     opls_145    15.696350   20.327280    3.277680
78     opls_145    13.488980   18.674800    3.518200
79     opls_145    15.865780   18.950610    3.311230
80     opls_700    14.764580   18.080530    3.437240
81     opls_145    25.647620    2.917960    3.258250
82     opls_700    25.482980    4.320440    3.356980
83     opls_145    24.506290    2.098110    3.204510
84     opls_145    24.189680    4.835390    3.423190
85     opls_145    23.230540    2.641190    3.250050
86     opls_700    23.032950    4.031680    3.363250
87     opls_145     4.513960    2.147810    3.524810
88     opls_700     5.815070    1.594370    3.445990
89     opls_145     4.368490    3.548130    3.508000
90     opls_145     6.903940    2.459710    3.358910
91     opls_145     5.471860    4.383800    3.427600
92     opls_700     6.780770    3.862850    3.365250
93     opls_700    14.935040   16.611830    3.430220
94     opls_145    13.837650   15.733530    3.323430
95     opls_145    16.212540   16.022290    3.483750
96     opls_145    14.019670   14.358040    3.271060
97     opls_700    16.426700   14.647360    3.401350
98     opls_145    15.306240   13.784640    3.308750
99     opls_700    21.676740    4.621610    3.396660
100    opls_145    20.524450    3.813360    3.405280
101    opls_145    20.192980    6.551330    3.523500
102    opls_700    19.228870    4.324170    3.466730
103    opls_145    19.049040    5.728510    3.533290
104    opls_700     7.971110    4.742590    3.382750
105    opls_145     9.279400    4.223510    3.454540
106    opls_145     7.845460    6.144940    3.398590
107    opls_145    10.383110    5.059670    3.559950
108    opls_700     8.932020    7.007870    3.514070
109    opls_145    10.234150    6.457820    3.599360
110    opls_700    16.054690    9.439600    3.506760
111    opls_700    16.100370    8.021690    3.460460
112    opls_700    14.903850    7.267000    3.491600
113    opls_142    17.423620    7.397390    3.290840
114    opls_700    13.655120    7.937950    3.452130
115    opls_142    12.452600    7.102700    3.261550
116    opls_700    13.594000    9.349390    3.476170
117    opls_700    14.802300   10.097460    3.518960
118    opls_142    14.674010   11.557680    3.622650
119    opls_148    17.437600   24.641990    3.341130
120    opls_148    42.283390   24.416940    3.528950
121    opls_148    29.718880    2.892120    3.640980
122    opls_148    14.938010    5.764840    3.591230
123    opls_148    12.283590   10.088050    3.379030
124    opls_148    17.343250   10.208340    3.641250
125    opls_145    21.469800    6.015580    3.446890
126    opls_148     6.013710    0.105100    3.454470
127    opls_148    26.680310    5.226680    3.394250
128    opls_148     8.733150    8.497360    3.533080
129    opls_148    17.829580   14.105780    3.390810
130    opls_148    11.900900   20.632060    3.503520
131    opls_148    18.046840    3.398140    3.440140
132    opls_144    18.115790   25.439870    6.438850
133    opls_144    28.813070    3.233150    0.682920
134    opls_144    42.468740   23.506360    6.238010
135    opls_146    32.177660    7.984780    0.152880
136    opls_146    27.731630    7.454130    6.725050
137    opls_146    20.517020   20.023490    6.872350
138    opls_146    22.199140   24.000530    6.785270
139    opls_146    36.649940   23.978970    6.762190
140    opls_146    39.256040   20.536400    6.916520
141    opls_146    31.794970    9.872620    6.698040
142    opls_146    27.689310    9.386900    0.144000
143    opls_146    23.972630   23.221910    6.978520
144    opls_146    35.278190   22.841360    0.046230
145    opls_146    37.703310   19.384290    6.743450
146    opls_144    26.583650   18.113200    0.867150
147    opls_144    31.950550   19.805570    6.007060
148    opls_144    30.911890   14.115170    0.906140
149    opls_146    31.487540   12.293590    6.585260
150    opls_146    24.533770   18.334280    6.487010
151    opls_146    28.047830    5.040490    6.646300
152    opls_146    19.968210   24.936110    6.859260
153    opls_146    22.279250   19.267970    6.601380
154    opls_146    33.348070   21.358630    0.197740
155    opls_146    41.349090   22.029000    0.189880
156    opls_144    26.479000    0.728950    4.242320
157    opls_144    15.949360   22.784050    4.214070
158    opls_144     2.093400    2.517410    2.730770
159    opls_146    12.604720   18.044340    3.617210
160    opls_146    16.873380   18.552780    3.200370
161    opls_146    24.091880    5.916870    3.519510
162    opls_146    22.381440    1.964190    3.173300
163    opls_146     7.893580    2.005070    3.310400
164    opls_146     5.303860    5.459670    3.448610
165    opls_146    12.823360   16.124100    3.251630
166    opls_146    17.093840   16.656330    3.582760
167    opls_146    20.625840    2.728130    3.381370
168    opls_146     9.447660    3.147600    3.459220
169    opls_146     6.856860    6.600000    3.338720
170    opls_144    18.151250    8.016340    2.736140
171    opls_144    12.577410    6.252650    2.566030
172    opls_144    13.756670   11.911190    4.122640
173    opls_146    13.148930   13.711800    3.150630
174    opls_146    20.075480    7.632560    3.612660
175    opls_146    16.565570   20.971330    3.133400
176    opls_146    24.629970    1.021360    3.077390
177    opls_146    22.317070    6.700250    3.445990
178    opls_146    11.379120    4.625610    3.664400
179    opls_146     3.373000    3.984210    3.606110
180    opls_702    15.306350    5.300410    2.662760
181    opls_702    13.953110    5.350080    3.827410
182    opls_702    15.641550    5.458210    4.372050
183    opls_702    11.447370    9.401510    3.247430
184    opls_702    12.301570   10.813310    2.552940
185    opls_702    12.076680   10.652640    4.302260
186    opls_702    17.743890   10.511120    2.661180
187    opls_702    18.107250    9.619880    4.163080
188    opls_702    17.178840   11.140050    4.190020
189    opls_702    28.945360   20.584690    0.718120
190    opls_702    29.651580   20.718840   -0.875550
191    opls_702    30.714250   20.634890    0.555110
192    opls_702    32.954920   16.440390    6.074650
193    opls_702    32.201460   14.905110    6.554530
194    opls_702    32.863900   16.031640    7.770710
195    opls_702    27.501910   14.897530    0.811340
196    opls_702    27.285110   15.275570   -0.879550
197    opls_702    26.540820   16.321980    0.341040
198    opls_702    15.201840   22.612310   -0.694560
199    opls_702    14.072930   22.748520    0.684710
200    opls_702    15.828370   22.826980    0.914550
201    opls_702    26.340560    0.783600    6.701620
202    opls_702    27.228940    2.219180    6.099730
203    opls_702    26.987720    1.960210    7.833620
204    opls_702     2.962390    1.613220   -0.909450
205    opls_702     3.235770    1.053910    0.750640
206    opls_702     2.342760    2.561630    0.422760
207    opls_702    42.380270   23.492310    4.102660
208    opls_702    42.060090   24.100680    2.502300
209    opls_702    41.413330   24.973840    3.886390
210    opls_702    18.048510   25.140830    2.579880
211    opls_702    17.335600   23.594390    3.046390
212    opls_702    18.025490   24.696460    4.265530
213    opls_702    28.823110    3.236230    4.163630
214    opls_702    29.693120    3.384280    2.657940
215    opls_702    30.593440    3.254140    4.191120
216    opls_702     5.788730   -0.341300    2.472670
217    opls_702     5.337930   -0.377800    4.172320
218    opls_702     7.050580   -0.153350    3.706080
219    opls_702    27.304330    5.096730    2.497270
220    opls_702    27.334070    5.011500    4.251820
221    opls_702    26.375920    6.279330    3.459220
222    opls_702     7.678330    8.750730    3.698710
223    opls_702     9.045870    8.954360    2.581050
224    opls_702     9.344330    8.959930    4.320790
225    opls_702    18.158250   13.906330    2.358300
226    opls_702    17.912360   13.159600    3.936340
227    opls_702    18.527740   14.829290    3.832510
228    opls_702    11.141040   19.839950    3.507860
229    opls_702    11.724090   21.283500    2.634720
230    opls_702    11.739260   21.261480    4.391200
231    opls_702    18.326020    2.395300    3.789380
232    opls_702    17.648430    3.297260    2.417760
233    opls_702    17.230110    3.786570    4.061180
234    opls_702    37.642970   26.152330    0.204080
235    opls_702    38.989240   26.351310   -0.936110
236    opls_702    39.316240   26.375380    0.791980
237    opls_702    35.606000   17.052510    5.891180
238    opls_702    35.142760   16.997010    7.592270
239    opls_702    36.861250   17.222750    7.137820
240    opls_702    18.222050   19.688210    7.180740
241    opls_702    17.508980   20.590660    5.829380
242    opls_702    17.125110   21.069830    7.476100
243    opls_702    27.196110   22.408800    5.951740
244    opls_702    27.197880   22.339680    7.712630
245    opls_702    26.246110   23.598200    6.891510
246    opls_702    26.061540   11.164960    6.862220
247    opls_702    26.663490   12.600460    5.980680
248    opls_702    26.651170   12.595340    7.741910
249    opls_702    33.053560    5.164780    5.855080
250    opls_702    32.823590    4.495000    7.465360
251    opls_702    33.441460    6.152070    7.279400
252    opls_750    17.788220   23.501550    0.060350
253    opls_750    30.440440    3.738750    6.671720
254    opls_750    41.263930   24.753740    0.281650
255    opls_750    26.840700   19.725890    6.546470
256    opls_750    33.417580   18.651090    0.248860
257    opls_750    29.116500   13.598900    6.606750
258    opls_750    26.945280    2.410890    3.136570
259    opls_750    14.181840   22.272590    3.251150
260    opls_750     3.443320    1.268290    3.697200
261    opls_750    17.749650    6.218610    3.694580
262    opls_750    11.311070    7.326590    3.807980
263    opls_750    15.542140   12.407430    3.187830
