0      opls_145    13.562830   12.064380    0.000000
1      opls_145    19.580530    5.713560    0.000000
2      opls_145    22.071460   14.100770    0.000000
3      opls_145     4.842360   19.814340    0.000000
4      opls_145    -1.175530   26.164830    0.000000
5      opls_145    -3.666640   17.777940    0.000000
6      opls_145     3.666640   17.777940    0.000000
7      opls_145    -4.842360   19.814340    0.000000
8      opls_145     1.175900   26.164830    0.000000
9      opls_145    14.738170   14.100770    0.000000
10     opls_145    23.247170   12.064380    0.000000
11     opls_145    17.229470    5.713560    0.000000
12     opls_145    13.480560   13.469260    0.000000
13     opls_145    18.405000    4.939880    0.000000
14     opls_145    23.329440   13.469260    0.000000
15     opls_145     4.924440   18.409140    0.000000
16     opls_145     0.000000   26.938520    0.000000
17     opls_145    -4.924440   18.409140    0.000000
18     opls_234    10.882320   13.621320    0.000000
19     opls_234    19.572430    2.613710    0.000000
20     opls_234    24.760250   15.643370    0.000000
21     opls_234     7.522680   18.257080    0.000000
22     opls_234    -1.167430   29.264690    0.000000
23     opls_234    -6.355250   16.235030    0.000000
24     opls_234     6.355250   16.235030    0.000000
25     opls_234    -7.522680   18.257080    0.000000
26     opls_234     1.167430   29.264690    0.000000
27     opls_234    12.049750   15.643370    0.000000
28     opls_234    25.927680   13.621320    0.000000
29     opls_234    17.237570    2.613710    0.000000
30     opls_700     9.889560   14.742800    0.000000
31     opls_700    19.097580    1.193210    0.000000
32     opls_700    26.227860   15.942390    0.000000
33     opls_700     8.515440   17.135590    0.000000
34     opls_700    -0.692580   30.685190    0.000000
35     opls_700    -7.822860   15.936010    0.000000
36     opls_700     7.822860   15.936010    0.000000
37     opls_700    -8.515440   17.135590    0.000000
38     opls_700     0.692580   30.685190    0.000000
39     opls_700    10.582140   15.942390    0.000000
40     opls_700    26.920440   14.742800    0.000000
41     opls_700    17.712420    1.193210    0.000000
42     opls_145     8.496480   14.716340    0.000000
43     opls_145    19.817030    0.000000    0.000000
44     opls_145    -9.908520   17.162050    0.000000
45     opls_145     9.908520   17.162050    0.000000
46     opls_145    16.992970    0.000000    0.000000
47     opls_145    -8.496480   14.716340    0.000000
48     opls_523     2.449710   18.451220    0.000000
49     opls_523     1.200930   24.774290    0.000000
50     opls_523    -3.650630   20.531280    0.000000
51     opls_523    15.955290   13.427180    0.000000
52     opls_523    17.204070    7.104100    0.000000
53     opls_523    22.055630   11.347110    0.000000
54     opls_523    14.754370   11.347110    0.000000
55     opls_523    20.854710   13.427180    0.000000
56     opls_523    19.605930    7.104100    0.000000
57     opls_523     3.650630   20.531280    0.000000
58     opls_523    -2.449710   18.451220    0.000000
59     opls_523    -1.200930   24.774290    0.000000
60     opls_700    16.029100   11.998070    0.000000
61     opls_700    18.405180    7.882570    0.000000
62     opls_700    20.780900   11.998070    0.000000
63     opls_700     2.376090   19.880640    0.000000
64     opls_700     0.000180   23.995820    0.000000
65     opls_700    -2.376090   19.880640    0.000000
66     opls_531    17.252660   11.291650    0.000000
67     opls_531    18.405180    9.295420    0.000000
68     opls_531    19.557340   11.291650    0.000000
69     opls_531     1.152150   20.587070    0.000000
70     opls_531    -0.000180   22.582970    0.000000
71     opls_531    -1.152520   20.587070    0.000000
72     opls_146    12.664300   11.432550    0.000000
73     opls_146    20.576970    5.251330    0.000000
74     opls_146    21.973730   15.194520    0.000000
75     opls_146     5.740700   20.445850    0.000000
76     opls_146    -2.171970   26.627070    0.000000
77     opls_146    -3.568730   16.683880    0.000000
78     opls_146     3.568730   16.683880    0.000000
79     opls_146    -5.740700   20.445850    0.000000
80     opls_146     2.171970   26.627070    0.000000
81     opls_146    14.836270   15.194520    0.000000
82     opls_146    24.145700   11.432550    0.000000
83     opls_146    16.233030    5.251330    0.000000
84     opls_146     7.946910   13.764450    0.000000
85     opls_146    20.916180    0.000000    0.000000
86     opls_146   -10.458090   18.113940    0.000000
87     opls_146    10.458090   18.113940    0.000000
88     opls_146    15.893820    0.000000    0.000000
89     opls_146    -7.946910   13.764450    0.000000
90     opls_526     1.519520   17.861460    0.000000
91     opls_526     2.176760   24.263600    0.000000
92     opls_526    -3.696280   21.631720    0.000000
93     opls_526    16.885480   14.016930    0.000000
94     opls_526    16.228240    7.614790    0.000000
95     opls_526    22.101280   10.246670    0.000000
96     opls_526    14.708720   10.246670    0.000000
97     opls_526    19.924520   14.016930    0.000000
98     opls_526    20.581760    7.614790    0.000000
99     opls_526     3.696280   21.631720    0.000000
100    opls_526    -1.519520   17.861460    0.000000
101    opls_526    -2.176760   24.263600    0.000000
102    opls_542     6.218130   17.662220    0.000000
103    opls_542     0.000000   28.432340    0.000000
104    opls_542    -6.218130   17.662220    0.000000
105    opls_542    12.186870   14.216170    0.000000
106    opls_542    18.405000    3.446050    0.000000
107    opls_542    24.623130   14.216170    0.000000
108    opls_520    18.405000   12.011140    0.000000
109    opls_520    17.205550    9.933630    0.000000
110    opls_520    19.604450    9.933630    0.000000
111    opls_520     0.000000   19.867250    0.000000
112    opls_520     1.199450   21.944770    0.000000
113    opls_520    -1.199450   21.944770    0.000000
114    opls_236    10.662570   12.438630    0.000000
115    opls_236    20.706360    3.015060    0.000000
116    opls_236    23.845520   16.425020    0.000000
117    opls_236     7.742430   19.439760    0.000000
118    opls_236    -2.301360   28.863340    0.000000
119    opls_236    -5.440520   15.453370    0.000000
120    opls_236     5.440890   15.453370    0.000000
121    opls_236    -7.742060   19.439760    0.000000
122    opls_236     2.301730   28.863340    0.000000
123    opls_236    12.964110   16.425020    0.000000
124    opls_236    26.147060   12.438630    0.000000
125    opls_236    16.103270    3.015060    0.000000
