0      opls_700    30.819270    1.766750   18.104660
1      opls_145    29.570550    1.766750   18.784140
2      opls_700    28.287580    1.766750   18.161590
3      opls_145    28.327070    1.766750   16.738990
4      opls_700    29.500220    1.766750   15.940490
5      opls_145    30.703970    1.766750   16.691380
6      opls_700    29.484170    1.766750   14.492530
7      opls_145    30.677080    1.766750   13.704380
8      opls_145    30.676280    1.766750   12.298340
9      opls_145    29.475190    1.766750   11.574360
10     opls_145    28.271820    1.766750   12.307130
11     opls_145    28.282520    1.766750   13.717830
12     opls_700    27.043650    1.766750   18.901610
13     opls_145    25.753490    1.766750   18.283720
14     opls_145    24.548400    1.766750   19.013390
15     opls_145    24.551190    1.766750   20.415290
16     opls_145    25.800770    1.766750   21.065790
17     opls_145    26.997910    1.766750   20.328350
18     opls_700    32.103930    1.766750   18.772240
19     opls_145    33.349250    1.766750   18.068960
20     opls_145    34.601160    1.766750   18.706000
21     opls_145    34.696050    1.766750   20.109970
22     opls_145    33.497920    1.766750   20.841190
23     opls_145    32.245820    1.766750   20.192770
24     opls_700    21.745530    1.766750   22.863060
25     opls_523    21.520120    1.766750   24.254090
26     opls_522    20.214430    1.766750   24.774180
27     opls_521    19.049050    1.766750   23.951350
28     opls_522    19.314550    1.766750   22.548940
29     opls_523    20.618800    1.766750   22.018500
30     opls_521    16.550270    1.766750   23.687950
31     opls_522    15.248930    1.766750   24.222520
32     opls_700    14.975540    1.766750   25.615110
33     opls_522    16.143350    1.766750   26.430170
34     opls_521    17.446850    1.766750   25.895080
35     opls_142    23.060870    1.766750   22.362640
36     opls_700    51.389280    1.766750   30.523060
37     opls_523    50.089590    1.766750   31.070570
38     opls_522    48.952120    1.766750   30.244130
39     opls_521    49.022810    1.766750   28.819460
40     opls_522    50.350260    1.766750   28.296780
41     opls_523    51.498670    1.766750   29.116500
42     opls_521    47.895420    1.766750   26.564720
43     opls_522    46.740280    1.766750   25.753800
44     opls_700    45.418380    1.766750   26.283200
45     opls_522    45.371680    1.766750   27.702700
46     opls_521    46.524820    1.766750   28.509990
47     opls_142    52.506570    1.766750   31.383660
48     opls_700    28.937890    1.766750    7.880460
49     opls_523    27.907370    1.766750    6.918430
50     opls_522    28.196660    1.766750    5.541370
51     opls_521    29.525100    1.766750    5.024900
52     opls_522    30.545450    1.766750    6.022640
53     opls_523    30.265780    1.766750    7.403840
54     opls_521    31.122340    1.766750    3.083250
55     opls_522    31.398680    1.766750    1.701530
56     opls_700    30.382210    1.766750    0.706380
57     opls_522    29.062610    1.766750    1.231130
58     opls_521    28.787200    1.766750    2.612330
59     opls_142    28.625400    1.766750    9.257520
60     opls_700    58.829900    1.766750   33.645120
61     opls_145    60.078610    1.766750   32.965650
62     opls_700    61.361580    1.766750   33.588200
63     opls_145    61.322090    1.766750   35.010800
64     opls_700    60.148950    1.766750   35.809300
65     opls_145    58.945190    1.766750   35.058410
66     opls_700    60.164990    1.766750   37.257260
67     opls_145    58.972980    1.766750   38.045930
68     opls_145    58.972890    1.766750   39.451450
69     opls_145    60.173970    1.766750   40.175430
70     opls_145    61.377350    1.766750   39.442650
71     opls_145    61.366640    1.766750   38.031950
72     opls_700    62.605510    1.766750   32.848180
73     opls_145    63.896280    1.766750   33.466070
74     opls_145    65.101370    1.766750   32.736400
75     opls_145    65.097970    1.766750   31.334500
76     opls_145    63.849000    1.766750   30.684000
77     opls_145    62.651860    1.766750   31.421440
78     opls_700    57.545230    1.766750   32.977550
79     opls_145    56.299920    1.766750   33.680830
80     opls_145    55.048000    1.766750   33.043790
81     opls_145    54.953110    1.766750   31.639820
82     opls_145    56.151240    1.766750   30.908600
83     opls_145    57.403350    1.766750   31.557020
84     opls_700    67.903630    1.766750   28.886730
85     opls_523    68.129040    1.766750   27.495700
86     opls_522    69.434730    1.766750   26.975610
87     opls_521    70.600120    1.766750   27.798430
88     opls_522    70.334610    1.766750   29.200850
89     opls_523    69.030370    1.766750   29.731290
90     opls_521    73.098890    1.766750   28.061840
91     opls_522    74.400240    1.766750   27.527260
92     opls_700    74.673620    1.766750   26.134680
93     opls_522    73.505810    1.766750   25.319620
94     opls_521    72.202310    1.766750   25.854710
95     opls_142    66.588290    1.766750   29.387150
96     opls_700    38.260490    1.766750   21.226730
97     opls_523    39.559570    1.766750   20.679220
98     opls_522    40.697040    1.766750   21.505660
99     opls_521    40.626350    1.766750   22.930330
100    opls_522    39.298900    1.766750   23.453000
101    opls_523    38.151100    1.766750   22.633290
102    opls_521    41.753740    1.766750   25.185070
103    opls_522    42.908880    1.766750   25.995990
104    opls_700    44.230790    1.766750   25.466590
105    opls_522    44.276870    1.766750   24.047090
106    opls_521    43.124340    1.766750   23.239790
107    opls_142    37.142600    1.766750   20.366130
108    opls_700    60.711280    1.766750   43.869330
109    opls_523    61.742080    1.766750   44.831880
110    opls_522    61.452500    1.766750   46.208420
111    opls_521    60.124670    1.766750   46.724880
112    opls_522    59.103710    1.766750   45.727150
113    opls_523    59.384000    1.766750   44.345950
114    opls_521    58.526820    1.766750   48.666540
115    opls_522    58.250190    1.766750   50.047740
116    opls_700    59.266960    1.766750   51.043400
117    opls_522    60.587160    1.766750   50.518660
118    opls_521    60.861960    1.766750   49.137460
119    opls_142    61.023760    1.766750   42.492270
120    opls_146    29.652730    1.766750   19.921080
121    opls_146    27.356290    1.766750   16.142310
122    opls_146    31.709620    1.766750   16.155250
123    opls_146    31.663830    1.766750   14.273630
124    opls_146    31.663660    1.766750   11.728050
125    opls_146    27.271120    1.766750   11.760140
126    opls_146    27.299750    1.766750   14.295360
127    opls_146    25.729420    1.766750   17.143670
128    opls_146    23.549320    1.766750   18.463810
129    opls_146    25.850240    1.766750   22.204280
130    opls_146    28.000630    1.766750   20.870170
131    opls_146    33.289410    1.766750   16.930460
132    opls_146    35.556840    1.766750   18.085000
133    opls_146    33.524760    1.766750   21.980720
134    opls_146    31.285480    1.766750   20.807550
135    opls_526    22.414820    1.766750   24.960480
136    opls_525    20.049730    1.766750   25.901800
137    opls_525    18.450540    1.766750   21.805290
138    opls_526    20.774420    1.766750   20.888800
139    opls_524    16.702840    1.766750   22.558250
140    opls_525    14.346560    1.766750   23.525450
141    opls_525    16.046100    1.766750   27.566080
142    opls_524    18.349210    1.766750   26.592150
143    opls_144    23.904510    1.766750   23.129050
144    opls_526    49.971060    1.766750   32.204410
145    opls_525    47.910690    1.766750   30.707810
146    opls_525    50.519520    1.766750   27.169670
147    opls_526    52.535850    1.766750   28.644030
148    opls_524    48.929240    1.766750   26.083960
149    opls_525    46.841480    1.766750   24.618410
150    opls_525    44.366600    1.766750   28.239860
151    opls_524    46.425740    1.766750   29.645900
152    opls_144    52.290290    1.766750   32.503010
153    opls_526    26.823890    1.766750    7.272920
154    opls_525    27.347620    1.766750    4.780650
155    opls_525    31.643370    1.766750    5.715250
156    opls_526    31.119610    1.766750    8.158870
157    opls_524    31.978080    1.766750    3.836210
158    opls_525    32.479170    1.766750    1.337210
159    opls_525    28.167630    1.766750    0.524230
160    opls_524    27.707580    1.766750    2.978200
161    opls_144    27.523010    1.766750    9.545770
162    opls_146    59.996430    1.766750   31.828710
163    opls_146    62.292880    1.766750   35.607480
164    opls_146    57.939540    1.766750   35.594540
165    opls_146    57.985330    1.766750   37.476160
166    opls_146    57.985500    1.766750   40.021730
167    opls_146    62.378050    1.766750   39.989650
168    opls_146    62.349410    1.766750   37.454430
169    opls_146    63.919740    1.766750   34.606120
170    opls_146    66.099840    1.766750   33.285980
171    opls_146    63.798930    1.766750   29.545510
172    opls_146    61.648530    1.766750   30.879620
173    opls_146    56.359750    1.766750   34.819330
174    opls_146    54.092320    1.766750   33.664790
175    opls_146    56.124410    1.766750   29.769070
176    opls_146    58.363680    1.766750   30.942230
177    opls_526    67.234350    1.766750   26.789310
178    opls_525    69.599430    1.766750   25.847980
179    opls_525    71.198630    1.766750   29.944500
180    opls_526    68.874750    1.766750   30.860990
181    opls_524    72.946330    1.766750   29.191540
182    opls_525    75.302600    1.766750   28.224330
183    opls_525    73.603060    1.766750   24.183710
184    opls_524    71.299950    1.766750   25.157640
185    opls_144    65.744650    1.766750   28.620740
186    opls_526    39.678720    1.766750   19.545380
187    opls_525    41.738470    1.766750   21.041980
188    opls_525    39.129640    1.766750   24.580110
189    opls_526    37.113310    1.766750   23.105760
190    opls_524    40.719920    1.766750   25.665820
191    opls_525    42.808290    1.766750   27.131380
192    opls_525    45.282560    1.766750   23.509930
193    opls_524    43.223420    1.766750   22.103890
194    opls_144    37.358870    1.766750   19.246780
195    opls_526    62.825280    1.766750   44.476870
196    opls_525    62.301550    1.766750   46.969140
197    opls_525    58.005790    1.766750   46.034540
198    opls_526    58.529560    1.766750   43.590920
199    opls_524    57.671080    1.766750   47.913580
200    opls_525    57.169990    1.766750   50.412570
201    opls_525    61.481530    1.766750   51.225560
202    opls_524    61.941590    1.766750   48.771590
203    opls_144    62.126770    1.766750   42.204020
204    opls_239    17.717330    1.766750   24.498350
205    opls_750    23.348130    1.766750   21.040430
206    opls_239    47.846530    1.766750   27.985770
207    opls_750    53.787090    1.766750   30.941720
208    opls_239    29.802960    1.766750    3.610580
209    opls_750    29.577140    1.766750   10.220580
210    opls_239    71.931830    1.766750   27.251440
211    opls_750    66.301640    1.766750   30.709360
212    opls_239    41.802630    1.766750   23.764020
213    opls_750    35.862070    1.766750   20.808070
214    opls_239    59.846210    1.766750   48.139210
215    opls_750    60.072020    1.766750   41.529210
216    opls_401    54.856600    1.151710   21.225690
217    opls_401    35.575590    2.179460    6.213080
218    opls_401    16.008950    1.722400   18.295100
219    opls_401    34.792560    2.381790   30.524100
220    opls_401    54.073860    1.354070   45.537230
221    opls_401    73.640210    1.811130   33.454690
