0      opls_145    32.522220   20.154310    3.321340
1      opls_700    32.517720   18.749940    3.312210
2      opls_166    33.748120   18.077000    3.197280
3      opls_700    31.232620   18.004870    3.448220
4      opls_145    30.025190   18.555390    2.973310
5      opls_145    28.815280   17.882060    3.153050
6      opls_145    28.795470   16.621170    0.052570
7      opls_145    29.990970   16.053110    0.510090
8      opls_145    31.192110   16.753340    0.384320
9      opls_145    -1.431190   23.540450    0.278320
10     opls_700    -0.701860   24.752220    0.434140
11     opls_700    -1.425330   25.988930    0.482450
12     opls_145    -2.843460   25.947600    0.582400
13     opls_166    -3.497150   24.735060    0.487830
14     opls_166    -2.811720   23.570480    0.290270
15     opls_145    11.304750   18.087920    3.321340
16     opls_700    12.523210   18.786200    3.312210
17     opls_166    12.490800   20.188230    3.197280
18     opls_700    13.811010   18.045810    3.448220
19     opls_145    13.937970   16.724880    2.973310
20     opls_145    15.126270   16.014120    3.153050
21     opls_145    16.227680   16.627410    0.052570
22     opls_145    16.122110   17.946390    0.510090
23     opls_145    14.915130   18.636490    0.384320
24     opls_145     2.838960   25.978790    0.278320
25     opls_700     1.425330   26.004530    0.434140
26     opls_700     0.715590   24.759620    0.482450
27     opls_145     1.460670   23.551760    0.582400
28     opls_166     2.837610   23.591920    0.487830
29     opls_166     3.503230   24.768200    0.290270
30     opls_145    23.703030    0.746240    3.321340
31     opls_700    22.489070    1.452320    3.312210
32     opls_166    21.291080    0.723240    3.197280
33     opls_700    22.486140    2.938170    3.448220
34     opls_145    23.567290    3.708190    2.973310
35     opls_145    23.588230    5.092670    3.153050
36     opls_145    22.506620    5.740270    0.052570
37     opls_145    21.416910    4.988960    0.510090
38     opls_145    21.422770    3.598640    0.384320
39     opls_145    -1.407780   28.457680    0.278320
40     opls_700    -0.723020   27.220190    0.434140
41     opls_700     0.709740   27.228370    0.482450
42     opls_145     1.383460   28.477170    0.582400
43     opls_166     0.660220   29.649560    0.487830
44     opls_166    -0.691510   29.638250    0.290270
45     opls_145   -10.012220   18.834160    3.321340
46     opls_700   -10.007720   20.238520    3.312210
47     opls_166   -11.238120   20.911460    3.197280
48     opls_700    -8.722170   20.983590    3.448220
49     opls_145    -7.515190   20.433070    2.973310
50     opls_145    -6.305500   21.106790    3.153050
51     opls_145    -6.285470   22.367290    0.052570
52     opls_145    -7.480970   22.935350    0.510090
53     opls_145    -8.682110   22.235120    0.384320
54     opls_145    23.941190   15.448010    0.278320
55     opls_700    23.211640   14.236640    0.434140
56     opls_700    23.935330   12.999530    0.482450
57     opls_145    25.353460   13.040860    0.582400
58     opls_166    26.007150   14.253400    0.487830
59     opls_166    25.321720   15.417990    0.290270
60     opls_145    11.205250   20.900550    3.321340
61     opls_700     9.986790   20.202260    3.312210
62     opls_166    10.019200   18.800240    3.197280
63     opls_700     8.698990   20.942650    3.448220
64     opls_145     8.571810   22.263970    2.973310
65     opls_145     7.383730   22.974340    3.153050
66     opls_145     6.282090   22.361440    0.052570
67     opls_145     6.387890   21.042070    0.510090
68     opls_145     7.594870   20.351980    0.384320
69     opls_145    19.671040   13.009670    0.278320
70     opls_700    21.085120   12.983940    0.434140
71     opls_700    21.794410   14.228840    0.482450
72     opls_145    21.049330   15.436700    0.582400
73     opls_166    19.672390   15.396540    0.487830
74     opls_166    19.006770   14.220260    0.290270
75     opls_145    -1.193030   38.242220    3.321340
76     opls_700     0.020930   37.536140    3.312210
77     opls_166     1.218920   38.265230    3.197280
78     opls_700     0.023640   36.050680    3.448220
79     opls_145    -1.056840   35.280270    2.973310
80     opls_145    -1.078230   33.895790    3.153050
81     opls_145     0.003830   33.248190    0.052570
82     opls_145     1.093090   33.999500    0.510090
83     opls_145     1.087230   35.389830    0.384320
84     opls_145    23.917780   10.530780    0.278320
85     opls_700    23.233020   11.768280    0.434140
86     opls_700    21.800260   11.760090    0.482450
87     opls_145    21.126540   10.511290    0.582400
88     opls_166    21.849780    9.338910    0.487830
89     opls_166    23.201510    9.350210    0.290270
90     opls_146    30.012810   19.493840    2.435580
91     opls_146    27.897090   18.326140    2.781050
92     opls_146    29.987370   15.085420    1.003590
93     opls_146    32.087780   16.327200    0.823360
94     opls_146    -0.978510   22.580170    0.102580
95     opls_146    -3.464740   26.813150    0.734390
96     opls_146    11.231590   21.973120    3.441800
97     opls_168    13.501950   21.903720    2.832880
98     opls_146    13.131430   16.244930    2.435580
99     opls_146    15.200550   14.996520    2.781050
100    opls_146    16.961960   18.427120    1.003590
101    opls_146    14.836340   19.625230    0.823360
102    opls_146     3.444260   26.850970    0.102580
103    opls_146     1.021500   22.581340    0.734390
104    opls_146    -2.135300   37.729140    3.441800
105    opls_168    19.299850    0.741170    2.832880
106    opls_146    24.385760    3.249690    2.435580
107    opls_146    24.432800    5.665800    2.781050
108    opls_146    20.580670    5.475930    1.003590
109    opls_146    20.605880    3.036030    0.823360
110    opls_146    -2.465750   28.545790    0.102580
111    opls_146     2.443240   28.582440    0.734390
112    opls_146    -9.096970   18.275060    3.441800
113    opls_168    34.728200   16.343570    2.832880
114    opls_146    -7.503030   19.495010    2.435580
115    opls_146    -5.387090   20.662330    2.781050
116    opls_146    -7.477370   23.903050    1.003590
117    opls_146    -9.577780   22.661260    0.823360
118    opls_146    23.488510   16.408290    0.102580
119    opls_146    25.974740   12.175320    0.734390
120    opls_146    11.278410   17.015350    3.441800
121    opls_168     9.008050   17.084740    2.832880
122    opls_146     9.378570   22.743530    2.435580
123    opls_146     7.309220   23.992330    2.781050
124    opls_146     5.548040   20.561350    1.003590
125    opls_146     7.673660   19.363230    0.823360
126    opls_146    19.065740   12.137500    0.102580
127    opls_146    21.488500   16.407130    0.734390
128    opls_146    24.645300    1.259330    3.441800
129    opls_168     3.210150   38.247290    2.832880
130    opls_146    -1.875760   35.738780    2.435580
131    opls_146    -1.922350   33.322660    2.781050
132    opls_146     1.929330   33.512530    1.003590
133    opls_146     1.904120   35.952430    0.823360
134    opls_146    24.975750   10.442670    0.102580
135    opls_146    20.066760   10.406020    0.734390
136    opls_146    31.606970   20.713400    3.441800
137    opls_168   -12.218200   22.644890    2.832880
138    opls_167    -1.225440   30.896800    0.095380
139    opls_167     1.199560   30.920580    0.494250
140    opls_167    13.657040   20.907560    2.930490
141    opls_167    -3.634690   22.478800    0.095380
142    opls_167    -4.867560   24.567410    0.494250
143    opls_167    20.085000    1.373560    2.930490
144    opls_167     4.860130   24.601330    0.095380
145    opls_167     3.667780   22.489330    0.494250
146    opls_167    33.788410   16.707340    2.930490
147    opls_167    23.735440    8.091670    0.095380
148    opls_167    21.310220    8.068270    0.494250
149    opls_167     8.852960   18.080900    2.930490
150    opls_167    26.144690   16.509660    0.095380
151    opls_167    27.378010   14.421050    0.494250
152    opls_167     2.424780   37.615290    2.930490
153    opls_167    17.649870   14.387130    0.095380
154    opls_167    18.842220   16.499140    0.494250
155    opls_167   -11.278410   22.281130    2.930490
156    MOF2_B_2    -0.009000   31.698400    0.226270
157    MOF2_B_2    -4.937120   23.131470    0.226270
158    MOF2_B_2     4.946120   23.147060    0.226270
159    MOF2_B_2    22.519000    7.290060    0.226270
160    MOF2_B_2    27.447120   15.857000    0.226270
161    MOF2_B_2    17.563880   15.841400    0.226270
