0      opls_145    10.697750   17.160990    8.136250
1      opls_145    11.736400   16.990780    7.149570
2      opls_145    12.937190   17.694230    7.475190
3      opls_142    12.350940   15.829930    4.866620
4      opls_700    12.115350   14.913700    3.567790
5      opls_145    13.189190   14.682870    2.638590
6      opls_145    13.095050   13.827260    1.460500
7      opls_700    11.900910   13.140220    1.075110
8      opls_145    10.817330   13.379850    2.006330
9      opls_145    10.911940   14.235930    3.193710
10     opls_145    22.584400    5.274340    1.405850
11     opls_145    23.623050    5.104130    0.419170
12     opls_145     1.050540    5.807580    0.744790
13     opls_142     0.464290    3.943280   11.597020
14     opls_700     0.228700    3.027050   10.298190
15     opls_145     1.302540    2.796220    9.368990
16     opls_145     1.208400    1.940610    8.190900
17     opls_700     0.014260    1.253570    7.805510
18     opls_145    22.703980    1.493200    8.736730
19     opls_145    22.798590    2.349280    9.924110
20     opls_145     1.188900   18.498960    1.405850
21     opls_145     0.150250   18.669170    0.419170
22     opls_145    22.722760   17.965720    0.744790
23     opls_142    23.309010   19.830020   11.597020
24     opls_700    23.544600   20.746250   10.298190
25     opls_145    22.470760   20.977080    9.368990
26     opls_145    22.564900   21.832690    8.190900
27     opls_700    23.759040   22.519730    7.805510
28     opls_145     1.069320   22.280100    8.736730
29     opls_145     0.974710   21.424020    9.924110
30     opls_145    13.075550    6.612310    8.136250
31     opls_145    12.036900    6.782520    7.149570
32     opls_145    10.836110    6.079070    7.475190
33     opls_142    11.422360    7.943370    4.866620
34     opls_700    11.657950    8.859600    3.567790
35     opls_145    10.584110    9.090430    2.638590
36     opls_145    10.678250    9.946040    1.460500
37     opls_700    11.872390   10.633080    1.075110
38     opls_145    12.955970   10.393450    2.006330
39     opls_145    12.861360    9.537370    3.193710
40     opls_145     6.612310   22.584400   11.501450
41     opls_145     6.782520   23.623050   10.514770
42     opls_145     6.079070    1.050540   10.840390
43     opls_142     7.943370    0.464290    8.231820
44     opls_700     8.859600    0.228700    6.932990
45     opls_145     9.090430    1.302540    6.003790
46     opls_145     9.946040    1.208400    4.825700
47     opls_700    10.633080    0.014260    4.440310
48     opls_145    10.393450   22.703980    5.371530
49     opls_145     9.537370   22.798590    6.558910
50     opls_145    18.498960   10.697750    4.771050
51     opls_145    18.669170   11.736400    3.784370
52     opls_145    17.965720   12.937190    4.109990
53     opls_142    19.830020   12.350940    1.501420
54     opls_700    20.746250   12.115350    0.202590
55     opls_145    20.977080   13.189190   12.734190
56     opls_145    21.832690   13.095050   11.556100
57     opls_700    22.519730   11.900910   11.170710
58     opls_145    22.280100   10.817330   12.101930
59     opls_145    21.424020   10.911940   13.289310
60     opls_145     5.274340   13.075550    4.771050
61     opls_145     5.104130   12.036900    3.784370
62     opls_145     5.807580   10.836110    4.109990
63     opls_142     3.943280   11.422360    1.501420
64     opls_700     3.027050   11.657950    0.202590
65     opls_145     2.796220   10.584110   12.734190
66     opls_145     1.940610   10.678250   11.556100
67     opls_700     1.253570   11.872390   11.170710
68     opls_145     1.493200   12.955970   12.101930
69     opls_145     2.349280   12.861360   13.289310
70     opls_145    17.160990    1.188900   11.501450
71     opls_145    16.990780    0.150250   10.514770
72     opls_145    17.694230   22.722760   10.840390
73     opls_142    15.829930   23.309010    8.231820
74     opls_700    14.913700   23.544600    6.932990
75     opls_145    14.682870   22.470760    6.003790
76     opls_145    13.827260   22.564900    4.825700
77     opls_700    13.140220   23.759040    4.440310
78     opls_145    13.379850    1.069320    5.371530
79     opls_145    14.235930    0.974710    6.558910
80     opls_145    13.075550   18.498960    8.689750
81     opls_145    12.036900   18.669170    9.676430
82     opls_145    10.836110   17.965720    9.350810
83     opls_142    11.422360   19.830020   11.959380
84     opls_700    11.657950   20.746250   13.258210
85     opls_145    10.584110   20.977080    0.726610
86     opls_145    10.678250   21.832690    1.904700
87     opls_700    11.872390   22.519730    2.290090
88     opls_145    12.955970   22.280100    1.358870
89     opls_145    12.861360   21.424020    0.171490
90     opls_145     1.188900    6.612310    1.959350
91     opls_145     0.150250    6.782520    2.946030
92     opls_145    22.722760    6.079070    2.620410
93     opls_142    23.309010    7.943370    5.228980
94     opls_700    23.544600    8.859600    6.527810
95     opls_145    22.470760    9.090430    7.457010
96     opls_145    22.564900    9.946040    8.635100
97     opls_700    23.759040   10.633080    9.020490
98     opls_145     1.069320   10.393450    8.089270
99     opls_145     0.974710    9.537370    6.901890
100    opls_145    22.584400   17.160990    1.959350
101    opls_145    23.623050   16.990780    2.946030
102    opls_145     1.050540   17.694230    2.620410
103    opls_142     0.464290   15.829930    5.228980
104    opls_700     0.228700   14.913700    6.527810
105    opls_145     1.302540   14.682870    7.457010
106    opls_145     1.208400   13.827260    8.635100
107    opls_700     0.014260   13.140220    9.020490
108    opls_145    22.703980   13.379850    8.089270
109    opls_145    22.798590   14.235930    6.901890
110    opls_145    10.697750    5.274340    8.689750
111    opls_145    11.736400    5.104130    9.676430
112    opls_145    12.937190    5.807580    9.350810
113    opls_142    12.350940    3.943280   11.959380
114    opls_700    12.115350    3.027050   13.258210
115    opls_145    13.189190    2.796220    0.726610
116    opls_145    13.095050    1.940610    1.904700
117    opls_700    11.900910    1.253570    2.290090
118    opls_145    10.817330    1.493200    1.358870
119    opls_145    10.911940    2.349280    0.171490
120    opls_145    17.160990   13.075550    5.324550
121    opls_145    16.990780   12.036900    6.311230
122    opls_145    17.694230   10.836110    5.985610
123    opls_142    15.829930   11.422360    8.594180
124    opls_700    14.913700   11.657950    9.893010
125    opls_145    14.682870   10.584110   10.822210
126    opls_145    13.827260   10.678250   12.000300
127    opls_700    13.140220   11.872390   12.385690
128    opls_145    13.379850   12.955970   11.454470
129    opls_145    14.235930   12.861360   10.267090
130    opls_145     5.274340    1.188900   12.054950
131    opls_145     5.104130    0.150250   13.041630
132    opls_145     5.807580   22.722760   12.716010
133    opls_142     3.943280   23.309010    1.863780
134    opls_700     3.027050   23.544600    3.162610
135    opls_145     2.796220   22.470760    4.091810
136    opls_145     1.940610   22.564900    5.269900
137    opls_700     1.253570   23.759040    5.655290
138    opls_145     1.493200    1.069320    4.724070
139    opls_145     2.349280    0.974710    3.536690
140    opls_145    18.498960   22.584400   12.054950
141    opls_145    18.669170   23.623050   13.041630
142    opls_145    17.965720    1.050540   12.716010
143    opls_142    19.830020    0.464290    1.863780
144    opls_700    20.746250    0.228700    3.162610
145    opls_145    20.977080    1.302540    4.091810
146    opls_145    21.832690    1.208400    5.269900
147    opls_700    22.519730    0.014260    5.655290
148    opls_145    22.280100   22.703980    4.724070
149    opls_145    21.424020   22.798590    3.536690
150    opls_145     6.612310   10.697750    5.324550
151    opls_145     6.782520   11.736400    6.311230
152    opls_145     6.079070   12.937190    5.985610
153    opls_142     7.943370   12.350940    8.594180
154    opls_700     8.859600   12.115350    9.893010
155    opls_145     9.090430   13.189190   10.822210
156    opls_145     9.946040   13.095050   12.000300
157    opls_700    10.633080   11.900910   12.385690
158    opls_145    10.393450   10.817330   11.454470
159    opls_145     9.537370   10.911940   10.267090
160    opls_701    23.773300   11.886650   10.095600
161    opls_701    11.886650    0.000000    3.365200
162    opls_701    11.886650   11.886650    0.000000
163    opls_701     0.000000    0.000000    6.730400
164    opls_750    11.525300   16.129950    5.900680
165    opls_750    23.411950    4.243300   12.631080
166    opls_750     0.361350   19.530000   12.631080
167    opls_750    12.248000    7.643350    5.900680
168    opls_750     7.643350   23.411950    9.265880
169    opls_750    19.530000   11.525300    2.535480
170    opls_750     4.243300   12.248000    2.535480
171    opls_750    16.129950    0.361350    9.265880
172    opls_750    12.248000   19.530000   10.925320
173    opls_750     0.361350    7.643350    4.194920
174    opls_750    23.411950   16.129950    4.194920
175    opls_750    11.525300    4.243300   10.925320
176    opls_750    16.129950   12.248000    7.560120
177    opls_750     4.243300    0.361350    0.829720
178    opls_750    19.530000   23.411950    0.829720
179    opls_750     7.643350   11.525300    7.560120
180    opls_146     9.702830   16.654620    7.992480
181    opls_146    13.824650   17.637890    6.778590
182    opls_144    13.392690   16.255230    4.840370
183    opls_146    14.185290   15.181390    2.801330
184    opls_146    13.993680   13.675830    0.793380
185    opls_146     9.817660   12.890830    1.837670
186    opls_146     9.984790   14.352180    3.827170
187    opls_146    21.589480    4.767970    1.262080
188    opls_146     1.938000    5.751240    0.048190
189    opls_144     1.506040    4.368580   11.570770
190    opls_146     2.298640    3.294740    9.531730
191    opls_146     2.107030    1.789180    7.523780
192    opls_146    21.704310    1.004180    8.568070
193    opls_146    21.871440    2.465530   10.557570
194    opls_146     2.183820   19.005330    1.262080
195    opls_146    21.835300   18.022060    0.048190
196    opls_144    22.267260   19.404720   11.570770
197    opls_146    21.474660   20.478560    9.531730
198    opls_146    21.666270   21.984120    7.523780
199    opls_146     2.068990   22.769120    8.568070
200    opls_146     1.901860   21.307770   10.557570
201    opls_146    14.070470    7.118680    7.992480
202    opls_146     9.948650    6.135410    6.778590
203    opls_144    10.380610    7.518070    4.840370
204    opls_146     9.588010    8.591910    2.801330
205    opls_146     9.779620   10.097470    0.793380
206    opls_146    13.955640   10.882470    1.837670
207    opls_146    13.788510    9.421120    3.827170
208    opls_146     7.118680   21.589480   11.357680
209    opls_146     6.135410    1.938000   10.143790
210    opls_144     7.518070    1.506040    8.205570
211    opls_146     8.591910    2.298640    6.166530
212    opls_146    10.097470    2.107030    4.158580
213    opls_146    10.882470   21.704310    5.202870
214    opls_146     9.421120   21.871440    7.192370
215    opls_146    19.005330    9.702830    4.627280
216    opls_146    18.022060   13.824650    3.413390
217    opls_144    19.404720   13.392690    1.475170
218    opls_146    20.478560   14.185290   12.896930
219    opls_146    21.984120   13.993680   10.888980
220    opls_146    22.769120    9.817660   11.933270
221    opls_146    21.307770    9.984790   13.922770
222    opls_146     4.767970   14.070470    4.627280
223    opls_146     5.751240    9.948650    3.413390
224    opls_144     4.368580   10.380610    1.475170
225    opls_146     3.294740    9.588010   12.896930
226    opls_146     1.789180    9.779620   10.888980
227    opls_146     1.004180   13.955640   11.933270
228    opls_146     2.465530   13.788510   13.922770
229    opls_146    16.654620    2.183820   11.357680
230    opls_146    17.637890   21.835300   10.143790
231    opls_144    16.255230   22.267260    8.205570
232    opls_146    15.181390   21.474660    6.166530
233    opls_146    13.675830   21.666270    4.158580
234    opls_146    12.890830    2.068990    5.202870
235    opls_146    14.352180    1.901860    7.192370
236    opls_146    14.070470   19.005330    8.833520
237    opls_146     9.948650   18.022060   10.047410
238    opls_144    10.380610   19.404720   11.985630
239    opls_146     9.588010   20.478560    0.563870
240    opls_146     9.779620   21.984120    2.571820
241    opls_146    13.955640   22.769120    1.527530
242    opls_146    13.788510   21.307770   -0.461970
243    opls_146     2.183820    7.118680    2.103120
244    opls_146    21.835300    6.135410    3.317010
245    opls_144    22.267260    7.518070    5.255230
246    opls_146    21.474660    8.591910    7.294270
247    opls_146    21.666270   10.097470    9.302220
248    opls_146     2.068990   10.882470    8.257930
249    opls_146     1.901860    9.421120    6.268430
250    opls_146    21.589480   16.654620    2.103120
251    opls_146     1.938000   17.637890    3.317010
252    opls_144     1.506040   16.255230    5.255230
253    opls_146     2.298640   15.181390    7.294270
254    opls_146     2.107030   13.675830    9.302220
255    opls_146    21.704310   12.890830    8.257930
256    opls_146    21.871440   14.352180    6.268430
257    opls_146     9.702830    4.767970    8.833520
258    opls_146    13.824650    5.751240   10.047410
259    opls_144    13.392690    4.368580   11.985630
260    opls_146    14.185290    3.294740    0.563870
261    opls_146    13.993680    1.789180    2.571820
262    opls_146     9.817660    1.004180    1.527530
263    opls_146     9.984790    2.465530   -0.461970
264    opls_146    16.654620   14.070470    5.468320
265    opls_146    17.637890    9.948650    6.682210
266    opls_144    16.255230   10.380610    8.620430
267    opls_146    15.181390    9.588010   10.659470
268    opls_146    13.675830    9.779620   12.667420
269    opls_146    12.890830   13.955640   11.623130
270    opls_146    14.352180   13.788510    9.633630
271    opls_146     4.767970    2.183820   12.198720
272    opls_146     5.751240   21.835300   13.412610
273    opls_144     4.368580   22.267260    1.890030
274    opls_146     3.294740   21.474660    3.929070
275    opls_146     1.789180   21.666270    5.937020
276    opls_146     1.004180    2.068990    4.892730
277    opls_146     2.465530    1.901860    2.903230
278    opls_146    19.005330   21.589480   12.198720
279    opls_146    18.022060    1.938000   13.412610
280    opls_144    19.404720    1.506040    1.890030
281    opls_146    20.478560    2.298640    3.929070
282    opls_146    21.984120    2.107030    5.937020
283    opls_146    22.769120   21.704310    4.892730
284    opls_146    21.307770   21.871440    2.903230
285    opls_146     7.118680    9.702830    5.468320
286    opls_146     6.135410   13.824650    6.682210
287    opls_144     7.518070   13.392690    8.620430
288    opls_146     8.591910   14.185290   10.659470
289    opls_146    10.097470   13.993680   12.667420
290    opls_146    10.882470    9.817660   11.623130
291    opls_146     9.421120    9.984790    9.633630
