0      opls_700     6.645280   20.384070    9.227540
1      opls_145     6.294730   21.693090    9.599350
2      opls_142     6.262730   19.827070    7.916740
3      opls_145     4.950920   19.962840    5.890500
4      opls_145     5.518220   18.863320    5.218170
5      opls_145     4.751440   18.126870    4.311360
6      opls_700     3.417930   18.483550    4.068670
7      opls_145     2.915190   19.677110    4.607460
8      opls_145     3.687250   20.421900    5.501870
9      opls_700     2.473100   17.428540    3.683190
10     opls_145     1.788400   16.783070    4.714720
11     opls_145     1.001310   15.679920    4.443640
12     opls_700     0.832710   15.195820    3.121900
13     opls_145     1.494880   15.881910    2.079030
14     opls_145     2.327870   16.979210    2.361250
15     opls_145     8.258130    7.308560   10.876510
16     opls_700    21.176720    7.437930    9.227540
17     opls_145    21.527270    6.128910    9.599350
18     opls_142    21.559270    7.994930    7.916740
19     opls_145    22.871080    7.859160    5.890500
20     opls_145    22.303780    8.958680    5.218170
21     opls_145    23.070560    9.695130    4.311360
22     opls_700    24.404070    9.338450    4.068670
23     opls_145    24.906810    8.144890    4.607460
24     opls_145    24.134750    7.400100    5.501870
25     opls_700    25.348900   10.393460    3.683190
26     opls_145    26.033600   11.038930    4.714720
27     opls_145    26.820690   12.142080    4.443640
28     opls_700    26.989290   12.626180    3.121900
29     opls_145    26.327120   11.940090    2.079030
30     opls_145    25.494130   10.842790    2.361250
31     opls_145    19.563870   20.513440   10.876510
32     opls_700    21.348930   20.556280    9.227540
33     opls_145    20.039910   20.205730    9.599350
34     opls_142    21.905930   20.173730    7.916740
35     opls_145    21.770160   18.861920    5.890500
36     opls_145    22.869680   19.429220    5.218170
37     opls_145    23.606130   18.662440    4.311360
38     opls_700    23.249450   17.328930    4.068670
39     opls_145    22.055890   16.826190    4.607460
40     opls_145    21.311100   17.598250    5.501870
41     opls_700    24.304460   16.384100    3.683190
42     opls_145    24.949930   15.699400    4.714720
43     opls_145    26.053080   14.912310    4.443640
44     opls_700    26.537180   14.743710    3.121900
45     opls_145    25.851090   15.405880    2.079030
46     opls_145    24.753790   16.238870    2.361250
47     opls_145     6.602440   22.169130   10.876510
48     opls_700     6.473070    7.265720    9.227540
49     opls_145     7.782090    7.616270    9.599350
50     opls_142     5.916070    7.648270    7.916740
51     opls_145     6.051840    8.960080    5.890500
52     opls_145     4.952320    8.392780    5.218170
53     opls_145     4.215870    9.159560    4.311360
54     opls_700     4.572550   10.493070    4.068670
55     opls_145     5.766110   10.995810    4.607460
56     opls_145     6.510900   10.223750    5.501870
57     opls_700     3.517540   11.437900    3.683190
58     opls_145     2.872070   12.122600    4.714720
59     opls_145     1.768920   12.909690    4.443640
60     opls_700     1.284820   13.078290    3.121900
61     opls_145     1.970910   12.416120    2.079030
62     opls_145     3.068210   11.583130    2.361250
63     opls_145    21.219560    5.652870   10.876510
64     opls_700     7.265720   21.348930   11.802460
65     opls_145     7.616270   20.039910   11.430650
66     opls_142     7.648270   21.905930   13.113260
67     opls_145     8.960080   21.770160   15.139500
68     opls_145     8.392780   22.869680   15.811830
69     opls_145     9.159560   23.606130   16.718640
70     opls_700    10.493070   23.249450   16.961330
71     opls_145    10.995810   22.055890   16.422540
72     opls_145    10.223750   21.311100   15.528130
73     opls_700    11.437900   24.304460   17.346810
74     opls_145    12.122600   24.949930   16.315280
75     opls_145    12.909690   26.053080   16.586360
76     opls_700    13.078290   26.537180   17.908100
77     opls_145    12.416120   25.851090   18.950970
78     opls_145    11.583130   24.753790   18.668750
79     opls_145     5.652870    6.602440   10.153490
80     opls_700    20.556280    6.473070   11.802460
81     opls_145    20.205730    7.782090   11.430650
82     opls_142    20.173730    5.916070   13.113260
83     opls_145    18.861920    6.051840   15.139500
84     opls_145    19.429220    4.952320   15.811830
85     opls_145    18.662440    4.215870   16.718640
86     opls_700    17.328930    4.572550   16.961330
87     opls_145    16.826190    5.766110   16.422540
88     opls_145    17.598250    6.510900   15.528130
89     opls_700    16.384100    3.517540   17.346810
90     opls_145    15.699400    2.872070   16.315280
91     opls_145    14.912310    1.768920   16.586360
92     opls_700    14.743710    1.284820   17.908100
93     opls_145    15.405880    1.970910   18.950970
94     opls_145    16.238870    3.068210   18.668750
95     opls_145    22.169130   21.219560   10.153490
96     opls_700    20.384070   21.176720   11.802460
97     opls_145    21.693090   21.527270   11.430650
98     opls_142    19.827070   21.559270   13.113260
99     opls_145    19.962840   22.871080   15.139500
100    opls_145    18.863320   22.303780   15.811830
101    opls_145    18.126870   23.070560   16.718640
102    opls_700    18.483550   24.404070   16.961330
103    opls_145    19.677110   24.906810   16.422540
104    opls_145    20.421900   24.134750   15.528130
105    opls_700    17.428540   25.348900   17.346810
106    opls_145    16.783070   26.033600   16.315280
107    opls_145    15.679920   26.820690   16.586360
108    opls_700    15.195820   26.989290   17.908100
109    opls_145    15.881910   26.327120   18.950970
110    opls_145    16.979210   25.494130   18.668750
111    opls_145     7.308560   19.563870   10.153490
112    opls_700     7.437930    6.645280   11.802460
113    opls_145     6.128910    6.294730   11.430650
114    opls_142     7.994930    6.262730   13.113260
115    opls_145     7.859160    4.950920   15.139500
116    opls_145     8.958680    5.518220   15.811830
117    opls_145     9.695130    4.751440   16.718640
118    opls_700     9.338450    3.417930   16.961330
119    opls_145     8.144890    2.915190   16.422540
120    opls_145     7.400100    3.687250   15.528130
121    opls_700    10.393460    2.473100   17.346810
122    opls_145    11.038930    1.788400   16.315280
123    opls_145    12.142080    1.001310   16.586360
124    opls_700    12.626180    0.832710   17.908100
125    opls_145    11.940090    1.494880   18.950970
126    opls_145    10.842790    2.327870   18.668750
127    opls_145    20.513440    8.258130   10.153490
128    opls_701     0.000000   13.911000    2.819490
129    opls_701    13.911000    0.000000   18.210510
130    opls_146     1.874920   20.040740    4.315570
131    opls_144     6.611060   18.783750    7.617280
132    opls_146     6.603270   18.573690    5.413540
133    opls_146     3.288280   21.405970    5.916790
134    opls_146     5.210500   17.235730    3.768580
135    opls_146     1.877430   17.165620    5.784930
136    opls_146     2.885140   17.503930    1.516470
137    opls_146     1.356040   15.546930    0.998290
138    opls_146     9.322040    7.600690   11.163990
139    opls_146     5.450330    5.756930   12.172160
140    opls_146     0.469360   15.136840    5.293040
141    opls_146    25.947080    7.781260    4.315570
142    opls_144    21.210940    9.038250    7.617280
143    opls_146    21.218730    9.248310    5.413540
144    opls_146    24.533720    6.416030    5.916790
145    opls_146    22.611500   10.586270    3.768580
146    opls_146    25.944570   10.656380    5.784930
147    opls_146    24.936860   10.318070    1.516470
148    opls_146    26.465960   12.275070    0.998290
149    opls_146    18.499960   20.221310   11.163990
150    opls_146    22.371670   22.065070   12.172160
151    opls_146    27.352640   12.685160    5.293040
152    opls_146    21.692260   15.785920    4.315570
153    opls_144    22.949250   20.522060    7.617280
154    opls_146    23.159310   20.514270    5.413540
155    opls_146    20.327030   17.199280    5.916790
156    opls_146    24.497270   19.121500    3.768580
157    opls_146    24.567380   15.788430    5.784930
158    opls_146    24.229070   16.796140    1.516470
159    opls_146    26.186070   15.267040    0.998290
160    opls_146     6.310310   23.233040   11.163990
161    opls_146     8.154070   19.361330   12.172160
162    opls_146    26.596160   14.380360    5.293040
163    opls_146     6.129740   12.036080    4.315570
164    opls_144     4.872750    7.299940    7.617280
165    opls_146     4.662690    7.307730    5.413540
166    opls_146     7.494970   10.622720    5.916790
167    opls_146     3.324730    8.700500    3.768580
168    opls_146     3.254620   12.033570    5.784930
169    opls_146     3.592930   11.025860    1.516470
170    opls_146     1.635930   12.554960    0.998290
171    opls_146    21.511690    4.588960   11.163990
172    opls_146    19.667930    8.460670   12.172160
173    opls_146     1.225840   13.441640    5.293040
174    opls_146    12.036080   21.692260   16.714430
175    opls_144     7.299940   22.949250   13.412720
176    opls_146     7.307730   23.159310   15.616460
177    opls_146    10.622720   20.327030   15.113210
178    opls_146     8.700500   24.497270   17.261420
179    opls_146    12.033570   24.567380   15.245070
180    opls_146    11.025860   24.229070   19.513530
181    opls_146    12.554960   26.186070   20.031710
182    opls_146     4.588960    6.310310    9.866010
183    opls_146     8.460670    8.154070    8.857840
184    opls_146    13.441640   26.596160   15.736960
185    opls_146    15.785920    6.129740   16.714430
186    opls_144    20.522060    4.872750   13.412720
187    opls_146    20.514270    4.662690   15.616460
188    opls_146    17.199280    7.494970   15.113210
189    opls_146    19.121500    3.324730   17.261420
190    opls_146    15.788430    3.254620   15.245070
191    opls_146    16.796140    3.592930   19.513530
192    opls_146    15.267040    1.635930   20.031710
193    opls_146    23.233040   21.511690    9.866010
194    opls_146    19.361330   19.667930    8.857840
195    opls_146    14.380360    1.225840   15.736960
196    opls_146    20.040740   25.947080   16.714430
197    opls_144    18.783750   21.210940   13.412720
198    opls_146    18.573690   21.218730   15.616460
199    opls_146    21.405970   24.533720   15.113210
200    opls_146    17.235730   22.611500   17.261420
201    opls_146    17.165620   25.944570   15.245070
202    opls_146    17.503930   24.936860   19.513530
203    opls_146    15.546930   26.465960   20.031710
204    opls_146     7.600690   18.499960    9.866010
205    opls_146     5.756930   22.371670    8.857840
206    opls_146    15.136840   27.352640   15.736960
207    opls_146     7.781260    1.874920   16.714430
208    opls_144     9.038250    6.611060   13.412720
209    opls_146     9.248310    6.603270   15.616460
210    opls_146     6.416030    3.288280   15.113210
211    opls_146    10.586270    5.210500   17.261420
212    opls_146    10.656380    1.877430   15.245070
213    opls_146    10.318070    2.885140   19.513530
214    opls_146    12.275070    1.356040   20.031710
215    opls_146    20.221310    9.322040    9.866010
216    opls_146    22.065070    5.450330    8.857840
217    opls_146    12.685160    0.469360   15.736960
218    opls_750     5.529070   20.507600    7.086480
219    opls_750    22.292930    7.314400    7.086480
220    opls_750    21.225400   19.440070    7.086480
221    opls_750     6.596600    8.381930    7.086480
222    opls_750     8.381930   21.225400   13.943520
223    opls_750    19.440070    6.596600   13.943520
224    opls_750    20.507600   22.292930   13.943520
225    opls_750     7.314400    5.529070   13.943520
