0      opls_700     1.177720   24.054650    0.000000
1      opls_145    -0.027240   23.397840    0.000000
2      opls_700    20.335090   13.192520    0.000000
3      opls_145    21.591950   13.744560    0.000000
4      opls_145    17.832930   13.501600    0.000000
5      opls_145    16.691030   14.330780    0.000000
6      opls_145    16.829800   15.736140    0.000000
7      opls_145    18.128700   16.307500    0.000000
8      opls_145    19.270610   15.477580    0.000000
9      opls_700    19.131200   14.068130    0.000000
10     opls_142    15.673520   17.865920    0.000000
11     opls_567    12.199760   19.557700    0.000000
12     opls_716    13.160650   20.568910    0.000000
13     opls_716    14.446470   20.049930    0.000000
14     opls_567    14.426950   18.660170    0.000000
15     opls_567     8.514310   20.737200    0.000000
16     opls_716     8.493080   19.343720    0.000000
17     opls_716     9.778040   18.824000    0.000000
18     opls_567    10.738280   19.835580    0.000000
19     opls_142     7.294120   21.573430    0.000000
20     opls_145     4.904570   23.229930    0.000000
21     opls_145     3.697250   23.959910    0.000000
22     opls_700     2.452180   23.284910    0.000000
23     opls_145     2.433520   21.868400    0.000000
24     opls_145     3.641270   21.137670    0.000000
25     opls_145     4.882480   21.811190    0.000000
26     opls_700     0.027450   26.142070    0.000000
27     opls_145     1.198740   25.426950    0.000000
28     opls_700    21.303900   11.014440    0.000000
29     opls_145    20.197390   11.826900    0.000000
30     opls_145    22.287310    8.692970    0.000000
31     opls_145    22.140170    7.289470    0.000000
32     opls_145    20.853700    6.706960    0.000000
33     opls_145    19.709440    7.546170    0.000000
34     opls_145    19.857220    8.950050    0.000000
35     opls_700    21.147550    9.534040    0.000000
36     opls_142    19.587400    4.640710    0.000000
37     opls_567    19.859150    0.786450    0.000000
38     opls_716    18.502980    1.113000    0.000000
39     opls_716    18.309510    2.486040    0.000000
40     opls_567    19.522840    3.164020    0.000000
41     opls_567    -0.767850   34.154470    0.000000
42     opls_716     0.449560   34.832820    0.000000
43     opls_716     0.257160   36.205490    0.000000
44     opls_567    -1.099010   36.531290    0.000000
45     opls_142    -0.881950   32.679640    0.000000
46     opls_145    -1.121740   29.781980    0.000000
47     opls_145    -1.150270   28.371410    0.000000
48     opls_700     0.056840   27.630650    0.000000
49     opls_145     1.292900   28.322750    0.000000
50     opls_145     1.321860   29.734060    0.000000
51     opls_145     0.117970   30.472220    0.000000
52     opls_700    -1.205180   24.102200    0.000000
53     opls_145    -1.171500   25.474130    0.000000
54     opls_700    22.705760   12.942500    0.000000
55     opls_145    22.555410   11.578000    0.000000
56     opls_145    24.224510   14.954890    0.000000
57     opls_145    25.513550   15.529220    0.000000
58     opls_145    26.661250   14.706360    0.000000
59     opls_145    26.506610   13.295790    0.000000
60     opls_145    25.216920   12.721830    0.000000
61     opls_700    24.066010   13.547290    0.000000
62     opls_142    29.083830   14.642830    0.000000
63     opls_567    32.285840   16.805300    0.000000
64     opls_716    32.681130   15.467550    0.000000
65     opls_716    31.588770   14.613480    0.000000
66     opls_567    30.394960   15.325270    0.000000
67     opls_567    -7.746460   19.407250    0.000000
68     opls_716    -8.942630   20.122380    0.000000
69     opls_716   -10.035210   19.269420    0.000000
70     opls_567    -9.639270   17.932040    0.000000
71     opls_142    -6.412170   20.045850    0.000000
72     opls_145    -3.782830   21.287010    0.000000
73     opls_145    -2.546980   21.967590    0.000000
74     opls_700    -2.509020   23.383360    0.000000
75     opls_145    -3.726420   24.107770    0.000000
76     opls_145    -4.963130   23.427190    0.000000
77     opls_145    -5.000450   22.015510    0.000000
78     opls_750    15.639630   16.557510    0.000000
79     opls_750     6.101810   21.032910    0.000000
80     opls_750    20.737460    5.265560    0.000000
81     opls_750     0.182310   31.917330    0.000000
82     opls_750    27.967660   15.326380    0.000000
83     opls_750    -6.284120   21.348680    0.000000
84     opls_633    12.850290   17.954700    0.000000
85     opls_633    10.087970   21.438950    0.000000
86     opls_633    20.922120    2.151330    0.000000
87     opls_633    -2.162410   35.166420    0.000000
88     opls_633    30.572340   17.043430    0.000000
89     opls_633    -7.925560   17.693540    0.000000
90     opls_146    -0.055550   22.246210    0.000000
91     opls_146    21.718070   14.889500    0.000000
92     opls_146    17.712820   12.355910    0.000000
93     opls_146    15.638560   13.862320    0.000000
94     opls_146    18.254820   17.452440    0.000000
95     opls_146    20.322650   15.946030    0.000000
96     opls_144    16.686100   18.415360    0.000000
97     opls_570    12.833770   21.673740    0.000000
98     opls_570    15.353940   20.759120    0.000000
99     opls_570     7.486940   18.783140    0.000000
100    opls_570     9.938260   17.683140    0.000000
101    opls_144     7.406940   22.719870    0.000000
102    opls_146     5.913500   23.785680    0.000000
103    opls_146     3.720410   25.111550    0.000000
104    opls_146     1.428670   21.305590    0.000000
105    opls_146     3.617680   19.986040    0.000000
106    opls_146     2.210240   25.978250    0.000000
107    opls_146    19.142780   11.363650    0.000000
108    opls_146    23.339560    9.161800    0.000000
109    opls_146    23.072100    6.612230    0.000000
110    opls_146    18.654830    7.082920    0.000000
111    opls_146    18.925510    9.626910    0.000000
112    opls_144    18.605280    5.242900    0.000000
113    opls_570    17.709610    0.277510    0.000000
114    opls_570    17.241600    2.917350    0.000000
115    opls_570     1.438110   34.241770    0.000000
116    opls_570     1.165070   36.914670    0.000000
117    opls_144    -1.931200   32.204120    0.000000
118    opls_146    -2.107510   30.377860    0.000000
119    opls_146    -2.159200   27.815660    0.000000
120    opls_146     2.282740   27.733930    0.000000
121    opls_146     2.331000   30.289440    0.000000
122    opls_146    -2.154690   26.074460    0.000000
123    opls_146    23.483900   10.896310    0.000000
124    opls_146    23.292370   15.631750    0.000000
125    opls_146    25.634090   16.674910    0.000000
126    opls_146    27.435100   12.614100    0.000000
127    opls_146    25.096600   11.576510    0.000000
128    opls_144    29.053370   13.491200    0.000000
129    opls_570    33.801370   15.198220    0.000000
130    opls_570    31.749200   13.472990    0.000000
131    opls_570    -8.925050   21.274010    0.000000
132    opls_570   -11.103330   19.701100    0.000000
133    opls_144    -5.475740   19.374930    0.000000
134    opls_146    -3.805990   20.135380    0.000000
135    opls_146    -1.561220   21.371710    0.000000
136    opls_146    -3.711410   25.259400    0.000000
137    opls_146    -5.948670   24.023440    0.000000
