0      opls_522     4.923890    8.322660    1.743360
1      opls_521     5.656330    7.147420    1.743360
2      opls_142     4.994110    5.867850    1.743670
3      opls_145     3.063180    4.585690    1.744090
4      opls_145     1.678010    4.658600    1.744410
5      opls_523     0.912970    3.524860    1.744620
6      opls_700     1.522110    2.284200    1.744620
7      opls_523     2.905620    2.200340    1.744410
8      opls_145     3.668170    3.333210    1.744200
9      opls_531     0.721790    1.081290    1.744930
10     opls_522    21.562760   17.928920    5.229560
11     opls_521    22.295190   16.753680    5.229560
12     opls_142    21.632970   15.474110    5.229870
13     opls_145    19.702050   14.191950    5.230290
14     opls_145    18.316880   14.264870    5.230610
15     opls_523    17.551830   13.131120    5.230810
16     opls_700    18.160970   11.890460    5.230810
17     opls_523    19.544480   11.806600    5.230610
18     opls_145    20.307030   12.939480    5.230400
19     opls_531    17.360650   10.687550    5.231130
20     opls_522     4.923720   27.535470    8.715860
21     opls_521     5.656160   26.360230    8.715860
22     opls_142     4.993940   25.080660    8.716180
23     opls_145     3.063020   23.798500    8.716590
24     opls_145     1.677850   23.871420    8.716910
25     opls_523     0.912800   22.737670    8.717120
26     opls_700     1.521940   21.497010    8.717120
27     opls_523     2.905450   21.413150    8.716910
28     opls_145     3.668000   22.546030    8.716700
29     opls_531     0.721620   20.294100    8.717430
30     opls_522    23.607820    0.102880    1.743360
31     opls_521    24.259390    1.324810    1.743360
32     opls_142    25.698640    1.391100    1.743670
33     opls_145    27.774480    0.359950    1.744090
34     opls_145    11.765220   27.942970    1.744410
35     opls_523    13.129600   27.847290    1.744620
36     opls_700    30.538170    0.176080    1.744620
37     opls_523    29.919040    1.416170    1.744410
38     opls_145    28.556670    1.510120    1.744200
39     opls_531    31.980080    0.084440    1.744930
40     opls_522     6.969290    9.709150    5.229560
41     opls_521     7.620860   10.931070    5.229560
42     opls_142     9.060100   10.997360    5.229870
43     opls_145    11.135950    9.966210    5.230290
44     opls_145    11.765390    8.730160    5.230610
45     opls_523    13.129760    8.634480    5.230810
46     opls_700    13.899640    9.782350    5.230810
47     opls_523    13.280510   11.022430    5.230610
48     opls_145    11.918130   11.116380    5.230400
49     opls_531    15.341550    9.690700    5.231130
50     opls_522    -9.669750   19.315700    8.715860
51     opls_521    -9.018180   20.537620    8.715860
52     opls_142    -7.578930   20.603910    8.716180
53     opls_145    -5.503080   19.572760    8.716590
54     opls_145    -4.873640   18.336710    8.716910
55     opls_523    -3.509270   18.241030    8.717120
56     opls_700    -2.739400   19.388900    8.717120
57     opls_523    -3.358520   20.628980    8.716910
58     opls_145    -4.720900   20.722930    8.716700
59     opls_531    -1.297490   19.297250    8.717430
60     opls_522    21.384390   20.393530    1.743360
61     opls_521    20.000380   20.346840    1.743360
62     opls_142    19.223360   21.560130    1.743670
63     opls_145    19.078430   23.873430    1.744090
64     opls_145   -13.443240   25.036570    1.744410
65     opls_523   -14.042560   26.265990    1.744620
66     opls_700    17.855820   26.358790    1.744620
67     opls_523    17.091440   25.202570    1.744410
68     opls_145    17.691260   23.975740    1.744200
69     opls_531    17.214230   27.653340    1.744930
70     opls_522    21.384560    1.180720    5.229560
71     opls_521    20.000550    1.134030    5.229560
72     opls_142    19.223520    2.347310    5.229870
73     opls_145    19.078600    4.660620    5.230290
74     opls_145    19.834330    5.823760    5.230610
75     opls_523    19.235000    7.053180    5.230810
76     opls_700    17.855990    7.145980    5.230810
77     opls_523    17.091610    5.989760    5.230610
78     opls_145    17.691430    4.762930    5.230400
79     opls_531    17.214400    8.440530    5.231130
80     opls_522     4.745520   10.787270    8.715860
81     opls_521     3.361520   10.740580    8.715860
82     opls_142     2.584490   11.953860    8.716180
83     opls_145     2.439570   14.267170    8.716590
84     opls_145     3.195300   15.430310    8.716910
85     opls_523     2.595970   16.659730    8.717120
86     opls_700     1.216950   16.752530    8.717120
87     opls_523     0.452570   15.596310    8.716910
88     opls_145     1.052400   14.369480    8.716700
89     opls_531     0.575370   18.047080    8.717430
90     opls_522     4.745690    8.425540    8.715340
91     opls_521     3.361680    8.472230    8.715340
92     opls_142     2.584660    7.258950    8.715030
93     opls_145     2.439730    4.945640    8.714610
94     opls_145     3.195460    3.782500    8.714290
95     opls_523     2.596140    2.553080    8.714080
96     opls_700     1.217120    2.460280    8.714080
97     opls_523     0.452740    3.616510    8.714290
98     opls_145     1.052560    4.843330    8.714500
99     opls_531     0.575530    1.165730    8.713770
100    opls_522    21.384560   18.031810    1.742840
101    opls_521    20.000550   18.078490    1.742840
102    opls_142    19.223520   16.865210    1.742520
103    opls_145    19.078600   14.551900    1.742110
104    opls_145    19.834330   13.388770    1.741790
105    opls_523    19.235000   12.159340    1.741580
106    opls_700    17.855990   12.066550    1.741580
107    opls_523    17.091610   13.222770    1.741790
108    opls_145    17.691430   14.449600    1.742000
109    opls_531    17.214400   10.771990    1.741270
110    opls_522     4.745520   27.638360    5.229140
111    opls_521     3.361520   27.685040    5.229140
112    opls_142     2.584490   26.471760    5.228830
113    opls_145     2.439570   24.158450    5.228410
114    opls_145     3.195300   22.995320    5.228090
115    opls_523     2.595970   21.765890    5.227890
116    opls_700     1.216950   21.673100    5.227890
117    opls_523     0.452570   22.829320    5.228090
118    opls_145     1.052400   24.056150    5.228300
119    opls_531     0.575370   20.378540    5.227570
120    opls_522   -11.714810   20.496410    8.715340
121    opls_521   -10.982370   21.671660    8.715340
122    opls_142   -11.644590   22.951220    8.715030
123    opls_145   -13.575520   24.233380    8.714610
124    opls_145    18.316710   24.160470    8.714290
125    opls_523    17.551670   25.294210    8.714080
126    opls_700   -15.116590   26.534870    8.714080
127    opls_523   -13.733080   26.618740    8.714290
128    opls_145   -12.970530   25.485860    8.714500
129    opls_531   -15.916910   27.737780    8.713770
130    opls_522    21.562760    1.283600    1.742840
131    opls_521    22.295190    2.458840    1.742840
132    opls_142    21.632970    3.738410    1.742520
133    opls_145    19.702050    5.020570    1.742110
134    opls_145    18.316880    4.947660    1.741790
135    opls_523    17.551830    6.081400    1.741580
136    opls_700    18.160970    7.322060    1.741580
137    opls_523    19.544480    7.405930    1.741790
138    opls_145    20.307030    6.273050    1.742000
139    opls_531    17.360650    8.524970    1.741270
140    opls_522     4.923720   10.890150    5.229140
141    opls_521     5.656160   12.065390    5.229140
142    opls_142     4.993940   13.344960    5.228830
143    opls_145     3.063020   14.627120    5.228410
144    opls_145     1.677850   14.554210    5.228090
145    opls_523     0.912800   15.687950    5.227890
146    opls_700     1.521940   16.928610    5.227890
147    opls_523     2.905450   17.012480    5.228090
148    opls_145     3.668000   15.879600    5.228300
149    opls_531     0.721620   18.131520    5.227570
150    opls_522     6.969120   28.716190    8.715340
151    opls_521     7.620690   27.494260    8.715340
152    opls_142     9.059940   27.427980    8.715030
153    opls_145    11.135780   28.459120    8.714610
154    opls_145    28.403920    0.876100    8.714290
155    opls_523    29.768300    0.971780    8.714080
156    opls_700    13.899470   28.642990    8.714080
157    opls_523    13.280340   27.402900    8.714290
158    opls_145    11.917970   27.308950    8.714500
159    opls_531    15.341380   28.734630    8.713770
160    opls_522     6.969290    9.503380    1.742840
161    opls_521     7.620860    8.281450    1.742840
162    opls_142     9.060100    8.215170    1.742520
163    opls_145    11.135950    9.246310    1.742110
164    opls_145    11.765390   10.482360    1.741790
165    opls_523    13.129760   10.578040    1.741580
166    opls_700    13.899640    9.430180    1.741580
167    opls_523    13.280510    8.190090    1.741790
168    opls_145    11.918130    8.096140    1.742000
169    opls_531    15.341550    9.521820    1.741270
170    opls_522    -9.669750   19.109930    5.229140
171    opls_521    -9.018180   17.888000    5.229140
172    opls_142    -7.578930   17.821720    5.228830
173    opls_145    -5.503080   18.852860    5.228410
174    opls_145    -4.873640   20.088910    5.228090
175    opls_523    -3.509270   20.184590    5.227890
176    opls_700    -2.739400   19.036730    5.227890
177    opls_523    -3.358520   17.796640    5.228090
178    opls_145    -4.720900   17.702690    5.228300
179    opls_531    -1.297490   19.128370    5.227570
180    opls_523     5.597260    9.517790    1.743150
181    opls_523    22.235960   19.124340    5.229350
182    opls_523    22.236130    0.088470    1.743150
183    opls_523     5.597260    9.694740    5.229350
184    opls_523    22.082720   19.212810    1.743150
185    opls_523    22.082880    0.000000    5.229350
186    opls_523     5.444020    9.606260    8.715550
187    opls_523   -11.041440   19.301290    8.715550
188    opls_523     5.597430   28.730600    8.715550
189    opls_750     9.760260    9.273400    1.742420
190    opls_520   -15.291130   28.731180    1.745030
191    opls_750    -6.878270   18.879660    5.228620
192    opls_520    17.986430    9.518360    5.231230
193    opls_750     9.760100   28.486210    8.714920
194    opls_520     1.347400   19.124910    8.717540
195    opls_750    20.366270    3.815930    1.742420
196    opls_520    -0.597660    1.210980    1.745030
197    opls_750     3.727730   13.422200    5.228620
198    opls_520    16.041200   10.817240    5.231230
199    opls_750   -12.911300   23.028750    8.714920
200    opls_520    -0.597830   20.423790    8.717540
201    opls_750    19.789570   15.729740    1.742420
202    opls_520    15.888790   27.695990    1.745030
203    opls_750     3.151040   25.336000    5.228620
204    opls_520    15.888960    8.483180    5.231230
205    opls_750     3.150700    6.123480    8.714920
206    opls_520    -0.750070   18.089730    8.717540
207    opls_750     3.150870   13.089340    8.716280
208    opls_520    32.527490    1.123080    8.713670
209    opls_750    19.789740   22.695600    1.743780
210    opls_520    15.888960   10.729340    1.741160
211    opls_750    19.789400    3.483070    5.230080
212    opls_520    -0.750070   20.335890    5.227470
213    opls_750    -6.878440   19.545670    8.716280
214    opls_520     1.347570    0.087900    8.713670
215    opls_750    26.399130    0.332860    1.743780
216    opls_520    17.986430    9.694160    1.741160
217    opls_750     9.760100    9.939410    5.230080
218    opls_520     1.347400   19.300710    5.227470
219    opls_750     3.727570   25.003140    8.716280
220    opls_520    16.041040   27.608100    8.713670
221    opls_750     3.727730    5.790330    1.743780
222    opls_520    16.041200    8.395280    1.741160
223    opls_750    20.366100   15.396880    5.230080
224    opls_520    -0.597830   18.001830    5.227470
225    opls_520     6.981100    7.120900    1.743150
226    opls_520    23.619800   16.727450    5.229350
227    opls_520    23.619970    2.485360    1.743150
228    opls_520     6.980930   12.091910    5.229350
229    opls_520    19.315030   19.212810    1.743150
230    opls_520    19.314870    0.000000    5.229350
231    opls_520     2.676330    9.606260    8.715550
232    opls_520    -9.657600   21.698170    8.715550
233    opls_520     6.981270   26.333720    8.715550
234    opls_525     3.841210    8.244560    1.743570
235    opls_144     5.679290    5.008470    1.743570
236    opls_146     1.233590    5.648540    1.744300
237    opls_526    -0.171550    3.564050    1.744820
238    opls_526     3.353030    1.210980    1.744410
239    opls_146     4.750680    3.248490    1.743990
240    opls_525    20.480080   17.850820    5.229770
241    opls_144    22.318150   14.614730    5.229770
242    opls_146    17.872460   15.254800    5.230500
243    opls_526    16.467320   13.170320    5.231020
244    opls_526    19.991900   10.817240    5.230610
245    opls_146    21.389550   12.854750    5.230190
246    opls_525     3.841040   27.457370    8.716070
247    opls_144     5.679120   24.221280    8.716070
248    opls_146     1.233430   24.861350    8.716800
249    opls_526    -0.171710   22.776870    8.717330
250    opls_526     3.352860   20.423790    8.716910
251    opls_146     4.750520   22.461300    8.716490
252    opls_525    24.216800   -0.795690    1.743570
253    opls_144    26.100300    2.414170    1.743570
254    opls_146    11.130130   27.063130    1.744300
255    opls_526    13.637910   26.888480    1.744820
256    opls_526    30.552150    2.298320    1.744410
257    opls_146    28.088790    2.489970    1.743990
258    opls_525     7.578260    8.810570    5.229770
259    opls_144     9.461760   12.020440    5.229770
260    opls_146    11.130290    7.850320    5.230500
261    opls_526    13.638080    7.675670    5.231020
262    opls_526    13.913610   11.904580    5.230610
263    opls_146    11.450250   12.096230    5.230190
264    opls_525    -9.060770   18.417120    8.716070
265    opls_144    -7.177270   21.626990    8.716070
266    opls_146    -5.508740   17.456870    8.716800
267    opls_526    -3.000960   17.282220    8.717330
268    opls_526    -2.725420   21.511130    8.716910
269    opls_146    -5.188780   21.702780    8.716490
270    opls_525    21.858090   21.370210    1.743570
271    opls_144    18.136520   21.396430    1.743570
272    opls_146   -12.363720   24.926480    1.744300
273    opls_526   -13.466370   27.185610    1.744820
274    opls_526    16.010920   25.309780    1.744410
275    opls_146    17.076630   23.080620    1.743990
276    opls_525    21.858260    2.157400    5.229770
277    opls_144    18.136680    2.183620    5.229770
278    opls_146    20.913850    5.713670    5.230500
279    opls_526    19.811200    7.972800    5.231020
280    opls_526    16.011090    6.096960    5.230610
281    opls_146    17.076800    3.867810    5.230190
282    opls_525     5.219230   11.763950    8.716070
283    opls_144     1.497650   11.790170    8.716070
284    opls_146     4.274810   15.320220    8.716800
285    opls_526     3.172170   17.579350    8.717330
286    opls_526    -0.627940   15.703510    8.716910
287    opls_146     0.437760   13.474360    8.716490
288    opls_525     5.219390    7.448870    8.715130
289    opls_144     1.497820    7.422640    8.715130
290    opls_146     4.274980    3.892590    8.714400
291    opls_526     3.172330    1.633470    8.713880
292    opls_526    -0.627780    3.509300    8.714290
293    opls_146     0.437930    5.738450    8.714710
294    opls_525    21.858260   17.055130    1.742630
295    opls_144    18.136680   17.028900    1.742630
296    opls_146    20.913850   13.498850    1.741900
297    opls_526    19.811200   11.239730    1.741370
298    opls_526    16.011090   13.115560    1.741790
299    opls_146    17.076800   15.344720    1.742210
300    opls_525     5.219230   26.661680    5.228930
301    opls_144     1.497650   26.635450    5.228930
302    opls_146     4.274810   23.105400    5.228200
303    opls_526     3.172170   20.846280    5.227680
304    opls_526    -0.627940   22.722110    5.228090
305    opls_146     0.437760   24.951270    5.228510
306    opls_525   -12.797490   20.574510    8.715130
307    opls_144   -10.959410   23.810610    8.715130
308    opls_146    17.872290   23.170540    8.714400
309    opls_526    16.467160   25.255020    8.713880
310    opls_526   -13.285670   27.608100    8.714290
311    opls_146   -11.888020   25.570590    8.714710
312    opls_525    20.480080    1.361700    1.742630
313    opls_144    22.318150    4.597800    1.742630
314    opls_146    17.872460    3.957720    1.741900
315    opls_526    16.467320    6.042210    1.741370
316    opls_526    19.991900    8.395280    1.741790
317    opls_146    21.389550    6.357780    1.742210
318    opls_525     3.841040   10.968250    5.228930
319    opls_144     5.679120   14.204350    5.228930
320    opls_146     1.233430   13.564270    5.228200
321    opls_526    -0.171710   15.648760    5.227680
322    opls_526     3.352860   18.001830    5.228090
323    opls_146     4.750520   15.964330    5.228510
324    opls_525     7.578100   29.614770    8.715130
325    opls_144     9.461600   26.404900    8.715130
326    opls_146    27.768830    1.755950    8.714400
327    opls_526    30.276610    1.930590    8.713880
328    opls_526    13.913450   26.520750    8.714290
329    opls_146    11.450090   26.329110    8.714710
330    opls_525     7.578260   10.401960    1.742630
331    opls_144     9.461760    7.192090    1.742630
332    opls_146    11.130290   11.362210    1.741900
333    opls_526    13.638080   11.536850    1.741370
334    opls_526    13.913610    7.307940    1.741790
335    opls_146    11.450250    7.116290    1.742210
336    opls_525    -9.060770   20.008510    5.228930
337    opls_144    -7.177270   16.798640    5.228930
338    opls_146    -5.508740   20.968760    5.228200
339    opls_526    -3.000960   21.143400    5.227680
340    opls_526    -2.725420   16.914490    5.228090
341    opls_146    -5.188780   16.722840    5.228510
342    opls_526     5.054340   10.458150    1.743150
343    opls_526    21.693200   20.064420    5.229350
344    opls_526    21.693200   -0.851890    1.743150
345    opls_526     5.054500    8.754660    5.229350
346    opls_526    23.168560   19.212810    1.743150
347    opls_526    23.168390    0.000000    5.229350
348    opls_526     6.529860    9.606260    8.715550
349    opls_526   -11.584360   18.360920    8.715550
350    opls_526     5.054500   29.670970    8.715550
