0      opls_146     8.313920   25.201080    0.000000
1      opls_146     7.635250   20.989060    0.000000
2      opls_146    11.660060   22.565960    0.000000
3      opls_144     6.081970   24.454070    0.000000
4      opls_144    12.129760   24.800230    0.000000
5      opls_146     3.902420   24.650260    0.000000
6      opls_146     1.509670   24.686910    0.000000
7      opls_146     1.477770   20.317600    0.000000
8      opls_146     3.881260   20.327740    0.000000
9      opls_146    13.413850   26.519200    0.000000
10     opls_146    14.699580   28.538670    0.000000
11     opls_146    10.989530   30.851310    0.000000
12     opls_146     9.741240   28.800830    0.000000
13     opls_146    -0.479460   24.702130    0.000000
14     opls_146    -2.882950   24.693110    0.000000
15     opls_146    -2.906060   20.370590    0.000000
16     opls_146    -0.513640   20.333380    0.000000
17     opls_146    15.754200   30.234530    0.000000
18     opls_146    16.989800   32.301360    0.000000
19     opls_146    13.296680   34.549720    0.000000
20     opls_146    12.031780   32.526870    0.000000
21     opls_146     8.324010   19.170300    0.000000
22     opls_146     9.229230   16.925880    0.000000
23     opls_146    11.613840   16.519960    0.000000
24     opls_146    12.338730   20.782720    0.000000
25     opls_146    13.537870   16.238630    0.000000
26     opls_146    17.510920   17.784520    0.000000
27     opls_146    14.231510   20.505900    0.000000
28     opls_144    15.272460   14.684280    0.000000
29     opls_144    17.993310   20.085880    0.000000
30     opls_146     6.568260   50.977780    0.000000
31     opls_146    10.555310   52.496050    0.000000
32     opls_146     7.177270   55.193180    0.000000
33     opls_144     8.331170   49.418360    0.000000
34     opls_144     5.007490   54.482820    0.000000
35     opls_146     9.251040   47.432720    0.000000
36     opls_146    10.415670   45.342210    0.000000
37     opls_146    14.215560   47.499240    0.000000
38     opls_146    13.005030   49.575650    0.000000
39     opls_146     2.876770   54.735390    0.000000
40     opls_146     0.485000   54.839130    0.000000
41     opls_146     0.337220   50.469810    0.000000
42     opls_146     2.737130   50.414000    0.000000
43     opls_146    11.397060   43.611960    0.000000
44     opls_146    12.606610   41.534990    0.000000
45     opls_146    16.361580   43.676230    0.000000
46     opls_146    15.197590   45.766740    0.000000
47     opls_146    -1.510970   54.904530    0.000000
48     opls_146    -3.918690   54.941170    0.000000
49     opls_146    -4.019270   50.618650    0.000000
50     opls_146    -1.634990   50.534650    0.000000
51     opls_146    11.786030   54.001910    0.000000
52     opls_146    13.277150   55.908060    0.000000
53     opls_146    44.986380    1.797900    0.000000
54     opls_146    40.932280    0.294290    0.000000
55     opls_146    44.268000    3.604830    0.000000
56     opls_146    40.942690    6.272640    0.000000
57     opls_146    40.225620    2.071900    0.000000
58     opls_144    44.746810    5.884200    0.000000
59     opls_144    38.708460    5.539730    0.000000
60     opls_146   -14.882190   36.577650    0.000000
61     opls_146   -18.190570   39.271400    0.000000
62     opls_146   -18.837340   34.997360    0.000000
63     opls_144   -14.413140   38.884080    0.000000
64     opls_144   -17.137250   33.473460    0.000000
65     opls_146   -13.153450   40.673530    0.000000
66     opls_146   -11.925340   42.727390    0.000000
67     opls_146   -15.693330   44.939670    0.000000
68     opls_146   -16.886290   42.853110    0.000000
69     opls_146   -16.290620   31.501910    0.000000
70     opls_146   -15.184580   29.378710    0.000000
71     opls_146   -11.326750   31.435390    0.000000
72     opls_146   -12.478370   33.541680    0.000000
73     opls_146   -10.917600   44.442410    0.000000
74     opls_146    -9.723660   46.528410    0.000000
75     opls_146   -13.455520   48.709680    0.000000
76     opls_146   -14.683960   46.656390    0.000000
77     opls_146   -14.243230   27.617450    0.000000
78     opls_146   -13.071100   25.513980    0.000000
79     opls_146    -9.277400   27.588130    0.000000
80     opls_146   -10.396800   29.694990    0.000000
81     opls_146   -20.110040   39.584300    0.000000
82     opls_146   -22.506370   39.922570    0.000000
83     opls_146    41.049780   38.060400    0.000000
84     opls_146    44.379000   35.301240    0.000000
85     opls_146    39.844130   36.534800    0.000000
86     opls_146    39.196380   32.321090    0.000000
87     opls_146    43.192870   33.800450    0.000000
88     opls_144    37.630730   35.809780    0.000000
89     opls_144    40.948230   30.752650    0.000000
90     opls_146    24.236080   31.177170    0.000000
91     opls_146    24.914750   35.389190    0.000000
92     opls_146    20.889940   33.812290    0.000000
93     opls_144    26.468030   31.924190    0.000000
94     opls_144    20.420240   31.578020    0.000000
95     opls_146    28.647580   31.727990    0.000000
96     opls_146    31.040330   31.691340    0.000000
97     opls_146    31.072230   36.060660    0.000000
98     opls_146    28.668740   36.050510    0.000000
99     opls_146    19.136140   29.859050    0.000000
100    opls_146    17.850420   27.839580    0.000000
101    opls_146    21.560470   25.526950    0.000000
102    opls_146    22.808760   27.577420    0.000000
103    opls_146    33.029460   31.676120    0.000000
104    opls_146    35.432950   31.685140    0.000000
105    opls_146    35.456060   36.007660    0.000000
106    opls_146    33.063640   36.044870    0.000000
107    opls_146    16.795800   26.143720    0.000000
108    opls_146    15.560200   24.076900    0.000000
109    opls_146    19.253330   21.828530    0.000000
110    opls_146    20.518220   23.851380    0.000000
111    opls_146    24.225990   37.207960    0.000000
112    opls_146    23.320770   39.452370    0.000000
113    opls_146    20.936160   39.858300    0.000000
114    opls_146    20.211270   35.595540    0.000000
115    opls_146    19.012130   40.139630    0.000000
116    opls_146    15.039080   38.593730    0.000000
117    opls_146    18.318490   35.872360    0.000000
118    opls_144    17.277540   41.693970    0.000000
119    opls_144    14.556690   36.292370    0.000000
120    opls_146    25.981740    5.400470    0.000000
121    opls_146    21.994690    3.882210    0.000000
122    opls_146    25.372720    1.185070    0.000000
123    opls_144    24.218830    6.959900    0.000000
124    opls_144    27.542510    1.895440    0.000000
125    opls_146    23.298960    8.945540    0.000000
126    opls_146    22.134330   11.036040    0.000000
127    opls_146    18.334440    8.879010    0.000000
128    opls_146    19.544970    6.802600    0.000000
129    opls_146    29.673230    1.642860    0.000000
130    opls_146    32.065000    1.539130    0.000000
131    opls_146    32.212780    5.908440    0.000000
132    opls_146    29.812870    5.964260    0.000000
133    opls_146    21.152940   12.766290    0.000000
134    opls_146    19.943380   14.843270    0.000000
135    opls_146    16.188420   12.702020    0.000000
136    opls_146    17.352410   10.611510    0.000000
137    opls_146    34.060970    1.473730    0.000000
138    opls_146    36.468690    1.437080    0.000000
139    opls_146    36.569270    5.759600    0.000000
140    opls_146    34.184990    5.843610    0.000000
141    opls_146    20.763970    2.376340    0.000000
142    opls_146    19.272850    0.470190    0.000000
143    opls_146   -12.436380   54.580350    0.000000
144    opls_146    -8.382280   56.083960    0.000000
145    opls_146   -11.718000   52.773430    0.000000
146    opls_146    -8.392690   50.105610    0.000000
147    opls_146    -7.675620   54.306350    0.000000
148    opls_144   -12.196810   50.494060    0.000000
149    opls_144    -6.158460   50.838530    0.000000
150    opls_146    47.432190   19.800610    0.000000
151    opls_146    50.740570   17.106850    0.000000
152    opls_146    51.387340   21.380890    0.000000
153    opls_144    46.963140   17.494170    0.000000
154    opls_144    49.687250   22.904790    0.000000
155    opls_146    45.703450   15.704730    0.000000
156    opls_146    44.475340   13.650870    0.000000
157    opls_146    48.243330   11.438580    0.000000
158    opls_146    49.436290   13.525140    0.000000
159    opls_146    48.840620   24.876340    0.000000
160    opls_146    47.734570   26.999550    0.000000
161    opls_146    43.876750   24.942870    0.000000
162    opls_146    45.028370   22.836580    0.000000
163    opls_146    43.467600   11.935840    0.000000
164    opls_146    42.273660    9.849840    0.000000
165    opls_146    46.005520    7.668570    0.000000
166    opls_146    47.233960    9.721870    0.000000
167    opls_146    46.793230   28.760800    0.000000
168    opls_146    45.621100   30.864280    0.000000
169    opls_146    41.827400   28.790120    0.000000
170    opls_146    42.946800   26.683260    0.000000
171    opls_146    52.660040   16.793950    0.000000
172    opls_146    55.056370   16.455680    0.000000
173    opls_146    -8.499780   18.317860    0.000000
174    opls_146   -11.829000   21.077010    0.000000
175    opls_146    -7.294130   19.843450    0.000000
176    opls_146    -6.646380   24.057160    0.000000
177    opls_146   -10.642870   22.577800    0.000000
178    opls_144    -5.080730   20.568480    0.000000
179    opls_144    -8.398230   25.625610    0.000000
180    opls_145    22.630390   38.595990    0.000000
181    opls_145    21.269470   38.815300    0.000000
182    opls_700    22.817550   34.816950    0.000000
183    opls_145    21.975810   33.678110    0.000000
184    opls_700    22.450710   32.375210    0.000000
185    opls_145    23.839620   32.199880    0.000000
186    opls_700    24.745810   33.266550    0.000000
187    opls_145    24.210690   34.550850    0.000000
188    opls_142    21.482020   31.290490    0.000000
189    opls_142    26.175080   32.984100    0.000000
190    opls_145    18.700630   22.776810    0.000000
191    opls_145    19.425190   23.944970    0.000000
192    opls_700    18.796000   25.223070    0.000000
193    opls_145    17.370630   25.208970    0.000000
194    opls_145    16.658440   24.031790    0.000000
195    opls_700    19.564180   26.460010    0.000000
196    opls_145    20.989540   26.463950    0.000000
197    opls_145    21.711180   27.633800    0.000000
198    opls_145    21.086870   28.889910    0.000000
199    opls_145    19.679730   28.905130    0.000000
200    opls_145    18.943450   27.742610    0.000000
201    opls_145    17.286330   12.726260    0.000000
202    opls_145    17.960110   11.525410    0.000000
203    opls_700    19.383520   11.457190    0.000000
204    opls_145    20.056660   12.713300    0.000000
205    opls_145    19.370510   13.905130    0.000000
206    opls_700    20.103860   10.189240    0.000000
207    opls_145    19.430720    8.933130    0.000000
208    opls_145    20.118180    7.741300    0.000000
209    opls_145    21.520760    7.689990    0.000000
210    opls_145    22.201700    8.921290    0.000000
211    opls_145    21.526940   10.121590    0.000000
212    opls_700    22.631690    1.208190    0.000000
213    opls_145    21.217390    1.379010    0.000000
214    opls_700   -10.300450   55.122710    0.000000
215    opls_145    -9.460010   56.253660    0.000000
216    opls_700    -9.780300   53.758360    0.000000
217    opls_145   -10.633110   52.625150    0.000000
218    opls_700   -10.172200   51.314920    0.000000
219    opls_145    -8.784590   51.130570    0.000000
220    opls_700    -7.871570   52.189910    0.000000
221    opls_145    -8.390740   53.478160    0.000000
222    opls_142   -11.131450   50.219490    0.000000
223    opls_142    -6.446530   51.900130    0.000000
224    opls_145    -4.174540   52.790910    0.000000
225    opls_145   -11.478760   47.795790    0.000000
226    opls_145    20.359700    0.300500    0.000000
227    opls_145   -11.699770   55.390510    0.000000
228    opls_700    23.538860    2.352100    0.000000
229    opls_145    24.945990    2.192550    0.000000
230    opls_700    25.836890    3.255280    0.000000
231    opls_145    25.294280    4.545780    0.000000
232    opls_700    23.917410    4.797230    0.000000
233    opls_145    23.072740    3.691650    0.000000
234    opls_142    27.260630    2.958730    0.000000
235    opls_142    23.447390    6.176240    0.000000
236    opls_145    36.024390    4.806810    0.000000
237    opls_145    34.650450    4.850220    0.000000
238    opls_700    33.858180    3.666280    0.000000
239    opls_145    34.583070    2.438920    0.000000
240    opls_145    35.958640    2.410730    0.000000
241    opls_700    32.402870    3.713070    0.000000
242    opls_145    31.686770    4.945500    0.000000
243    opls_145    30.312840    4.985530    0.000000
244    opls_145    29.537170    3.816810    0.000000
245    opls_145    30.227560    2.590580    0.000000
246    opls_145    31.602470    2.534200    0.000000
247    opls_145    45.435570    8.607270    0.000000
248    opls_145    46.138650    9.791210    0.000000
249    opls_700    45.486020   11.058030    0.000000
250    opls_145    44.061630   11.012930    0.000000
251    opls_145    43.372550    9.822780    0.000000
252    opls_700    46.223930   12.315830    0.000000
253    opls_145    47.648320   12.360930    0.000000
254    opls_145    48.336750   13.552200    0.000000
255    opls_145    47.679890   14.792530    0.000000
256    opls_145    46.273080   14.766590    0.000000
257    opls_145    45.570980   13.582090    0.000000
258    opls_700    52.737840   18.995530    0.000000
259    opls_145    53.297040   17.685290    0.000000
260    opls_700   -10.037440   19.896450    0.000000
261    opls_145   -11.437090   20.058820    0.000000
262    opls_700    -9.115950   21.029090    0.000000
263    opls_145    -7.708170   20.857130    0.000000
264    opls_700    -6.803930   21.911410    0.000000
265    opls_145    -7.338070   23.205290    0.000000
266    opls_700    -8.712010   23.466320    0.000000
267    opls_145    -9.568070   22.372580    0.000000
268    opls_142    -5.375630   21.628390    0.000000
269    opls_142    -9.173570   24.845330    0.000000
270    opls_145   -11.081000   26.367550    0.000000
271    opls_145    -3.102990   22.539460    0.000000
272    opls_145    54.659910   17.481770    0.000000
273    opls_145    -9.569700   18.550700    0.000000
274    opls_700    51.293590   19.209200    0.000000
275    opls_145    50.728200   20.507590    0.000000
276    opls_700    49.362400   20.747760    0.000000
277    opls_145    48.516100   19.632600    0.000000
278    opls_700    48.986770   18.314480    0.000000
279    opls_145    50.366570   18.135760    0.000000
280    opls_142    48.907350   22.129030    0.000000
281    opls_142    48.027520   17.217920    0.000000
282    opls_145    42.924990   28.794630    0.000000
283    opls_145    43.574360   27.583060    0.000000
284    opls_700    44.995820   27.488910    0.000000
285    opls_145    45.696290   28.730360    0.000000
286    opls_145    45.032920   29.935730    0.000000
287    opls_700    45.682950   26.205180    0.000000
288    opls_145    44.973680   24.968800    0.000000
289    opls_145    45.625990   23.758920    0.000000
290    opls_145    47.025960   23.671540    0.000000
291    opls_145    47.742710   24.882540    0.000000
292    opls_145    47.104080   26.101440    0.000000
293    opls_145    34.928100   35.044720    0.000000
294    opls_145    33.551240   35.061640    0.000000
295    opls_700    32.780450   33.863030    0.000000
296    opls_145    33.531710   32.652030    0.000000
297    opls_145    34.906950   32.650340    0.000000
298    opls_700    31.322210   33.873180    0.000000
299    opls_145    30.570960   35.084190    0.000000
300    opls_145    29.195070   35.084750    0.000000
301    opls_145    28.449350   33.895730    0.000000
302    opls_145    29.175220   32.690370    0.000000
303    opls_145    30.552080   32.674580    0.000000
304    opls_700    22.280470   36.174540    0.000000
305    opls_145    23.135560   37.313950    0.000000
306    opls_700    20.337890   37.737350    0.000000
307    opls_145    20.897100   36.444030    0.000000
308    opls_700    18.896250   37.969060    0.000000
309    opls_145    18.341270   39.274220    0.000000
310    opls_700    16.976130   39.530180    0.000000
311    opls_145    16.122670   38.420650    0.000000
312    opls_700    16.583570   37.100270    0.000000
313    opls_145    17.958810   36.905770    0.000000
314    opls_142    16.507080   40.908620    0.000000
315    opls_142    15.620090   36.011050    0.000000
316    opls_145    15.255530   33.598060    0.000000
317    opls_145    14.581750   42.421250    0.000000
318    opls_145     9.919610   17.782270    0.000000
319    opls_145    11.280530   17.562950    0.000000
320    opls_700     9.732450   21.561300    0.000000
321    opls_145    10.574190   22.700140    0.000000
322    opls_700    10.099290   24.003040    0.000000
323    opls_145     8.710380   24.178380    0.000000
324    opls_700     7.804190   23.111700    0.000000
325    opls_145     8.339310   21.827400    0.000000
326    opls_142    11.067980   25.087760    0.000000
327    opls_142     6.374920   23.394160    0.000000
328    opls_145    13.849370   33.601440    0.000000
329    opls_145    13.124810   32.433280    0.000000
330    opls_700    13.754000   31.155190    0.000000
331    opls_145    15.179370   31.169280    0.000000
332    opls_145    15.891560   32.346460    0.000000
333    opls_700    12.985820   29.918250    0.000000
334    opls_145    11.560460   29.914300    0.000000
335    opls_145    10.838820   28.744450    0.000000
336    opls_145    11.463130   27.488350    0.000000
337    opls_145    12.870270   27.473120    0.000000
338    opls_145    13.606550   28.635640    0.000000
339    opls_145    15.263670   43.651990    0.000000
340    opls_145    14.589890   44.852850    0.000000
341    opls_700    13.166480   44.921070    0.000000
342    opls_145    12.493340   43.664960    0.000000
343    opls_145    13.179490   42.473120    0.000000
344    opls_700    12.446140   46.189010    0.000000
345    opls_145    13.119280   47.445120    0.000000
346    opls_145    12.431820   48.636960    0.000000
347    opls_145    11.029240   48.688260    0.000000
348    opls_145    10.348300   47.456960    0.000000
349    opls_145    11.023060   46.256670    0.000000
350    opls_700     9.918310   55.170070    0.000000
351    opls_145    11.332610   54.999240    0.000000
352    opls_700    42.850450    1.255540    0.000000
353    opls_145    42.010010    0.124600    0.000000
354    opls_700    42.330300    2.619900    0.000000
355    opls_145    43.183110    3.753100    0.000000
356    opls_700    42.722200    5.063330    0.000000
357    opls_145    41.334590    5.247690    0.000000
358    opls_700    40.421570    4.188340    0.000000
359    opls_145    40.940740    2.900100    0.000000
360    opls_142    43.681450    6.158760    0.000000
361    opls_142    38.996530    4.478120    0.000000
362    opls_145    36.724540    3.587350    0.000000
363    opls_145    44.028760    8.582460    0.000000
364    opls_145    12.190300   56.077760    0.000000
365    opls_145    44.249770    0.987750    0.000000
366    opls_700     9.011140   54.026150    0.000000
367    opls_145     7.604010   54.185700    0.000000
368    opls_700     6.713110   53.122970    0.000000
369    opls_145     7.255720   51.832480    0.000000
370    opls_700     8.632590   51.581030    0.000000
371    opls_145     9.477260   52.686610    0.000000
372    opls_142     5.289370   53.419520    0.000000
373    opls_142     9.102610   50.202020    0.000000
374    opls_145    -3.474390   51.571440    0.000000
375    opls_145    -2.100450   51.528030    0.000000
376    opls_700    -1.308180   52.711980    0.000000
377    opls_145    -2.033070   53.939330    0.000000
378    opls_145    -3.408640   53.967520    0.000000
379    opls_700     0.147130   52.665180    0.000000
380    opls_145     0.863230   51.432750    0.000000
381    opls_145     2.237160   51.392720    0.000000
382    opls_145     3.012830   52.561450    0.000000
383    opls_145     2.322440   53.787670    0.000000
384    opls_145     0.947530   53.844050    0.000000
385    opls_145   -12.885570   47.770990    0.000000
386    opls_145   -13.588650   46.587040    0.000000
387    opls_700   -12.936020   45.320220    0.000000
388    opls_145   -11.511630   45.365330    0.000000
389    opls_145   -10.822550   46.555470    0.000000
390    opls_700   -13.673930   44.062420    0.000000
391    opls_145   -15.098320   44.017320    0.000000
392    opls_145   -15.786750   42.826050    0.000000
393    opls_145   -15.129890   41.585730    0.000000
394    opls_145   -13.723080   41.611660    0.000000
395    opls_145   -13.020980   42.796170    0.000000
396    opls_700   -20.187840   37.382730    0.000000
397    opls_145   -20.747040   38.692960    0.000000
398    opls_700    42.587440   36.481800    0.000000
399    opls_145    43.987090   36.319430    0.000000
400    opls_700    41.665950   35.349170    0.000000
401    opls_145    40.258170   35.521120    0.000000
402    opls_700    39.353930   34.466850    0.000000
403    opls_145    39.888070   33.172960    0.000000
404    opls_700    41.262010   32.911930    0.000000
405    opls_145    42.118070   34.005670    0.000000
406    opls_142    37.925630   34.749860    0.000000
407    opls_142    41.723570   31.532920    0.000000
408    opls_145    43.631000   30.010710    0.000000
409    opls_145    35.652990   33.838790    0.000000
410    opls_145   -22.109910   38.896480    0.000000
411    opls_145    42.119700   37.827550    0.000000
412    opls_700   -18.743590   37.169060    0.000000
413    opls_145   -18.178200   35.870660    0.000000
414    opls_700   -16.812400   35.630490    0.000000
415    opls_145   -15.966100   36.745650    0.000000
416    opls_700   -16.436770   38.063780    0.000000
417    opls_145   -17.816570   38.242500    0.000000
418    opls_142   -16.357350   34.249230    0.000000
419    opls_142   -15.477520   39.160340    0.000000
420    opls_145   -10.374990   27.583620    0.000000
421    opls_145   -11.024360   28.795190    0.000000
422    opls_700   -12.445820   28.889340    0.000000
423    opls_145   -13.146290   27.647900    0.000000
424    opls_145   -12.482920   26.442530    0.000000
425    opls_700   -13.132950   30.173080    0.000000
426    opls_145   -12.423680   31.409450    0.000000
427    opls_145   -13.075990   32.619330    0.000000
428    opls_145   -14.475960   32.706720    0.000000
429    opls_145   -15.192710   31.495710    0.000000
430    opls_145   -14.554080   30.276810    0.000000
431    opls_145    -2.378100   21.333530    0.000000
432    opls_145    -1.001240   21.316620    0.000000
433    opls_700    -0.230450   22.515220    0.000000
434    opls_145    -0.981710   23.726220    0.000000
435    opls_145    -2.356950   23.727920    0.000000
436    opls_700     1.227790   22.505070    0.000000
437    opls_145     1.979040   21.294070    0.000000
438    opls_145     3.354930   21.293500    0.000000
439    opls_145     4.100650   22.482520    0.000000
440    opls_145     3.374780   23.687890    0.000000
441    opls_145     1.997920   23.703670    0.000000
442    opls_700    10.269520   20.203710    0.000000
443    opls_145     9.414440   19.064310    0.000000
444    opls_700    12.212110   18.640910    0.000000
445    opls_145    11.652900   19.934220    0.000000
446    opls_700    13.653750   18.409190    0.000000
447    opls_145    14.208730   17.104030    0.000000
448    opls_700    15.573870   16.848080    0.000000
449    opls_145    16.427330   17.957600    0.000000
450    opls_700    15.966430   19.277980    0.000000
451    opls_145    14.591190   19.472490    0.000000
452    opls_142    16.042920   15.469630    0.000000
453    opls_142    16.929910   20.367210    0.000000
454    opls_145    17.294470   22.780200    0.000000
455    opls_145    17.968250   13.957000    0.000000
456    opls_750    10.668260   26.322440    0.000000
457    opls_750     5.513320   22.420500    0.000000
458    opls_750    16.520430   21.600760    0.000000
459    opls_750    17.316930   15.211420    0.000000
460    opls_750     4.419960   52.456020    0.000000
461    opls_750    10.376610   49.942680    0.000000
462    opls_750    38.132980    3.506730    0.000000
463    opls_750    43.268060    7.391190    0.000000
464    opls_750   -15.088230   33.978050    0.000000
465    opls_750   -15.889930   40.393330    0.000000
466    opls_750    42.996600   31.270760    0.000000
467    opls_750    37.065010   33.775650    0.000000
468    opls_750    21.881740   30.055810    0.000000
469    opls_750    27.036680   33.957750    0.000000
470    opls_750    16.029570   34.777490    0.000000
471    opls_750    15.233070   41.166840    0.000000
472    opls_750    28.130040    3.922240    0.000000
473    opls_750    22.173390    6.435580    0.000000
474    opls_750    -5.582980   52.871530    0.000000
475    opls_750   -10.718060   48.987060    0.000000
476    opls_750    47.638230   22.400210    0.000000
477    opls_750    48.439930   15.984930    0.000000
478    opls_750   -10.446600   25.107490    0.000000
479    opls_750    -4.515010   22.602610    0.000000
