0      opls_700    14.485460   19.641760    3.068870
1      opls_145    13.726600   20.377370    2.138420
2      opls_145    13.589720   21.760860    2.263240
3      opls_145    15.123630   21.745260    4.131860
4      opls_145    15.186030   20.343810    4.067640
5      opls_145    14.296770   22.455840    3.248000
6      opls_145    14.962320    7.098200    2.957510
7      opls_145    14.179910    7.824970    3.872460
8      opls_145    14.175200    9.226130    3.844490
9      opls_145    15.629040    9.187860    1.916000
10     opls_145    15.707930    7.796120    2.002450
11     opls_700    14.892560    9.939070    2.857690
12     opls_700    14.543150   18.136400    2.979350
13     opls_543    13.366000   17.406390    2.953950
14     opls_543    15.762090   17.504120    2.779360
15     opls_716    16.934830   18.224710    2.677610
16     opls_716    17.911220   17.335740    2.467580
17     opls_543    17.310130   16.090010    2.384550
18     opls_716    12.127630   18.011010    3.022420
19     opls_716    11.225120   17.063460    2.732230
20     opls_543    11.912160   15.862770    2.649490
21     opls_700    14.830450   11.375250    2.779210
22     opls_543    13.605020   12.015190    2.725200
23     opls_543    15.981980   12.142350    2.634640
24     opls_716    17.235070   11.558630    2.590520
25     opls_716    18.098430   12.520310    2.276950
26     opls_543    17.394910   13.708930    2.313990
27     opls_716    12.414040   11.311960    2.663550
28     opls_716    11.434120   12.214760    2.604630
29     opls_543    12.036970   13.459320    2.542740
30     opls_700    18.041910   14.932590    2.186940
31     opls_700    11.279290   14.632640    2.474360
32     opls_700     9.850460   14.557280    2.319240
33     opls_700    19.461320   15.012650    1.975620
34     opls_145    20.369710   14.355350    2.834470
35     opls_145    21.750850   14.459850    2.642760
36     opls_145    22.266570   15.283470    1.631600
37     opls_145    21.379960   15.985510    0.807060
38     opls_145    19.995870   15.822730    0.949310
39     opls_145     9.269690   13.775160    1.295460
40     opls_145     7.878250   13.663600    1.171130
41     opls_145     7.023140   14.403620    1.998640
42     opls_145     7.589190   15.182790    3.024850
43     opls_145     8.974740   15.215170    3.209880
44     opls_142    15.119510   24.753320    3.454180
45     opls_142     4.742730   15.166310    2.307260
46     opls_142    24.577290   14.483980    1.718700
47     opls_142    14.159010    4.837510    3.663660
48     opls_166    16.052630    0.079480    3.375450
49     opls_700    15.353520   28.317430    3.577810
50     opls_567    14.002410   28.310960    3.893900
51     opls_166    13.300360    0.071820    4.086800
52     opls_700    14.007120    1.269570    3.912120
53     opls_567    15.342040    1.276050    3.536270
54     opls_166    29.398620   16.228950    1.766330
55     opls_700     1.129160   15.463610    1.893670
56     opls_567     1.090310   14.078060    1.938980
57     opls_166    29.304130   13.392200    1.915410
58     opls_700    28.134050   14.159890    1.817520
59     opls_567    28.178790   15.542800    1.716220
60     opls_716    13.480800    2.530320    4.024860
61     opls_567    14.441600    3.474330    3.688370
62     opls_716    15.871600   27.054920    3.432240
63     opls_567    14.870480   26.112090    3.608110
64     opls_716    26.853580   13.671260    1.820490
65     opls_567    25.948420   14.713580    1.692010
66     opls_716     2.400510   15.961080    2.003640
67     opls_567     3.310960   14.919930    2.095590
68     opls_182    17.809070    1.448840    3.091540
69     opls_182    11.428230   28.147590    4.374420
70     opls_135     9.888140   28.144350    4.374420
71     opls_182     1.184800   11.482100    1.974880
72     opls_135     1.217470    9.942300    1.974880
73     opls_182    28.156710   18.175850    1.707700
74     opls_135    28.182620   19.715640    1.707700
75     opls_135    19.348870    1.423820    3.091540
76     opls_146    13.215290   19.843400    1.270650
77     opls_146    12.897680   22.331030    1.559210
78     opls_146    15.745610   22.308660    4.903370
79     opls_146    15.810370   19.774520    4.832910
80     opls_146    13.544680    7.274520    4.642590
81     opls_146    13.585890    9.809840    4.626490
82     opls_146    16.165070    9.737720    1.073690
83     opls_146    16.388200    7.228890    1.284810
84     opls_547    16.916280   19.360350    2.775750
85     opls_547    18.993580   17.685150    2.392810
86     opls_547    12.046980   19.116620    3.288110
87     opls_547    10.126870   17.341930    2.605280
88     opls_547    17.353110   10.445360    2.806050
89     opls_547    19.183440   12.258620    2.045680
90     opls_547    12.424050   10.171900    2.670430
91     opls_547    10.345580   11.875660    2.612360
92     opls_146    19.980570   13.726300    3.701940
93     opls_146    22.464970   13.873480    3.310490
94     opls_146    21.782350   16.696390    0.012030
95     opls_146    19.298240   16.355230    0.221870
96     opls_146     9.935240   13.222060    0.553560
97     opls_146     7.429940   12.964500    0.389960
98     opls_146     6.916870   15.793890    3.713280
99     opls_146     9.393620   15.788000    4.102100
100    opls_144     5.066520   16.077650    2.910770
101    opls_144    16.197450   24.387430    3.393770
102    opls_144    24.214940   13.429000    1.954130
103    opls_570    12.398440    2.668670    4.355460
104    opls_570    16.979270   26.916280    3.200820
105    opls_570    26.671370   12.550330    1.919870
106    opls_570     2.573000   17.087890    2.008590
107    opls_185    17.453190    2.018430    4.012880
108    opls_185    17.483220    2.020780    2.160750
109    opls_185    11.774110   27.550620    5.282050
110    opls_185    11.704050   27.550040    3.443630
111    opls_140     9.510480   27.105260    4.652590
112    opls_140     9.507530   28.421640    3.336240
113    opls_140     9.506650   28.903500    5.134400
114    opls_185     1.782060   11.834740    2.879430
115    opls_185     1.782940   11.756440    1.044080
116    opls_140     0.708230    9.551390    1.032840
117    opls_140     0.668490    9.550510    2.894030
118    opls_140     2.299830    9.585240    1.997750
119    opls_185    27.549150   17.844100    2.613540
120    opls_185    27.550920   17.918870    0.776910
121    opls_140    28.710400   20.086830    0.768050
122    opls_140    28.741600   20.086240    2.629390
123    opls_140    27.114380   20.113620    1.725680
124    opls_140    19.733310    1.695510    2.053350
125    opls_140    19.711820    0.379430    3.369810
126    opls_140    19.741250    2.177380    3.851470
127    opls_144    13.239430    5.239020    4.204740
128    opls_542    15.964610   16.158600    2.607950
129    opls_542    13.259150   16.062930    2.753960
130    opls_542    16.046450   13.511420    2.505800
131    opls_542    13.405150   13.365420    2.637210
132    opls_750     5.676440   14.325030    1.794600
133    opls_750    14.098670   23.867590    3.375990
134    opls_750    15.023550    5.739730    2.957910
135    opls_750    23.680970   15.468910    1.475440
136    F2_Co4+2    14.640880   14.798650    2.630920
137    opls_633    15.981690    2.829390    3.255630
138    opls_633    13.308600   26.755260    3.968420
139    opls_633    26.649880   16.285170    1.567830
140    opls_633     2.624810   13.339220    2.060980
141    opls_179    17.156480    0.054160    3.091540
142    opls_179    12.197400    0.045920    4.374420
143    opls_179     0.030320   17.365470    1.707700
144    opls_179    29.288230   12.253910    1.974880
