0      opls_145     0.009020   26.723750    2.053760
1      opls_145     1.147770   26.046480    2.052890
2      opls_145     2.412310   22.640350    2.274500
3      opls_145     3.585360   21.947090    2.234220
4      opls_145     4.759520   22.587410    1.923460
5      opls_145     4.745000   23.938130    1.717330
6      opls_145     3.574590   24.634440    1.765310
7      opls_700     2.392300   23.990690    2.031860
8      opls_700     6.300720   20.618080    1.505010
9      opls_423     5.290410   19.824260    0.977220
10     opls_142     6.033080   21.912050    1.865270
11     opls_145     8.012580   18.884170    1.070250
12     opls_145     9.304840   18.451450    1.085400
13     opls_700    10.309870   19.273460    1.528370
14     opls_145     9.996050   20.535430    1.964510
15     opls_145     8.702910   20.965100    1.966290
16     opls_700     7.685340   20.147280    1.518020
17     opls_145    -1.155900   24.737280    2.053760
18     opls_145    -1.138750   26.062100    2.052890
19     opls_145     1.178770   28.860290    2.274500
20     opls_145     1.192630   30.222820    2.234220
21     opls_145     0.051020   30.919510    1.923460
22     opls_145    -1.111480   30.231580    1.717330
23     opls_145    -1.129290   28.869810    1.765310
24     opls_700     0.019350   28.167790    2.031860
25     opls_700     0.985900   33.238890    1.505010
26     opls_423     2.178530   32.760840    0.977220
27     opls_142    -0.000880   32.360120    1.865270
28     opls_145     1.631590   35.588370    1.070250
29     opls_145     1.360210   36.923850    1.085400
30     opls_700     0.145810   37.383230    1.528370
31     opls_145    -0.790170   36.480460    1.964510
32     opls_145    -0.515710   35.145740    1.966290
33     opls_700     0.701330   34.673410    1.518020
34     opls_145     1.146890   24.721670    2.053760
35     opls_145    -0.009020   24.074110    2.052890
36     opls_145    -3.591080   24.682050    2.274500
37     opls_145    -4.777990   24.012790    2.234220
38     opls_145    -4.810540   22.675780    1.923460
39     opls_145    -3.633530   22.012990    1.717330
40     opls_145    -2.445300   22.678450    1.765310
41     opls_700    -2.411650   24.024210    2.031860
42     opls_700    -7.286630   22.325720    1.505010
43     opls_423    -7.468940   23.597590    0.977220
44     opls_142    -6.032200   21.910520    1.865270
45     opls_145    -9.644170   21.710160    1.070250
46     opls_145   -10.665040   20.807400    1.085400
47     opls_700   -10.455680   19.526010    1.528370
48     opls_145    -9.205870   19.166800    1.964510
49     opls_145    -8.187200   20.071850    1.966290
50     opls_700    -8.386670   21.362010    1.518020
51     opls_145    21.983030   11.367600    2.053760
52     opls_145    20.844280   12.044870    2.052890
53     opls_145    19.579740   15.450990    2.274500
54     opls_145    18.406690   16.144260    2.234220
55     opls_145    17.232530   15.503940    1.923460
56     opls_145    17.247050   14.153220    1.717330
57     opls_145    18.417460   13.456910    1.765310
58     opls_700    19.599750   14.100660    2.031860
59     opls_700    15.691330   17.473260    1.505010
60     opls_423    16.701640   18.267090    0.977220
61     opls_142    15.958970   16.179300    1.865270
62     opls_145    13.979470   19.207180    1.070250
63     opls_145    12.687210   19.639900    1.085400
64     opls_700    11.682180   18.817890    1.528370
65     opls_145    11.996000   17.555920    1.964510
66     opls_145    13.289140   17.126250    1.966290
67     opls_700    14.306710   17.944070    1.518020
68     opls_145    23.147950   13.354060    2.053760
69     opls_145    23.130800   12.029250    2.052890
70     opls_145    20.813280    9.231060    2.274500
71     opls_145    20.799420    7.868530    2.234220
72     opls_145    21.941030    7.171840    1.923460
73     opls_145    23.103530    7.859770    1.717330
74     opls_145    23.121340    9.221530    1.765310
75     opls_700    21.972700    9.923560    2.031860
76     opls_700    21.006150    4.852460    1.505010
77     opls_423    19.813520    5.330500    0.977220
78     opls_142    21.992930    5.731220    1.865270
79     opls_145    20.360460    2.502980    1.070250
80     opls_145    20.631840    1.167500    1.085400
81     opls_700    21.846240    0.708120    1.528370
82     opls_145    22.782220    1.610880    1.964510
83     opls_145    22.507760    2.945600    1.966290
84     opls_700    21.290720    3.417940    1.518020
85     opls_145    20.845160   13.369680    2.053760
86     opls_145    22.001070   14.017240    2.052890
87     opls_145    25.583130   13.409300    2.274500
88     opls_145    26.770040   14.078560    2.234220
89     opls_145    26.802590   15.415570    1.923460
90     opls_145    25.625580   16.078360    1.717330
91     opls_145    24.437350   15.412900    1.765310
92     opls_700    24.403700   14.067130    2.031860
93     opls_700    29.278680   15.765630    1.505010
94     opls_423    29.460990   14.493760    0.977220
95     opls_142    28.024250   16.180820    1.865270
96     opls_145    31.636220   16.381180    1.070250
97     opls_145    32.657090   17.283950    1.085400
98     opls_700    32.447730   18.565340    1.528370
99     opls_145    31.197920   18.924540    1.964510
100    opls_145    30.179250   18.019490    1.966290
101    opls_700    30.378720   16.729340    1.518020
102    opls_146     1.437840   22.098310    2.511220
103    opls_146     3.595040   20.829490    2.459240
104    opls_146     5.717710   24.492360    1.502910
105    opls_146     3.573270   25.759650    1.583360
106    opls_146     7.186780   18.199670    0.684310
107    opls_146     9.557530   17.398990    0.728110
108    opls_146    10.820090   21.233640    2.329240
109    opls_146     8.450450   22.011850    2.341150
110    opls_146     2.142470   26.603760    2.051360
111    opls_144     6.987310   22.470090    2.143190
112    opls_146     2.135430   28.287400    2.511220
113    opls_146     2.155660   30.790000    2.459240
114    opls_146    -2.077810   30.796850    1.502910
115    opls_146    -2.102880   28.305680    1.583360
116    opls_146     2.637290   35.215450    0.684310
117    opls_146     2.145100   37.669300    0.728110
118    opls_146    -1.806870   36.845000    2.329240
119    opls_146    -1.295990   34.403720    2.341150
120    opls_146    -2.118710   26.644900    2.051360
121    opls_144    -0.961270   32.907500    2.143190
122    opls_146    -3.573270   25.796980    2.511220
123    opls_146    -5.750700   24.563210    2.459240
124    opls_146    -3.639900   20.893490    1.502910
125    opls_146    -1.469730   22.116980    1.583360
126    opls_146    -9.824070   22.767580    0.684310
127    opls_146   -11.703290   21.114800    0.728110
128    opls_146    -9.013220   18.104060    2.329240
129    opls_146    -7.154450   19.767120    2.341150
130    opls_146    -0.023750   22.934040    2.051360
131    opls_144    -6.026040   20.805110    2.143190
132    opls_146    20.554210   15.993030    2.511220
133    opls_146    18.397010   17.261860    2.459240
134    opls_146    16.274340   13.598990    1.502910
135    opls_146    18.418780   12.331690    1.583360
136    opls_146    14.805270   19.891680    0.684310
137    opls_146    12.434520   20.692360    0.728110
138    opls_146    11.171960   16.857710    2.329240
139    opls_146    13.541600   16.079500    2.341150
140    opls_146    19.849580   11.487590    2.051360
141    opls_144    15.004740   15.621260    2.143190
142    opls_146    19.856620    9.803950    2.511220
143    opls_146    19.836390    7.301350    2.459240
144    opls_146    24.069860    7.294490    1.502910
145    opls_146    24.094930    9.785670    1.583360
146    opls_146    19.354760    2.875900    0.684310
147    opls_146    19.846950    0.422050    0.728110
148    opls_146    23.798920    1.246350    2.329240
149    opls_146    23.288040    3.687620    2.341150
150    opls_146    24.110760   11.446450    2.051360
151    opls_144    22.953320    5.183850    2.143190
152    opls_146    25.565320   12.294360    2.511220
153    opls_146    27.742750   13.528140    2.459240
154    opls_146    25.631950   17.197860    1.502910
155    opls_146    23.461780   15.974370    1.583360
156    opls_146    31.816120   15.323770    0.684310
157    opls_146    33.695340   16.976550    0.728110
158    opls_146    31.005270   19.987290    2.329240
159    opls_146    29.146500   18.324220    2.341150
160    opls_146    22.015800   15.157310    2.051360
161    opls_144    28.018090   17.286230    2.143190
162    opls_753     5.038380   18.714280    1.843370
163    opls_753     3.265820   33.097570    1.843370
164    opls_753    -8.304200   24.370840    1.843370
165    opls_753    16.953670   19.377070    1.843370
166    opls_753    18.726230    4.993780    1.843370
167    opls_753    30.296250   13.720500    1.843370
