0      opls_404    -5.354100    9.565300    0.452390
1      opls_404     4.364780   15.630290    2.934300
2      opls_404    12.682800   10.626210    2.493510
3      opls_404    10.443010   23.780790    3.352720
4      opls_404     1.541190   23.958740    2.946060
5      opls_404    -8.143270   18.717980    1.647530
6      opls_404    -5.354100    9.565300    4.536090
7      opls_404     4.364780   15.630290    7.018000
8      opls_404    12.682800   10.626210    6.577210
9      opls_404    10.443010   23.780790    7.436420
10     opls_404     1.541190   23.958740    7.029760
11     opls_404    -8.143270   18.717980    5.731310
12     opls_917    18.195760    1.335400    7.229700
13     opls_145    19.199350    2.014440    7.936020
14     opls_145    19.204480    3.404280    8.018340
15     opls_700    18.194760    4.147590    7.399660
16     opls_145    17.154510    3.473590    6.744230
17     opls_700    17.129620    2.065350    6.636750
18     opls_700    18.285770    5.623890    7.310560
19     opls_145    19.485360    6.223780    6.898840
20     opls_700    19.548990    7.598250    6.605060
21     opls_145    18.385090    8.392730    6.774530
22     opls_145    17.201740    7.789810    7.222510
23     opls_145    17.149500    6.422660    7.488770
24     opls_137     3.525600   24.195680    8.014100
25     opls_145     4.128200   22.991600    8.130890
26     opls_166     3.448190   21.915830    0.728940
27     opls_145     3.934030   20.506830    0.651760
28     opls_280     5.114660   20.213690    7.954970
29     opls_145     5.914470   21.310890    7.339800
30     opls_280     5.453750   22.707790    7.529930
31     opls_142     7.028910   21.085550    6.603100
32     opls_142     3.267160   19.464320    1.211230
33     opls_145     8.587460   19.170420    7.196210
34     opls_145     8.338310   17.868550    7.657100
35     opls_145     9.316100   17.130780    0.152160
36     opls_700    10.620580   17.631110    0.293700
37     opls_145    10.880770   18.931730    7.989840
38     opls_700     9.878380   19.729490    7.404650
39     opls_700    11.722170   16.790000    0.870970
40     opls_145    11.661890   15.380750    0.834460
41     opls_700    12.724120   14.587530    1.312090
42     opls_145    13.930870   15.219940    1.698660
43     opls_145    13.960030   16.613060    1.816670
44     opls_145    12.864260   17.386620    1.438280
45     opls_142    15.627530   13.491590    1.005650
46     opls_145    16.916310   13.367570    0.610760
47     opls_280    17.315260   12.161230    7.990410
48     opls_145    18.756770   11.855740    7.754860
49     opls_280    19.749740   12.800950    0.140320
50     opls_145    19.347910   14.189530    0.441120
51     opls_280    17.941930   14.426720    0.844020
52     opls_142    19.202370   10.738120    7.135860
53     opls_142    -7.674740   15.218680    0.322780
54     opls_145    -5.251530   15.800170    0.126590
55     opls_145    -4.299740   15.088110    0.864600
56     opls_145    -3.115870   15.692550    1.277710
57     opls_700    -2.833620   17.021140    0.925530
58     opls_145    -3.788680   17.741260    0.184580
59     opls_700    -5.007440   17.155730    7.952350
60     opls_700    -1.539580   17.653040    1.309320
61     opls_145    -0.355350   16.894350    1.363470
62     opls_700     0.872840   17.481900    1.719240
63     opls_145     0.927710   18.884090    1.927590
64     opls_145    -0.260540   19.624630    1.917710
65     opls_145    -1.479230   19.019190    1.625070
66     opls_470    16.000430    1.471510    5.849490
67     opls_470    20.808230    8.130090    6.038160
68     opls_470    10.264690   21.107730    7.025110
69     opls_470    12.499550   13.133920    1.503050
70     opls_470    -5.963030   17.972400    7.155790
71     opls_470     2.038660   16.596670    1.948250
72     opls_917    18.195760    1.335400    3.146000
73     opls_145    19.199350    2.014440    3.852320
74     opls_145    19.204480    3.404280    3.934640
75     opls_700    18.194760    4.147590    3.315960
76     opls_145    17.154510    3.473590    2.660530
77     opls_700    17.129620    2.065350    2.553050
78     opls_700    18.285770    5.623890    3.226860
79     opls_145    19.485360    6.223780    2.815140
80     opls_700    19.548990    7.598250    2.521360
81     opls_145    18.385090    8.392730    2.690830
82     opls_145    17.201740    7.789810    3.138810
83     opls_145    17.149500    6.422660    3.405070
84     opls_137     3.525600   24.195680    3.930400
85     opls_145     4.128200   22.991600    4.047190
86     opls_166     3.448190   21.915830    4.812640
87     opls_145     3.934030   20.506830    4.735460
88     opls_280     5.114660   20.213690    3.871270
89     opls_145     5.914470   21.310890    3.256100
90     opls_280     5.453750   22.707790    3.446230
91     opls_142     7.028910   21.085550    2.519400
92     opls_142     3.267160   19.464320    5.294930
93     opls_145     8.587460   19.170420    3.112510
94     opls_145     8.338310   17.868550    3.573400
95     opls_145     9.316100   17.130780    4.235860
96     opls_700    10.620580   17.631110    4.377400
97     opls_145    10.880770   18.931730    3.906140
98     opls_700     9.878380   19.729490    3.320950
99     opls_700    11.722170   16.790000    4.954670
100    opls_145    11.661890   15.380750    4.918160
101    opls_700    12.724120   14.587530    5.395790
102    opls_145    13.930870   15.219940    5.782360
103    opls_145    13.960030   16.613060    5.900370
104    opls_145    12.864260   17.386620    5.521980
105    opls_142    15.627530   13.491590    5.089350
106    opls_145    16.916310   13.367570    4.694460
107    opls_280    17.315260   12.161230    3.906630
108    opls_145    18.756770   11.855740    3.671160
109    opls_280    19.749740   12.800950    4.224100
110    opls_145    19.347910   14.189530    4.524820
111    opls_280    17.941930   14.426720    4.927720
112    opls_142    19.202370   10.738120    3.052160
113    opls_142    -7.674740   15.218680    4.406480
114    opls_145    -5.251530   15.800170    4.210290
115    opls_145    -4.299740   15.088110    4.948300
116    opls_145    -3.115870   15.692550    5.361410
117    opls_700    -2.833620   17.021140    5.009230
118    opls_145    -3.788680   17.741260    4.268280
119    opls_700    -5.007440   17.155730    3.868650
120    opls_700    -1.539580   17.653040    5.393020
121    opls_145    -0.355350   16.894350    5.447170
122    opls_700     0.872840   17.481900    5.802940
123    opls_145     0.927710   18.884090    6.011290
124    opls_145    -0.260540   19.624630    6.001410
125    opls_145    -1.479230   19.019190    5.708770
126    opls_470    16.000430    1.471510    1.765790
127    opls_470    20.808230    8.130090    1.954460
128    opls_470    10.264690   21.107730    2.941410
129    opls_470    12.499550   13.133920    5.586750
130    opls_470    -5.963030   17.972400    3.072090
131    opls_470     2.038660   16.596670    6.031950
132    opls_900     3.844260   25.149210    6.996520
133    opls_750     7.577250   19.784180    6.371060
134    opls_750    15.157640   14.501070    1.916640
135    opls_750    18.347370    9.795430    6.474300
136    opls_750    -6.404180   15.087110    7.836050
137    opls_750     2.157830   19.599680    2.115600
138    opls_900     3.844260   25.149210    2.912820
139    opls_750     7.577250   19.784180    2.287360
140    opls_750    15.157640   14.501070    6.000340
141    opls_750    18.347370    9.795430    2.390600
142    opls_750    -6.404180   15.087110    3.752350
143    opls_750     2.157830   19.599680    6.199300
144    opls_281     6.206300   23.631830    7.261880
145    opls_281     5.408100   19.051960    7.730120
146    opls_167     2.423800   22.182250    1.336020
147    opls_281    16.453880   11.389940    7.601320
148    opls_281    -7.000020   12.428660    0.390570
149    opls_281    17.620150   15.520640    1.278770
150    opls_272    15.422560    2.178270    5.041740
151    opls_180    15.486120    0.186020    6.027210
152    opls_272    21.877980    7.631020    6.342720
153    opls_180    20.789250    9.167550    5.119000
154    opls_272    11.362590   21.318200    6.538250
155    opls_180     9.450930   22.188300    7.325420
156    opls_272    11.637930   12.551420    0.867460
157    opls_180    13.227340   12.425890    2.452830
158    opls_180    -7.154890   17.439300    6.691470
159    opls_272    -5.710820   19.136650    6.896880
160    opls_180     3.017620   16.939720    2.873700
161    opls_272     2.138090   15.541560    1.348360
162    opls_281     6.206300   23.631830    3.178180
163    opls_281     5.408100   19.051960    3.646340
164    opls_167     2.423800   22.182250    5.419720
165    opls_281    16.453880   11.389940    3.517540
166    opls_281    -7.000020   12.428660    4.474270
167    opls_281    17.620150   15.520640    5.362470
168    opls_272    15.422560    2.178270    0.958040
169    opls_180    15.486120    0.186020    1.943510
170    opls_272    21.877980    7.631020    2.259020
171    opls_180    20.789250    9.167550    1.035300
172    opls_272    11.362590   21.318200    2.454550
173    opls_180     9.450930   22.188300    3.241720
174    opls_272    11.637930   12.551420    4.951160
175    opls_180    13.227340   12.425890    6.536530
176    opls_180    -7.154890   17.439300    2.607770
177    opls_272    -5.710820   19.136650    2.813180
178    opls_180     3.017620   16.939720    6.957400
179    opls_272     2.138090   15.541560    5.432060
180    opls_146    20.028210    1.427900    8.454240
181    opls_146    20.032980    3.938390    8.591040
182    opls_146    16.296720    4.063410    6.279340
183    opls_146    20.431210    5.595910    6.797240
184    opls_146    16.263380    8.419200    7.374100
185    opls_146    16.175640    5.955340    7.853280
186    opls_140     2.712080   24.500160    8.752680
187    opls_144     7.584550   21.959940    6.127590
188    opls_144     3.578600   18.394090    0.971840
189    opls_146     7.316020   17.391410    7.492200
190    opls_146     9.061580   16.108190    0.587150
191    opls_146    11.929650   19.370050    8.075840
192    opls_146    10.739780   14.860510    0.411960
193    opls_146    14.888610   17.131290    2.227000
194    opls_146    12.900370   18.515580    1.593050
195    opls_144    14.838880   12.768690    0.612060
196    opls_144    20.317220   10.501440    7.120090
197    opls_144    -7.944430   16.240260    0.750910
198    opls_146    -4.488460   13.996960    1.135840
199    opls_146    -2.366810   15.107520    1.907170
200    opls_146    -3.585690   18.824600   -0.106500
201    opls_146    -0.379730   15.781770    1.116480
202    opls_146    -0.238740   20.740230    2.151620
203    opls_146    -2.439400   19.633700    1.640500
204    opls_146    20.028210    1.427900    4.370540
205    opls_146    20.032980    3.938390    4.507340
206    opls_146    16.296720    4.063410    2.195640
207    opls_146    20.431210    5.595910    2.713540
208    opls_146    16.263380    8.419200    3.290400
209    opls_146    16.175640    5.955340    3.769580
210    opls_140     2.712080   24.500160    4.668980
211    opls_144     7.584550   21.959940    2.043890
212    opls_144     3.578600   18.394090    5.055540
213    opls_146     7.316020   17.391410    3.408500
214    opls_146     9.061580   16.108190    4.670850
215    opls_146    11.929650   19.370050    3.992140
216    opls_146    10.739780   14.860510    4.495660
217    opls_146    14.888610   17.131290    6.310700
218    opls_146    12.900370   18.515580    5.676750
219    opls_144    14.838880   12.768690    4.695760
220    opls_144    20.317220   10.501440    3.036390
221    opls_144    -7.944430   16.240260    4.834610
222    opls_146    -4.488460   13.996960    5.219540
223    opls_146    -2.366810   15.107520    5.990870
224    opls_146    -3.585690   18.824600    3.977200
225    opls_146    -0.379730   15.781770    5.200180
226    opls_146    -0.238740   20.740230    6.235320
227    opls_146    -2.439400   19.633700    5.724200
