0      MOF2_B_2     0.000110   18.872580    1.738200
1      MOF2_B_2    -4.977640   10.251250    1.738200
2      MOF2_B_2     4.977640   10.251250    1.738200
3      opls_167    -3.672530    9.590540    1.738200
4      opls_167     4.897160   11.711670    1.738200
5      opls_167    -1.224630   18.072680    1.738200
6      opls_167     1.224630   18.072680    1.738200
7      opls_167     3.672530    9.590540    1.738200
8      opls_167    -4.897160   11.711670    1.738200
9      opls_145    16.405110    7.997430    1.738200
10     opls_145    15.209010    7.290460    1.738200
11     opls_700    -0.712680   11.883730    1.738200
12     opls_166    -2.841300   10.698750    1.738200
13     opls_145    -1.457760   10.666460    1.738200
14     opls_145     7.604560   10.208530    1.738200
15     opls_145     8.814870    9.526160    1.738200
16     opls_700     1.431280   13.128370    1.738200
17     opls_166     3.521810   11.877430    1.738200
18     opls_145     2.858010   13.091760    1.738200
19     opls_145    10.089970    1.481480    1.738200
20     opls_145    10.075760    2.870820    1.738200
21     opls_700    -0.718590   14.362780    1.738200
22     opls_166    -0.680520   16.798700    1.738200
23     opls_145    -1.400250   15.616670    1.738200
24     opls_145    12.643130    1.481480    1.738200
25     opls_145    12.657340    2.870820    1.738200
26     opls_700     0.718590   14.362780    1.738200
27     opls_166     0.680520   16.798700    1.738200
28     opls_145     1.400250   15.616670    1.738200
29     opls_145     6.327990    7.997430    1.738200
30     opls_145     7.524090    7.290460    1.738200
31     opls_700     0.712680   11.883730    1.738200
32     opls_166     2.841300   10.698750    1.738200
33     opls_145     1.457760   10.666460    1.738200
34     opls_145    15.128540   10.208530    1.738200
35     opls_145    13.918230    9.526160    1.738200
36     opls_700    -1.431280   13.128370    1.738200
37     opls_166    -3.521810   11.877430    1.738200
38     opls_145    -2.858010   13.091760    1.738200
39     opls_700    11.366550    5.154960    1.738200
40     opls_145    11.366660    0.743590    1.738200
41     opls_700    11.366660    3.647100    1.738200
42     opls_700    12.585500    7.266240    1.738200
43     opls_145    16.405800    9.472020    1.738200
44     opls_700    13.891400    8.020070    1.738200
45     opls_700    10.147600    7.266240    1.738200
46     opls_145     6.327420    9.471830    1.738200
47     opls_700     8.841930    8.020070    1.738200
48     opls_145    10.161010    5.866460    1.738200
49     opls_145    12.572090    5.866460    1.738200
50     opls_145    11.366550    7.954510    1.738200
51     opls_146    -1.019690    9.686020    1.738200
52     opls_146    17.339790    7.451110    1.738200
53     opls_146    15.239020    6.208830    1.738200
54     opls_146     3.488050   13.961350    1.738200
55     opls_146     7.610360   11.291140    1.738200
56     opls_146     9.736590   10.092960    1.738200
57     opls_146    -2.468360   15.727510    1.738200
58     opls_146     9.149500    0.945190    1.738200
59     opls_146     9.124040    3.385650    1.738200
60     opls_146     2.468360   15.727510    1.738200
61     opls_146    13.583600    0.945190    1.738200
62     opls_146    13.609060    3.385650    1.738200
63     opls_146     1.019690    9.686020    1.738200
64     opls_146     5.393310    7.451110    1.738200
65     opls_146     7.494080    6.208830    1.738200
66     opls_146    -3.488050   13.961350    1.738200
67     opls_146    15.122740   11.291140    1.738200
68     opls_146    12.996510   10.092960    1.738200
69     opls_146    13.509140    5.325450    1.738200
70     opls_146    11.366550    9.036540    1.738200
71     opls_146     9.223960    5.325450    1.738200
