0      opls_145    14.290750   24.444740   14.307370
1      opls_142    12.069860   25.498140   14.204960
2      opls_700     4.221060   25.230900   12.595530
3      opls_700     5.551720   25.164200   13.087030
4      opls_700     6.637640   25.247790   12.182850
5      opls_700     6.393720   25.242900   10.781780
6      opls_700     5.064320   25.161090   10.290610
7      opls_700     3.976590   25.226010   11.194110
8      opls_145    16.274730   23.051170   14.428980
9      opls_145     0.830130   26.297190    9.325450
10     opls_700    -0.068640   25.278030    9.678160
11     opls_145     0.367070   24.251310   10.539220
12     opls_145     1.681290   24.226860   11.015230
13     opls_700     2.578000   25.248240   10.669600
14     opls_145     2.142560   26.286080    9.821840
15     opls_700    -6.457880   24.143260   14.858840
16     opls_142    -1.442230   25.278480    9.124170
17     opls_701    15.551240   23.828000    8.360970
18     opls_145    14.571410   25.341620    6.444310
19     opls_700    15.258120   24.177500    6.869950
20     opls_142    16.669290   26.636910    0.812550
21     opls_701    -4.911360   24.071220   15.007740
22     opls_145    14.935390   23.225040   14.089240
23     opls_145    17.888350   22.815500    8.946470
24     opls_145     8.251700   26.532420    9.710000
25     opls_700     7.527800   25.333610    9.823700
26     opls_145     7.849680   24.249530    8.986720
27     opls_145     8.860370   24.377150    8.029480
28     opls_145     9.574980   25.573290    7.920170
29     opls_145     9.271000   26.649810    8.760170
30     opls_145    17.763420   25.113060    8.209710
31     opls_145    11.929660   33.684330   13.000960
32     opls_145     8.440050   26.371900   13.542490
33     opls_700     8.034270   25.312270   12.707540
34     opls_145     8.960050   24.315340   12.369310
35     opls_145    10.276360   24.390050   12.832520
36     opls_700    10.685600   25.439890   13.677920
37     opls_145     9.754910   26.431040   14.029950
38     opls_145    10.571590   38.138040   14.764510
39     opls_700     9.556610   38.803250   14.053200
40     opls_145     8.508440   38.062010   13.471580
41     opls_145     8.430220   36.683560   13.689030
42     opls_700     9.399020   36.045030   14.483900
43     opls_145    10.493180   36.766710   14.978770
44     opls_145    -3.654750   24.219740    9.057970
45     opls_142     4.082190   24.025870    4.691700
46     opls_145     9.894220   29.581010   12.368810
47     opls_145     9.421350   30.623290   13.159460
48     opls_145    15.200900   37.218040    1.700390
49     opls_145     1.320640   26.655140   14.568960
50     opls_145     1.017520   25.592850   15.427660
51     opls_145     1.742110   24.400270   15.348490
52     opls_145     2.763490   24.261980   14.403890
53     opls_700     3.085460   25.332720   13.549730
54     opls_145     2.349770   26.527080   13.632100
55     opls_145    14.074440   19.858070    9.463740
56     opls_145    13.681450   20.444580    8.244750
57     opls_145    14.111700   21.717190    7.899280
58     opls_700    14.980480   22.439320    8.751410
59     opls_145    15.218380   21.911070   10.051420
60     opls_145    14.818560   20.611770   10.380220
61     opls_145    15.022770   25.510590   14.864900
62     opls_145     4.072680   23.377550    7.090270
63     opls_700     4.413230   24.316680    6.104900
64     opls_145     4.982690   25.543490    6.496860
65     opls_145     5.169040   25.836970    7.857680
66     opls_700     4.813810   24.898740    8.841700
67     opls_145     4.270600   23.665250    8.446880
68     opls_700    15.411280   33.001330    1.227250
69     opls_700    11.173940   29.055420   12.600240
70     opls_145    11.494820   30.611730   14.439090
71     opls_700    10.227590   31.149770   14.182900
72     opls_700    13.934590   37.573770    1.189010
73     opls_145    -4.157500   20.887900   12.943690
74     opls_145    -4.567720   22.177860   13.294210
75     opls_700    -4.341420   22.685220   14.604160
76     opls_145    -3.493410   21.940860   15.457470
77     opls_145    -3.070930   20.668240   15.100210
78     opls_145    -3.433560   20.109750   13.856970
79     opls_145    -4.897060   25.728920   13.012920
80     opls_700    -4.207490   25.043250   14.044610
81     opls_145    -2.796550   25.134850   14.077450
82     opls_145    -2.117710   25.948580   13.176300
83     opls_145    -2.819970   26.677380   12.211990
84     opls_145    -4.217870   26.554650   12.126930
85     opls_145    15.757140   23.321970    5.869250
86     opls_700    17.097170   23.900030    8.504990
87     opls_145    11.965940   29.562330   13.654840
88     opls_145    15.947860   36.227780    1.072110
89     opls_145    14.006420   33.045350    1.246950
90     opls_700    14.852470   24.793800    9.334550
91     opls_145    15.543950   25.488800   10.360510
92     opls_145    14.864560   26.352770   11.213490
93     opls_145    13.484690   26.519520   11.090520
94     opls_145    12.764930   25.732030   10.170680
95     opls_145    13.442320   24.882730    9.303560
96     opls_142    13.089290   38.537350    1.888870
97     opls_145     3.769530   25.553720    0.101570
98     opls_700    -4.625590   24.402500   16.501960
99     opls_145     2.565890   23.535410    0.643770
100    opls_145     2.834860   23.731500    2.002910
101    opls_145     3.652480   24.797350    2.418450
102    opls_145     4.070900   25.732920    1.463900
103    opls_145     6.607100   23.335310   16.241050
104    opls_145     6.390290   23.649690   14.893370
105    opls_700     5.810570   24.876950   14.530550
106    opls_145     5.436740   25.781390   15.539840
107    opls_145    13.335760   25.457670    0.048850
108    opls_700    13.945470   24.239310    0.407790
109    opls_700     8.469470   34.470930   16.172830
110    opls_700     8.446440   33.206760   16.794370
111    opls_700     9.108330   32.130690   16.182430
112    opls_700     9.752480   32.313440   14.939860
113    opls_700     9.820040   33.590060   14.346950
114    opls_700     9.188250   34.671920   14.975910
115    opls_145    13.445240   36.956580    0.024930
116    opls_145     6.492750   35.963210   16.244760
117    opls_145    17.780390   28.874440    0.978630
118    opls_145    17.816220   30.213760    0.585330
119    opls_700     9.014670   30.780700   16.767090
120    opls_145     7.846450   30.032780   16.575740
121    opls_145    15.507970   28.698360    0.123970
122    opls_700    16.637550   28.098070    0.709630
123    opls_145    14.692970   24.630160    4.112440
124    opls_142    14.285540   23.916930    1.813080
125    opls_145    14.276490   25.548830    5.084330
126    opls_142     9.519910   40.267080   14.117540
127    opls_700     7.736340   35.587920   16.777530
128    opls_145     9.802650   34.061850   11.880670
129    opls_145    15.498690   23.548750    4.511810
130    opls_145    15.425060   32.530440    3.618570
131    opls_145    16.117880   32.740760    2.420300
132    opls_145    11.863920   34.129880   10.611650
133    opls_700    10.529730   33.787050   13.057220
134    opls_145    10.469430   34.235260   10.662690
135    opls_145    12.592970   33.855080   11.780280
136    opls_145    16.390110   25.358070   15.139800
137    opls_142    11.676440   28.005130   11.714930
138    opls_145    13.318260   32.840810    2.448430
139    opls_145    14.026430   32.582020    3.633400
140    opls_145    19.224470   23.001370    9.293790
141    opls_145    19.130600   25.270470    8.474670
142    opls_145    18.140220   20.021260    5.885420
143    opls_142    15.919330   18.967860    5.783010
144    opls_700     8.070530   19.235100    4.173580
145    opls_700     9.401180   19.301800    4.665080
146    opls_700    10.487110   19.218210    3.760900
147    opls_700    10.243190   19.223100    2.359830
148    opls_700     8.913790   19.304910    1.868660
149    opls_700     7.826060   19.239990    2.772170
150    opls_145    20.124200   21.414830    6.007040
151    opls_145     4.679600   18.168810    0.903510
152    opls_700     3.780830   19.187970    1.256220
153    opls_145     4.216540   20.214690    2.117280
154    opls_145     5.530760   20.239140    2.593290
155    opls_700     6.427470   19.217760    2.247650
156    opls_145     5.992030   18.179920    1.399900
157    opls_700    -2.608410   20.322740    6.436890
158    opls_142     2.407240   19.187520    0.702220
159    opls_701    11.701770   20.638000   16.782920
160    opls_145    10.721950   19.124380   14.866250
161    opls_700    11.408650   20.288500   15.291900
162    opls_142    12.819830   17.829090    9.234500
163    opls_701    -1.061890   20.394780    6.585790
164    opls_145    18.784860   21.240960    5.667300
165    opls_145    21.737820   21.650500    0.524520
166    opls_145    12.101170   17.933580    1.288050
167    opls_700    11.377270   19.132390    1.401750
168    opls_145    11.699150   20.216470    0.564780
169    opls_145     5.010900   20.088850   16.451430
170    opls_145     5.725510   18.892710   16.342110
171    opls_145    13.120470   17.816190    0.338230
172    opls_145    13.913950   19.352940   16.631660
173    opls_145    15.779130   10.781670    4.579010
174    opls_145    12.289520   18.094100    5.120540
175    opls_700    11.883740   19.153730    4.285590
176    opls_145    12.809520   20.150660    3.947370
177    opls_145    14.125830   20.075950    4.410570
178    opls_700    14.535070   19.026110    5.255970
179    opls_145    13.604380   18.034960    5.608010
180    opls_145    14.421060    6.327960    6.342570
181    opls_700    13.406080    5.662750    5.631250
182    opls_145    12.357910    6.403990    5.049630
183    opls_145    12.279690    7.782440    5.267090
184    opls_700    13.248490    8.420970    6.061950
185    opls_145    14.342650    7.699290    6.556820
186    opls_145     0.194720   20.246260    0.636030
187    opls_142     0.232720   20.440130   13.113640
188    opls_145    13.743690   14.884990    3.946860
189    opls_145    13.270820   13.842710    4.737510
190    opls_145    11.351430    7.247960   10.122340
191    opls_145     5.170110   17.810860    6.147010
192    opls_145     4.866990   18.873150    7.005710
193    opls_145     5.591580   20.065730    6.926550
194    opls_145     6.612960   20.204020    5.981940
195    opls_700     6.934930   19.133280    5.127790
196    opls_145     6.199240   17.938920    5.210150
197    opls_145    17.923910   24.607930    1.041790
198    opls_145     9.831980   24.021420   16.666700
199    opls_145    10.262230   22.748810   16.321230
200    opls_700    18.829950   22.026680    0.329470
201    opls_145    19.067850   22.554930    1.629480
202    opls_145    18.668030   23.854230    1.958270
203    opls_145    18.872240   18.955410    6.442960
204    opls_145     0.223210   21.088450   15.512220
205    opls_700     0.563760   20.149320   14.526850
206    opls_145     1.133220   18.922510   14.918800
207    opls_145     1.319570   18.629030   16.279620
208    opls_700     8.663280   19.567260    0.419750
209    opls_145     8.120060   20.800750    0.024930
210    opls_700    11.561810   11.464670    9.649190
211    opls_700    15.023410   15.410580    4.178300
212    opls_145    15.344290   13.854270    6.017140
213    opls_700    14.077060   13.316230    5.760950
214    opls_700    10.085120    6.892230    9.610960
215    opls_145    -0.308030   23.578100    4.521740
216    opls_145    -0.718250   22.288140    4.872260
217    opls_700    -0.491950   21.780780    6.182210
218    opls_145     0.356060   22.525140    7.035530
219    opls_145     0.778530   23.797760    6.678270
220    opls_145     0.415910   24.356250    5.435020
221    opls_145    -1.047590   18.737080    4.590970
222    opls_700    -0.358020   19.422750    5.622660
223    opls_145     1.052920   19.331150    5.655510
224    opls_145     1.731760   18.517420    4.754360
225    opls_145     1.029500   17.788620    3.790040
226    opls_145    -0.368400   17.911350    3.704980
227    opls_145    11.907670   21.144030   14.291200
228    opls_700    20.946640   20.565970    0.083040
229    opls_145    15.815400   14.903670    5.232890
230    opls_145    12.098390    8.238220    9.494060
231    opls_145    10.156950   11.420650    9.668900
232    opls_700    18.701940   19.672200    0.912600
233    opls_145    19.393420   18.977200    1.938560
234    opls_145    18.714030   18.113230    2.791540
235    opls_145    17.334160   17.946480    2.668580
236    opls_145    16.614400   18.733970    1.748730
237    opls_145    17.291790   19.583270    0.881610
238    opls_142     9.239820    5.928650   10.310820
239    opls_145    -0.079940   18.912280    8.523520
240    opls_700    -0.776120   20.063500    8.080020
241    opls_145    -1.283580   20.930590    9.065720
242    opls_145    -1.014610   20.734500   10.424850
243    opls_145    -0.196990   19.668650   10.840390
244    opls_145     0.221440   18.733080    9.885850
245    opls_145    10.456570   21.130690    7.819100
246    opls_145    10.239750   20.816310    6.471420
247    opls_700     9.660040   19.589050    6.108610
248    opls_145     9.286210   18.684610    7.117890
249    opls_145     9.486290   19.008330    8.470790
250    opls_700    10.096000   20.226690    8.829740
251    opls_700    12.318940    9.995070    7.750890
252    opls_700    12.295910   11.259240    8.372430
253    opls_700    12.957800   12.335310    7.760490
254    opls_700    13.601950   12.152560    6.517910
255    opls_700    13.669510   10.875940    5.925010
256    opls_700    13.037720    9.794080    6.553960
257    opls_145     9.595770    7.509420    8.446880
258    opls_145    10.342220    8.502790    7.822810
259    opls_145    13.930920   15.591560    9.400580
260    opls_145    13.966750   14.252240    9.007270
261    opls_700    12.864140   13.685300    8.345140
262    opls_145    11.695920   14.433220    8.153790
263    opls_145    11.658510   15.767640    8.545920
264    opls_700    12.788080   16.367930    9.131580
265    opls_145    10.843500   19.835840   12.534380
266    opls_142    10.436070   20.549070   10.235020
267    opls_145    10.427020   18.917170   13.506280
268    opls_142    13.369370    4.198920    5.695590
269    opls_700    11.585810    8.878080    8.355580
270    opls_145    13.652120   10.404150    3.458730
271    opls_145    11.649220   20.917250   12.933750
272    opls_145    11.575600   11.935560   12.040520
273    opls_145    12.268410   11.725240   10.842250
274    opls_145    15.713390   10.336120    2.189710
275    opls_700    14.379200   10.678950    4.635270
276    opls_145    14.318900   10.230740    2.240740
277    opls_145    16.442440   10.610920    3.358340
278    opls_145    20.239580   19.107930    6.717850
279    opls_142    15.525910   16.460870    3.292980
280    opls_145     9.468790   11.625190   10.870380
281    opls_145    10.176970   11.883980   12.055340
282    opls_145    23.073940   21.464630    0.871840
283    opls_145    22.980070   19.195530    0.052720
284    opls_145     2.531250    2.211740   14.307370
285    opls_142     0.310360    3.265140   14.204960
286    opls_700    15.980560    2.997900   12.595530
287    opls_700    17.311220    2.931200   13.087030
288    opls_700    -5.121860    3.014790   12.182850
289    opls_700    18.153220    3.009900   10.781780
290    opls_700    16.823820    2.928090   10.290610
291    opls_700    15.736090    2.993010   11.194110
292    opls_145     4.515230    0.818170   14.428980
293    opls_145    12.589630    4.064190    9.325450
294    opls_700    11.690860    3.045030    9.678160
295    opls_145    12.126570    2.018310   10.539220
296    opls_145    13.440790    1.993860   11.015230
297    opls_700    14.337500    3.015240   10.669600
298    opls_145    13.902060    4.053080    9.821840
299    opls_700     5.301620    1.910260   14.858840
300    opls_142    10.317270    3.045480    9.124170
301    opls_701     3.791740    1.595000    8.360970
302    opls_145     2.811910    3.108620    6.444310
303    opls_700     3.498620    1.944500    6.869950
304    opls_142     4.909790    4.403910    0.812550
305    opls_701     6.848140    1.838220   15.007740
306    opls_145     3.175890    0.992040   14.089240
307    opls_145     6.128850    0.582500    8.946470
308    opls_145    -3.507800    4.299420    9.710000
309    opls_700    -4.231700    3.100610    9.823700
310    opls_145    -3.909820    2.016530    8.986720
311    opls_145    -2.899130    2.144150    8.029480
312    opls_145    -2.184520    3.340290    7.920170
313    opls_145    -2.488500    4.416810    8.760170
314    opls_145     6.003920    2.880060    8.209710
315    opls_145     0.170160   11.451330   13.000960
316    opls_145    -3.319450    4.138900   13.542490
317    opls_700    -3.725230    3.079270   12.707540
318    opls_145    -2.799450    2.082340   12.369310
319    opls_145    -1.483140    2.157050   12.832520
320    opls_700    -1.073900    3.206890   13.677920
321    opls_145    -2.004590    4.198040   14.029950
322    opls_145    -1.187910   15.905040   14.764510
323    opls_700    -2.202890   16.570250   14.053200
324    opls_145    -3.251060   15.829010   13.471580
325    opls_145    -3.329280   14.450560   13.689030
326    opls_700    -2.360480   13.812030   14.483900
327    opls_145    -1.266320   14.533710   14.978770
328    opls_145     8.104750    1.986740    9.057970
329    opls_142    15.841690    1.792870    4.691700
330    opls_145    -1.865280    7.348010   12.368810
331    opls_145    -2.338150    8.390290   13.159460
332    opls_145     3.441400   14.985040    1.700390
333    opls_145    13.080140    4.422140   14.568960
334    opls_145    12.777020    3.359850   15.427660
335    opls_145    13.501610    2.167270   15.348490
336    opls_145    14.522990    2.028980   14.403890
337    opls_700    14.844960    3.099720   13.549730
338    opls_145    14.109270    4.294080   13.632100
339    opls_145     2.314940   42.091070    9.463740
340    opls_145     1.921950   42.677580    8.244750
341    opls_145     2.352200   43.950190    7.899280
342    opls_700     3.220980    0.206320    8.751410
343    opls_145     3.458880   44.144070   10.051420
344    opls_145     3.059060   42.844770   10.380220
345    opls_145     3.263270    3.277590   14.864900
346    opls_145    15.832180    1.144550    7.090270
347    opls_700    16.172730    2.083680    6.104900
348    opls_145    16.742190    3.310490    6.496860
349    opls_145    16.928540    3.603970    7.857680
350    opls_700    16.573310    2.665740    8.841700
351    opls_145    16.030100    1.432250    8.446880
352    opls_700     3.651780   10.768330    1.227250
353    opls_700    -0.585560    6.822420   12.600240
354    opls_145    -0.264680    8.378730   14.439090
355    opls_700    -1.531910    8.916770   14.182900
356    opls_700     2.175090   15.340770    1.189010
357    opls_145     7.602000   43.120900   12.943690
358    opls_145     7.191780   44.410860   13.294210
359    opls_700     7.418080    0.452220   14.604160
360    opls_145     8.266090   44.173860   15.457470
361    opls_145     8.688570   42.901240   15.100210
362    opls_145     8.325940   42.342750   13.856970
363    opls_145     6.862440    3.495920   13.012920
364    opls_700     7.552010    2.810250   14.044610
365    opls_145     8.962950    2.901850   14.077450
366    opls_145     9.641790    3.715580   13.176300
367    opls_145     8.939530    4.444380   12.211990
368    opls_145     7.541630    4.321650   12.126930
369    opls_145     3.997640    1.088970    5.869250
370    opls_700     5.337670    1.667030    8.504990
371    opls_145     0.206440    7.329330   13.654840
372    opls_145     4.188360   13.994780    1.072110
373    opls_145     2.246920   10.812350    1.246950
374    opls_700     3.092970    2.560800    9.334550
375    opls_145     3.784450    3.255800   10.360510
376    opls_145     3.105060    4.119770   11.213490
377    opls_145     1.725190    4.286520   11.090520
378    opls_145     1.005430    3.499030   10.170680
379    opls_145     1.682820    2.649730    9.303560
380    opls_142     1.329790   16.304350    1.888870
381    opls_145    15.529030    3.320720    0.101570
382    opls_700     7.133910    2.169500   16.501960
383    opls_145    14.325390    1.302410    0.643770
384    opls_145    14.594360    1.498500    2.002910
385    opls_145    15.411980    2.564350    2.418450
386    opls_145    15.830400    3.499920    1.463900
387    opls_145    -5.152400    1.102310   16.241050
388    opls_145    -5.369210    1.416690   14.893370
389    opls_700    -5.948930    2.643950   14.530550
390    opls_145    -6.322760    3.548390   15.539840
391    opls_145     1.576260    3.224670    0.048850
392    opls_700     2.185970    2.006310    0.407790
393    opls_700    -3.290030   12.237930   16.172830
394    opls_700    -3.313060   10.973760   16.794370
395    opls_700    -2.651170    9.897690   16.182430
396    opls_700    -2.007020   10.080440   14.939860
397    opls_700    -1.939460   11.357060   14.346950
398    opls_700    -2.571250   12.438920   14.975910
399    opls_145     1.685740   14.723580    0.024930
400    opls_145    -5.266750   13.730210   16.244760
401    opls_145     6.020890    6.641440    0.978630
402    opls_145     6.056720    7.980760    0.585330
403    opls_700    -2.744830    8.547700   16.767090
404    opls_145    -3.913050    7.799780   16.575740
405    opls_145     3.748470    6.465360    0.123970
406    opls_700     4.878050    5.865070    0.709630
407    opls_145     2.933470    2.397160    4.112440
408    opls_142     2.526040    1.683930    1.813080
409    opls_145     2.516990    3.315830    5.084330
410    opls_142    -2.239590   18.034080   14.117540
411    opls_700    -4.023160   13.354920   16.777530
412    opls_145    -1.956850   11.828850   11.880670
413    opls_145     3.739190    1.315750    4.511810
414    opls_145     3.665560   10.297440    3.618570
415    opls_145     4.358380   10.507760    2.420300
416    opls_145     0.104420   11.896880   10.611650
417    opls_700    -1.229770   11.554050   13.057220
418    opls_145    -1.290070   12.002260   10.662690
419    opls_145     0.833470   11.622080   11.780280
420    opls_145     4.630610    3.125070   15.139800
421    opls_142    -0.083060    5.772130   11.714930
422    opls_145     1.558760   10.607810    2.448430
423    opls_145     2.266930   10.349020    3.633400
424    opls_145     7.464970    0.768370    9.293790
425    opls_145     7.371100    3.037470    8.474670
426    opls_145     6.380720   42.254260    5.885420
427    opls_142     4.159830   41.200860    5.783010
428    opls_700    19.830030   41.468100    4.173580
429    opls_700    21.160680   41.534800    4.665080
430    opls_700    -1.272390   41.451210    3.760900
431    opls_700    22.002690   41.456100    2.359830
432    opls_700    20.673290   41.537910    1.868660
433    opls_700    19.585560   41.472990    2.772170
434    opls_145     8.364700   43.647830    6.007040
435    opls_145    16.439100   40.401810    0.903510
436    opls_700    15.540330   41.420970    1.256220
437    opls_145    15.976040   42.447690    2.117280
438    opls_145    17.290260   42.472140    2.593290
439    opls_700    18.186970   41.450760    2.247650
440    opls_145    17.751530   40.412920    1.399900
441    opls_700     9.151090   42.555740    6.436890
442    opls_142    14.166740   41.420520    0.702220
443    opls_701    -0.057730   42.871000   16.782920
444    opls_145    -1.037550   41.357380   14.866250
445    opls_700    -0.350850   42.521500   15.291900
446    opls_142     1.060330   40.062090    9.234500
447    opls_701    10.697610   42.627780    6.585790
448    opls_145     7.025360   43.473960    5.667300
449    opls_145     9.978320   43.883500    0.524520
450    opls_145     0.341670   40.166580    1.288050
451    opls_700    -0.382230   41.365390    1.401750
452    opls_145    -0.060350   42.449470    0.564780
453    opls_145    -6.748600   42.321850   16.451430
454    opls_145    -6.033990   41.125710   16.342110
455    opls_145     1.360970   40.049190    0.338230
456    opls_145     2.154450   41.585940   16.631660
457    opls_145     4.019630   33.014670    4.579010
458    opls_145     0.530020   40.327100    5.120540
459    opls_700     0.124240   41.386730    4.285590
460    opls_145     1.050020   42.383660    3.947370
461    opls_145     2.366330   42.308950    4.410570
462    opls_700     2.775570   41.259110    5.255970
463    opls_145     1.844880   40.267960    5.608010
464    opls_145     2.661560   28.560960    6.342570
465    opls_700     1.646580   27.895750    5.631250
466    opls_145     0.598410   28.636990    5.049630
467    opls_145     0.520190   30.015440    5.267090
468    opls_700     1.488990   30.653970    6.061950
469    opls_145     2.583150   29.932290    6.556820
470    opls_145    11.954220   42.479260    0.636030
471    opls_142    11.992220   42.673130   13.113640
472    opls_145     1.984190   37.117990    3.946860
473    opls_145     1.511320   36.075710    4.737510
474    opls_145    -0.408070   29.480960   10.122340
475    opls_145    16.929610   40.043860    6.147010
476    opls_145    16.626490   41.106150    7.005710
477    opls_145    17.351080   42.298730    6.926550
478    opls_145    18.372460   42.437020    5.981940
479    opls_700    18.694430   41.366280    5.127790
480    opls_145    17.958740   40.171920    5.210150
481    opls_145     6.164410    2.374930    1.041790
482    opls_145    -1.927520    1.788420   16.666700
483    opls_145    -1.497270    0.515810   16.321230
484    opls_700     7.070450   44.259680    0.329470
485    opls_145     7.308350    0.321930    1.629480
486    opls_145     6.908530    1.621230    1.958270
487    opls_145     7.112740   41.188410    6.442960
488    opls_145    11.982710   43.321450   15.512220
489    opls_700    12.323260   42.382320   14.526850
490    opls_145    12.892720   41.155510   14.918800
491    opls_145    13.079070   40.862030   16.279620
492    opls_700    20.422780   41.800260    0.419750
493    opls_145    19.879560   43.033750    0.024930
494    opls_700    -0.197690   33.697670    9.649190
495    opls_700     3.263910   37.643580    4.178300
496    opls_145     3.584790   36.087270    6.017140
497    opls_700     2.317560   35.549230    5.760950
498    opls_700    -1.674380   29.125230    9.610960
499    opls_145    11.451470    1.345100    4.521740
500    opls_145    11.041250    0.055140    4.872260
501    opls_700    11.267550   44.013780    6.182210
502    opls_145    12.115560    0.292140    7.035530
503    opls_145    12.538030    1.564760    6.678270
504    opls_145    12.175410    2.123250    5.435020
505    opls_145    10.711910   40.970080    4.590970
506    opls_700    11.401480   41.655750    5.622660
507    opls_145    12.812420   41.564150    5.655510
508    opls_145    13.491260   40.750420    4.754360
509    opls_145    12.789000   40.021620    3.790040
510    opls_145    11.391100   40.144350    3.704980
511    opls_145     0.148170   43.377030   14.291200
512    opls_700     9.187140   42.798970    0.083040
513    opls_145     4.055900   37.136670    5.232890
514    opls_145     0.338890   30.471220    9.494060
515    opls_145    -1.602550   33.653650    9.668900
516    opls_700     6.942440   41.905200    0.912600
517    opls_145     7.633920   41.210200    1.938560
518    opls_145     6.954530   40.346230    2.791540
519    opls_145     5.574660   40.179480    2.668580
520    opls_145     4.854900   40.966970    1.748730
521    opls_145     5.532290   41.816270    0.881610
522    opls_142    -2.519680   28.161650   10.310820
523    opls_145    11.679560   41.145280    8.523520
524    opls_700    10.983380   42.296500    8.080020
525    opls_145    10.475920   43.163590    9.065720
526    opls_145    10.744890   42.967500   10.424850
527    opls_145    11.562510   41.901650   10.840390
528    opls_145    11.980940   40.966080    9.885850
529    opls_145    -1.302930   43.363690    7.819100
530    opls_145    -1.519750   43.049310    6.471420
531    opls_700    -2.099460   41.822050    6.108610
532    opls_145    -2.473290   40.917610    7.117890
533    opls_145    -2.273210   41.241330    8.470790
534    opls_700    -1.663500   42.459690    8.829740
535    opls_700     0.559440   32.228070    7.750890
536    opls_700     0.536410   33.492240    8.372430
537    opls_700     1.198300   34.568310    7.760490
538    opls_700     1.842450   34.385560    6.517910
539    opls_700     1.910010   33.108940    5.925010
540    opls_700     1.278220   32.027080    6.553960
541    opls_145    -2.163730   29.742420    8.446880
542    opls_145    -1.417280   30.735790    7.822810
543    opls_145     2.171420   37.824560    9.400580
544    opls_145     2.207250   36.485240    9.007270
545    opls_700     1.104640   35.918300    8.345140
546    opls_145    -0.063580   36.666220    8.153790
547    opls_145    -0.100990   38.000640    8.545920
548    opls_700     1.028580   38.600930    9.131580
549    opls_145    -0.916000   42.068840   12.534380
550    opls_142    -1.323430   42.782070   10.235020
551    opls_145    -1.332480   41.150170   13.506280
552    opls_142     1.609870   26.431920    5.695590
553    opls_700    -0.173690   31.111080    8.355580
554    opls_145     1.892620   32.637150    3.458730
555    opls_145    -0.110280   43.150250   12.933750
556    opls_145    -0.183900   34.168560   12.040520
557    opls_145     0.508910   33.958240   10.842250
558    opls_145     3.953890   32.569120    2.189710
559    opls_700     2.619700   32.911950    4.635270
560    opls_145     2.559400   32.463740    2.240740
561    opls_145     4.682940   32.843920    3.358340
562    opls_145     8.480080   41.340930    6.717850
563    opls_142     3.766410   38.693870    3.292980
564    opls_145    -2.290710   33.858190   10.870380
565    opls_145    -1.582530   34.116980   12.055340
566    opls_145    11.314440   43.697630    0.871840
567    opls_145    11.220570   41.428530    0.052720
568    opls_750    -3.194690   18.724630   13.565400
569    opls_750     4.051270   24.972110    3.795600
570    opls_750    -2.283410   24.352250    9.473340
571    opls_750    12.912190   24.554570   13.908850
572    opls_750    14.301640   24.837370    2.736460
573    opls_750    13.853960   18.461840    9.703770
574    opls_750    -2.080940   27.576480   11.384960
575    opls_750    12.859950   27.511560   11.906780
576    opls_750     0.654780   25.741370    5.143450
577    opls_750     0.201800   19.493890   12.217550
578    opls_750     1.566060   20.113750    1.051400
579    opls_750    16.761660   19.911430    5.486900
580    opls_750    10.452170   19.628630   11.158410
581    opls_750    17.703430   26.004160    1.281820
582    opls_750     1.768530   16.889520    2.963010
583    opls_750    16.709420   16.954440    3.484830
584    opls_750     8.564810   40.957630   13.565400
585    opls_750    15.810770    2.739110    3.795600
586    opls_750     9.476090    2.119250    9.473340
587    opls_750     1.152690    2.321570   13.908850
588    opls_750     2.542140    2.604370    2.736460
589    opls_750     2.094460   40.694840    9.703770
590    opls_750     9.678560    5.343480   11.384960
591    opls_750     1.100450    5.278560   11.906780
592    opls_750    12.414280    3.508370    5.143450
593    opls_750    11.961300   41.726890   12.217550
594    opls_750    13.325560   42.346750    1.051400
595    opls_750     5.002160   42.144430    5.486900
596    opls_750    -1.307330   41.861630   11.158410
597    opls_750     5.943930    3.771160    1.281820
598    opls_750    13.528030   39.122520    2.963010
599    opls_750     4.949920   39.187440    3.484830
600    opls_144    12.357980   26.324760   14.844520
601    opls_146    16.677060   22.057360   14.315960
602    opls_146     0.521050   27.093130    8.654560
603    opls_146    -0.303780   23.460710   10.838880
604    opls_146     2.000210   23.409570   11.654290
605    opls_146     2.820710   27.083350    9.542740
606    opls_144    -1.724660   26.049520    8.416050
607    opls_146    14.250300   26.097100    7.147370
608    opls_144    15.880700   26.094870    0.314980
609    opls_146    14.406350   22.396190   13.637150
610    opls_146    17.493440   21.819910    9.064880
611    opls_146     8.011460   27.378160   10.343160
612    opls_146     7.302380   23.317080    9.060330
613    opls_146     9.078370   23.554970    7.360610
614    opls_146    10.360220   25.668000    7.180890
615    opls_146     9.820030   27.578700    8.668880
616    opls_146    17.205810   25.961470    7.827860
617    opls_146    12.503910   33.472230   13.900590
618    opls_146     7.738710   27.151830   13.814690
619    opls_146     8.663870   23.481160   11.741200
620    opls_146    10.972570   23.623900   12.528320
621    opls_146    10.043860   27.247880   14.684170
622    opls_146    11.382480   38.689870   15.228230
623    opls_146     7.711190   38.555580   12.922470
624    opls_146     7.577990   36.130400   13.306510
625    opls_146    11.241420   36.280250   15.600140
626    opls_144     3.821830   23.007600    4.428260
627    opls_146     9.268970   29.196380   11.566360
628    opls_146     8.438480   31.039050   12.960870
629    opls_146    15.603030   37.686270    2.595810
630    opls_146     0.758500   27.578260   14.630270
631    opls_146     0.222780   25.695120   16.155320
632    opls_146     1.521380   23.587880   16.028480
633    opls_146     3.316690   23.331310   14.351840
634    opls_146     2.584610   27.361260   12.980910
635    opls_146    13.080480   19.903870    7.524500
636    opls_146    13.755260   22.115170    6.955350
637    opls_146    15.790900   22.477120   10.782960
638    opls_146    15.108550   20.185790   11.337790
639    opls_146    14.567320   26.475950   15.037550
640    opls_146     3.616900   22.433540    6.810830
641    opls_146     5.253070   26.286520    5.755050
642    opls_146     5.591490   26.792990    8.145200
643    opls_146     4.000630   22.925340    9.192390
644    opls_146    12.123630   31.021700   15.226540
645    opls_146    -4.427320   20.485040   11.970280
646    opls_146    -5.133620   22.755480   12.567230
647    opls_146    -3.150110   22.317930   16.414210
648    opls_146    -2.497710   20.114200   15.831240
649    opls_146    -5.961640   25.627530   12.859810
650    opls_146    -2.220870   24.574580   14.810330
651    opls_146    -1.038010   26.013940   13.226330
652    opls_146    -4.803660   27.096250   11.393550
653    opls_146    16.304850   22.441100    6.163180
654    opls_146    12.955670   29.166580   13.857980
655    opls_146    16.910500   35.938760    1.485290
656    opls_146    13.446860   33.232110    0.332160
657    opls_146    16.606270   25.373190   10.525240
658    opls_146    15.419290   26.911710   11.963380
659    opls_146    11.685790   25.760930   10.113750
660    opls_146    12.864760   24.300670    8.589210
661    opls_144    12.100080   38.735220    1.494730
662    opls_146     4.096320   26.318090   -0.589200
663    opls_146     2.010700   22.664320    0.335360
664    opls_146     2.404790   23.044060    2.718440
665    opls_146     4.649490   26.595560    1.775180
666    opls_146     7.089790   22.397520   16.494050
667    opls_146     6.675380   22.934670   14.129160
668    opls_146     4.986750   26.732510   15.278590
669    opls_146    13.046490   26.172240    0.810870
670    opls_146    12.473090   37.222040   -0.382360
671    opls_146     6.090840   35.463410   15.366350
672    opls_146    18.667920   28.430670    1.420280
673    opls_146    18.720050   30.792710    0.744330
674    opls_146     6.988170   30.467660   16.070080
675    opls_146    14.620320   28.115850   -0.097190
676    opls_144    14.557340   22.895100    2.047880
677    opls_146    13.707210   26.423030    4.787710
678    opls_144    10.237420   40.743750   14.768050
679    opls_146     8.721310   34.132550   11.907290
680    opls_146    15.929760   22.873760    3.784820
681    opls_146    15.972330   32.326780    4.535560
682    opls_146    17.201720   32.699850    2.420640
683    opls_146    12.378850   34.261500    9.667220
684    opls_146     9.905020   34.446920    9.758000
685    opls_146    13.672080   33.775040   11.740030
686    opls_146    16.946300   26.212710   15.510870
687    opls_144    11.060690   27.695200   10.877280
688    opls_146    12.235690   32.878160    2.459710
689    opls_146    13.491610   32.418380    4.562170
690    opls_146    19.754980   22.183640    9.763730
691    opls_146    19.584240   26.229160    8.272540
692    opls_144    16.207450   18.141240    6.422580
693    opls_146    20.526530   22.408640    5.894020
694    opls_146     4.370520   17.372870    0.232610
695    opls_146     3.545690   21.005290    2.416930
696    opls_146     5.849680   21.056430    3.232340
697    opls_146     6.670180   17.382650    1.120790
698    opls_144     2.124810   18.416480   -0.005900
699    opls_146    10.400830   18.368900   15.569320
700    opls_144    12.031230   18.371130    8.736930
701    opls_146    18.255820   22.069810    5.215210
702    opls_146    21.342910   22.646090    0.642930
703    opls_146    11.860930   17.087840    1.921210
704    opls_146    11.151850   21.148920    0.638380
705    opls_146     5.228900   20.911030   15.782560
706    opls_146     6.510750   18.798000   15.602840
707    opls_146    13.669500   16.887300    0.246930
708    opls_146    13.356340   18.504530   16.249810
709    opls_146    16.353380   10.993770    5.478640
710    opls_146    11.588180   17.314170    5.392740
711    opls_146    12.513340   20.984840    3.319260
712    opls_146    14.822040   20.842100    4.106370
713    opls_146    13.893330   17.218120    6.262220
714    opls_146    15.231950    5.776130    6.806280
715    opls_146    11.560660    5.910420    4.500520
716    opls_146    11.427460    8.335600    4.884560
717    opls_146    15.090890    8.185750    7.178190
718    opls_144    -0.027640   21.458400   12.850210
719    opls_146    13.118440   15.269620    3.144420
720    opls_146    12.287950   13.426950    4.538920
721    opls_146    11.753560    6.779730   11.017760
722    opls_146     4.607970   16.887740    6.208320
723    opls_146     4.072250   18.770880    7.733370
724    opls_146     5.370850   20.878120    7.606530
725    opls_146     7.166160   21.134690    5.929890
726    opls_146     6.434080   17.104740    4.558970
727    opls_146     9.231010   24.562130   15.946450
728    opls_146     9.905790   22.350830   15.377300
729    opls_146    19.640370   21.988880    2.361010
730    opls_146    18.958020   24.280210    2.915850
731    opls_146    18.416790   17.990050    6.615610
732    opls_146    -0.232570   22.032460   15.232780
733    opls_146     1.403600   18.179480   14.177000
734    opls_146     1.742020   17.673010   16.567150
735    opls_146     7.850100   21.540660    0.770440
736    opls_146    15.973100   13.444300    6.804600
737    opls_146    -0.577850   23.980960    3.548330
738    opls_146    -1.284160   21.710520    4.145280
739    opls_146     0.699360   22.148070    7.992260
740    opls_146     1.351760   24.351800    7.409290
741    opls_146    -2.112170   18.838470    4.437860
742    opls_146     1.628600   19.891420    6.388380
743    opls_146     2.811460   18.452060    4.804380
744    opls_146    -0.954190   17.369750    2.971600
745    opls_146    12.455380   22.024900   14.585130
746    opls_146    16.805140   15.299420    5.436030
747    opls_146    13.061030    8.527240    9.907240
748    opls_146     9.597390   11.233890    8.754110
749    opls_146    20.455740   19.092810    2.103300
750    opls_146    19.268760   17.554290    3.541430
751    opls_146    15.535260   18.705070    1.691800
752    opls_146    16.714230   20.165330    0.167260
753    opls_144     8.250610    5.730780    9.916670
754    opls_146     0.246850   18.147910    7.832750
755    opls_146    -1.838770   21.801680    8.757310
756    opls_146    -1.444670   21.421940   11.140380
757    opls_146     0.800020   17.870440   10.197120
758    opls_146    10.939260   22.068480    8.072100
759    opls_146    10.524850   21.531330    5.707220
760    opls_146     8.836220   17.733490    6.856640
761    opls_146     9.197020   18.293760    9.232810
762    opls_146     8.623620    7.243960    8.039590
763    opls_146     9.940310    9.002590    6.944400
764    opls_146    14.818450   16.035330    9.842220
765    opls_146    14.870580   13.673290    9.166280
766    opls_146    10.837640   13.998340    7.648140
767    opls_146    10.770850   16.350150    8.324760
768    opls_144    10.707870   21.570900   10.469830
769    opls_146     9.857740   18.042970   13.209650
770    opls_144    14.086890    3.722250    6.346110
771    opls_146    12.570780   10.333450    3.485340
772    opls_146    12.080290   21.592240   12.206770
773    opls_146    12.122860   12.139220   12.957500
774    opls_146    13.352250   11.766150   10.842580
775    opls_146    16.228320   10.204500    1.245270
776    opls_146    13.754490   10.019080    1.336060
777    opls_146    17.521550   10.690960    3.318080
778    opls_146    20.795770   18.253290    7.088920
779    opls_144    14.910160   16.770800    2.455330
780    opls_146     8.386220   11.587840   10.881660
781    opls_146     9.642140   12.047620   12.984120
782    opls_146    23.604450   22.282360    1.341780
783    opls_146    23.433710   18.236840   -0.149410
784    opls_144     0.598480    4.091760   14.844520
785    opls_146     4.917560   -0.175640   14.315960
786    opls_146    12.280550    4.860130    8.654560
787    opls_146    11.455720    1.227710   10.838880
788    opls_146    13.759710    1.176570   11.654290
789    opls_146    14.580210    4.850350    9.542740
790    opls_144    10.034840    3.816520    8.416050
791    opls_146     2.490800    3.864100    7.147370
792    opls_144     4.121200    3.861870    0.314980
793    opls_146     2.646850    0.163190   13.637150
794    opls_146     5.733940   -0.413090    9.064880
795    opls_146    -3.748040    5.145160   10.343160
796    opls_146    -4.457120    1.084080    9.060330
797    opls_146    -2.681130    1.321970    7.360610
798    opls_146    -1.399280    3.435000    7.180890
799    opls_146    -1.939470    5.345700    8.668880
800    opls_146     5.446310    3.728470    7.827860
801    opls_146     0.744410   11.239230   13.900590
802    opls_146    -4.020790    4.918830   13.814690
803    opls_146    -3.095630    1.248160   11.741200
804    opls_146    -0.786930    1.390900   12.528320
805    opls_146    -1.715640    5.014880   14.684170
806    opls_146    -0.377020   16.456870   15.228230
807    opls_146    -4.048310   16.322580   12.922470
808    opls_146    -4.181510   13.897400   13.306510
809    opls_146    -0.518080   14.047250   15.600140
810    opls_144    15.581330    0.774600    4.428260
811    opls_146    -2.490530    6.963380   11.566360
812    opls_146    -3.321020    8.806050   12.960870
813    opls_146     3.843530   15.453270    2.595810
814    opls_146    12.518000    5.345260   14.630270
815    opls_146    11.982280    3.462120   16.155320
816    opls_146    13.280880    1.354880   16.028480
817    opls_146    15.076190    1.098310   14.351840
818    opls_146    14.344110    5.128260   12.980910
819    opls_146     1.320980   42.136870    7.524500
820    opls_146     1.995760   44.348170    6.955350
821    opls_146     4.031400   44.710120   10.782960
822    opls_146     3.349050   42.418790   11.337790
823    opls_146     2.807820    4.242950   15.037550
824    opls_146    15.376400    0.200540    6.810830
825    opls_146    17.012570    4.053520    5.755050
826    opls_146    17.350990    4.559990    8.145200
827    opls_146    15.760130    0.692340    9.192390
828    opls_146     0.364130    8.788700   15.226540
829    opls_146     7.332180   42.718040   11.970280
830    opls_146     6.625880   44.988480   12.567230
831    opls_146     8.609390   44.550930   16.414210
832    opls_146     9.261790   42.347200   15.831240
833    opls_146     5.797860    3.394530   12.859810
834    opls_146     9.538630    2.341580   14.810330
835    opls_146    10.721490    3.780940   13.226330
836    opls_146     6.955840    4.863250   11.393550
837    opls_146     4.545350    0.208100    6.163180
838    opls_146     1.196170    6.933580   13.857980
839    opls_146     5.151000   13.705760    1.485290
840    opls_146     1.687360   10.999110    0.332160
841    opls_146     4.846770    3.140190   10.525240
842    opls_146     3.659790    4.678710   11.963380
843    opls_146    -0.073710    3.527930   10.113750
844    opls_146     1.105260    2.067670    8.589210
845    opls_144     0.340580   16.502220    1.494730
846    opls_146    15.855820    4.085090   -0.589200
847    opls_146    13.770200    0.431320    0.335360
848    opls_146    14.164290    0.811060    2.718440
849    opls_146    16.408990    4.362560    1.775180
850    opls_146    -4.669710    0.164520   16.494050
851    opls_146    -5.084120    0.701670   14.129160
852    opls_146    -6.772750    4.499510   15.278590
853    opls_146     1.286990    3.939240    0.810870
854    opls_146     0.713590   14.989040   -0.382360
855    opls_146    -5.668660   13.230410   15.366350
856    opls_146     6.908420    6.197670    1.420280
857    opls_146     6.960550    8.559700    0.744330
858    opls_146    -4.771330    8.234660   16.070080
859    opls_146     2.860820    5.882850   -0.097190
860    opls_144     2.797840    0.662100    2.047880
861    opls_146     1.947710    4.190030    4.787710
862    opls_144    -1.522080   18.510750   14.768050
863    opls_146    -3.038190   11.899550   11.907290
864    opls_146     4.170260    0.640760    3.784820
865    opls_146     4.212830   10.093780    4.535560
866    opls_146     5.442220   10.466850    2.420640
867    opls_146     0.619350   12.028500    9.667220
868    opls_146    -1.854480   12.213920    9.758000
869    opls_146     1.912580   11.542040   11.740030
870    opls_146     5.186800    3.979710   15.510870
871    opls_144    -0.698810    5.462200   10.877280
872    opls_146     0.476190   10.645160    2.459710
873    opls_146     1.732110   10.185380    4.562170
874    opls_146     7.995480   -0.049360    9.763730
875    opls_146     7.824740    3.996160    8.272540
876    opls_144     4.447950   40.374240    6.422580
877    opls_146     8.767030   44.641640    5.894020
878    opls_146    16.130020   39.605870    0.232610
879    opls_146    15.305190   43.238290    2.416930
880    opls_146    17.609180   43.289430    3.232340
881    opls_146    18.429680   39.615650    1.120790
882    opls_144    13.884310   40.649480   -0.005900
883    opls_146    -1.358670   40.601900   15.569320
884    opls_144     0.271730   40.604130    8.736930
885    opls_146     6.496320   44.302810    5.215210
886    opls_146     9.583410   44.879090    0.642930
887    opls_146     0.101430   39.320840    1.921210
888    opls_146    -0.607650   43.381920    0.638380
889    opls_146    -6.530600   43.144030   15.782560
890    opls_146    -5.248750   41.031000   15.602840
891    opls_146     1.910000   39.120300    0.246930
892    opls_146     1.596840   40.737530   16.249810
893    opls_146     4.593880   33.226770    5.478640
894    opls_146    -0.171320   39.547170    5.392740
895    opls_146     0.753840   43.217840    3.319260
896    opls_146     3.062540   43.075100    4.106370
897    opls_146     2.133830   39.451120    6.262220
898    opls_146     3.472450   28.009130    6.806280
899    opls_146    -0.198840   28.143420    4.500520
900    opls_146    -0.332040   30.568600    4.884560
901    opls_146     3.331390   30.418750    7.178190
902    opls_144    11.731860   43.691400   12.850210
903    opls_146     1.358940   37.502620    3.144420
904    opls_146     0.528450   35.659950    4.538920
905    opls_146    -0.005940   29.012730   11.017760
906    opls_146    16.367470   39.120740    6.208320
907    opls_146    15.831750   41.003880    7.733370
908    opls_146    17.130350   43.111120    7.606530
909    opls_146    18.925660   43.367690    5.929890
910    opls_146    18.193580   39.337740    4.558970
911    opls_146    -2.528490    2.329130   15.946450
912    opls_146    -1.853710    0.117830   15.377300
913    opls_146     7.880870   -0.244120    2.361010
914    opls_146     7.198520    2.047210    2.915850
915    opls_146     6.657290   40.223050    6.615610
916    opls_146    11.526930   44.265460   15.232780
917    opls_146    13.163100   40.412480   14.177000
918    opls_146    13.501520   39.906010   16.567150
919    opls_146    19.609600   43.773660    0.770440
920    opls_146     4.213600   35.677300    6.804600
921    opls_146    11.181650    1.747960    3.548330
922    opls_146    10.475340   -0.522480    4.145280
923    opls_146    12.458860   -0.084930    7.992260
924    opls_146    13.111260    2.118800    7.409290
925    opls_146     9.647330   41.071470    4.437860
926    opls_146    13.388100   42.124420    6.388380
927    opls_146    14.570960   40.685060    4.804380
928    opls_146    10.805310   39.602750    2.971600
929    opls_146     0.695880   44.257900   14.585130
930    opls_146     5.045640   37.532420    5.436030
931    opls_146     1.301530   30.760240    9.907240
932    opls_146    -2.162110   33.466890    8.754110
933    opls_146     8.696240   41.325810    2.103300
934    opls_146     7.509260   39.787290    3.541430
935    opls_146     3.775760   40.938070    1.691800
936    opls_146     4.954730   42.398330    0.167260
937    opls_144    -3.508890   27.963780    9.916670
938    opls_146    12.006350   40.380910    7.832750
939    opls_146     9.920730   44.034680    8.757310
940    opls_146    10.314830   43.654940   11.140380
941    opls_146    12.559520   40.103440   10.197120
942    opls_146    -0.820240   44.301480    8.072100
943    opls_146    -1.234650   43.764330    5.707220
944    opls_146    -2.923280   39.966490    6.856640
945    opls_146    -2.562480   40.526760    9.232810
946    opls_146    -3.135880   29.476960    8.039590
947    opls_146    -1.819190   31.235590    6.944400
948    opls_146     3.058950   38.268330    9.842220
949    opls_146     3.111080   35.906300    9.166280
950    opls_146    -0.921860   36.231340    7.648140
951    opls_146    -0.988650   38.583150    8.324760
952    opls_144    -1.051630   43.803900   10.469830
953    opls_146    -1.901760   40.275970   13.209650
954    opls_144     2.327390   25.955250    6.346110
955    opls_146     0.811280   32.566450    3.485340
956    opls_146     0.320790   43.825240   12.206770
957    opls_146     0.363360   34.372220   12.957500
958    opls_146     1.592750   33.999150   10.842580
959    opls_146     4.468820   32.437500    1.245270
960    opls_146     1.994990   32.252080    1.336060
961    opls_146     5.762050   32.923960    3.318080
962    opls_146     9.036270   40.486290    7.088920
963    opls_144     3.150660   39.003800    2.455330
964    opls_146    -3.373280   33.820840   10.881660
965    opls_146    -2.117360   34.280620   12.984120
966    opls_146    11.844950   44.515360    1.341780
967    opls_146    11.674210   40.469840   -0.149410
