0      opls_700    25.214610   12.072650    1.001200
1      opls_523    23.955220   11.600190    1.381780
2      opls_145    23.720790   10.233180    1.507620
3      opls_145    24.745240    9.311000    1.253620
4      opls_145    25.984040    9.779890    0.830240
5      opls_523    26.223110   11.146900    0.714110
6      opls_142    23.640250    7.314190    2.066660
7      opls_700    23.569480    5.847340    2.143330
8      opls_523    22.580800    5.247410    2.901430
9      opls_522    22.526760    3.861230    3.023830
10     opls_521    23.421000    3.035320    2.350200
11     opls_522    24.366180    3.646400    1.542110
12     opls_523    24.471430    5.033020    1.470240
13     opls_521    22.077200    0.902130    2.289500
14     opls_700    -3.766080   44.093300    2.546560
15     opls_280    -2.572830   43.330680    2.903090
16     opls_700    -1.259650   43.974740    2.835820
17     opls_521    24.555320    0.797830    2.719960
18     opls_522    -0.096240   43.195190    2.858210
19     opls_522    20.929750    1.569360    1.822830
20     opls_523    19.718990    0.903020    1.670500
21     opls_145    -6.114510   44.128070    1.970780
22     opls_523    -4.996910   43.436760    2.402670
23     opls_531    27.014920   15.308550    0.939850
24     opls_700    28.404270   15.800170    1.001200
25     opls_523    29.443130   14.945730    1.381780
26     opls_145    30.744210   15.426220    1.507620
27     opls_145    31.030620   16.774510    1.253620
28     opls_145    30.005140   17.612900    0.830240
29     opls_523    28.701750   17.136430    0.714110
30     opls_142    33.312400   16.815960    2.066660
31     opls_700    34.618110   17.488100    2.143330
32     opls_523    35.632010   16.931840    2.901430
33     opls_522    36.859490   17.578130    3.023830
34     opls_521    37.127630   18.765520    2.350200
35     opls_522    36.125830   19.278540    1.542110
36     opls_523    34.872360   18.676370    1.470240
37     opls_521    39.646930   18.668350    2.289500
38     opls_700   -10.569480   19.263380    2.546560
39     opls_280   -10.505660   20.678080    2.903090
40     opls_700   -11.720020   21.493300    2.835820
41     opls_521    38.498200   20.866620    2.719960
42     opls_522   -11.626610   22.890610    2.858210
43     opls_522    39.642820   17.341010    1.822830
44     opls_523    40.825270   16.625640    1.670500
45     opls_145    -9.425370   17.212200    1.970780
46     opls_523    -9.385490   18.525720    2.402670
47     opls_531    24.701750   15.741340    0.939850
48     opls_700    23.581320   16.698730    1.001200
49     opls_523    23.801850   18.025630    1.381780
50     opls_145    22.735200   18.912160    1.507620
51     opls_145    21.424340   18.486050    1.253620
52     opls_145    21.211010   17.178770    0.830240
53     opls_523    22.275350   16.288230    0.714110
54     opls_142    20.247550   20.441410    2.066660
55     opls_700    19.012610   21.236120    2.143330
56     opls_523    18.987390   22.392300    2.901430
57     opls_522    17.813950   23.132190    3.023830
58     opls_521    16.651570   22.770720    2.350200
59     opls_522    16.708180   21.646620    1.542110
60     opls_523    17.856410   20.862160    1.470240
61     opls_521    15.476070   25.001080    2.289500
62     opls_700    14.335560   25.786430    2.546560
63     opls_280    13.078490   25.134350    2.903090
64     opls_700    12.979670   23.675070    2.835820
65     opls_521    14.146680   22.907110    2.719960
66     opls_522    11.722850   23.057310    2.858210
67     opls_522    16.627640   25.661180    1.822830
68     opls_523    16.655940   27.042900    1.670500
69     opls_145    15.539890   27.802850    1.970780
70     opls_523    14.382400   27.180630    2.402670
71     opls_531    25.483530   13.521670    0.939850
72     opls_700     0.518790   32.498900    1.001200
73     opls_523     1.778180   32.971360    1.381780
74     opls_145     2.012610   34.338370    1.507620
75     opls_145     0.988160   35.260560    1.253620
76     opls_145    -0.250640   34.791670    0.830240
77     opls_523    -0.489710   33.424660    0.714110
78     opls_142     2.093150   37.257360    2.066660
79     opls_700     2.163920   38.724210    2.143330
80     opls_523     3.152600   39.324150    2.901430
81     opls_522     3.206640   40.710320    3.023830
82     opls_521     2.312400   41.536230    2.350200
83     opls_522     1.367220   40.925160    1.542110
84     opls_523     1.261970   39.538540    1.470240
85     opls_521     3.656200   43.669430    2.289500
86     opls_700    29.499480    0.478250    2.546560
87     opls_280    28.306230    1.240870    2.903090
88     opls_700    26.993050    0.596810    2.835820
89     opls_521     1.178080   43.773730    2.719960
90     opls_522    25.829640    1.376370    2.858210
91     opls_522     4.803650   43.002190    1.822830
92     opls_523     6.014410   43.668540    1.670500
93     opls_145    31.847910    0.443490    1.970780
94     opls_523    30.730310    1.134790    2.402670
95     opls_531    -1.281520   29.263010    0.939850
96     opls_700    -2.670870   28.771390    1.001200
97     opls_523    -3.709730   29.625820    1.381780
98     opls_145    -5.010810   29.145340    1.507620
99     opls_145    -5.297220   27.797050    1.253620
100    opls_145    -4.271740   26.958660    0.830240
101    opls_523    -2.968350   27.435130    0.714110
102    opls_142    -7.579000   27.755600    2.066660
103    opls_700    -8.884710   27.083460    2.143330
104    opls_523    -9.898610   27.639710    2.901430
105    opls_522   -11.126090   26.993430    3.023830
106    opls_521   -11.394230   25.806040    2.350200
107    opls_522   -10.392430   25.293020    1.542110
108    opls_523    -9.138960   25.895180    1.470240
109    opls_521   -13.913530   25.903210    2.289500
110    opls_700    36.302880   25.308180    2.546560
111    opls_280    36.239060   23.893470    2.903090
112    opls_700    37.453420   23.078260    2.835820
113    opls_521   -12.764800   23.704940    2.719960
114    opls_522    37.360010   21.680940    2.858210
115    opls_522   -13.909420   27.230550    1.822830
116    opls_523   -15.091870   27.945920    1.670500
117    opls_145    35.158770   27.359360    1.970780
118    opls_523    35.118890   26.045830    2.402670
119    opls_531     1.031650   28.830220    0.939850
120    opls_700     2.152080   27.872820    1.001200
121    opls_523     1.931550   26.545930    1.381780
122    opls_145     2.998200   25.659400    1.507620
123    opls_145     4.309060   26.085500    1.253620
124    opls_145     4.522390   27.392790    0.830240
125    opls_523     3.458050   28.283330    0.714110
126    opls_142     5.485850   24.130150    2.066660
127    opls_700     6.720790   23.335440    2.143330
128    opls_523     6.746010   22.179250    2.901430
129    opls_522     7.919450   21.439360    3.023830
130    opls_521     9.081830   21.800840    2.350200
131    opls_522     9.025220   22.924930    1.542110
132    opls_523     7.876990   23.709390    1.470240
133    opls_521    10.257330   19.570480    2.289500
134    opls_700    11.397840   18.785130    2.546560
135    opls_280    12.654910   19.437210    2.903090
136    opls_700    12.753730   20.896480    2.835820
137    opls_521    11.586720   21.664450    2.719960
138    opls_522    14.010550   21.514240    2.858210
139    opls_522     9.105760   18.910370    1.822830
140    opls_523     9.077460   17.528660    1.670500
141    opls_145    10.193510   16.768710    1.970780
142    opls_523    11.351000   17.390930    2.402670
143    opls_531     0.249870   31.049880    0.939850
144    opls_750    24.568190    7.897190    1.396780
145    opls_239    23.351770    1.589870    2.473180
146    opls_520    26.758360   13.978980    0.942010
147    opls_750    32.343540   17.328080    1.396780
148    opls_239    38.414050   19.428300    2.473180
149    opls_520    25.981470   16.183930    0.942010
150    opls_750    20.288470   19.346280    1.396780
151    opls_239    15.434380   23.553390    2.473180
152    opls_520    24.460370   14.408650    0.942010
153    opls_750     1.165210   36.674370    1.396780
154    opls_239     2.381630   42.981690    2.473180
155    opls_520    -1.024960   30.592580    0.942010
156    opls_750    -6.610140   27.243470    1.396780
157    opls_239   -12.680650   25.143260    2.473180
158    opls_520    -0.248070   28.387620    0.942010
159    opls_750     5.444930   25.225270    1.396780
160    opls_239    10.299020   21.018160    2.473180
161    opls_520     1.273030   30.162910    0.942010
162    opls_281    -2.669330   42.166030    3.233060
163    opls_281    -9.448790   21.176840    3.233060
164    opls_281    12.118120   25.800250    3.233060
165    opls_281    28.402730    2.405530    3.233060
166    opls_281    35.182190   23.394720    3.233060
167    opls_281    13.615280   18.771310    3.233060
168    opls_526    23.154910   12.287490    1.604240
169    opls_146    22.736490    9.910930    1.794260
170    opls_146    26.775600    9.081900    0.610690
171    opls_526    27.198920   11.478510    0.402420
172    opls_144    22.928720    7.892290    2.617430
173    opls_526    21.870820    5.852250    3.428810
174    opls_525    21.778430    3.430670    3.640130
175    opls_525    25.037050    3.047800    0.976310
176    opls_526    25.234690    5.463580    0.859630
177    opls_525    -0.213840   42.133940    2.947860
178    opls_525    20.942870    2.607440    1.568010
179    opls_526    18.854600    1.435650    1.316020
180    opls_617    -7.054810   43.613710    1.851900
181    opls_526    -5.090580   42.381310    2.602770
182    opls_526    29.248070   13.909000    1.604240
183    opls_146    31.515440   14.734910    1.794260
184    opls_146    30.213840   18.647400    0.610690
185    opls_526    27.926660   17.815700    0.402420
186    opls_144    33.167520   15.910710    2.617430
187    opls_526    35.463200   16.014560    3.428810
188    opls_525    37.606530   17.145340    3.640130
189    opls_525    36.308800   20.158820    0.976310
190    opls_526    34.117860   19.122090    0.859630
191    opls_525   -10.648740   23.319390    2.947860
192    opls_525    38.737260   16.833340    1.568010
193    opls_526    40.796190   15.610740    1.316020
194    opls_617    -8.509780   16.655050    1.851900
195    opls_526    -8.424600   18.972330    2.602770
196    opls_526    24.797220   18.375070    1.604240
197    opls_146    22.948270   19.925710    1.794260
198    opls_146    20.210760   16.842250    0.610690
199    opls_526    22.074630   15.277350    0.402420
200    opls_144    21.103960   20.768560    2.617430
201    opls_526    19.866180   22.704750    3.428810
202    opls_525    17.815230   23.995540    3.640130
203    opls_525    15.854350   21.364930    0.976310
204    opls_526    17.847660   19.985890    0.859630
205    opls_525    10.862580   23.689780    2.947860
206    opls_525    17.520070   25.130780    1.568010
207    opls_526    17.549410   27.525160    1.316020
208    opls_617    15.564590   28.874350    1.851900
209    opls_526    13.515180   27.789470    2.602770
210    opls_526     2.578490   32.284070    1.604240
211    opls_146     2.996910   34.660630    1.794260
212    opls_146    -1.042200   35.489660    0.610690
213    opls_526    -1.465520   33.093040    0.402420
214    opls_144     2.804680   36.679270    2.617430
215    opls_526     3.862580   38.719310    3.428810
216    opls_525     3.954970   41.140880    3.640130
217    opls_525     0.696350   41.523750    0.976310
218    opls_526     0.498710   39.107970    0.859630
219    opls_525    25.947240    2.437620    2.947860
220    opls_525     4.790530   41.964120    1.568010
221    opls_526     6.878800   43.135910    1.316020
222    opls_617    32.788210    0.957840    1.851900
223    opls_526    30.823980    2.190250    2.602770
224    opls_526    -3.514670   30.662560    1.604240
225    opls_146    -5.782040   29.836650    1.794260
226    opls_146    -4.480440   25.924150    0.610690
227    opls_526    -2.193260   26.755860    0.402420
228    opls_144    -7.434120   28.660850    2.617430
229    opls_526    -9.729800   28.557000    3.428810
230    opls_525   -11.873130   27.426220    3.640130
231    opls_525   -10.575400   24.412730    0.976310
232    opls_526    -8.384460   25.449470    0.859630
233    opls_525    36.382140   21.252160    2.947860
234    opls_525   -13.003860   27.738220    1.568010
235    opls_526   -15.062790   28.960810    1.316020
236    opls_617    34.243180   27.916500    1.851900
237    opls_526    34.158000   25.599230    2.602770
238    opls_526     0.936180   26.196490    1.604240
239    opls_146     2.785130   24.645840    1.794260
240    opls_146     5.522640   27.729300    0.610690
241    opls_526     3.658770   29.294210    0.402420
242    opls_144     4.629440   23.802990    2.617430
243    opls_526     5.867220   21.866810    3.428810
244    opls_525     7.918170   20.576010    3.640130
245    opls_525     9.879050   23.206630    0.976310
246    opls_526     7.885740   24.585670    0.859630
247    opls_525    14.870820   20.881770    2.947860
248    opls_525     8.213330   19.440780    1.568010
249    opls_526     8.183990   17.046390    1.316020
250    opls_617    10.168810   15.697210    1.851900
251    opls_526    12.218220   16.782080    2.602770
