0      opls_700     6.327380    1.787640    6.963530
1      opls_231     7.680290    2.239600    6.963670
2      opls_700     8.007270    3.630080    6.962980
3      opls_231     6.940720    4.576310    6.961790
4      opls_700     5.572870    4.163860    6.961440
5      opls_231     5.287580    2.766200    6.962490
6      opls_142     9.428270    3.982120    6.963530
7      opls_142     5.921030    0.381580    0.000140
8      opls_142     4.555730    5.216270    6.960120
9      opls_141    11.524990    6.830510    0.000910
10     opls_700    12.989230    7.181220    0.001040
11     opls_145    13.295030    8.555860    0.001880
12     opls_145    14.041960    6.252020    0.000280
13     opls_700    14.625700    9.004230    0.002090
14     opls_700    15.385140    6.676840    0.000350
15     opls_145    15.663000    8.052680    0.001460
16     opls_141    16.425400    5.591060    6.964160
17     opls_141    15.052240   10.446460    0.002650
18     opls_700     6.327330    1.787700    3.481380
19     opls_231     7.680240    2.239660    3.481520
20     opls_700     8.007220    3.630130    3.480830
21     opls_231     6.940670    4.576370    3.479640
22     opls_700     5.572820    4.163920    3.479290
23     opls_231     5.287530    2.766260    3.480340
24     opls_142     9.428220    3.982180    3.481380
25     opls_142     5.921080    0.381520    3.482290
26     opls_142     4.555680    5.216320    3.477970
27     opls_141    11.525040    6.830450    3.483060
28     opls_700    12.989280    7.181160    3.483190
29     opls_145    13.295070    8.555800    3.484030
30     opls_145    14.042000    6.251960    3.482430
31     opls_700    14.625750    9.004170    3.484240
32     opls_700    15.385180    6.676780    3.482500
33     opls_145    15.663050    8.052620    3.483610
34     opls_141    16.425350    5.591120    3.482010
35     opls_141    15.052290   10.446400    3.484800
36     opls_144    10.218960    3.160950    6.963600
37     opls_144     4.814370    0.108030   -0.000140
38     opls_144     4.869460    6.312170    6.957750
39     opls_146    12.455090    9.326600    0.002370
40     opls_146    13.815970    5.134690   -0.000420
41     opls_146    16.750380    8.394870    0.001880
42     opls_144    10.218920    3.161010    3.481450
43     opls_144     4.814420    0.107980    3.482010
44     opls_144     4.869420    6.312230    3.475600
45     opls_146    12.455140    9.326550    3.484520
46     opls_146    13.816020    5.134630    3.481730
47     opls_146    16.750430    8.394820    3.484030
48     opls_750     9.823480    5.218530    6.963950
49     opls_750    14.509470   12.725560    0.001250
50     opls_750    11.155930    5.491390    0.000070
51     opls_750    14.079090   11.436200    0.001950
52     opls_750     3.288490    4.935940    6.961580
53     opls_750    17.767390    5.946960    6.960470
54     opls_750     9.823430    5.218580    3.481800
55     opls_750    14.509520   12.725500    3.483400
56     opls_750    11.155980    5.491330    3.482220
57     opls_750    14.079140   11.436140    3.484100
58     opls_750     3.288440    4.935990    3.479430
59     opls_750    17.767340    5.947020    3.478320
60     opls_272    10.666540    7.712870    0.001390
61     opls_272    16.095730    4.405060    0.002720
62     opls_272    16.245430   10.750070    0.003410
63     opls_272     7.140910    5.917960    6.961030
64     opls_272     8.743450    1.397660    0.000280
65     opls_272     4.027220    2.266350    6.962490
66     opls_272    10.666590    7.712820    3.483540
67     opls_272    16.095770    4.405000    3.484870
68     opls_272    16.245480   10.750020    3.485560
69     opls_272     7.140860    5.918010    3.478880
70     opls_272     8.743500    1.397600    3.482430
71     opls_272     4.027170    2.266400    3.480340
