0      opls_145     7.530880    0.289830    2.779020
1      opls_145     6.964750    1.163970    3.711390
2      opls_145     5.626260    1.047570    4.017690
3      opls_145    11.539260    0.652450    1.782000
4      opls_700     4.787590    0.181880    3.297370
5      opls_700     3.344140    0.157350    3.522870
6      opls_145     6.049640   23.941250    2.323560
7      opls_145     7.412070   23.950270    2.107740
8      opls_142    10.254790   23.909470    2.354720
9      opls_166    12.488120   22.870660    2.286120
10     opls_700    11.666620   23.996500    2.108270
11     opls_543     3.412830   23.493570    3.567110
12     opls_716     4.020490   22.208670    3.461130
13     opls_543     1.783770   21.954670    3.712210
14     opls_716     3.023410   21.276390    3.492240
15     opls_145    17.935350   24.305180    3.237560
16     opls_145    18.606480   23.558920    0.090440
17     opls_145    19.957590   23.742720    0.288880
18     opls_166    13.888890   23.014290    2.270090
19     opls_700    20.032070    0.027390    3.588060
20     opls_700    21.488390    0.070460    3.697040
21     opls_145    19.326400    0.805970    2.654590
22     opls_145    17.958930    0.677900    2.499770
23     opls_142    15.131280    0.067950    2.298470
24     opls_145    12.901570    0.793170    1.753420
25     opls_700    14.440320   24.306140    2.082230
26     opls_543    22.114010    1.326600    3.667760
27     opls_716    21.514260    2.606630    3.483960
28     opls_543    23.758950    2.861340    3.639680
29     opls_716    22.517040    3.527700    3.397990
30     opls_145    24.885050    7.697330    3.097710
31     opls_145    23.991330    7.114790    4.004860
32     opls_145    24.058680    5.767850    0.171950
33     opls_145    24.795700   11.690810    1.800410
34     opls_700    24.990140    4.944750    3.579370
35     opls_700    25.008990    3.486970    3.741110
36     opls_145     0.648450    5.536690    2.645120
37     opls_145     0.626020    6.894240    2.431710
38     opls_142     0.727570    9.669860    2.636790
39     opls_166     1.989030   11.732630    2.311260
40     opls_700     0.766970   11.040320    2.228930
41     opls_507     1.054570    2.842010    3.849470
42     opls_716     2.304270    3.575710    3.886330
43     opls_507     2.644970    1.371850    3.662680
44     opls_716     3.287180    2.670680    3.685800
45     opls_145     0.911370   17.164780    3.284660
46     opls_145     1.677390   17.810550    0.149070
47     opls_145     1.486730   19.150690    0.427710
48     opls_166     2.013080   13.122810    2.135980
49     opls_700    25.766940   19.891350    3.809410
50     opls_700    25.734030   21.350150    3.889240
51     opls_145    24.947540   19.231130    2.883360
52     opls_145    25.088390   17.885990    2.648070
53     opls_142     0.558460   15.181310    2.114580
54     opls_145    24.824180   13.044630    1.606890
55     opls_700     0.793950   13.786500    1.880600
56     opls_507    24.486630   21.980200    3.992520
57     opls_716    23.246560   21.231080    4.046970
58     opls_507    22.877300   23.437530    3.813230
59     opls_716    22.252210   22.127040    3.848980
60     opls_181    15.750410   21.606020    1.608200
61     opls_181    12.074100   20.847190    3.541940
62     opls_181     3.515320   14.865150    1.428130
63     opls_181     3.921080   11.220540    3.674360
64     opls_750     8.883990    0.405390    2.525930
65     opls_542     2.064460   23.294080    3.730200
66     opls_750    16.604570   23.953890    3.050190
67     opls_542    23.469890    1.527550    3.772640
68     opls_750    24.801510    9.052780    2.823830
69     opls_542     1.282620    1.494610    3.767840
70     opls_750     1.250520   15.849020    2.984300
71     opls_542    24.241890   23.323770    3.892070
72     opls_179    14.599720   21.861670    2.438480
73     opls_179    11.894200   21.641250    2.355210
74     opls_179     3.234780   13.708860    2.233810
75     opls_179     3.145970   11.024850    2.476850
76     opls_146     7.618420    1.844830    4.256640
77     opls_146     5.219780    1.600490    4.859700
78     opls_146    10.871270    1.492070    1.600450
79     opls_146     5.407230   23.338030    1.685730
80     opls_146     7.851220   23.348810    1.313130
81     opls_144     9.811060   22.911340    2.488210
82     opls_547     5.078170   22.015120    3.346530
83     opls_547     3.143920   20.211630    3.361950
84     opls_146    18.042640   22.853250    0.698060
85     opls_146    20.454320   23.220110    1.101820
86     opls_146    19.881840    1.426720    1.955420
87     opls_146    17.470820    1.235150    1.702830
88     opls_144    15.439750    1.028560    1.851330
89     opls_146    13.358790    1.758260    1.532970
90     opls_547    20.456280    2.801810    3.390070
91     opls_547    22.404640    4.579610    3.178150
92     opls_146    23.295740    7.759770    4.539900
93     opls_146    23.430590    5.320810    0.940730
94     opls_146    23.889050   11.102350    1.676380
95     opls_146     1.293800    4.900940    2.043410
96     opls_146     1.248030    7.333180    1.652600
97     opls_144     1.690730    9.174250    2.827640
98     opls_547     2.425520    4.643670    4.019700
99     opls_547     4.337940    2.889020    3.564770
100    opls_146     2.427880   17.224790    0.676490
101    opls_146     2.075860   19.643750    1.198940
102    opls_146    24.258160   19.818010    2.280020
103    opls_146    24.476360   17.430810    1.872890
104    opls_144    -0.334060   15.585050    1.613000
105    opls_146    23.921630   13.595960    1.338710
106    opls_547    23.139240   20.161400    4.175250
107    opls_547    21.200800   21.903740    3.729220
108    opls_185    15.781170   22.284640    0.742330
109    opls_185    15.655310   20.567240    1.263440
110    opls_185    16.665270   21.731540    2.203310
111    opls_185    13.024710   21.071260    4.038850
112    opls_185    12.061690   19.795330    3.223250
113    opls_185    11.246890   21.043580    4.238760
114    opls_185     3.443560   15.769640    2.046930
115    opls_185     2.820020   14.943720    0.579440
116    opls_185     4.539910   14.735520    1.057780
117    opls_185     4.979320   11.188130    3.386100
118    opls_185     3.696620   10.412630    4.381320
119    opls_185     3.703550   12.184570    4.147410
120    opls_545    24.129500    0.743140    3.887810
121    opls_545     1.402700   24.080560    3.816140
