0      opls_238    14.049010    4.836360    2.200000
1      opls_767    16.700040    3.679390    2.205000
2      opls_238    18.001080    9.748620    2.200000
3      opls_767    17.677540   12.622960    2.205000
4      opls_238    11.770900   10.715080    2.200000
5      opls_767     9.443430    8.997720    2.205000
6      opls_238     0.557990   20.463710    2.200000
7      opls_767    -2.093040   21.620680    2.205000
8      opls_238    -3.394080   15.551440    2.200000
9      opls_767    -3.070540   12.677100    2.205000
10     opls_238     2.836100   14.584980    2.200000
11     opls_767     5.163570   16.302350    2.205000
12     opls_142    15.041560    5.734260    2.200000
13     opls_916    14.225470    3.481290    2.200000
14     opls_768    15.487950    2.910770    2.200000
15     opls_145    15.618830    1.557730    2.200000
16     opls_700    14.513370    0.716750    2.200000
17     opls_145    13.252050    1.310040    2.200000
18     opls_145    13.107740    2.670670    2.200000
19     opls_280     1.112910   17.716370    2.200000
20     opls_145    -0.184340   18.287900    2.200000
21     opls_142    16.727210   10.159240    2.200000
22     opls_916    19.086380   10.578970    2.200000
23     opls_768    18.949220   11.957570    2.200000
24     opls_145    20.055560   12.747440    2.200000
25     opls_700    21.336590   12.210570    2.200000
26     opls_145    21.453450   10.821600    2.200000
27     opls_145    20.347260   10.016300    2.200000
28     opls_280    -1.292280   17.405690    2.200000
29     opls_145    -1.138620   15.996470    2.200000
30     opls_142    12.052240    9.406560    2.200000
31     opls_916    10.509150   11.239810    2.200000
32     opls_768     9.383830   10.431720    2.200000
33     opls_145     8.146620   10.994900    2.200000
34     opls_700     7.971040   12.372740    2.200000
35     opls_145     9.115500   13.168430    2.200000
36     opls_145    10.366000   12.613090    2.200000
37     opls_280     0.179370   15.478070    2.200000
38     opls_145     1.322960   16.315760    2.200000
39     opls_142    -0.434560   19.565810    2.200000
40     opls_916     0.381530   21.818780    2.200000
41     opls_768    -0.880950   22.389290    2.200000
42     opls_145    -1.011830   23.742340    2.200000
43     opls_700     0.093630   24.583320    2.200000
44     opls_145     1.354950   23.990030    2.200000
45     opls_145     1.499260   22.629390    2.200000
46     opls_280    13.494090    7.583690    2.200000
47     opls_145    14.791340    7.012170    2.200000
48     opls_142    -2.120210   15.140820    2.200000
49     opls_916    -4.479380   14.721100    2.200000
50     opls_768    -4.342220   13.342500    2.200000
51     opls_145    -5.448560   12.552630    2.200000
52     opls_700    -6.729590   13.089500    2.200000
53     opls_145    -6.846450   14.478470    2.200000
54     opls_145    -5.740260   15.283770    2.200000
55     opls_280    15.899280    7.894380    2.200000
56     opls_145    15.745620    9.303590    2.200000
57     opls_142     2.554760   15.893500    2.200000
58     opls_916     4.097850   14.060260    2.200000
59     opls_768     5.223170   14.868340    2.200000
60     opls_145     6.460380   14.305160    2.200000
61     opls_700     6.635960   12.927320    2.200000
62     opls_145     5.491500   12.131630    2.200000
63     opls_145     4.241000   12.686970    2.200000
64     opls_280    14.427630    9.821990    2.200000
65     opls_145    13.284040    8.984310    2.200000
66     opls_144    16.088880    5.428130    2.200000
67     opls_910    13.086120    5.348940    2.200000
68     opls_146    12.110080    3.142270    2.200000
69     opls_146    16.633870    1.136980    2.200000
70     opls_146    12.349200    0.689430    2.200000
71     opls_144    16.468660   11.219310    2.200000
72     opls_910    18.038620    8.658440    2.200000
73     opls_146    20.437680    8.916500    2.200000
74     opls_146    19.912410   13.836860    2.200000
75     opls_146    22.442340   10.350000    2.200000
76     opls_144    11.263460    8.652620    2.200000
77     opls_910    12.696260   11.292680    2.200000
78     opls_146    11.273240   13.241300    2.200000
79     opls_146     7.274720   10.326220    2.200000
80     opls_146     9.029460   14.260640    2.200000
81     opls_144    -1.481880   19.871940    2.200000
82     opls_910     1.520880   19.951130    2.200000
83     opls_146     2.496920   22.157800    2.200000
84     opls_146    -2.026870   24.163080    2.200000
85     opls_146     2.257800   24.610640    2.200000
86     opls_144    -1.861660   14.080750    2.200000
87     opls_910    -3.431620   16.641620    2.200000
88     opls_146    -5.830680   16.383560    2.200000
89     opls_146    -5.305410   11.463210    2.200000
90     opls_146    -7.835340   14.950060    2.200000
91     opls_144     3.343540   16.647440    2.200000
92     opls_910     1.910740   14.007380    2.200000
93     opls_146     3.333760   12.058770    2.200000
94     opls_146     7.332280   14.973840    2.200000
95     opls_146     5.577540   11.039430    2.200000
96     opls_761    16.771320    4.633200    1.463980
97     opls_761    17.620280    3.418800    2.945950
98     opls_281     2.044100   18.399220    2.200000
99     opls_761    16.815870   12.207790    1.463980
100    opls_761    17.443100   13.550210    2.945950
101    opls_281    -2.349240   17.870700    2.200000
102    opls_761    10.233810    8.459080    1.463980
103    opls_761     8.757630    8.331060    2.945950
104    opls_281     0.305140   14.330210    2.200000
105    opls_761    -2.164320   20.666870    1.463980
106    opls_761    -3.013280   21.881270    2.945950
107    opls_281    12.562900    6.900850    2.200000
108    opls_761    -2.208870   13.092280    1.463980
109    opls_761    -2.836100   11.749860    2.945950
110    opls_281    16.956240    7.429360    2.200000
111    opls_761     4.373190   16.840990    1.463980
112    opls_761     5.849370   16.969010    2.945950
113    opls_281    14.301860   10.969860    2.200000
