0      opls_700    17.307090    2.885530   11.461490
1      opls_522    18.555690    2.674490   12.060940
2      opls_700    16.052780    2.795550   12.272150
3      opls_523    14.890890    2.222740   11.718710
4      opls_700    13.716280    2.043150   12.478250
5      opls_521    13.742660    2.421810   13.841720
6      opls_522    14.884430    3.011540   14.392280
7      opls_523    16.023810    3.211030   13.613890
8      opls_521    11.490090    1.709100   14.158700
9      opls_700    10.322490    1.607890   15.078650
10     opls_523     8.999180    1.606960   14.599020
11     opls_523     7.918470    1.600090   15.485420
12     opls_700    12.501810    1.522520   11.941110
13     opls_522    11.416670    1.318160   12.812810
14     opls_700    12.246480    1.325210   10.478910
15     opls_145    13.098440    0.565480    9.657060
16     opls_145    12.841630    0.427020    8.290720
17     opls_145    11.698010    0.999280    7.733120
18     opls_145    10.813220    1.713900    8.541550
19     opls_145    11.087550    1.884220    9.901820
20     opls_523    -9.019840    1.008990   17.357910
21     opls_521    19.717940    2.562250   11.273600
22     opls_700    21.051950    2.247550   11.881040
23     opls_523    21.158220    1.668110   13.163020
24     opls_700    22.406070    1.431800   13.776540
25     opls_521    23.577370    1.738000   13.044480
26     opls_522    23.483100    2.265100   11.750670
27     opls_523    22.234690    2.523250   11.175820
28     opls_521    24.973550    1.086020   14.870950
29     opls_700    26.351100    1.009850   15.447720
30     opls_523    26.577280    1.017650   16.839620
31     opls_700    22.544250    0.943080   15.109330
32     opls_522    23.838780    0.730180   15.615790
33     opls_700    21.405060    0.781110   16.066980
34     opls_145    20.256450    0.033150   15.751920
35     opls_145    19.201380    3.821900   16.661000
36     opls_145    19.300270    0.510600   17.921890
37     opls_145    20.452930    1.215040   18.272110
38     opls_145    21.494720    1.357510   17.350880
39     opls_521    18.420640    2.960140    9.290550
40     opls_522    17.254700    3.065630   10.071500
41     opls_700    18.361050    2.973510    7.790960
42     opls_523    19.446750    2.479060    7.039730
43     opls_700    19.365390    2.311630    5.635360
44     opls_521    18.156830    2.672540    4.993410
45     opls_522    17.110800    3.239310    5.719400
46     opls_523    17.213740    3.405530    7.096610
47     opls_521    18.979630    1.986630    2.863370
48     opls_700    18.723010    1.876650    1.395740
49     opls_523    19.769410    1.870330    0.455020
50     opls_700    20.433190    1.815300    4.828210
51     opls_522    20.202030    1.619280    3.450050
52     opls_700    21.829740    1.606570    5.324770
53     opls_145    22.117170    0.848040    6.474470
54     opls_145    23.431810    0.697340    6.923100
55     opls_145    24.485770    1.259190    6.201900
56     opls_145    24.224730    1.974780    5.032710
57     opls_145    22.907870    2.154530    4.600060
58     opls_523     1.048980    1.865180   31.036030
59     opls_700     1.141410    2.885530   20.492250
60     opls_522    -0.107190    2.674490   19.892800
61     opls_700     2.395720    2.795550   19.681590
62     opls_523     3.557610    2.222740   20.235020
63     opls_700     4.732220    2.043150   19.475480
64     opls_521     4.705840    2.421810   18.112020
65     opls_522     3.564070    3.011540   17.561460
66     opls_523     2.424690    3.211030   18.339850
67     opls_521     6.958410    1.709100   17.795040
68     opls_700     8.126010    1.607890   16.875090
69     opls_523     9.449320    1.606960   17.354710
70     opls_523    10.530030    1.600090   16.468320
71     opls_700     5.946690    1.522520   20.012630
72     opls_522     7.031830    1.318160   19.140930
73     opls_700     6.202020    1.325210   21.474830
74     opls_145     5.350060    0.565480   22.296680
75     opls_145     5.606870    0.427020   23.663020
76     opls_145     6.750490    0.999280   24.220610
77     opls_145     7.635280    1.713900   23.412190
78     opls_145     7.360950    1.884220   22.051910
79     opls_523    27.468340    1.008990   14.595830
80     opls_521    -1.269440    2.562250   20.680140
81     opls_700    -2.603450    2.247550   20.072700
82     opls_523    -2.709720    1.668110   18.790720
83     opls_700    -3.957570    1.431800   18.177200
84     opls_521    -5.128870    1.738000   18.909260
85     opls_522    -5.034600    2.265100   20.203070
86     opls_523    -3.786190    2.523250   20.777920
87     opls_521    -6.525050    1.086020   17.082790
88     opls_700    -7.902600    1.009850   16.506020
89     opls_523    -8.128780    1.017650   15.114120
90     opls_700    -4.095750    0.943080   16.844410
91     opls_522    -5.390280    0.730180   16.337950
92     opls_700    -2.956560    0.781110   15.886760
93     opls_145    -1.807950    0.033150   16.201820
94     opls_145    -0.752880    3.821900   15.292740
95     opls_145    -0.851770    0.510600   14.031850
96     opls_145    -2.004430    1.215040   13.681630
97     opls_145    -3.046220    1.357510   14.602860
98     opls_521     0.027860    2.960140   22.663190
99     opls_522     1.193800    3.065630   21.882240
100    opls_700     0.087450    2.973510   24.162780
101    opls_523    -0.998250    2.479060   24.914010
102    opls_700    -0.916890    2.311630   26.318380
103    opls_521     0.291670    2.672540   26.960330
104    opls_522     1.337700    3.239310   26.234340
105    opls_523     1.234760    3.405530   24.857130
106    opls_521    -0.531130    1.986630   29.090360
107    opls_700    -0.274510    1.876650   30.558000
108    opls_523    -1.320910    1.870330   31.498720
109    opls_700    -1.984690    1.815300   27.125530
110    opls_522    -1.753530    1.619280   28.503690
111    opls_700    -3.381240    1.606570   26.628970
112    opls_145    -3.668670    0.848040   25.479270
113    opls_145    -4.983310    0.697340   25.030640
114    opls_145    -6.037270    1.259190   25.751840
115    opls_145    -5.776230    1.974780   26.921030
116    opls_145    -4.459370    2.154530   27.353680
117    opls_523    17.399520    1.865180    0.917710
118    opls_520    12.647180    2.248950   14.622670
119    opls_520    19.606510    2.707290    9.920680
120    opls_520    24.802720    1.566710   13.608780
121    opls_520    18.008320    2.505660    3.656150
122    opls_520     5.801320    2.248950   17.331070
123    opls_520    -1.158010    2.707290   22.033060
124    opls_520    -6.354220    1.566710   18.344960
125    opls_520     0.440180    2.505660   28.297590
126    opls_525    18.599040    2.566190   13.130430
127    opls_526    14.927970    1.911710   10.695240
128    opls_525    14.886460    3.328270   15.427900
129    opls_526    16.879640    3.695620   14.066040
130    opls_526     6.915420    1.613080   15.078010
131    opls_525    10.513430    0.865510   12.426170
132    opls_146    13.959060    0.070440   10.063830
133    opls_146    13.516660   -0.147740    7.669860
134    opls_146    11.491390    0.878970    6.678010
135    opls_146     9.924190    2.155510    8.110500
136    opls_146    10.404590    2.474340   10.500640
137    opls_526    -8.891620    1.022490   18.433150
138    opls_526    20.261070    1.410040   13.679720
139    opls_525    24.382280    2.504330   11.195950
140    opls_526    22.197420    2.960330   10.185250
141    opls_525    23.946520    0.303350   16.603160
142    opls_146    20.169190   -0.467860   14.807040
143    opls_146    18.316780    3.256620   16.396100
144    opls_146    18.488720    0.412670   18.630950
145    opls_146    20.531150    1.670760   19.250530
146    opls_146    22.363460    1.939290   17.633670
147    opls_525    16.298880    3.242000    9.611050
148    opls_526    20.342610    2.229340    7.574630
149    opls_525    16.207750    3.556660    5.212290
150    opls_526    16.383190    3.877870    7.597000
151    opls_525    20.985350    1.183910    2.844200
152    opls_146    21.334210    0.364660    7.027910
153    opls_146    23.634370    0.123790    7.818440
154    opls_146    25.504680    1.130790    6.542850
155    opls_146    25.041620    2.409400    4.471610
156    opls_146    22.728920    2.745050    3.709830
157    opls_526     1.882850    1.877120   30.345830
158    opls_526     8.783880    1.658440   13.541680
159    opls_526    25.759640    1.072640   17.543240
160    opls_526    20.803450    1.918340    0.765290
161    opls_525    -0.150540    2.566190   18.823310
162    opls_526     3.520530    1.911710   21.258500
163    opls_525     3.562040    3.328270   16.525830
164    opls_526     1.568860    3.695620   17.887700
165    opls_526    11.533080    1.613080   16.875730
166    opls_525     7.935070    0.865510   19.527570
167    opls_146     4.489440    0.070440   21.889910
168    opls_146     4.931840   -0.147740   24.283880
169    opls_146     6.957110    0.878970   25.275730
170    opls_146     8.524310    2.155510   23.843240
171    opls_146     8.043910    2.474340   21.453100
172    opls_526    27.340120    1.022490   13.520590
173    opls_526    -1.812570    1.410040   18.274020
174    opls_525    -5.933780    2.504330   20.757790
175    opls_526    -3.748920    2.960330   21.768480
176    opls_525    -5.498020    0.303350   15.350580
177    opls_146    -1.720690   -0.467860   17.146700
178    opls_146     0.131720    3.256620   15.557640
179    opls_146    -0.040220    0.412670   13.322790
180    opls_146    -2.082650    1.670760   12.703210
181    opls_146    -3.914960    1.939290   14.320070
182    opls_525     2.149620    3.242000   22.342690
183    opls_526    -1.894110    2.229340   24.379110
184    opls_525     2.240750    3.556660   26.741450
185    opls_526     2.065310    3.877870   24.356740
186    opls_525    -2.536850    1.183910   29.109540
187    opls_146    -2.885710    0.364660   24.925830
188    opls_146    -5.185870    0.123790   24.135300
189    opls_146    -7.056180    1.130790   25.410890
190    opls_146    -6.593120    2.409400   27.482130
191    opls_146    -4.280420    2.745050   28.243910
192    opls_526    16.565650    1.877120    1.607910
193    opls_526     9.664620    1.658440   18.412060
194    opls_526    -7.311140    1.072640   14.410500
195    opls_526    -2.354950    1.918340   31.188450
