0      opls_700    33.107030   19.950000    4.179460
1      opls_145    31.848580   19.950000    4.751940
2      opls_145    30.651180   19.950000    4.068100
3      opls_700    30.574170   19.950000    2.701820
4      opls_145    31.868130   19.950000    2.109180
5      opls_145    33.091070   19.950000    2.801730
6      opls_142    25.634550   19.950000    6.166980
7      opls_145    23.303990   19.950000    5.551940
8      opls_145    21.950190   19.950000    5.926270
9      opls_716    20.725260   19.950000    5.117760
10     opls_716    21.165750   19.950000    3.853440
11     opls_145    22.465300   19.950000    3.310850
12     opls_145    23.511470   19.950000    4.183870
13     opls_700    26.742980    0.000000    0.979460
14     opls_145    28.001420    0.000000    1.551940
15     opls_145    29.198820    0.000000    0.868100
16     opls_700    29.275830    0.000000    5.901820
17     opls_145    27.981870    0.000000    5.309180
18     opls_145    26.758940    0.000000    6.001730
19     opls_142    34.215450    0.000000    2.966980
20     opls_145    36.546010    0.000000    2.351940
21     opls_145    37.899810    0.000000    2.726270
22     opls_716    39.124740    0.000000    1.917760
23     opls_716    38.684250    0.000000    0.653440
24     opls_145    37.384700    0.000000    0.110850
25     opls_145    36.338530    0.000000    0.983870
26     opls_700    19.950000   13.157030    5.779460
27     opls_145    19.950000   11.898980    6.351940
28     opls_145    19.950000   10.701180    5.668160
29     opls_700    19.950000   10.624170    4.301820
30     opls_145    19.950000   11.918130    3.709180
31     opls_145    19.950000   13.141060    4.401730
32     opls_142    19.950000    5.684550    1.366980
33     opls_145    19.950000    3.353990    0.751940
34     opls_145    19.950000    2.000190    1.126270
35     opls_716    19.950000    0.775260    0.317760
36     opls_716    19.950000    1.215750    5.453440
37     opls_145    19.950000    2.515300    4.910850
38     opls_145    19.950000    3.561470    5.783870
39     opls_700     0.000000   33.107030    2.579460
40     opls_145     0.000000   31.848580    3.151940
41     opls_145     0.000000   30.651180    2.468100
42     opls_700     0.000000   30.574170    1.101820
43     opls_145     0.000000   31.868130    0.509180
44     opls_145     0.000000   33.091070    1.201730
45     opls_142     0.000000   25.634550    4.566980
46     opls_145     0.000000   23.303990    3.951940
47     opls_145     0.000000   21.950190    4.326270
48     opls_716     0.000000   20.725260    3.517760
49     opls_716     0.000000   21.165750    2.253440
50     opls_145     0.000000   22.465300    1.710850
51     opls_145     0.000000   23.511470    2.583870
52     opls_700     0.000000    6.792980    2.579460
53     opls_145     0.000000    8.051020    3.151940
54     opls_145     0.000000    9.248820    2.468100
55     opls_700     0.000000    9.325830    1.101820
56     opls_145     0.000000    8.031870    0.509180
57     opls_145     0.000000    6.808930    1.201730
58     opls_142     0.000000   14.265450    4.566980
59     opls_145     0.000000   16.596010    3.951940
60     opls_145     0.000000   17.949810    4.326270
61     opls_716     0.000000   19.174740    3.517760
62     opls_716     0.000000   18.734250    2.253440
63     opls_145     0.000000   17.434700    1.710850
64     opls_145     0.000000   16.388530    2.583870
65     opls_700    19.950000   26.742980    5.779460
66     opls_145    19.950000   28.001420    6.351940
67     opls_145    19.950000   29.198820    5.668160
68     opls_700    19.950000   29.275830    4.301820
69     opls_145    19.950000   27.981870    3.709180
70     opls_145    19.950000   26.758940    4.401730
71     opls_142    19.950000   34.215450    1.366980
72     opls_145    19.950000   36.546010    0.751940
73     opls_145    19.950000   37.899810    1.126270
74     opls_716    19.950000   39.124740    0.317760
75     opls_716    19.950000   38.684250    5.453440
76     opls_145    19.950000   37.384700    4.910850
77     opls_145    19.950000   36.338530    5.783870
78     opls_700    26.742980   19.950000    0.620540
79     opls_145    28.001420   19.950000    0.048060
80     opls_145    29.198820   19.950000    0.731840
81     opls_700    29.275830   19.950000    2.098180
82     opls_145    27.981870   19.950000    2.690820
83     opls_145    26.758940   19.950000    1.998270
84     opls_142    34.215450   19.950000    5.033020
85     opls_145    36.546010   19.950000    5.648060
86     opls_145    37.899810   19.950000    5.273730
87     opls_716    39.124740   19.950000    6.082240
88     opls_716    38.684250   19.950000    0.946560
89     opls_145    37.384700   19.950000    1.489150
90     opls_145    36.338530   19.950000    0.616130
91     opls_700    33.107030    0.000000    3.820540
92     opls_145    31.848580    0.000000    3.248060
93     opls_145    30.651180    0.000000    3.931840
94     opls_700    30.574170    0.000000    5.298180
95     opls_145    31.868130    0.000000    5.890820
96     opls_145    33.091070    0.000000    5.198270
97     opls_142    25.634550    0.000000    1.833020
98     opls_145    23.303990    0.000000    2.448060
99     opls_145    21.950190    0.000000    2.073730
100    opls_716    20.725260    0.000000    2.882240
101    opls_716    21.165750    0.000000    4.146560
102    opls_145    22.465300    0.000000    4.689150
103    opls_145    23.511470    0.000000    3.816130
104    opls_700    13.157030   19.950000    0.620540
105    opls_145    11.898980   19.950000    0.048060
106    opls_145    10.701180   19.950000    0.731840
107    opls_700    10.624170   19.950000    2.098180
108    opls_145    11.918130   19.950000    2.690820
109    opls_145    13.141060   19.950000    1.998270
110    opls_142     5.684550   19.950000    5.033020
111    opls_145     3.353990   19.950000    5.648060
112    opls_145     2.000190   19.950000    5.273730
113    opls_716     0.775260   19.950000    6.082240
114    opls_716     1.215750   19.950000    0.946560
115    opls_145     2.515300   19.950000    1.489150
116    opls_145     3.561470   19.950000    0.616130
117    opls_700     0.000000   13.157030    5.420540
118    opls_145     0.000000   11.898980    4.848060
119    opls_145     0.000000   10.701180    5.531840
120    opls_700     0.000000   10.624170    0.498180
121    opls_145     0.000000   11.918130    1.090820
122    opls_145     0.000000   13.141060    0.398270
123    opls_142     0.000000    5.684550    3.433020
124    opls_145     0.000000    3.353990    4.048060
125    opls_145     0.000000    2.000190    3.673730
126    opls_716     0.000000    0.775260    4.482240
127    opls_716     0.000000    1.215750    5.746560
128    opls_145     0.000000    2.515300    6.289150
129    opls_145     0.000000    3.561470    5.416130
130    opls_700    19.950000   33.107030    2.220540
131    opls_145    19.950000   31.848580    1.648060
132    opls_145    19.950000   30.651180    2.331900
133    opls_700    19.950000   30.574170    3.698180
134    opls_145    19.950000   31.868130    4.290820
135    opls_145    19.950000   33.091070    3.598270
136    opls_142    19.950000   25.634550    0.233020
137    opls_145    19.950000   23.303990    0.848060
138    opls_145    19.950000   21.950190    0.473730
139    opls_716    19.950000   20.725260    1.282240
140    opls_716    19.950000   21.165750    2.546560
141    opls_145    19.950000   22.465300    3.089150
142    opls_145    19.950000   23.511470    2.216130
143    opls_700    19.950000    6.792980    2.220540
144    opls_145    19.950000    8.051020    1.648060
145    opls_145    19.950000    9.248820    2.331900
146    opls_700    19.950000    9.325830    3.698180
147    opls_145    19.950000    8.031870    4.290820
148    opls_145    19.950000    6.808930    3.598270
149    opls_142    19.950000   14.265450    0.233020
150    opls_145    19.950000   16.596010    0.848060
151    opls_145    19.950000   17.949810    0.473730
152    opls_716    19.950000   19.174740    1.282240
153    opls_716    19.950000   18.734250    2.546560
154    opls_145    19.950000   17.434700    3.089150
155    opls_145    19.950000   16.388530    2.216130
156    opls_700     0.000000   26.742980    5.420540
157    opls_145     0.000000   28.001420    4.848060
158    opls_145     0.000000   29.198820    5.531840
159    opls_700     0.000000   29.275830    0.498180
160    opls_145     0.000000   27.981870    1.090820
161    opls_145     0.000000   26.758940    0.398270
162    opls_142     0.000000   34.215450    3.433020
163    opls_145     0.000000   36.546010    4.048060
164    opls_145    39.900000   37.899810    3.673730
165    opls_716     0.000000   39.124740    4.482240
166    opls_716     0.000000   38.684250    5.746560
167    opls_145     0.000000   37.384700    6.289150
168    opls_145     0.000000   36.338530    5.416130
169    opls_700     6.792980    0.000000    3.820540
170    opls_145     8.051020    0.000000    3.248060
171    opls_145     9.248820    0.000000    3.931840
172    opls_700     9.325830    0.000000    5.298180
173    opls_145     8.031870    0.000000    5.890820
174    opls_145     6.808930    0.000000    5.198270
175    opls_142    14.265450    0.000000    1.833020
176    opls_145    16.596010    0.000000    2.448060
177    opls_145    17.949810    0.000000    2.073730
178    opls_716    19.174740    0.000000    2.882240
179    opls_716    18.734250    0.000000    4.146560
180    opls_145    17.434700    0.000000    4.689150
181    opls_145    16.388530    0.000000    3.816130
182    opls_700    13.157030    0.000000    0.979460
183    opls_145    11.898980    0.000000    1.551940
184    opls_145    10.701180    0.000000    0.868100
185    opls_700    10.624170    0.000000    5.901820
186    opls_145    11.918130    0.000000    5.309180
187    opls_145    13.141060    0.000000    6.001730
188    opls_142     5.684550    0.000000    2.966980
189    opls_145     3.353990    0.000000    2.351940
190    opls_145     2.000190    0.000000    2.726270
191    opls_716     0.775260    0.000000    1.917760
192    opls_716     1.215750    0.000000    0.653440
193    opls_145     2.515300    0.000000    0.110850
194    opls_145     3.561470    0.000000    0.983870
195    opls_700     6.792980   19.950000    4.179460
196    opls_145     8.051020   19.950000    4.751940
197    opls_145     9.248820   19.950000    4.068100
198    opls_700     9.325830   19.950000    2.701820
199    opls_145     8.031870   19.950000    2.109180
200    opls_145     6.808930   19.950000    2.801730
201    opls_142    14.265450   19.950000    6.166980
202    opls_145    16.596010   19.950000    5.551940
203    opls_145    17.949810   19.950000    5.926270
204    opls_716    19.174740   19.950000    5.117760
205    opls_716    18.734250   19.950000    3.853440
206    opls_145    17.434700   19.950000    3.310850
207    opls_145    16.388530   19.950000    4.183870
208    opls_139    19.950000   19.950000    3.200000
209    opls_139     0.000000    0.000000    0.000000
210    opls_139    19.950000    0.000000    4.800000
211    opls_139     0.000000   19.950000    1.600000
212    opls_146    31.801100   19.950000    5.687420
213    opls_146    29.825250   19.950000    4.569860
214    opls_146    31.984640   19.950000    1.170110
215    opls_146    33.959290   19.950000    2.330940
216    opls_144    25.891510   19.950000    5.188860
217    opls_146    24.406830   19.950000    3.793860
218    opls_146    22.678360   19.950000    2.342140
219    opls_146    21.975720   19.950000    6.882300
220    opls_146    28.048900    0.000000    2.487420
221    opls_146    30.024350    0.000000    1.369860
222    opls_146    27.865360    0.000000    4.370110
223    opls_146    25.890710    0.000000    5.530940
224    opls_144    33.958490    0.000000    1.988860
225    opls_146    35.443170    0.000000    0.593860
226    opls_146    37.171640    0.000000   -0.857860
227    opls_146    37.874280    0.000000    3.682300
228    opls_146    19.950000   11.851100    7.287420
229    opls_146    19.950000    9.875650    6.169860
230    opls_146    19.950000   12.034640    2.770110
231    opls_146    19.950000   14.009290    3.930940
232    opls_144    19.950000    5.941510    0.388860
233    opls_146    19.950000    4.456830    5.393860
234    opls_146    19.950000    2.728360    3.942140
235    opls_146    19.950000    2.025720    2.082300
236    opls_146     0.000000   31.801100    4.087420
237    opls_146     0.000000   29.825250    2.969860
238    opls_146     0.000000   31.984640   -0.429890
239    opls_146     0.000000   33.959290    0.730940
240    opls_144     0.000000   25.891510    3.588930
241    opls_146     0.000000   24.406830    2.193860
242    opls_146     0.000000   22.678360    0.742140
243    opls_146     0.000000   21.975720    5.282300
244    opls_146     0.000000    8.098900    4.087420
245    opls_146     0.000000   10.074350    2.969860
246    opls_146     0.000000    7.915360   -0.429890
247    opls_146     0.000000    5.940710    0.730940
248    opls_144     0.000000   14.008490    3.588930
249    opls_146     0.000000   15.493170    2.193860
250    opls_146     0.000000   17.221640    0.742140
251    opls_146     0.000000   17.924280    5.282300
252    opls_146    19.950000   28.048900    7.287420
253    opls_146    19.950000   30.024350    6.169860
254    opls_146    19.950000   27.865360    2.770110
255    opls_146    19.950000   25.890710    3.930940
256    opls_144    19.950000   33.958490    0.388860
257    opls_146    19.950000   35.443170    5.393860
258    opls_146    19.950000   37.171640    3.942140
259    opls_146    19.950000   37.874280    2.082300
260    opls_146    28.048900   19.950000   -0.887420
261    opls_146    30.024350   19.950000    0.230140
262    opls_146    27.865360   19.950000    3.629890
263    opls_146    25.890710   19.950000    2.469060
264    opls_144    33.958490   19.950000    6.011070
265    opls_146    35.443170   19.950000    1.006140
266    opls_146    37.171640   19.950000    2.457860
267    opls_146    37.874280   19.950000    4.317700
268    opls_146    31.801100    0.000000    2.312580
269    opls_146    29.825250    0.000000    3.430140
270    opls_146    31.984640    0.000000    6.829890
271    opls_146    33.959290    0.000000    5.669060
272    opls_144    25.891510    0.000000    2.811070
273    opls_146    24.406830    0.000000    4.206140
274    opls_146    22.678360    0.000000    5.657860
275    opls_146    21.975720    0.000000    1.117700
276    opls_146    11.851100   19.950000   -0.887420
277    opls_146     9.875650   19.950000    0.230140
278    opls_146    12.034640   19.950000    3.629890
279    opls_146    14.009290   19.950000    2.469060
280    opls_144     5.941510   19.950000    6.011070
281    opls_146     4.456830   19.950000    1.006140
282    opls_146     2.728360   19.950000    2.457860
283    opls_146     2.025720   19.950000    4.317700
284    opls_146     0.000000   11.851100    3.912580
285    opls_146     0.000000    9.875650    5.030140
286    opls_146     0.000000   12.034640    2.029890
287    opls_146     0.000000   14.009290    0.869060
288    opls_144     0.000000    5.941510    4.411070
289    opls_146     0.000000    4.456830    5.806140
290    opls_146     0.000000    2.728360    7.257860
291    opls_146     0.000000    2.025720    2.717700
292    opls_146    19.950000   31.801100    0.712580
293    opls_146    19.950000   29.825250    1.830140
294    opls_146    19.950000   31.984640    5.229890
295    opls_146    19.950000   33.959290    4.069060
296    opls_144    19.950000   25.891510    1.211140
297    opls_146    19.950000   24.406830    2.606140
298    opls_146    19.950000   22.678360    4.057860
299    opls_146    19.950000   21.975720   -0.482300
300    opls_146    19.950000    8.098900    0.712580
301    opls_146    19.950000   10.074350    1.830140
302    opls_146    19.950000    7.915360    5.229890
303    opls_146    19.950000    5.940710    4.069060
304    opls_144    19.950000   14.008490    1.211140
305    opls_146    19.950000   15.493170    2.606140
306    opls_146    19.950000   17.221640    4.057860
307    opls_146    19.950000   17.924280   -0.482300
308    opls_146     0.000000   28.048900    3.912580
309    opls_146     0.000000   30.024350    5.030140
310    opls_146     0.000000   27.865360    2.029890
311    opls_146     0.000000   25.890710    0.869060
312    opls_144     0.000000   33.958490    4.411070
313    opls_146     0.000000   35.443170    5.806140
314    opls_146     0.000000   37.171640    7.257860
315    opls_146    39.900000   37.874280    2.717700
316    opls_146     8.098900    0.000000    2.312580
317    opls_146    10.074350    0.000000    3.430140
318    opls_146     7.915360    0.000000    6.829890
319    opls_146     5.940710    0.000000    5.669060
320    opls_144    14.008490    0.000000    2.811070
321    opls_146    15.493170    0.000000    4.206140
322    opls_146    17.221640    0.000000    5.657860
323    opls_146    17.924280    0.000000    1.117700
324    opls_146    11.851100    0.000000    2.487420
325    opls_146     9.875650    0.000000    1.369860
326    opls_146    12.034640    0.000000    4.370110
327    opls_146    14.009290    0.000000    5.530940
328    opls_144     5.941510    0.000000    1.988860
329    opls_146     4.456830    0.000000    0.593860
330    opls_146     2.728360    0.000000   -0.857860
331    opls_146     2.025720    0.000000    3.682300
332    opls_146     8.098900   19.950000    5.687420
333    opls_146    10.074350   19.950000    4.569860
334    opls_146     7.915360   19.950000    1.170110
335    opls_146     5.940710   19.950000    2.330940
336    opls_144    14.008490   19.950000    5.188860
337    opls_146    15.493170   19.950000    3.793860
338    opls_146    17.221640   19.950000    2.342140
339    opls_146    17.924280   19.950000    6.882300
340    opls_750    24.316660   19.950000    0.070270
341    opls_750    35.533340    0.000000    3.270270
342    opls_750    19.950000    4.366660    1.670270
343    opls_750     0.000000   24.316660    4.870270
344    opls_750     0.000000   15.583340    4.870270
345    opls_750    19.950000   35.533340    1.670270
346    opls_750    35.533340   19.950000    4.729730
347    opls_750    24.316660    0.000000    1.529730
348    opls_750     4.366660   19.950000    4.729730
349    opls_750     0.000000    4.366660    3.129730
350    opls_750    19.950000   24.316660    6.329730
351    opls_750    19.950000   15.583340    6.329730
352    opls_750     0.000000   35.533340    3.129730
353    opls_750    15.583340    0.000000    1.529730
354    opls_750     4.366660    0.000000    3.270270
355    opls_750    15.583340   19.950000    0.070270
