0      opls_916    10.352290   18.412940    0.390340
1      opls_145    11.514730   17.617340    0.226340
2      opls_166    -9.648400   18.297260    6.774690
3      opls_916    -9.547650   19.721280    6.684910
4      opls_145     0.283280    0.754440    0.051140
5      opls_166    21.436400    0.119690    0.301580
6      opls_142     3.087500    1.817140    6.267280
7      opls_700     4.425560    2.197180    6.119850
8      opls_280     5.528420    1.211590    6.216480
9      opls_280     4.694250    3.650960    5.965560
10     opls_700     6.921430    1.723710    6.272980
11     opls_700     6.101030    4.113630    5.970040
12     opls_280     7.229180    3.165590    6.110140
13     opls_142     6.432190    5.477680    5.969160
14     opls_142     7.922310    0.795050    6.573140
15     opls_916     5.738350    7.838000    6.087590
16     opls_145     7.038690    8.385530    6.252880
17     opls_166     4.600460    8.699480    6.131800
18     opls_166     7.185480    9.766990    6.501770
19     opls_145     4.749280   10.082110    6.379050
20     opls_916     6.049200   10.624930    6.578430
21     opls_142     8.726090   16.558970    0.594000
22     opls_700     7.396300   16.144740    0.731310
23     opls_280     6.302090   17.128760    0.878740
24     opls_280     7.122070   14.693180    0.588360
25     opls_700     4.906060   16.633540    0.872350
26     opls_700     5.708430   14.243830    0.539870
27     opls_142     3.913540   17.618870    0.886140
28     opls_280     4.586450   15.191180    0.749370
29     opls_142     5.367940   12.908200    0.271570
30     opls_916     1.543810   18.235280    0.666250
31     opls_145     1.736870   19.639250    0.525880
32     opls_166     0.225080   17.695880    0.599360
33     opls_166    11.616540    0.756660    0.301240
34     opls_145    -0.884650   18.533010    0.386130
35     opls_916    10.298350    0.212970    0.211130
36     opls_181    20.153320    2.226280    0.340490
37     opls_181    -8.395410   16.128180    0.003460
38     opls_181    -1.146390   15.654660    0.604660
39     opls_181    13.005100    2.787830    0.235780
40     opls_181     2.162670    8.831260    6.047050
41     opls_181     9.622280    9.592410    6.675820
42     opls_916    21.465040    1.103860    3.657550
43     opls_145     0.242060    0.302500    3.488800
44     opls_166     1.471800    0.930150    3.206640
45     opls_916     1.567790    2.354940    3.083450
46     opls_145     0.413640    3.155470    3.278760
47     opls_166    -0.811630    2.527460    3.564450
48     opls_142     3.166190    4.203280    2.680550
49     opls_700     4.493380    4.625360    2.538620
50     opls_280     5.608200    3.651710    2.560560
51     opls_280     4.741880    6.089790    2.506840
52     opls_700     6.995770    4.168780    2.622360
53     opls_700     6.146370    6.566530    2.582150
54     opls_280     7.290800    5.620910    2.608570
55     opls_142     6.457800    7.925680    2.737600
56     opls_142     7.994320    3.206870    2.811340
57     opls_916     5.758620   10.270800    3.065590
58     opls_145     7.062620   10.806650    3.255470
59     opls_166     4.631520   11.140850    3.153740
60     opls_166     7.221570   12.178150    3.549510
61     opls_145     4.786190   12.504140    3.490090
62     opls_916     6.089110   13.034740    3.690690
63     opls_142     8.810510   19.009520    4.007210
64     opls_700     7.475040   18.636240    4.194370
65     opls_280     6.386050   19.639860    4.261530
66     opls_280     7.190120   17.176420    4.207200
67     opls_700     4.982020   19.151800    4.264520
68     opls_700     5.778310   16.730580    4.243260
69     opls_142    14.965850    0.394820    4.130260
70     opls_280     4.662150   17.701740    4.293240
71     opls_142     5.424620   15.377840    4.103710
72     opls_916    12.580540    0.965260    3.815850
73     opls_145    12.762430    2.369940    3.662990
74     opls_166    11.264980    0.415220    3.718530
75     opls_166    11.650620    3.195780    3.412340
76     opls_145    10.155880    1.240140    3.447310
77     opls_916    10.343340    2.640730    3.273120
78     opls_181    -2.019970    4.671270    3.655380
79     opls_181    -8.231070   18.545730    3.223140
80     opls_181    -1.112760   18.107990    3.838530
81     opls_181    12.980890    5.261630    3.522820
82     opls_181     2.243590   11.405580    2.680890
83     opls_181     9.636630   12.148840    3.227080
84     opls_146    11.444890   16.517340    0.288610
85     opls_146     0.352240    1.854790   -0.016770
86     opls_144     2.300480    2.601410    6.234340
87     opls_910     3.524400   -0.164660    6.464280
88     opls_144     7.504910    5.756740    6.032250
89     opls_144     7.626880   -0.268120    6.719070
90     opls_146     7.917270    7.723460    6.214040
91     opls_146     3.871280   10.745560    6.417690
92     opls_910     4.500730    6.136440    5.861930
93     opls_910     9.452990    2.156910    6.568320
94     opls_144     9.505670   15.788730    0.418380
95     opls_144     4.228950   18.686360    0.920500
96     opls_144     4.292880   12.632190    0.222740
97     opls_910     2.358280   16.296010    0.823530
98     opls_910     7.297240   12.261510    0.141590
99     opls_146     2.753330   20.062220    0.581230
100    opls_146    -1.900240   18.106870    0.327520
101    opls_910     8.286710   18.550050    0.762140
102    opls_185    20.855120    2.755120    1.028070
103    opls_185    20.368820    2.529500   -0.704210
104    opls_185    19.119710    2.522330    0.590260
105    opls_185    -8.708160   15.858420    1.037030
106    opls_185    -9.037850   15.587780   -0.734360
107    opls_185    -7.347340   15.804230   -0.139280
108    opls_185    -1.884650   15.996220    1.364890
109    opls_185    -1.561070   15.827480   -0.416420
110    opls_185    -0.985180   14.565380    0.737960
111    opls_185    13.468290    2.627890    1.235660
112    opls_185    13.704410    2.421280   -0.545100
113    opls_185    12.844450    3.875270    0.091680
114    opls_185     2.063050    9.246750    7.076140
115    opls_185     2.112030    9.661190    5.304060
116    opls_185     1.319190    8.136640    5.855070
117    opls_185    10.475100   10.272340    6.883410
118    opls_185     9.603840    8.797810    7.455470
119    opls_185     9.769730    9.129360    5.672670
120    opls_146     0.173870   -0.796750    3.573750
121    opls_146     0.486060    4.254410    3.205830
122    opls_144     2.367280    4.972690    2.728630
123    opls_910     3.637750    2.212910    2.743370
124    opls_144     7.527840    8.208920    2.836880
125    opls_144     7.691550    2.136330    2.855760
126    opls_146     7.941960   10.148660    3.176290
127    opls_146     3.911050   13.167820    3.564250
128    opls_910     4.524240    8.583270    2.694000
129    opls_910     9.526610    4.555080    2.922380
130    opls_144     9.579060   18.211270    3.921110
131    opls_144    15.263290    1.465990    4.062290
132    opls_144     4.346510   15.113420    4.078110
133    opls_910    13.423480   -0.951690    4.130670
134    opls_910     7.349260   14.698330    4.021140
135    opls_146    13.772380    2.805920    3.747460
136    opls_146     9.146620    0.806110    3.359370
137    opls_910    19.398860    1.287680    3.995260
138    opls_185    -1.343550    5.154740    4.402240
139    opls_185    -1.731780    4.991960    2.629010
140    opls_185    -3.055200    5.008560    3.847900
141    opls_185    -8.401910   18.299450    4.290800
142    opls_185    -8.958960   17.980000    2.593900
143    opls_185    -7.207980   18.236690    2.946480
144    opls_185    -1.806910   18.516630    4.602770
145    opls_185    -1.580580   18.219980    2.834230
146    opls_185    -0.956340   17.028800    4.037370
147    opls_185    13.309660    5.074790    4.571670
148    opls_185    13.790500    4.953380    2.823090
149    opls_185    12.806240    6.349770    3.397730
150    opls_185     1.929620   11.907680    3.625160
151    opls_185     2.453250   12.173180    1.904970
152    opls_185     1.409330   10.761200    2.330280
153    opls_185    10.471570   12.872810    3.322830
154    opls_185     9.901780   11.228880    3.804030
155    opls_185     9.497380   11.889450    2.154330
156    opls_238     2.720910    0.523940    6.459730
157    opls_238     5.504770    6.462010    5.921010
158    opls_238     9.230470    1.131620    6.716630
159    opls_238     9.085400   17.867830    0.626730
160    opls_238     2.594760   17.326660    0.833980
161    opls_238     6.291580   11.939970    0.066210
162    opls_238     2.827730    2.893020    2.797700
163    opls_238     5.524740    8.907750    2.796000
164    opls_238     9.299230    3.524050    2.974660
165    opls_238    20.187340    0.587840    3.910580
166    opls_238    13.646000    0.082350    4.053600
167    opls_238     6.338660   14.389010    3.974480
168    opls_281    -5.677200   19.690580    6.270400
169    opls_281     3.736660    4.458170    5.852830
170    opls_281     8.416150    3.586020    6.108240
171    opls_179    -8.423600   17.609350    6.584340
172    opls_179     3.374490    8.051980    5.906550
173    opls_281     6.524220   18.365190    0.993570
174    opls_281     8.070140   13.871220    0.495390
175    opls_281     3.405000   14.759900    0.811570
176    opls_179    20.215240    0.781830    0.503000
177    opls_179     8.426910   10.414000    6.711330
178    opls_179     0.143470   16.294160    0.782580
179    opls_179    11.698350    2.157680    0.131470
180    opls_281     5.407220    2.406730    2.556690
181    opls_281     3.785290    6.902650    2.443820
182    opls_281     8.469220    6.062860    2.642050
183    opls_179     2.686070    0.259020    2.988110
184    opls_179     3.381070   10.525470    2.895890
185    opls_281    17.613130    1.157680    4.292430
186    opls_281     8.138880   16.352260    4.168970
187    opls_281     3.471460   17.294190    4.333920
188    opls_179    20.359610    3.224230    3.784750
189    opls_179     8.462330   12.804690    3.765870
190    opls_179     0.196830   18.736920    3.905760
191    opls_179    11.726520    4.597260    3.221510
