0      opls_146    12.445500   20.938720   19.237950
1      opls_146    12.445500   16.259030   20.630810
2      opls_146    12.445500   17.897030   22.238690
3      opls_144    12.445500   20.399430   22.962450
4      opls_146    12.445500   24.073640   20.223880
5      opls_146    12.445500   26.232450   21.038390
6      opls_146    12.445500   24.749390   25.109970
7      opls_146    12.445500    4.715570   24.183560
8      opls_146    12.445500   19.436360   17.593640
9      opls_146    12.445500   12.520120   19.622760
10     opls_146    24.891000    7.347620   19.237950
11     opls_146    24.891000    2.667930   20.630810
12     opls_146    24.891000    4.305930   22.238690
13     opls_144    24.891000    6.808330   22.962450
14     opls_146    24.891000   10.482540   20.223880
15     opls_146    24.891000   12.641350   21.038390
16     opls_146     0.000000   11.158290   25.109970
17     opls_146    24.891000   18.306670   24.183560
18     opls_146    24.891000    5.845260   17.593640
19     opls_146    24.891000   26.111220   19.622760
20     opls_146    12.445500    6.243480   19.237950
21     opls_146    12.445500   10.923170   20.630810
22     opls_146    12.445500    9.285170   22.238690
23     opls_144    12.445500    6.782770   22.962450
24     opls_146    12.445500    3.108560   20.223880
25     opls_146    12.445500    0.949750   21.038390
26     opls_146    12.445500    2.432810   25.109970
27     opls_146    12.445500   22.466630   24.183560
28     opls_146    12.445500    7.745840   17.593640
29     opls_146    12.445500   14.662080   19.622760
30     opls_146    24.891000   19.834580   19.237950
31     opls_146    24.891000   24.514270   20.630810
32     opls_146     0.000000   22.876270   22.238690
33     opls_144    24.891000   20.373870   22.962450
34     opls_146    24.891000   16.699660   20.223880
35     opls_146    24.891000   14.540850   21.038390
36     opls_146    24.891000   16.023910   25.109970
37     opls_146    24.891000    8.875530   24.183560
38     opls_146    24.891000   21.336940   17.593640
39     opls_146     0.000000    1.070980   19.622760
40     opls_146    12.445500   20.938720   13.290450
41     opls_146    12.445500   16.259030   11.897590
42     opls_146    12.445500   17.897030   10.289710
43     opls_144    12.445500   20.399430    9.565950
44     opls_146    12.445500   24.073640   12.304520
45     opls_146    12.445500   26.232450   11.490010
46     opls_146    12.445500   24.749390    7.418430
47     opls_146    12.445500    4.715570    8.344840
48     opls_146    12.445500   19.436360   14.934760
49     opls_146    12.445500   12.520120   12.905640
50     opls_146    24.891000    7.347620   13.290450
51     opls_146    24.891000    2.667930   11.897590
52     opls_146     0.000000    4.305930   10.289710
53     opls_144     0.000000    6.808330    9.565950
54     opls_146    24.891000   10.482540   12.304520
55     opls_146    24.891000   12.641350   11.490010
56     opls_146     0.000000   11.158290    7.418430
57     opls_146    24.891000   18.306670    8.344840
58     opls_146    24.891000    5.845260   14.934760
59     opls_146    24.891000   26.111220   12.905640
60     opls_146    12.445500    6.243480   13.290450
61     opls_146    12.445500   10.923170   11.897590
62     opls_146    12.445500    9.285170   10.289710
63     opls_144    12.445500    6.782770    9.565950
64     opls_146    12.445500    3.108560   12.304520
65     opls_146    12.445500    0.949750   11.490010
66     opls_146    12.445500    2.432810    7.418430
67     opls_146    12.445500   22.466630    8.344840
68     opls_146    12.445500    7.745840   14.934760
69     opls_146    12.445500   14.662080   12.905640
70     opls_146    24.891000   19.834580   13.290450
71     opls_146    24.891000   24.514270   11.897590
72     opls_146     0.000000   22.876270   10.289710
73     opls_144    24.891000   20.373870    9.565950
74     opls_146    24.891000   16.699660   12.304520
75     opls_146    24.891000   14.540850   11.490010
76     opls_146    24.891000   16.023910    7.418430
77     opls_146    24.891000    8.875530    8.344840
78     opls_146    24.891000   21.336940   14.934760
79     opls_146     0.000000    1.070980   12.905640
80     opls_146     5.975830    0.000000    4.078740
81     opls_146     1.420530    0.000000    5.878860
82     opls_146     3.220150    0.000000    7.338410
83     opls_144     5.733640    0.000000    7.833490
84     opls_146     9.307490   27.182200    4.962860
85     opls_146    11.490180   27.182200    5.762080
86     opls_146    10.034560   27.182200    9.842770
87     opls_146    17.137200    0.000000    8.948560
88     opls_146     3.332160   27.182200   31.485540
89     opls_146     4.340740    0.000000    2.600000
90     opls_146    18.421330   13.591100    4.078740
91     opls_146    13.866030   13.591100    5.878860
92     opls_146    15.665650   13.591100    7.338410
93     opls_144    18.179140   13.591100    7.833490
94     opls_146    21.752990   13.591100    4.962860
95     opls_146    23.935680   13.591100    5.762080
96     opls_146    22.480060   13.591100    9.842770
97     opls_146     4.691700   13.591100    8.948560
98     opls_146    15.777660   13.591100   31.485540
99     opls_146    16.786240   13.591100    2.600000
100    opls_146    18.915170    0.000000    4.078740
101    opls_146    23.470470    0.000000    5.878860
102    opls_146    21.670850    0.000000    7.338410
103    opls_144    19.157360    0.000000    7.833490
104    opls_146    15.583510   27.182200    4.962860
105    opls_146    13.400820   27.182200    5.762080
106    opls_146    14.856440   27.182200    9.842770
107    opls_146     7.753800    0.000000    8.948560
108    opls_146    21.558840   27.182200   31.485540
109    opls_146    20.550260    0.000000    2.600000
110    opls_146     6.469670   13.591100    4.078740
111    opls_146    11.024970   13.591100    5.878860
112    opls_146     9.225350   13.591100    7.338410
113    opls_144     6.711860   13.591100    7.833490
114    opls_146     3.138010   13.591100    4.962860
115    opls_146     0.955320   13.591100    5.762080
116    opls_146     2.410940   13.591100    9.842770
117    opls_146    20.199300   13.591100    8.948560
118    opls_146     9.113340   13.591100   31.485540
119    opls_146     8.104760   13.591100    2.600000
120    opls_146    18.915170   27.182200   28.449660
121    opls_146    23.470470    0.000000   26.649540
122    opls_146    21.670850   27.182200   25.189990
123    opls_144    19.157360    0.000000   24.694910
124    opls_146    15.583510    0.000000   27.565540
125    opls_146    13.400820    0.000000   26.766320
126    opls_146    14.856440    0.000000   22.685630
127    opls_146     7.753800   27.182200   23.579840
128    opls_146    21.558840   27.182200    1.042860
129    opls_146    20.550260    0.000000   29.928400
130    opls_146     6.469670   13.591100   28.449660
131    opls_146    11.024970   13.591100   26.649540
132    opls_146     9.225350   13.591100   25.189990
133    opls_144     6.711860   13.591100   24.694910
134    opls_146     3.138010   13.591100   27.565540
135    opls_146     0.955320   13.591100   26.766320
136    opls_146     2.410940   13.591100   22.685630
137    opls_146    20.199300   13.591100   23.579840
138    opls_146     9.113340   13.591100    1.042860
139    opls_146     8.104760   13.591100   29.928400
140    opls_146     5.975830   27.182200   28.449660
141    opls_146     1.420530    0.000000   26.649540
142    opls_146     3.220150   27.182200   25.189990
143    opls_144     5.733640    0.000000   24.694910
144    opls_146     9.307490    0.000000   27.565540
145    opls_146    11.490180    0.000000   26.766320
146    opls_146    10.034560    0.000000   22.685630
147    opls_146    17.137200   27.182200   23.579840
148    opls_146     3.332160   27.182200    1.042860
149    opls_146     4.340740    0.000000   29.928400
150    opls_146    18.421330   13.591100   28.449660
151    opls_146    13.866030   13.591100   26.649540
152    opls_146    15.665650   13.591100   25.189990
153    opls_144    18.179140   13.591100   24.694910
154    opls_146    21.752990   13.591100   27.565540
155    opls_146    23.935680   13.591100   26.766320
156    opls_146    22.480060   13.591100   22.685630
157    opls_146     4.691700   13.591100   23.579840
158    opls_146    15.777660   13.591100    1.042860
159    opls_146    16.786240   13.591100   29.928400
160    opls_146     0.000000    0.000000   27.970850
161    opls_146    12.445500   13.591100   27.970850
162    opls_146     0.000000   27.182200    4.557550
163    opls_146    12.445500   13.591100    4.557550
164    opls_146    12.445500    9.104410   16.264200
165    opls_146     0.000000   22.695510   16.264200
166    opls_146    12.445500   18.077790   16.264200
167    opls_146     0.000000    4.486690   16.264200
168    opls_700    12.445500   15.049430   15.017710
169    opls_700    12.445500   16.494700   14.984530
170    opls_700    12.445500   17.514850   13.752030
171    opls_145    12.445500   19.896010   12.992820
172    opls_700    12.445500   19.551610   11.649400
173    opls_142    12.445500   20.629120   10.623450
174    opls_145    12.445500   23.123900   10.398680
175    opls_145    12.445500   23.314720    9.014600
176    opls_145    12.445500   24.228310   11.231730
177    opls_145    12.445500   24.625710    8.494470
178    opls_145    12.445500   25.520820   10.725590
179    opls_700    12.445500   25.778510    9.336950
180    opls_145    12.445500    8.246540   13.991770
181    opls_145    12.445500    8.984530   11.330620
182    opls_145    12.445500   14.277180   18.661540
183    opls_145    12.445500   17.210140   12.342900
184    opls_700     0.000000    1.458330   15.017710
185    opls_700     0.000000    2.903600   14.984530
186    opls_700     0.000000    3.923750   13.752030
187    opls_145    24.891000    6.304910   12.992820
188    opls_700     0.000000    5.960510   11.649400
189    opls_142     0.000000    7.038020   10.623450
190    opls_145    24.891000    9.532800   10.398680
191    opls_145    24.891000    9.723620    9.014600
192    opls_145    24.891000   10.637210   11.231730
193    opls_145     0.000000   11.034610    8.494470
194    opls_145    24.891000   11.929720   10.725590
195    opls_700    24.891000   12.187410    9.336950
196    opls_145    24.891000   21.837640   13.991770
197    opls_145     0.000000   22.575630   11.330620
198    opls_145     0.000000    0.686080   18.661540
199    opls_145    24.891000    3.619040   12.342900
200    opls_700    12.445500   12.132770   15.017710
201    opls_700    12.445500   10.687500   14.984530
202    opls_700    12.445500    9.667350   13.752030
203    opls_145    12.445500    7.286190   12.992820
204    opls_700    12.445500    7.630590   11.649400
205    opls_142    12.445500    6.553080   10.623450
206    opls_145    12.445500    4.058300   10.398680
207    opls_145    12.445500    3.867480    9.014600
208    opls_145    12.445500    2.953890   11.231730
209    opls_145    12.445500    2.556490    8.494470
210    opls_145    12.445500    1.661380   10.725590
211    opls_700    12.445500    1.403690    9.336950
212    opls_145    12.445500   18.935660   13.991770
213    opls_145    12.445500   18.197670   11.330620
214    opls_145    12.445500   12.905020   18.661540
215    opls_145    12.445500    9.972060   12.342900
216    opls_700    24.891000   25.723870   15.017710
217    opls_700     0.000000   24.278600   14.984530
218    opls_700    24.891000   23.258450   13.752030
219    opls_145    24.891000   20.877290   12.992820
220    opls_700    24.891000   21.221690   11.649400
221    opls_142    24.891000   20.144180   10.623450
222    opls_145    24.891000   17.649400   10.398680
223    opls_145    24.891000   17.458580    9.014600
224    opls_145    24.891000   16.544990   11.231730
225    opls_145    24.891000   16.147590    8.494470
226    opls_145    24.891000   15.252480   10.725590
227    opls_700     0.000000   14.994790    9.336950
228    opls_145    24.891000    5.344560   13.991770
229    opls_145     0.000000    4.606570   11.330620
230    opls_145    24.891000   26.496120   18.661540
231    opls_145    24.891000   23.563160   12.342900
232    opls_700    12.445500   15.049430   17.510690
233    opls_700    12.445500   16.494700   17.543870
234    opls_700    12.445500   17.514850   18.776370
235    opls_145    12.445500   19.896010   19.535580
236    opls_700    12.445500   19.551610   20.879000
237    opls_142    12.445500   20.629120   21.904950
238    opls_145    12.445500   23.123900   22.129720
239    opls_145    12.445500   23.314720   23.513800
240    opls_145    12.445500   24.228310   21.296670
241    opls_145    12.445500   24.625710   24.033930
242    opls_145    12.445500   25.520820   21.802810
243    opls_700    12.445500   25.778510   23.191450
244    opls_145    12.445500    8.246540   18.536630
245    opls_145    12.445500    8.984530   21.197780
246    opls_145    12.445500   14.277180   13.866860
247    opls_145    12.445500   17.210140   20.185500
248    opls_700    24.891000    1.458330   17.510690
249    opls_700     0.000000    2.903600   17.543870
250    opls_700    24.891000    3.923750   18.776370
251    opls_145    24.891000    6.304910   19.535580
252    opls_700    24.891000    5.960510   20.879000
253    opls_142    24.891000    7.038020   21.904950
254    opls_145    24.891000    9.532800   22.129720
255    opls_145    24.891000    9.723620   23.513800
256    opls_145    24.891000   10.637210   21.296670
257    opls_145     0.000000   11.034610   24.033930
258    opls_145    24.891000   11.929720   21.802810
259    opls_700     0.000000   12.187410   23.191450
260    opls_145    24.891000   21.837640   18.536630
261    opls_145     0.000000   22.575630   21.197780
262    opls_145     0.000000    0.686080   13.866860
263    opls_145    24.891000    3.619040   20.185500
264    opls_700    12.445500   12.132770   17.510690
265    opls_700    12.445500   10.687500   17.543870
266    opls_700    12.445500    9.667350   18.776370
267    opls_145    12.445500    7.286190   19.535580
268    opls_700    12.445500    7.630590   20.879000
269    opls_142    12.445500    6.553080   21.904950
270    opls_145    12.445500    4.058300   22.129720
271    opls_145    12.445500    3.867480   23.513800
272    opls_145    12.445500    2.953890   21.296670
273    opls_145    12.445500    2.556490   24.033930
274    opls_145    12.445500    1.661380   21.802810
275    opls_700    12.445500    1.403690   23.191450
276    opls_145    12.445500   18.935660   18.536630
277    opls_145    12.445500   18.197670   21.197780
278    opls_145    12.445500   12.905020   13.866860
279    opls_145    12.445500    9.972060   20.185500
280    opls_700     0.000000   25.723870   17.510690
281    opls_700     0.000000   24.278600   17.543870
282    opls_700     0.000000   23.258450   18.776370
283    opls_145    24.891000   20.877290   19.535580
284    opls_700     0.000000   21.221690   20.879000
285    opls_142    24.891000   20.144180   21.904950
286    opls_145    24.891000   17.649400   22.129720
287    opls_145    24.891000   17.458580   23.513800
288    opls_145    24.891000   16.544990   21.296670
289    opls_145    24.891000   16.147590   24.033930
290    opls_145    24.891000   15.252480   21.802810
291    opls_700     0.000000   14.994790   23.191450
292    opls_145    24.891000    5.344560   18.536630
293    opls_145    24.891000    4.606570   21.197780
294    opls_145    24.891000   26.496120   13.866860
295    opls_145    24.891000   23.563160   20.185500
296    opls_700     1.235840   27.182200   31.056820
297    opls_145     2.373360   27.182200   31.843680
298    opls_700     2.525190    0.000000   28.607750
299    opls_145     4.959780   27.182200   28.068760
300    opls_700     4.740490    0.000000   26.698990
301    opls_142     5.894190    0.000000   25.765100
302    opls_145     8.378310    0.000000   25.647670
303    opls_145     8.588640   27.182200   24.265540
304    opls_145     9.474510    0.000000   26.495360
305    opls_145     9.901390    0.000000   23.760700
306    opls_145    10.775560    0.000000   26.001250
307    opls_700    11.043640   27.182200   24.613910
308    opls_145    20.983610    0.000000   28.980530
309    opls_145    21.465250   27.182200   26.254320
310    opls_700     1.273920    0.000000    2.927560
311    opls_145    22.535070    0.000000   27.169020
312    opls_700    13.681340   13.591100   31.056820
313    opls_145    14.818860   13.591100   31.843680
314    opls_700    14.970690   13.591100   28.607750
315    opls_145    17.405280   13.591100   28.068760
316    opls_700    17.185990   13.591100   26.698990
317    opls_142    18.339690   13.591100   25.765100
318    opls_145    20.823810   13.591100   25.647670
319    opls_145    21.034140   13.591100   24.265540
320    opls_145    21.920010   13.591100   26.495360
321    opls_145    22.346890   13.591100   23.760700
322    opls_145    23.221060   13.591100   26.001250
323    opls_700    23.489140   13.591100   24.613910
324    opls_145     8.538110   13.591100   28.980530
325    opls_145     9.019750   13.591100   26.254320
326    opls_700    13.719420   13.591100    2.927560
327    opls_145    10.089570   13.591100   27.169020
328    opls_700    23.655160   27.182200   31.056820
329    opls_145    22.517640   27.182200   31.843680
330    opls_700    22.365810    0.000000   28.607750
331    opls_145    19.931220   27.182200   28.068760
332    opls_700    20.150510    0.000000   26.698990
333    opls_142    18.996810    0.000000   25.765100
334    opls_145    16.512690    0.000000   25.647670
335    opls_145    16.302360   27.182200   24.265540
336    opls_145    15.416490    0.000000   26.495360
337    opls_145    14.989610    0.000000   23.760700
338    opls_145    14.115440    0.000000   26.001250
339    opls_700    13.847360   27.182200   24.613910
340    opls_145     3.907390    0.000000   28.980530
341    opls_145     3.425750   27.182200   26.254320
342    opls_700    23.617080    0.000000    2.927560
343    opls_145     2.355930    0.000000   27.169020
344    opls_700    11.209660   13.591100   31.056820
345    opls_145    10.072140   13.591100   31.843680
346    opls_700     9.920310   13.591100   28.607750
347    opls_145     7.485720   13.591100   28.068760
348    opls_700     7.705010   13.591100   26.698990
349    opls_142     6.551310   13.591100   25.765100
350    opls_145     4.067190   13.591100   25.647670
351    opls_145     3.856860   13.591100   24.265540
352    opls_145     2.970990   13.591100   26.495360
353    opls_145     2.544110   13.591100   23.760700
354    opls_145     1.669940   13.591100   26.001250
355    opls_700     1.401860   13.591100   24.613910
356    opls_145    16.352890   13.591100   28.980530
357    opls_145    15.871250   13.591100   26.254320
358    opls_700    11.171580   13.591100    2.927560
359    opls_145    14.801430   13.591100   27.169020
360    opls_700    23.655160   27.182200    1.471580
361    opls_145    22.517640   27.182200    0.684720
362    opls_700    22.365810    0.000000    3.920650
363    opls_145    19.931220    0.000000    4.459640
364    opls_700    20.150510    0.000000    5.829410
365    opls_142    18.996810    0.000000    6.763300
366    opls_145    16.512690   27.182200    6.880730
367    opls_145    16.302360    0.000000    8.262860
368    opls_145    15.416490   27.182200    6.033040
369    opls_145    14.989610   27.182200    8.767700
370    opls_145    14.115440   27.182200    6.527150
371    opls_700    13.847360    0.000000    7.914480
372    opls_145     3.907390    0.000000    3.547870
373    opls_145     3.425750    0.000000    6.274080
374    opls_700    23.617080   27.182200   29.600840
375    opls_145     2.355930    0.000000    5.359380
376    opls_700    11.209660   13.591100    1.471580
377    opls_145    10.072140   13.591100    0.684720
378    opls_700     9.920310   13.591100    3.920650
379    opls_145     7.485720   13.591100    4.459640
380    opls_700     7.705010   13.591100    5.829410
381    opls_142     6.551310   13.591100    6.763300
382    opls_145     4.067190   13.591100    6.880730
383    opls_145     3.856860   13.591100    8.262860
384    opls_145     2.970990   13.591100    6.033040
385    opls_145     2.544110   13.591100    8.767700
386    opls_145     1.669940   13.591100    6.527150
387    opls_700     1.401860   13.591100    7.914480
388    opls_145    16.352890   13.591100    3.547870
389    opls_145    15.871250   13.591100    6.274080
390    opls_700    11.171580   13.591100   29.600840
391    opls_145    14.801430   13.591100    5.359380
392    opls_700     1.235840   27.182200    1.471580
393    opls_145     2.373360   27.182200    0.684720
394    opls_700     2.525190    0.000000    3.920650
395    opls_145     4.959780    0.000000    4.459640
396    opls_700     4.740490    0.000000    5.829410
397    opls_142     5.894190    0.000000    6.763300
398    opls_145     8.378310   27.182200    6.880730
399    opls_145     8.588640    0.000000    8.262860
400    opls_145     9.474510   27.182200    6.033040
401    opls_145     9.901390   27.182200    8.767700
402    opls_145    10.775560   27.182200    6.527150
403    opls_700    11.043640    0.000000    7.914480
404    opls_145    20.983610    0.000000    3.547870
405    opls_145    21.465250    0.000000    6.274080
406    opls_700     1.273920   27.182200   29.600840
407    opls_145    22.535070    0.000000    5.359380
408    opls_700    13.681340   13.591100    1.471580
409    opls_145    14.818860   13.591100    0.684720
410    opls_700    14.970690   13.591100    3.920650
411    opls_145    17.405280   13.591100    4.459640
412    opls_700    17.185990   13.591100    5.829410
413    opls_142    18.339690   13.591100    6.763300
414    opls_145    20.823810   13.591100    6.880730
415    opls_145    21.034140   13.591100    8.262860
416    opls_145    21.920010   13.591100    6.033040
417    opls_145    22.346890   13.591100    8.767700
418    opls_145    23.221060   13.591100    6.527150
419    opls_700    23.489140   13.591100    7.914480
420    opls_145     8.538110   13.591100    3.547870
421    opls_145     9.019750   13.591100    6.274080
422    opls_700    13.719420   13.591100   29.600840
423    opls_145    10.089570   13.591100    5.359380
424    opls_701    12.445500   27.182200   23.904800
425    opls_701    24.891000   13.591100   23.904800
426    opls_701    12.445500    0.000000    8.623600
427    opls_701    24.891000   13.591100    8.623600
428    opls_700     0.000000   27.182200    0.741970
429    opls_145     0.000000    0.000000   28.991260
430    opls_700    12.445500   13.591100    0.741970
431    opls_145    12.445500   13.591100   28.991260
432    opls_700     0.000000    0.000000   31.786430
433    opls_145     0.000000   27.182200    3.537140
434    opls_700    12.445500   13.591100   31.786430
435    opls_145    12.445500   13.591100    3.537140
436    opls_700    12.445500   12.856910   16.264200
437    opls_145    12.445500   10.100090   16.264200
438    opls_700    24.891000   26.448010   16.264200
439    opls_145     0.000000   23.691190   16.264200
440    opls_700    12.445500   14.325290   16.264200
441    opls_145    12.445500   17.082110   16.264200
442    opls_700     0.000000    0.734190   16.264200
443    opls_145     0.000000    3.491010   16.264200
444    opls_750    12.445500   21.854220   11.054130
445    opls_750    24.891000    8.263120   11.054130
446    opls_750    12.445500    5.327980   11.054130
447    opls_750    24.891000   18.919080   11.054130
448    opls_750    12.445500   21.854220   21.474270
449    opls_750     0.000000    8.263120   21.474270
450    opls_750    12.445500    5.327980   21.474270
451    opls_750     0.000000   18.919080   21.474270
452    opls_750     7.090450    0.000000   26.272540
453    opls_750    19.535950   13.591100   26.272540
454    opls_750    17.800550    0.000000   26.272540
455    opls_750     5.355050   13.591100   26.272540
456    opls_750    17.800550    0.000000    6.255860
457    opls_750     5.355050   13.591100    6.255860
458    opls_750     7.090450    0.000000    6.255860
459    opls_750    19.535950   13.591100    6.255860
