0      opls_531     3.689080    1.731600    8.052300
1      opls_700     2.315690    1.731600    8.617090
2      opls_523     1.200630    1.731600    7.763650
3      opls_145    -0.093590    1.731600    8.283670
4      opls_700    -0.317550    1.731600    9.670780
5      opls_145     0.802390    1.731600   10.529680
6      opls_523     2.101410    1.731600   10.005970
7      opls_142    -1.733990    1.731600   10.138500
8      opls_142    -2.131990    1.731600   11.426450
9      opls_700    -3.550530    1.731600   11.997020
10     opls_700    -3.697410    1.731600   13.422800
11     opls_521    -4.998370    1.731600   14.016960
12     opls_521    -6.008530    1.731600   11.848920
13     opls_700    -4.744280    1.731600   11.212570
14     opls_142    -5.340980    1.731600   15.480920
15     opls_142    -7.269590    1.731600   11.054690
16     opls_531     6.026550    1.731600    8.346730
17     opls_531     5.110340    1.731600    6.173560
18     opls_423    -2.501910    1.731600   14.232760
19     opls_423    -4.734650    1.731600    9.769140
20     opls_700     7.244830    1.731600    9.198570
21     opls_700     5.338580    1.731600    4.705260
22     opls_523     8.503250    1.731600    8.578740
23     opls_145     9.673010    1.731600    9.326610
24     opls_700     9.633970    1.731600   10.736350
25     opls_145     8.372950    1.731600   11.363230
26     opls_523     7.188340    1.731600   10.603650
27     opls_523     4.276080    1.731600    3.782500
28     opls_145     4.531140    1.731600    2.399890
29     opls_700     5.856970    1.731600    1.920130
30     opls_145     6.907410    1.731600    2.849630
31     opls_523     6.654910    1.731600    4.216530
32     opls_142    10.873660    1.731600   11.574710
33     opls_142     6.234310    1.731600    0.482480
34     opls_520    -6.080210    1.731600   13.199930
35     opls_520     4.776340    1.731600    8.872530
36     opls_520     6.173780    1.731600    7.003910
37     opls_520     3.865230    1.731600    6.703060
38     opls_262    -1.525810    1.731600   14.856600
39     opls_262    -4.762770    1.731600    8.611160
40     opls_526     1.330450    1.731600    6.688620
41     opls_146    -0.928450    1.731600    7.593250
42     opls_146     0.702250    1.731600   11.602950
43     opls_526     2.942320    1.731600   10.688210
44     opls_144    -2.434350    1.731600    9.339130
45     opls_144    -1.334760    1.731600   12.142710
46     opls_144    -6.401680    1.731600   15.679560
47     opls_144    -7.156950    1.731600    9.992010
48     opls_526     8.589450    1.731600    7.499380
49     opls_146    10.589090    1.731600    8.762780
50     opls_146     8.304630    1.731600   12.443400
51     opls_526     6.230710    1.731600   11.108760
52     opls_526     3.251860    1.731600    4.133250
53     opls_146     3.689880    1.731600    1.724540
54     opls_146     7.938600    1.731600    2.516860
55     opls_526     7.498570    1.731600    4.895240
56     opls_144    10.762090    1.731600   12.652310
57     opls_144     7.286960    1.731600    0.333580
