0      opls_700     0.723010   13.325000    1.775000
1      opls_145     3.466900   13.325000    1.775000
2      opls_700    25.926990   13.325000    1.775000
3      opls_145    23.183100   13.325000    1.775000
4      opls_700    13.325000    0.723010    1.775000
5      opls_145    13.325000    3.466900    1.775000
6      opls_700    13.325000   25.926990    1.775000
7      opls_145    13.325000   23.183100    1.775000
8      opls_145     1.420440   12.144670    1.775000
9      opls_145     2.784130   12.144670    1.775000
10     opls_166     7.003890   12.646220    1.775000
11     opls_145     8.166890   11.923480    1.775000
12     opls_716     9.324040   12.649420    1.775000
13     opls_543    10.603500   12.235550    1.775000
14     opls_145    25.229560   14.505330    1.775000
15     opls_145    23.865870   14.505330    1.775000
16     opls_166    19.646110   14.003780    1.775000
17     opls_145    18.483110   14.726520    1.775000
18     opls_716    17.325960   14.000580    1.775000
19     opls_543    16.046500   14.414450    1.775000
20     opls_145    14.505330    1.420440    1.775000
21     opls_145    14.505330    2.784130    1.775000
22     opls_166    14.003780    7.003890    1.775000
23     opls_145    14.726520    8.166890    1.775000
24     opls_716    14.000580    9.324040    1.775000
25     opls_543    14.414450   10.603500    1.775000
26     opls_145    12.144670   25.229560    1.775000
27     opls_145    12.144670   23.865870    1.775000
28     opls_166    12.646220   19.646110    1.775000
29     opls_145    11.923480   18.483110    1.775000
30     opls_716    12.649420   17.325960    1.775000
31     opls_543    12.235550   16.046500    1.775000
32     opls_145    25.229560   12.144670    1.775000
33     opls_145    23.865870   12.144670    1.775000
34     opls_166    19.646110   12.646220    1.775000
35     opls_145    18.483110   11.923480    1.775000
36     opls_716    17.325960   12.649420    1.775000
37     opls_543    16.046500   12.235550    1.775000
38     opls_145     1.420440   14.505330    1.775000
39     opls_145     2.784130   14.505330    1.775000
40     opls_166     7.003890   14.003780    1.775000
41     opls_145     8.166890   14.726520    1.775000
42     opls_716     9.324040   14.000580    1.775000
43     opls_543    10.603500   14.414450    1.775000
44     opls_145    12.144670    1.420440    1.775000
45     opls_145    12.144670    2.784130    1.775000
46     opls_166    12.646220    7.003890    1.775000
47     opls_145    11.923480    8.166890    1.775000
48     opls_716    12.649420    9.324040    1.775000
49     opls_543    12.235550   10.603500    1.775000
50     opls_145    14.505330   25.229560    1.775000
51     opls_145    14.505330   23.865870    1.775000
52     opls_166    14.003780   19.646110    1.775000
53     opls_145    14.726520   18.483110    1.775000
54     opls_716    14.000580   17.325960    1.775000
55     opls_543    14.414450   16.046500    1.775000
56     MOF2_B_2     4.981420   13.325000    1.775000
57     MOF2_B_2    21.668580   13.325000    1.775000
58     MOF2_B_2    13.325000    4.981420    1.775000
59     MOF2_B_2    13.325000   21.668580    1.775000
60     opls_542    11.466430   13.325000    1.775000
61     opls_542    15.183570   13.325000    1.775000
62     opls_542    13.325000   11.466430    1.775000
63     opls_542    13.325000   15.183570    1.775000
64     opls_750    10.979270   10.979270    1.775000
65     opls_750    15.670730   15.670730    1.775000
66     opls_750    15.670730   10.979270    1.775000
67     opls_750    10.979270   15.670730    1.775000
68     opls_167     5.757200   12.126020    1.775000
69     opls_167    20.892800   14.523980    1.775000
70     opls_167    14.523980    5.757200    1.775000
71     opls_167    12.126020   20.892800    1.775000
72     opls_167    20.892800   12.126020    1.775000
73     opls_167     5.757200   14.523980    1.775000
74     opls_167    12.126020    5.757200    1.775000
75     opls_167    14.523980   20.892800    1.775000
76     opls_146     0.993510   11.162090    1.775000
77     opls_146     3.315530   11.196200    1.775000
78     opls_146     8.153300   10.842020    1.775000
79     opls_146    25.656490   15.487910    1.775000
80     opls_146    23.334470   15.453800    1.775000
81     opls_146    18.496700   15.807980    1.775000
82     opls_146    15.487910    0.993510    1.775000
83     opls_146    15.453800    3.315530    1.775000
84     opls_146    15.807980    8.153300    1.775000
85     opls_146    11.162090   25.656490    1.775000
86     opls_146    11.196200   23.334470    1.775000
87     opls_146    10.842020   18.496700    1.775000
88     opls_146    25.656490   11.162090    1.775000
89     opls_146    23.334470   11.196200    1.775000
90     opls_146    18.496700   10.842020    1.775000
91     opls_146     0.993510   15.487910    1.775000
92     opls_146     3.315530   15.453800    1.775000
93     opls_146     8.153300   15.807980    1.775000
94     opls_146    11.162090    0.993510    1.775000
95     opls_146    11.196200    3.315530    1.775000
96     opls_146    10.842020    8.153300    1.775000
97     opls_146    15.487910   25.656490    1.775000
98     opls_146    15.453800   23.334470    1.775000
99     opls_146    15.807980   18.496700    1.775000
100    F2_Co4+2    13.325000   13.325000    1.775000
