0      opls_702     8.286930    1.647750    0.900200
1      opls_702    16.935540    6.352820    0.900200
2      opls_702     8.536530   11.490200    0.900200
3      opls_702     2.966070   17.843020    0.900200
4      opls_702    -5.682540   13.137950    0.900200
5      opls_702     2.716470    8.000570    0.900200
6      opls_702     2.966070   17.843020   -0.900200
7      opls_702    -5.682540   13.137950   -0.900200
8      opls_702     2.716470    8.000570   -0.900200
9      opls_702     8.286930    1.647750   -0.900200
10     opls_702    16.935540    6.352820   -0.900200
11     opls_702     8.536530   11.490200   -0.900200
12     opls_146    13.201460    1.548150    0.000000
13     opls_146    14.564530   10.658720    0.000000
14     opls_146     5.993010    7.283890    0.000000
15     opls_146    -1.948460   17.942620    0.000000
16     opls_146    -3.311530    8.832050    0.000000
17     opls_146     5.259990   12.206870    0.000000
18     opls_144    12.848790    3.355730    0.000000
19     opls_144    13.175460    9.449510    0.000000
20     opls_144     7.734750    6.685530    0.000000
21     opls_144    -1.595790   16.135040    0.000000
22     opls_144    -1.922460   10.041250    0.000000
23     opls_144     3.518250   12.805240    0.000000
24     opls_910     9.861570    3.149510    0.000000
25     opls_910    14.847660    6.965610    0.000000
26     opls_910     9.049780    9.375640    0.000000
27     opls_910     1.391430   16.341250    0.000000
28     opls_910    -3.594660   12.525160    0.000000
29     opls_910     2.203220   10.115120    0.000000
30     opls_702     7.777510    0.187310    0.000000
31     opls_702    18.455030    6.641870    0.000000
32     opls_702     7.526460   12.661590    0.000000
33     opls_702     3.475490   19.303460    0.000000
34     opls_702    -7.202030   12.848900    0.000000
35     opls_702     3.726540    6.829180    0.000000
36     opls_281    13.847940    5.549800    0.000000
37     opls_281    10.775760    9.217770    0.000000
38     opls_281     9.135300    4.723200    0.000000
39     opls_281    -2.594940   13.940970    0.000000
40     opls_281     0.477240   10.273000    0.000000
41     opls_281     2.117700   14.767570    0.000000
42     opls_238    10.857010    2.747220    0.000000
43     opls_238    14.698330    8.028830    0.000000
44     opls_238     8.203660    8.714710    0.000000
45     opls_238     0.395990   16.743540    0.000000
46     opls_238    -3.445330   11.461940    0.000000
47     opls_238     3.049340   10.776060    0.000000
48     opls_280    12.656700    5.993410    0.000000
49     opls_280    10.987200    7.964320    0.000000
50     opls_280    10.115100    5.533040    0.000000
51     opls_280    -1.403700   13.497360    0.000000
52     opls_280     0.265800   11.526450    0.000000
53     opls_280     1.137900   13.957730    0.000000
54     opls_700    11.514630    5.058050    0.000000
55     opls_700    12.368280    7.442940    0.000000
56     opls_700     9.876080    6.989780    0.000000
57     opls_700    -0.261630   14.432720    0.000000
58     opls_700    -1.115280   12.047830    0.000000
59     opls_700     1.376920   12.500990    0.000000
60     opls_142    11.793030    3.699150    0.000000
61     opls_142    13.405920    8.363490    0.000000
62     opls_142     8.560040    7.428130    0.000000
63     opls_142    -0.540030   15.791610    0.000000
64     opls_142    -2.152920   11.127280    0.000000
65     opls_142     2.692960   12.062640    0.000000
66     opls_916    11.040320    1.402560    0.000000
67     opls_916    15.771190    8.859920    0.000000
68     opls_916     6.947490    9.228290    0.000000
69     opls_916     0.212680   18.088210    0.000000
70     opls_916    -4.518190   10.630850    0.000000
71     opls_916     4.305510   10.262470    0.000000
72     opls_145    12.339140    0.855250    0.000000
73     opls_145    15.595760   10.258380    0.000000
74     opls_145     5.824100    8.377130    0.000000
75     opls_145    -1.086140   18.635510    0.000000
76     opls_145    -4.342760    9.232390    0.000000
77     opls_145     5.428900   11.113640    0.000000
78     opls_700     9.926380    0.519430    0.000000
79     opls_700    17.092970    8.336790    0.000000
80     opls_700     6.739650   10.634550    0.000000
81     opls_700     1.326620   18.971340    0.000000
82     opls_700    -5.839970   11.153980    0.000000
83     opls_700     4.513350    8.856220    0.000000
84     opls_148     8.506590    1.039640    0.000000
85     opls_148    17.352350    6.847110    0.000000
86     opls_148     7.900060   11.604020    0.000000
87     opls_148     2.746410   18.451130    0.000000
88     opls_148    -6.099350   12.643660    0.000000
89     opls_148     3.352940    7.886740    0.000000
